1 0.61015625 0.659375 0.0765625 0.125
1 0.7015625 0.25625 0.0859375 0.0875
1 0.35390625 0.6015625 0.12890625 0.19921875
1 0.25390625 0.82109375 0.17265625 0.23125
1 0.3171875 0.096875 0.04375 0.0609375
1 0.196875 0.08671875 0.0546875 0.0625
1 0.49765625 0.66171875 0.0859375 0.05859375
1 0.47734375 0.2453125 0.0640625 0.071875
0 1 0.40571049062500003 0.9639443968749999 0.4023904375 0.9456993921875 0.3851261625 0.8579496093750001 0.357237715625 0.8162467421875 0.3532536515625 0.8149435281249999 0.3658698546875 0.8192875765625001 0.38711819375 0.8418766296875001 0.488047809375 0.8575152046875001 0.534528553125 0.8662033015624999 0.5956175296875 0.877497828125 0.6235059765625001 0.891398784375 0.6899070390625 0.898783665625 0.7038512609375001 0.9070373593750001 0.7071713140625 0.9096437875 0.6952191234375 0.9087749781250001 0.658034528125 0.9274543875000001 0.62151394375 0.9396177234374999 0.6241699875 0.9456993921875 0.6188579015625 0.9535186796874999 0.6254980078125 0.9726324937499999 0.6560424968749999 1 0.6832669328125001 1 0.40571049062500003
0 0 0.95816733125 0.0069504781249999995 0.95816733125 0.0160729796875 0.9428950859375 0.08644656875 0.9455511281250001 0.09426585625 0.9362549796874999 0.101216334375 0.934926959375 0.11164205 0.9482071718749999 0.1298870546875 0.9482071718749999 0.1516072984375 0.9402390437499999 0.1681146828125 0.92695883125 0.1711555171875 0.9196547140625 0.1711555171875 0.8930942890625 0.1659426578125 0.8811420984374999 0.1798436140625 0.8280212484374999 0.1863596875 0.8233731734375 0.2015638578125 0.7961487390624999 0.21198957499999999 0.7735723765625 0.21372719375 0.7549800796875 0.2202432671875 0.7450199203125 0.2289313640625 0.74103585625 0.24022589062500002 0.749003984375 0.24500434375000002 0.7443559093750001 0.232406603125 0.735723771875 0.2072111203125 0.7370517921874999 0.185490878125 0.71447543125 0.12554300625 0.71447543125 0.12206776718750001 0.695883134375 0.29887054687500003 0.6912350593750001 0.29713292812500003 0.6381142093750001 0.29192006875 0.618193890625 0.29192006875 0.598273571875 0.28844483125 0.594289509375 0.29800173750000003 0.5690571046875 0.29843614218750003 0.55112881875 0.2202432671875 0.5458167328125 0.20807993125 0.548472775 0.1924413546875 0.5604249671875 0.1885317109375 0.5571049140625 0.1885317109375 0.545152721875 0.2510860125 0.441567065625 0.2645525625 0.4077025234375 0.2845351875 0.383798140625 0.294960903125 0.383798140625 0.3062554296875 0.39575033125000003 0.3101650734375 0.3937583 0.312771503125 0.36055776875 0.29843614218750003 0.35458167343749997 0.29800173750000003 0.34063745 0.3001737625 0.3346613546875 0.3101650734375 0.3300132796875 0.3132059078125 0.3081009296875 0.3292788875 0.3061088984375 0.334491746875 0.29548472812500004 0.3297132921875 0.28818061093749997 0.32276281562500003 0.28818061093749997 0.31841876562500004 0.2948207171875 0.310599478125 0.28552456875 0.302780190625 0.28818061093749997 0.2610773234375 0.35458167343749997 0.2280625546875 0.3691899078125 0.2258905296875 0.3725099609375 0.22936576875 0.37782204531249997 0.228496959375 0.38844621562500004 0.2202432671875 0.3997343953125 0.2124239796875 0.37184595 0.187228496875 0.3798140765625 0.18505647187500002 0.385790171875 0.1876629015625 0.40039840625 0.1728931359375 0.408366534375 0.181581234375 0.43758300156249996 0.1789748046875 0.468127490625 0.16116420468749998 0.4860557765625 0.15682015625 0.49800796875 0.12641181562499998 0.5351925625 0.12250217187500001 0.5504648078125001 0.10208514375 0.583001328125 0.073414421875 0.6188579015625 0.0543006078125 0.6241699875 0.040834057812500005 0.6540504640625 0.0199826234375 0.685922975 0.0121633359375 0.7204515265625 0 0.7403718453125 0 0.95816733125
0 0 0.9966799468750001 0.0073848828125 0.9986719781250001 0.43136403124999995 0.9986719781250001 0.493049521875 0.992031871875 0.522589053125 0.9973439578125 0.78627280625 0.9993359890625 0.7888792359375 0.9953519249999999 0.7836663765625 0.9860557765625 0.7836663765625 0.9767596281250001 0.7897480453125 0.9648074375 0.7914856640625 0.9435590968750001 0.7980017375 0.9296148734375 0.806689834375 0.934926959375 0.814509121875 0.954847278125 0.8271068640625 0.9594953515625001 0.8288444828125 0.9953519249999999 0.8318853171875 0.9973439578125 0.942224153125 0.9986719781250001 0.9465682015624999 0.9973439578125 0.9487402265625 0.990039840625 0.932232840625 0.9143426296875001 0.9105125984375 0.8997343953125 0.9096437875 0.8665338640625 0.91572545625 0.8426294828125 0.9070373593750001 0.8041168656250001 0.90790616875 0.7908366531250001 0.8905299734375 0.7443559093750001 0.8835794953124999 0.7363877828125001 0.8879235453125001 0.7138114203125 0.87445699375 0.6972111546875001 0.85273675 0.6918990703125 0.8470894875000001 0.684594953125 0.8427454390625 0.6606905703125 0.8453518671875001 0.6022576359375 0.8297132921875001 0.594289509375 0.8279756734375001 0.5664010625 0.8197219812500001 0.557768925 0.7953953078125 0.557768925 0.7906168546875 0.55312085 0.83536055625 0.5471447546875 0.8427454390625 0.5292164671874999 0.84100781875 0.5039840640625 0.8314509125 0.47476759687500003 0.80973066875 0.36454183281249997 0.7980017375 0.3426294828125 0.78844483125 0.33864541875 0.76064291875 0.33864541875 0.712858384375 0.3479415671875 0.6702867078125 0.3399734390625 0.6633362296875001 0.3346613546875 0.6602953953124999 0.341965471875 0.6594265859374999 0.3698539171875 0.6555169421875 0.3559096953125 0.644222415625 0.41168658750000003 0.640312771875 0.408366534375 0.640312771875 0.3366533859375 0.628583840625 0.34130146093749997 0.6242397921875 0.337317396875 0.59991311875 0.3399734390625 0.5977410953125 0.3844621515625 0.61164205 0.40571049062500003 0.61555169375 0.42098273593749996 0.6242397921875 0.42363877812500006 0.6277150296875 0.4063745015625 0.6324934843750001 0.415006640625 0.6290182453125001 0.43227091562500003 0.6281494359375001 0.4774236390625 0.6198957421875 0.4860557765625 0.6033883578125 0.48472775625000003 0.5977410953125 0.4760956171875 0.5977410953125 0.44820717187500003 0.602953953125 0.43227091562500003 0.599044309375 0.4276228421875 0.5799304953125 0.43160690625000003 0.36099044375 0.4289508625 0.34882710625 0.4395750328125 0.32536924375 0.44488711875 0.3123370984375 0.44355909687499995 0.29930495156250003 0.430278884375 0.2654213734375 0.4289508625 0.24326672500000002 0.46281540468750004 0.22936576875 0.4973439578125 0.220677671875 0.5053120843750001 0.2102519546875 0.5292164671874999 0.210686359375 0.536520584375 0.2202432671875 0.5418326687499999 0.26976542187499997 0.5351925625 0.31494352812500004 0.5391766265625 0.3357949609375 0.5166002656249999 0.3748913984375 0.503320053125 0.41311902656250005 0.5179282875 0.42006950468750004 0.5312085 0.4669852296875 0.52456839375 0.4808861859375 0.5338645421875 0.6198957421875 0.536520584375 0.62945265 0.52456839375 0.636403128125 0.536520584375 0.6711555171875 0.5378486062500001 0.671589921875 0.6195219125 0.6507384875 0.6235059765625001 0.6507384875 0.6288180609375 0.6585577765624999 0.6354581671874999 0.657688965625 0.6673306765625 0.65117289375 0.6852589640625 0.645960034375 0.6812749 0.6394439625 0.6885790171874999 0.6368375328125 0.7138114203125 0.6320590796875 0.7197875171875 0.628583840625 0.715803453125 0.60773240625 0.7184594953125 0.5760208515625 0.7138114203125 0.57862728125 0.7018592296875 0.57428323125 0.6620185921874999 0.5803649 0.6115537843750001 0.6103388359374999 0.5976095625 0.6159860984375001 0.565073040625 0.6059947875 0.5537848609375 0.6055603828125 0.5703851265625001 0.5964378796875 0.5883134125 0.5933970453125 0.5770252328125001 0.5855777578125 0.5703851265625001 0.589052996875 0.55312085 0.5860121640625 0.55112881875 0.57428323125 0.554448871875 0.5751520421875 0.5703851265625001 0.5595134671875 0.6009296156249999 0.557775846875 0.618193890625 0.552128584375 0.62151394375 0.5386620328125 0.6474103578125 0.5386620328125 0.6806108890625 0.53127715 0.6918990703125 0.4652476109375 0.6918990703125 0.44005212812499994 0.6865869859375 0.42528236250000007 0.6945551125 0.40790616875 0.695883134375 0.3974804515625 0.6905710484375 0.397046046875 0.6832669328125001 0.3887923546875 0.6706507296875001 0.38444830625000004 0.6706507296875001 0.3827106859375 0.6852589640625 0.35881841875 0.6965471453125 0.3614248484375 0.7071713140625 0.36750651562500003 0.7124834 0.3649000875 0.724435590625 0.36663770625000003 0.737715803125 0.3757602078125 0.74103585625 0.3761946140625 0.757636121875 0.38444830625000004 0.7636122171874999 0.38835795 0.7616201859375 0.3887923546875 0.7397078359375 0.5608166812500001 0.7463479421875 0.563857515625 0.7536520578125 0.5612510859375 0.8266932265625 0.5451781062500001 0.958831340625 0.493049521875 0.9601593625 0.400955690625 0.952191234375 0.30973066875 0.954847278125 0.29756733281250003 0.9508632140625 0.2810599484375 0.9561752984374999 0.2593397046875 0.94687915 0.1681146828125 0.9428950859375 0.14986967812500002 0.961487384375 0.11685490937500001 0.9601593625 0.1064291921875 0.954847278125 0.01954821875 0.9535192562500001 0.0073848828125 0.961487384375 0 0.9741035859375 0 0.9966799468750001
0 0.4661164203125 0.6334661359375 0.5338835796875 0.6334661359375 0.534317984375 0.6195219125 0.5269331015625001 0.60823373125 0.5169417890625 0.604913678125 0.51390095625 0.5790172640625 0.50173761875 0.60823373125 0.4904430921875 0.609561753125 0.4847958296875 0.5956175296875 0.4847958296875 0.5823373171874999 0.4887054734375 0.5750332 0.52953953125 0.5723771578125 0.5299739359375 0.5637450203125 0.5191138140625 0.557768925 0.4904430921875 0.556440903125 0.4652476109375 0.5617529875 0.45655951406249995 0.55511288125 0.42354474375000006 0.55511288125 0.42006950468750004 0.55112881875 0.4118158125 0.5690571046875 0.410947003125 0.59960159375 0.40443092968750005 0.6188579015625 0.39270199843750003 0.62616201875 0.38575152031250004 0.66600265625 0.3896611640625 0.6666666671875 0.394874021875 0.6573705171875 0.40616854843750005 0.6560424968749999 0.41225021718750005 0.66135458125 0.42788879218750003 0.6600265609375 0.43223284062499995 0.6679946875 0.45699391875 0.6673306765625 0.46133796718750003 0.63944223125 0.4661164203125 0.6334661359375
0 0.5403996531249999 0.90504648125 0.5456125109375 0.8877822046875 0.5438748906249999 0.8745019921875 0.549956559375 0.8545816734375 0.54908775 0.8373173968750001 0.556038228125 0.792164675 0.5525629890625 0.7735723765625 0.5451781062500001 0.7649402390625 0.52953953125 0.7662682609375 0.4904430921875 0.7569721109375 0.4826238046875 0.7915006640625 0.447871415625 0.7915006640625 0.44005212812499994 0.7782204515625 0.43570807968749997 0.79415670625 0.4231103390625 0.8001328015625001 0.4170286703125 0.8320053125 0.40747176406249996 0.8399734390625 0.395308428125 0.8705179281250001 0.3957428328125 0.8764940234375 0.40443092968750005 0.881806109375 0.44005212812499994 0.8804780875 0.44352736718749997 0.9375830015625001 0.5 0.9335989375 0.50608166875 0.9428950859375 0.5317115546875 0.9435590968750001 0.5421372718749999 0.9249668 0.5403996531249999 0.90504648125
0 0.023023457812500002 0.636122178125 0.040399653125000004 0.601593625 0.048218940625 0.6002656046875 0.0564726328125 0.567729084375 0.1103388359375 0.4973439578125 0.10990443125 0.46480743750000003 0.09252823593750001 0.4661354578125 0.07428323125 0.45816733125000003 0.073414421875 0.47410358593749996 0.0395308421875 0.48472775625000003 0.016507384375 0.5225763609375 0.0160729796875 0.5617529875 0.0112945265625 0.55976095625 0.00608166875 0.5172642765625 0 0.5132802125 0.000868809375 0.658034528125 0.010860121875 0.6440903046875001 0.023023457812500002 0.636122178125
0 0.22371850625 0.3399734390625 0.2306689828125 0.32802124843749997 0.254126846875 0.3094289515625 0.2589053 0.302124834375 0.2589053 0.29415670625 0.2506516078125 0.2828685265625 0.24109470000000002 0.2828685265625 0.1967854046875 0.297476759375 0.1863596875 0.3081009296875 0.1550825375 0.317397078125 0.14986967812500002 0.32536520625 0.14118158125 0.3227091640625 0.13553431875 0.3300132796875 0.179409209375 0.3346613546875 0.193310165625 0.330677290625 0.195047784375 0.337317396875 0.212858384375 0.341965471875 0.21937445625000002 0.3266932265625 0.22371850625 0.3399734390625