1 0.50625 0.715625 0.13515625 0.32890625
1 0.5140625 0.153125 0.0859375 0.13515625
0 0.2504393671875 0.18875739687499998 0.26625659062499996 0.1710059171875 0.25175746875 0.1656804734375 0.24736379687499999 0.14556212968749999 0.235500878125 0.168639053125 0.23374340937500002 0.179289940625 0.235500878125 0.19467455625000002 0.24077328593749997 0.20059171562500003 0.24736379687499999 0.19881656875 0.2504393671875 0.18875739687499998
0 0.399824253125 0.27869822499999997 0.40158172187499996 0.2704142015625 0.398066784375 0.16745562187500002 0.39103690625 0.157988165625 0.3936731109375 0.126035503125 0.40333919218750003 0.11183431875000001 0.40817223125 0.093491125 0.42003515 0.095266271875 0.41739894531250005 0.06923076875 0.40861159999999996 0.042011834375 0.41739894531250005 0.01597633125 0.4125659046875 0.004733728125 0.38752196875 0.0053254437500000005 0.38752196875 0.01597633125 0.4068541296875 0.062130178125000005 0.40465729375 0.0911242609375 0.402899825 0.08402366875 0.38312829531250003 0.08698224843749999 0.3840070296875 0.1816568046875 0.39103690625 0.1970414203125 0.3840070296875 0.20414201250000003 0.378734621875 0.242011834375 0.3840070296875 0.2763313609375 0.3892794375 0.28816568125 0.3905975390625 0.2828402359375 0.399824253125 0.27869822499999997
0 0.6994727593750001 0.5390532546875 0.682337434375 0.5100591718749999 0.6621265375000001 0.5029585796875 0.6599297015625 0.495266271875 0.665202109375 0.47633136093750006 0.675746925 0.4656804734375 0.668717046875 0.4136094671875 0.6427943765624999 0.4071005921875 0.6405975390624999 0.443195265625 0.62390158125 0.4822485203125 0.6115992968749999 0.4976331359375 0.601933215625 0.5284023671875 0.6028119515625 0.5390532546875 0.6085237265625 0.5455621296875 0.617311071875 0.5467455625000001 0.6704745171875001 0.546153846875 0.6911247796875 0.5455621296875 0.6994727593750001 0.5390532546875
0 0.2983304046875 0 0.2838312828125 0.0195266265625 0.2618629171875 0.0976331359375 0.28514938437500004 0.09467455625 0.289982425 0.1 0.2943760984375 0.11538461562499999 0.289982425 0.126035503125 0.289982425 0.163905325 0.3027240765625 0.16923076875 0.31019332187500004 0.178106509375 0.313708259375 0.20177514843750002 0.3260105453125 0.2254437875 0.3304042171875 0.22662721874999997 0.3304042171875 0.2349112421875 0.3220562390625 0.2343195265625 0.31107205625 0.252662721875 0.30931458749999996 0.273964496875 0.3145869953125 0.2810650890625 0.33875219687499997 0.27810650937500003 0.350175746875 0.2721893484375 0.3523725828125 0.253846153125 0.36159929687500003 0.24142011874999997 0.3708260109375 0.2384615390625 0.3708260109375 0.2254437875 0.365553603125 0.16508875781250001 0.36159929687500003 0.1597633140625 0.3528119515625 0.1609467453125 0.32996485 0.15266272187500002 0.3277680140625 0.147337278125 0.3286467484375 0.1106508875 0.3207381375 0.095266271875 0.319859403125 0.059763314062499996 0.312829525 0.0384615390625 0.3145869953125 0.0195266265625 0.321616871875 0.01597633125 0.313708259375 0.0088757390625 0.3106326890625 0 0.2983304046875 0
0 0.6115992968749999 0.28343195312499997 0.6208260109375 0.2757396453125 0.6392794375 0.2745562125 0.6454305796875001 0.2828402359375 0.655536028125 0.2704142015625 0.640158171875 0.2390532546875 0.6243409484375 0.2236686390625 0.60676625625 0.22011834375 0.5804042171875 0.2189349109375 0.563708259375 0.2284023671875 0.548769771875 0.2284023671875 0.5456942 0.253846153125 0.539103690625 0.2603550296875 0.5224077328125001 0.2603550296875 0.5136203859374999 0.25207100625 0.49780316406249997 0.256804734375 0.4749560625 0.2556213015625 0.4718804921875 0.23727810625 0.4806678390625 0.21597633125 0.46748681875000003 0.156804734375 0.45650263593749996 0.14911242656249998 0.413005271875 0.1497041421875 0.413005271875 0.1923076921875 0.42047451718750006 0.2106508875 0.43673110781249996 0.2124260359375 0.4376098421875 0.22781065156250002 0.43541300468750005 0.23313609531249999 0.4195957828125 0.22721893437500001 0.4077328640625 0.2337278109375 0.40817223125 0.2828402359375 0.42135325156250003 0.28402366875 0.4318980671875 0.2911242609375 0.45474516718749997 0.2745562125 0.4793497359375 0.2710059171875 0.4863796140625 0.2757396453125 0.51537785625 0.2745562125 0.518014059375 0.27810650937500003 0.5294376093750001 0.2745562125 0.5338312828125 0.2911242609375 0.537346221875 0.2816568046875 0.5417398953125 0.2816568046875 0.5452548328125 0.288757396875 0.548769771875 0.28402366875 0.5540421796875 0.288757396875 0.56107205625 0.2828402359375 0.563708259375 0.29349112499999996 0.5804042171875 0.29349112499999996 0.584797890625 0.2828402359375 0.59182776875 0.29349112499999996 0.60105448125 0.294082840625 0.6085237265625 0.29230769218749997 0.6115992968749999 0.28343195312499997
0 0 0.9875739640625 0.03251318125 0.9887573968750001 0.042179262499999995 0.9828402359374999 0.0474516703125 0.9544378703125 0.0536028125 0.9461538468749999 0.0597539546875 0.926035503125 0.064147628125 0.8491124265625001 0.0746924421875 0.8195266265625 0.07820738125 0.7828402359375 0.0843585234375 0.77337278125 0.09138840000000001 0.74142011875 0.10544815468749999 0.7035502953125 0.12038664375000001 0.6124260359375 0.12565905156249998 0.5958579875 0.1485061515625 0.57337278125 0.1414762734375 0.5556213015625 0.142355009375 0.5130177515625001 0.1704745171875 0.48343195312500004 0.17311072031250002 0.4656804734375 0.1814587 0.45325443749999994 0.19332161718750002 0.4467455625 0.2029876984375 0.41952662656250006 0.2038664328125 0.3816568046875 0.21880492031249998 0.359171596875 0.21968365625000003 0.3295857984375 0.2275922671875 0.31183431875 0.2267135328125 0.2964497046875 0.205184534375 0.29230769218749997 0.1963971875 0.2757396453125 0.191564146875 0.27869822499999997 0.1827768015625 0.304733728125 0.17311072031250002 0.3177514796875 0.1695957828125 0.3331360953125 0.1476274171875 0.36272189374999997 0.13796133593749998 0.3958579875 0.13005272343750002 0.4029585796875 0.12214411249999998 0.4242603546875 0.10896309374999999 0.443195265625 0.10632688906250001 0.4562130171875 0.0940246046875 0.4644970421875 0.0922671359375 0.5248520703125 0.079086115625 0.55207100625 0.07381370781249999 0.5852071 0.0650263625 0.5923076921875 0.042179262499999995 0.662130178125 0.017574692187499998 0.7213017749999999 0.012302284375 0.76272189375 0 0.789940828125 0 0.9875739640625
0 0.68892794375 0.8301775140625001 0.6792618625 0.73076923125 0.68321616875 0.7242603546875 0.6972759234375 0.7218934906250001 0.8088752203125 0.71597633125 0.810193321875 0.7071005921875 0.800527240625 0.6763313609375 0.796572934375 0.6710059171875 0.7838312828125 0.6715976328125 0.7811950796875 0.611242603125 0.7728471 0.5964497046874999 0.762302284375 0.6106508875000001 0.74033391875 0.6082840234375 0.7372583484375 0.6017751484375 0.73462214375 0.5603550296875001 0.7315465734375 0.5562130171875 0.605887521875 0.5562130171875 0.5979789109375 0.5668639046874999 0.59182776875 0.5668639046874999 0.5883128296875 0.5597633140625 0.5777680140625 0.5550295859375 0.518014059375 0.5538461531250001 0.51318101875 0.5603550296875001 0.514499121875 0.5656804734375 0.5452548328125 0.5739644968750001 0.5540421796875 0.57988165625 0.5623901578125 0.59467455625 0.5606326890625 0.6289940828125 0.569420034375 0.8514792906249999 0.5566783828124999 0.867455621875 0.47407732812500003 0.868639053125 0.4692442875 0.8763313609375001 0.4701230234375 0.89053254375 0.48725834843750004 0.8970414203124999 0.49033391875000004 0.9130177515625 0.4833040421875 0.93076923125 0.4710017578125 0.9449704140625 0.48110720625000003 0.953846153125 0.630492090625 0.9573964500000001 0.6234622140625 0.9431952656249999 0.6129173984375 0.9384615390625 0.6036906859375 0.926035503125 0.60105448125 0.9082840234375 0.6129173984375 0.8875739640625 0.6357644984374999 0.8792899406249999 0.6493848859375 0.8940828406250001 0.655536028125 0.9071005921875 0.6564147625000001 0.926035503125 0.6476274171874999 0.9508875734375 0.64894551875 0.9573964500000001 0.7038664328124999 0.9603550296875 0.709138840625 0.9508875734375 0.68892794375 0.8301775140625001
0 1 0.683431953125 0.974077328125 0.679289940625 0.96748681875 0.6704142015625 0.955184534375 0.6301775140625 0.9187170468750001 0.5763313609375 0.9064147625000001 0.5668639046874999 0.8800527234375 0.5597633140625 0.8615992968749999 0.5266272187500001 0.848418278125 0.5195266265625 0.84534270625 0.5071005921875 0.812829525 0.44792899375 0.800527240625 0.4349112421875 0.796572934375 0.42366863906249996 0.7746045687499999 0.41775147968750004 0.7811950796875 0.4088757390625 0.7811950796875 0.4029585796875 0.771968365625 0.3976331359375 0.7640597546875 0.3822485203125 0.7535149390625 0.37633136093749997 0.747363796875 0.363313609375 0.7359402453125 0.3550295859375 0.7333040421875 0.342011834375 0.721441125 0.3532544375 0.7188049203125 0.3970414203125 0.729789103125 0.40118343125000006 0.7341827765625 0.4106508875 0.7614235500000001 0.41183431875 0.7724077328125001 0.41715976406250005 0.7363796140625001 0.4230769234375 0.7420913890625 0.4319526625 0.7570298765625 0.4331360953125 0.754833040625 0.43964497031249994 0.75746924375 0.4502958578125 0.7513181015625 0.4656804734375 0.7486818984375 0.5035502953125001 0.7385764499999999 0.506508875 0.726274165625 0.5029585796875 0.7218804921875 0.506508875 0.7170474515625 0.521301775 0.7179261859375 0.5449704140625 0.7315465734375 0.542011834375 0.737697715625 0.531360946875 0.7464850609375 0.5289940828125 0.7798769765625 0.532544378125 0.7948154656249999 0.543195265625 0.8167838312500001 0.543195265625 0.8290861156249999 0.5491124265625 0.8365553609375 0.5662721890625 0.8435852374999999 0.5710059171874999 0.8435852374999999 0.5852071 0.8308435859375001 0.5869822484375 0.827328646875 0.5822485203125 0.8246924421875 0.5869822484375 0.8150263624999999 0.5869822484375 0.8115114234374999 0.5751479296875 0.807996484375 0.5846153843749999 0.8009666078125001 0.5857988171875 0.796572934375 0.5751479296875 0.790861159375 0.5911242609375 0.7978910375 0.6289940828125 0.8277680140625 0.7224852078125 0.8255711781249999 0.732544378125 0.6999121265625 0.736094675 0.6924428828125 0.7402366859375 0.6959578203125 0.7982248515625 0.710017575 0.8680473375 0.712653778125 0.90118343125 0.7231985937500001 0.9568047343750001 0.722319859375 0.9733727812499999 0.7192442875 0.9775147921875 0.659490334375 0.9763313609375001 0.3466608078125 0.9680473375 0.29393673124999997 0.962130178125 0.287346221875 0.967455621875 0.29042179218749997 0.9928994078125 0.3550087875 0.9923076921874999 0.9995606328125 0.99053254375 1 0.683431953125
0 0.2781195078125 0.9644970421875 0.2104569421875 0.962130178125 0.19771529062499998 0.9532544375 0.20079086093749998 0.9467455625 0.21616871718750003 0.94142011875 0.20913884062500002 0.915384615625 0.20913884062500002 0.8786982249999999 0.21177504374999997 0.852662721875 0.21968365625000003 0.8278106515625 0.22363796093750002 0.8248520703125 0.23154657343750001 0.827218934375 0.24253075625 0.8455621296875 0.26274165156249996 0.8976331359374999 0.26230228437499997 0.9467455625 0.278558875 0.9461538468749999 0.2798769765625 0.9124260359375 0.2855887515625 0.9473372781249999 0.2913005265625 0.9502958578125 0.4450790859375 0.9514792906249999 0.4507908609375 0.9473372781249999 0.453427065625 0.8668639046875001 0.4463971875 0.8502958578124999 0.4472759234375 0.836094675 0.456942003125 0.8147928999999999 0.479789103125 0.7816568046875 0.4556239015625 0.7775147921875 0.451230228125 0.7704142015625 0.4406854125 0.76923076875 0.4349736375 0.7485207093749999 0.43673110781249996 0.7082840234375001 0.42970122968749996 0.7 0.43673110781249996 0.6917159765625 0.43936731093750003 0.6349112421875 0.45782073749999996 0.6195266265625 0.46045694218750005 0.5911242609375 0.46836555312500006 0.5710059171874999 0.4670474515625 0.563313609375 0.45474516718749997 0.5597633140625 0.4472759234375 0.5497041421875 0.4481546578125 0.5449704140625 0.46177504375 0.5372781062499999 0.4670474515625 0.5467455625000001 0.48110720625000003 0.543195265625 0.581282953125 0.5443786984375001 0.5843585234375 0.536686390625 0.5773286468750001 0.5189349109375 0.5654657296875001 0.5076923078125 0.5347100171875 0.5029585796875 0.5272407734375 0.47633136093750006 0.5289982421875 0.4656804734375 0.523725834375 0.43254437812499996 0.5316344468749999 0.41834319531249997 0.533391915625 0.37218934843749996 0.5421792625 0.363905325 0.54393673125 0.3544378703125 0.537346221875 0.34792899374999997 0.525922671875 0.34792899374999997 0.5162565906250001 0.35739645000000003 0.4771529 0.3544378703125 0.4771529 0.34142011875 0.4833040421875 0.3319526625 0.4863796140625 0.31597633125 0.5021968359375 0.311242603125 0.525922671875 0.3147929 0.5316344468749999 0.31183431875 0.5294376093750001 0.306508875 0.517135325 0.30532544375000004 0.5136203859374999 0.310059171875 0.49604569375 0.30177514843750003 0.45474516718749997 0.29704142031249997 0.4450790859375 0.3136094671875 0.4406854125 0.3136094671875 0.4327768015625 0.3029585796875 0.4002636203125 0.299408284375 0.3945518453125 0.304733728125 0.39323374375000003 0.3124260359375 0.38971880468750003 0.3088757390625 0.3774165203125 0.3124260359375 0.373022846875 0.3076923078125 0.359841828125 0.3124260359375 0.329086115625 0.310059171875 0.3264499125 0.306508875 0.3036028125 0.3088757390625 0.281634446875 0.3147929 0.26318101875 0.3278106515625 0.2447275921875 0.3278106515625 0.23374340937500002 0.3402366859375 0.232864675 0.3532544375 0.2170474515625 0.3804733734375 0.21616871718750003 0.41834319531249997 0.20913884062500002 0.4242603546875 0.20826010468749998 0.4349112421875 0.21748681875 0.446153846875 0.22803163437500001 0.446153846875 0.239455184375 0.4615384609375 0.25175746875 0.45562130156249997 0.26318101875 0.463905325 0.27724077343750003 0.4615384609375 0.2869068546875 0.4745562125 0.2917398953125 0.47159763281249995 0.2978910375 0.45384615312500004 0.306239015625 0.446153846875 0.31107205625 0.452662721875 0.3251318109375 0.4976331359375 0.333040421875 0.537869821875 0.3378734625 0.5443786984375001 0.3457820734375 0.54792899375 0.36335676562499997 0.5443786984375001 0.3862038671875 0.5467455625000001 0.4002636203125 0.540828403125 0.41168717031249996 0.5491124265625 0.42179261874999996 0.5497041421875 0.4020210890625 0.563313609375 0.36687170468749997 0.5704142015625 0.3457820734375 0.5668639046874999 0.3334797890625 0.5715976328125 0.32820738125000004 0.578698225 0.3106326890625 0.5810650890625 0.3075571171875 0.5852071 0.30667838281250004 0.5923076921875 0.3207381375 0.636094675 0.32249560625 0.69881656875 0.319859403125 0.7355029578125001 0.311950790625 0.757988165625 0.31019332187500004 0.7769230765625 0.29217926250000004 0.7976331359375 0.2728471 0.8106508874999999 0.26142355 0.8082840234375 0.25219683593750003 0.800591715625 0.24780316406249997 0.756804734375 0.25219683593750003 0.6562130171875 0.264499121875 0.60532544375 0.264499121875 0.5863905328125 0.24736379687499999 0.5810650890625 0.2113356765625 0.5928994078125001 0.203427065625 0.6023668640625 0.1884885765625 0.6011834312500001 0.1845342703125 0.6076923078124999 0.188049209375 0.67988165625 0.1845342703125 0.7248520703125 0.17311072031250002 0.74142011875 0.168717046875 0.7556213015625 0.1695957828125 0.7970414203125 0.1616871703125 0.8195266265625 0.15465729374999998 0.8230769234374999 0.153778559375 0.8396449703125001 0.142355009375 0.8704142015624999 0.13796133593749998 0.9071005921875 0.130931459375 0.927218934375 0.12565905156249998 0.93076923125 0.130931459375 0.9532544375 0.12258347968750001 0.9597633140624999 0.062829525 0.9609467453124999 0.057996484375000004 0.9875739640625 0.28031634375 0.9911242609375 0.2820738140625 0.9757396453125 0.2781195078125 0.9644970421875
0 0 0.1923076921875 0.011423550000000001 0.22899408281250003 0.027680140625 0.24615384687500003 0.03602811875 0.2467455625 0.0395430578125 0.2396449703125 0.036906854687500004 0.21597633125 0.042179262499999995 0.16035502968749998 0.03602811875 0.13905325468750002 0.042179262499999995 0.1284023671875 0.046572934375 0.10710059218750001 0.0593145875 0.09467455625 0.0760105453125 0.093491125 0.08831282968750001 0.099408284375 0.10237258281249999 0.093491125 0.10105448125000001 0.07988165625 0.1107205625 0.0704142015625 0.11247803125 0.060946745312499995 0.12214411249999998 0.047928993749999996 0.12565905156249998 0.032544378125 0.12346221406249999 0.0236686390625 0.040861159375 0.022485207812499998 0.0197715296875 0.0177514796875 0.017135325 0.022485207812499998 0 0.0230769234375 0 0.1923076921875
0 0.1625659046875 0.0005917156249999999 0 0.0005917156249999999 0.0004393671875 0.0177514796875 0.0083479796875 0.013017751562499999 0.012741651562500001 0.0177514796875 0.016256590625 0.01183431875 0.01889279375 0.0189349109375 0.069859403125 0.0177514796875 0.0751318109375 0.004733728125 0.0786467484375 0.0177514796875 0.09182776875000001 0.0177514796875 0.094463971875 0.010650887500000001 0.10676625625 0.010650887500000001 0.11906854062500001 0.013017751562499999 0.12390158124999999 0.018343195312499998 0.14894551875 0.01183431875 0.1625659046875 0.0005917156249999999
0 0.043057996875 0.55207100625 0.07029877031250001 0.4857988171875 0.086994728125 0.41952662656250006 0.1080843578125 0.3650887578125 0.11335676562500001 0.337869821875 0.10676625625 0.3349112421875 0.10456942031250001 0.3284023671875 0.10940246093749999 0.3171597640625 0.1265377859375 0.3130177515625 0.13708260156250002 0.28343195312499997 0.145869946875 0.2704142015625 0.1419156421875 0.256804734375 0.11687170468750001 0.25976331406250003 0.12346221406249999 0.2603550296875 0.12346221406249999 0.267455621875 0.11467486874999999 0.2662721890625 0.10676625625 0.257988165625 0.094463971875 0.259171596875 0.079086115625 0.2810650890625 0.067662565625 0.3177514796875 0.0483304046875 0.357988165625 0.038664323437499995 0.3603550296875 0.036906854687500004 0.3650887578125 0.0413005265625 0.3710059171875 0.027240773437499997 0.40532544374999996 0.0395430578125 0.420710059375 0.04393673125 0.4337278109375 0.044815465625 0.4502958578125 0.0364674875 0.4544378703125 0.033391915625000004 0.46213017812499996 0.03602811875 0.4810650890625 0.025043937500000002 0.4816568046875 0.023725834374999998 0.463313609375 0.016256590625 0.4544378703125 0.010544815624999999 0.4550295859375 0.0083479796875 0.47337278125 0.0035149390625 0.4704142015625 0 0.45739644999999995 0.000878734375 0.6775147921875 0.028998242187500002 0.6041420125 0.043057996875 0.55207100625