1 0.5921875 0.440625 0.13046875 0.13671875
1 0.36328125 0.3859375 0.07578125 0.16015625
1 0.18828125 0.2390625 0.096875 0.13203125
1 0.784375 0.04140625 0.09765625 0.0828125
1 0.2140625 0.14140625 0.09375 0.1265625
1 0.33984375 0.2109375 0.10234375 0.17734375
1 0.91640625 0.0765625 0.11015625 0.15234375
1 0.47421875 0.084375 0.0453125 0.0859375
1 0.3875 0.07578125 0.05625 0.0796875
1 0.7078125 0.61875 0.121875 0.24765625
1 0.234375 0.53359375 0.084375 0.1625
1 0.0859375 0.47890625 0.1265625 0.18984375
1 0.50703125 0.2109375 0.05703125 0.09609375
1 0.18125 0.34609375 0.0828125 0.10859375
1 0.33046875 0.9046875 0.1828125 0.190625
1 0.528125 0.1 0.046875 0.08828125
1 0.47109375 0.53828125 0.09453125 0.24296875
1 0.33515625 0.53359375 0.08359375 0.18515625
1 0.265625 0.046875 0.06484375 0.09296875
1 0.53203125 0.60390625 0.0953125 0.1875
1 0.16328125 0.50859375 0.09375 0.12421875
1 0.81484375 0.9765625 0.1578125 0.046875
1 0.034375 0.42109375 0.06796875 0.18984375
1 0.1 0.215625 0.1921875 0.1859375
1 0.70703125 0.36640625 0.19765625 0.17265625
1 0.8375 0.59453125 0.08125 0.128125
1 0.6796875 0.1359375 0.05546875 0.08046875
1 0.43203125 0.18671875 0.06484375 0.0875
1 0.140625 0.840625 0.27578125 0.31875
1 0.96953125 0.4890625 0.0609375 0.215625
1 0.6125 0.08203125 0.05703125 0.06015625
1 0.3203125 0.0703125 0.04453125 0.05625
1 0.11484375 0.35234375 0.05546875 0.0671875
0 0.2984693875 0.7836322874999999 0.3015873015625 0.775224215625 0.2964852609375 0.747197309375 0.297619046875 0.7281390140624999 0.293367346875 0.7163677125000001 0.2647392296875 0.7057174890625 0.2636054421875 0.6866591921875 0.267573696875 0.670964125 0.2641723359375 0.6597533624999999 0.2641723359375 0.6440582953125 0.276643990625 0.6059417046875 0.2726757375 0.579035875 0.276643990625 0.5588565015625 0.2746598640625 0.5549327359375 0.24659863906249999 0.6149103140625 0.24149659843750002 0.6362107625 0.2298752828125 0.6524663671875001 0.2267573703125 0.6429372203125 0.23696145156249998 0.6137892375 0.23667800468750003 0.605381165625 0.18962585 0.593049328125 0.18594104375 0.5812780265625 0.18537415 0.5678251125 0.1777210890625 0.5582959640625 0.1612811796875 0.58520179375 0.1346371875 0.582959640625 0.11422902500000001 0.5739910312500001 0.1068594109375 0.576233184375 0.0938208609375 0.6008968609374999 0.0836167796875 0.6098654703124999 0.081632653125 0.6059417046875 0.08333333281250001 0.5913677125000001 0.09863945625000001 0.5644618828125 0.10090702968750001 0.5521300453125 0.09948979531249999 0.5336322874999999 0.0790816328125 0.565022421875 0.05867346875 0.565022421875 0.043934240624999996 0.5549327359375 0.028061225000000002 0.55156950625 0.028344671874999998 0.543161434375 0.0240929703125 0.5437219734375 0.02097505625 0.5274663671875001 0.0136054421875 0.5207399109375 0.015306121875 0.5117713 0.012188209375 0.492152465625 0.0031179140625000002 0.496636771875 0 0.5072869953125 0.000283446875 0.68161435 0.24234693906250002 0.753363228125 0.2514172328125 0.7544843046875 0.25595238125 0.7488789234375 0.2681405890625 0.7617713 0.2755102046875 0.7886771296874999 0.29450113437500003 0.7769058296875 0.2984693875 0.7836322874999999
0 1 0.59697309375 0.9963151921875 0.5986547078125 0.9929138328124999 0.593049328125 0.973356009375 0.582399103125 0.9693877546874999 0.543161434375 0.9569160999999999 0.51737668125 0.9535147390625 0.497197309375 0.9416099765625001 0.4848654703125 0.93480725625 0.4355381171875 0.9214852609375 0.4215246640625 0.90674603125 0.41591928281249996 0.8954081625000001 0.41704035937499995 0.8939909296874999 0.4276905828125 0.9081632656249999 0.497197309375 0.908730159375 0.519618834375 0.9149659859374999 0.5274663671875001 0.9132653062499999 0.5353139015624999 0.9149659859374999 0.5510089687499999 0.9217687078125 0.57455156875 0.9257369609375001 0.617152465625 0.93367346875 0.6350896859375 0.940476190625 0.7057174890625 0.952380953125 0.7684977578125001 0.9552154187499999 0.781950671875 0.9625850343750001 0.7909192828125 0.96825396875 0.8144618828124999 0.96825396875 0.838004484375 0.9532312921875 0.8565022421874999 0.9441609984375001 0.8531390140624999 0.9384920640625 0.8396860984375 0.9095804984375 0.8318385656249999 0.9022108843750001 0.8284753359374999 0.8979591843750001 0.8211883406249999 0.8843537421875001 0.7057174890625 0.875 0.65358744375 0.816043084375 0.6457399109375 0.8049886624999999 0.6362107625 0.799886621875 0.58576233125 0.799319728125 0.50504484375 0.8064058953125001 0.49439461875 0.8500566890625001 0.48991031406249996 0.8463718828125 0.47141255624999995 0.84325396875 0.46524663750000006 0.799603175 0.45852017968750003 0.7950680265625001 0.4506726453125 0.7689909296875 0.446188340625 0.7514172328125001 0.4383408078125 0.71286848125 0.43273542656249997 0.70209750625 0.45964125625 0.6777210890625 0.45515695 0.6658163265625 0.44843049375 0.66213151875 0.456838565625 0.6638322 0.465807175 0.6550453515625 0.5190582953125 0.6547619046875 0.5128923765625 0.6505102046875 0.5100896859375 0.6119614515625 0.507847534375 0.59325396875 0.49439461875 0.577380953125 0.496636771875 0.5793650796875001 0.5162556046875 0.5765306125 0.5667040359375 0.5731292515625 0.5756726453125001 0.5719954656249999 0.59697309375 0.56462585 0.63060538125 0.5617913828125001 0.6664798203125 0.5524376421875 0.6928251125 0.53713151875 0.6939461890625 0.5297619046875 0.7141255609375 0.52636054375 0.6950672640625 0.5065192749999999 0.690582959375 0.5025510203125 0.69843049375 0.49688208593749994 0.7006726453125001 0.4861111109375 0.6894618828125 0.47363945625000003 0.6894618828125 0.4705215421875 0.6821748875 0.4713718828125 0.69843049375 0.4861111109375 0.7085201796875 0.522392290625 0.7174887890625 0.5243764171875 0.7292600890625 0.521825396875 0.7343049328125 0.39172335625 0.6978699546875 0.39172335625 0.67544843125 0.40136054374999997 0.6429372203125 0.40136054374999997 0.6205156953125 0.40929705156249996 0.582399103125 0.407596371875 0.5689461890625 0.440476190625 0.4534753359375 0.45408163281249997 0.42656950625 0.463151928125 0.3963004484375 0.46173469375 0.3912556046875 0.45493197343749997 0.38677130000000004 0.44019274375000006 0.3901345296875 0.43565759687499994 0.38116591875 0.407312925 0.3766816140625 0.4047619046875 0.38060538125 0.4058956921875 0.41872197343749995 0.3999433109375 0.4215246640625 0.39229025 0.41760089687499996 0.3837868484375 0.456838565625 0.37981859375 0.465807175 0.37868480781249997 0.47926008906249995 0.37981859375 0.49495515625 0.3897392296875 0.496636771875 0.39058956875 0.5039237671875 0.40192743750000004 0.5297085203125 0.40192743750000004 0.5465246640625 0.390022675 0.5588565015625 0.390022675 0.5756726453125001 0.3846371875 0.582959640625 0.3732993203125 0.5795964125 0.3613945578125 0.559417040625 0.3509070296875 0.5902466375000001 0.34863945625000003 0.6205156953125 0.3373015875 0.6519058296875 0.3344671203125 0.6687219734375 0.327380953125 0.679372196875 0.31150793593750004 0.6782511203125 0.309523809375 0.6821748875 0.3112244890625 0.695627803125 0.3083900234375 0.713565021875 0.310657596875 0.7337443953125 0.310090703125 0.77858744375 0.3137755109375 0.7903587437499999 0.32029478437500003 0.7976457406249999 0.3239795921875 0.8195067265624999 0.33248299375 0.8015695062500001 0.33928571406249997 0.7970852015625 0.3506235828125 0.7970852015625 0.3681972796875 0.8071748875000001 0.37528344687500004 0.8211883406249999 0.3767006796875 0.8396860984375 0.4044784578125 0.84641255625 0.41128117968750005 0.8520179375 0.41439909375 0.860426009375 0.41638322031249997 0.8901345296875001 0.467403628125 0.9013452921875 0.478174603125 0.9103139015625 0.4946145125 0.9136771296875 0.49858276718749994 0.9192825109375 0.512188209375 0.922645740625 0.52636054375 0.9327354265625001 0.53826530625 0.9304932734375001 0.5564058953125001 0.9372197312500001 0.5739795921875 0.9372197312500001 0.6238662125000001 0.9529147984374999 0.6278344671875 0.9529147984374999 0.6315192749999999 0.9366591921874999 0.6340702953124999 0.934977578125 0.651077096875 0.9360986546875001 0.6862244890625 0.9484304937499999 0.6887755109375 0.940022421875 0.6921768703125 0.872757846875 0.6950113375 0.8559417046875 0.6950113375 0.8424887890624999 0.6893424031250001 0.8335201796874999 0.6882086171874999 0.8144618828124999 0.689909296875 0.80100896875 0.6984126984375 0.7909192828125 0.6984126984375 0.7707399109375 0.6941609984375 0.7769058296875 0.6337868484375 0.7606502234375 0.6437074828125 0.7567264578125 0.646825396875 0.7460762328125 0.646258503125 0.7146860984375001 0.6485260765625 0.7057174890625 0.6405895687500001 0.6911434984375 0.6405895687500001 0.678811659375 0.64172335625 0.647421525 0.6496598640625 0.6294843046875 0.6519274375 0.6036995515625 0.6340702953124999 0.5986547078125 0.6215986390625 0.6087443953125 0.6116780046875 0.6362107625 0.6122448984375 0.6463004484375 0.6167800453125001 0.6541479828125001 0.6116780046875 0.6653587437499999 0.6088435375000001 0.6911434984375 0.60402494375 0.69843049375 0.6009070296875 0.695627803125 0.6009070296875 0.6776905828124999 0.6071428578125 0.6496636765625 0.6105442171875 0.6182735421875 0.6170634921875 0.6042600890625 0.6292517 0.5902466375000001 0.6281179140625001 0.57343049375 0.6320861671875 0.56221973125 0.6391723359375 0.5549327359375 0.6505102046875 0.55156950625 0.6553287984375 0.5454035875 0.65674603125 0.5246636765625 0.6652494328125 0.522421525 0.6862244890625 0.49439461875 0.6907596375 0.49439461875 0.7103174609375 0.5330717484374999 0.7137188203125 0.5454035875 0.7140022671875 0.5616591921875 0.7213718828125 0.570627803125 0.7366780046875 0.5739910312500001 0.7468820859374999 0.5975336328124999 0.765022675 0.6031390140624999 0.7689909296875 0.6143497765625 0.7738095234375 0.61939461875 0.7789115640625 0.6563901343749999 0.777777778125 0.6889013453125 0.7738095234375 0.707959640625 0.7811791390625 0.7169282515625001 0.7834467125 0.7393497765625 0.788548753125 0.752802690625 0.7811791390625 0.7808295968750001 0.7746598640625 0.7847533624999999 0.761054421875 0.7690582953125 0.7315759640625 0.7701793718750001 0.721938775 0.7746636765625 0.7199546484375 0.74495515625 0.71286848125 0.742152465625 0.7103174609375 0.7460762328125 0.7080498859375 0.7606502234375 0.7123015875 0.7713004484375 0.717687075 0.7763452921875 0.7154195015625 0.7909192828125 0.7366780046875 0.8060538109375001 0.73979591875 0.8155829593749999 0.7403628125 0.8301569499999999 0.7361111109375 0.8374439468749999 0.7134353734375 0.8340807171875 0.7035147390625001 0.843609865625 0.6961451249999999 0.9389013453124999 0.6981292515625 0.9495515687499999 0.7140022671875 0.95964125625 0.7372448984375 0.963004484375 0.7519841265625 0.957399103125 0.7576530609375001 0.9484304937499999 0.7627551015625 0.95964125625 0.8545918374999999 0.9876681609375 0.86479591875 0.9865470859375 0.8681972796874999 0.9764573984375 0.8761337875 0.9742152468749999 0.8835034015625001 0.95964125625 0.9073129249999999 0.9618834078124999 0.91865079375 0.9652466375 0.9322562359375001 0.977578475 0.9373582765625 0.99439461875 0.9540816328125 0.997197309375 1 0.9960762328125 1 0.59697309375
0 0.789115646875 0.21356502187499998 0.7868480718749999 0.1967488796875 0.7862811796875 0.1687219734375 0.788548753125 0.15302690624999998 0.7964852609374999 0.14854260156250002 0.799319728125 0.13284753437500002 0.797619046875 0.125 0.799319728125 0.1059417046875 0.8075396828124999 0.09080717499999999 0.8157596375 0.10033632343750001 0.8157596375 0.1093049328125 0.8239795921875 0.127802690625 0.8370181406249999 0.1289237671875 0.8438208609375 0.1345291484375 0.8477891156249999 0.122197309375 0.8506235828125 0.13340807187499998 0.8630952375 0.13228699531250002 0.8732993203125 0.13677129999999998 0.874716553125 0.147421525 0.8724489796875 0.1552690578125 0.8730158734375 0.170964125 0.875 0.1827354265625 0.8798185937499999 0.17881165937500001 0.8786848078125 0.21020179374999998 0.8812358281250001 0.2141255609375 0.8948412703124999 0.2062780265625 0.9141156468749999 0.20403587500000003 0.9169501140625 0.18161434999999998 0.933956915625 0.1748878921875 0.9438775515625 0.1552690578125 0.94132653125 0.15134529218749998 0.9254535140625 0.1524663671875 0.9214852609375 0.139013453125 0.901077096875 0.1233183859375 0.8996598640625001 0.1294843046875 0.9019274375 0.1541479828125 0.9044784578125 0.1457399109375 0.9107142859374999 0.144618834375 0.9155328796875001 0.156390134375 0.9146825390625001 0.16479820625 0.9022108843750001 0.16367712968749998 0.901077096875 0.1580717484375 0.89229025 0.14854260156250002 0.8931405890624999 0.1233183859375 0.890022675 0.12275784687499999 0.8880385484375 0.1401345296875 0.8829365078125001 0.13677129999999998 0.875283446875 0.125 0.8798185937499999 0.117152465625 0.8792517 0.1137892375 0.869897959375 0.11771300468749998 0.8710317453125 0.10762331875 0.8630952375 0.1065022421875 0.8588435375 0.0958520171875 0.8588435375 0.0700672640625 0.8438208609375 0.0526905828125 0.8358843531250001 0.0661434984375 0.8296485265625 0.065022421875 0.8188775515625 0.0717488796875 0.81632653125 0.076793721875 0.816043084375 0.087443946875 0.814909296875 0.077354259375 0.793934240625 0.0672645734375 0.7672902500000001 0.0672645734375 0.7570861671875 0.0616591921875 0.7372448984375 0.059417040624999994 0.7352607703125 0.05661435 0.7338435375000001 0.0347533625 0.70209750625 0.0325112109375 0.6986961453125 0.040358743749999995 0.685090703125 0.040358743749999995 0.6794217687499999 0.0269058296875 0.6760204078125 0.025784753124999997 0.662414965625 0.0269058296875 0.658730159375 0.031950671874999996 0.6536281171875 0.0610986546875 0.6485260765625 0.1137892375 0.6485260765625 0.1261210765625 0.6536281171875 0.139573990625 0.6547619046875 0.1519058296875 0.6592970515625 0.1093049328125 0.673752834375 0.0975336328125 0.6907596375 0.1098654703125 0.706065759375 0.1132287 0.7069161 0.1317264578125 0.69982993125 0.16591928281249999 0.6862244890625 0.16143497812500002 0.6822562359375001 0.17376681562500002 0.6703514734375 0.17376681562500002 0.6584467125 0.167040359375 0.6536281171875 0.1855381171875 0.653061225 0.195627803125 0.6550453515625 0.2006726453125 0.7851473921875 0.22141255625 0.7930839 0.218049328125 0.789115646875 0.21356502187499998
0 0.3245464859375 0.11883408124999999 0.325396825 0.1093049328125 0.3183106578125 0.1065022421875 0.315476190625 0.10089686093750001 0.3024376421875 0.10089686093750001 0.299886621875 0.0947309421875 0.3010204078125 0.08576233125 0.2953514734375 0.071188340625 0.29450113437500003 0.056053810937500004 0.28656462656250004 0.0639013453125 0.282029478125 0.0616591921875 0.2845804984375 0.0700672640625 0.2797619046875 0.07399103124999999 0.2791950109375 0.0784753359375 0.278344671875 0.0700672640625 0.2746598640625 0.06838564999999999 0.25935374218749996 0.08520179375 0.24574829999999998 0.0751121078125 0.23611111093749998 0.07399103124999999 0.22760770937500002 0.0616591921875 0.2242063484375 0.0616591921875 0.21825396874999997 0.0700672640625 0.21655328749999997 0.08127802656250001 0.21031746093749998 0.093609865625 0.22363945625 0.09080717499999999 0.22704081562499998 0.0952914796875 0.260487528125 0.10426008906249999 0.2701247171875 0.094170403125 0.28032879843749997 0.0952914796875 0.28713151875 0.10089686093750001 0.288548753125 0.1093049328125 0.2726757375 0.1149103140625 0.27806122499999997 0.1412556046875 0.2916666671875 0.1233183859375 0.2984693875 0.13228699531250002 0.32171201875 0.1289237671875 0.3299319734375 0.1429372203125 0.34240362812499997 0.125 0.3245464859375 0.11883408124999999
0 0.08333333281250001 0.093609865625 0.0799319734375 0.079035875 0.07454648593749999 0.076233184375 0.0731292515625 0.071188340625 0.0629251703125 0.008408071875000001 0.0668934234375 0.008408071875000001 0.0685941046875 0.036434978125 0.07454648593749999 0.0526905828125 0.0796485265625 0.033632287500000003 0.0963718828125 0.030829596874999997 0.096938775 0.0005605375 0.0303287984375 0 0.032029478125 0.0067264578125 0.0357142859375 0.008408071875000001 0.0340136046875 0.031950671874999996 0.0402494328125 0.08464125624999999 0.0513038546875 0.0952914796875 0.0592403625 0.087443946875 0.06462585 0.10369955156249999 0.0680272109375 0.1059417046875 0.08021541875 0.10313901406249999 0.08333333281250001 0.093609865625
0 0.1941609984375 0.09080717499999999 0.20068027187499998 0.08576233125 0.1972789109375 0.08015695 0.196995465625 0.0661434984375 0.1816893421875 0.07399103124999999 0.1754535140625 0.06278026875 0.17261904687500002 0.06278026875 0.1669501140625 0.07399103124999999 0.15787981874999998 0.082959640625 0.1505102046875 0.082959640625 0.147959184375 0.0779147984375 0.153344671875 0.05717488750000001 0.15674603125 0.053811659375 0.1692176875 0.0549327359375 0.18367346874999999 0.037556053125 0.1842403625 0.0162556046875 0.1816893421875 0 0.09863945625000001 0.0005605375 0.103741496875 0.065582959375 0.0941043078125 0.08576233125 0.0949546484375 0.094170403125 0.098356009375 0.0952914796875 0.10544217656249999 0.08576233125 0.1057256234375 0.0717488796875 0.107993196875 0.0863228703125 0.1153628125 0.0863228703125 0.1369047625 0.10201793750000002 0.1584467125 0.105381165625 0.1649659859375 0.11266816093750001 0.17318594062499998 0.08856502187500001 0.1941609984375 0.09080717499999999
0 0.01729025 0.105381165625 0.039115646875 0.08015695 0.0340136046875 0.028587443750000004 0.028628117187500003 0 0 0.0005605375 0.00056689375 0.12275784687499999 0.006519275 0.11098654687500001 0.01729025 0.105381165625