1 0.58515625 0.21796875 0.1921875 0.39140625
1 0.378125 0.1953125 0.1234375 0.390625
1 0.81875 0.39765625 0.121875 0.33828125
1 0.86015625 0.23515625 0.2796875 0.4640625
1 0.93828125 0.82734375 0.1234375 0.34375
1 0.64140625 0.771875 0.16484375 0.3125
1 0.146875 0.81171875 0.18671875 0.353125
1 0.121875 0.48046875 0.24296875 0.16953125
0 0.0945330296875 0 0.091875475 0.032710279687499996 0.087319665625 0.0379023890625 0.0911161734375 0.043094496875 0.0858010625 0.0482866046875 0.0911161734375 0.0565939765625 0.083902809375 0.060228453125000005 0.0797266515625 0.058670820312500004 0.07668944531250001 0.038940809375 0.0747911921875 0 0.0022779046875 0.0025960546875 0 0.01713395625 0.004555809375 0.07840083125 0.00303720625 0.0939771546875 0.0068337125 0.10124610625 0.0007593015625 0.123052959375 0 0.1645898234375 0 0.41277258593750005 0.0022779046875 0.4262720671875 0.23348519375 0.4267912765625 0.235383446875 0.4501557625 0.23462414531250003 0.4844236765625 0.22854973437499998 0.510384215625 0.225132878125 0.5140186921875001 0.1977980265625 0.5150571125 0.198936978125 0.521806853125 0.18868640781249998 0.5337487015625 0.10820045625000001 0.5347871234375 0.093394078125 0.522845275 0.0945330296875 0.516095534375 0.0990888375 0.5181723781249999 0.100607440625 0.5150571125 0.0451784359375 0.5140186921875001 0.039863325 0.5181723781249999 0.0353075171875 0.5140186921875001 0.0303720578125 0.5155763234374999 0.027714503125 0.542056075 0.016324981250000002 0.5358255453125 0.012528473437500002 0.541017653125 0.0037965078125 0.5415368640625 0.0007593015625 0.5571131874999999 0.0007593015625 0.7097611625 0.0037965078125 0.7305295953125001 0.0007593015625 0.9922118375 0.004176157812499999 0.9968847359374999 0.0174639328125 0.9984423671875 0.055049354687499996 0.99792315625 0.06302202031250001 0.993250259375 0.060744115625 0.9226375906250001 0.06529992343749999 0.9174454828125 0.06302202031250001 0.9153686390625 0.06529992343749999 0.9060228453124999 0.06226271875 0.9018691593750001 0.07593014375 0.8966770515625001 0.07896735 0.8634475593750001 0.077448746875 0.8478712359375 0.0812452546875 0.8322949124999999 0.07896735 0.8260643828124999 0.08200455625 0.8208722734375 0.07896735 0.815680165625 0.0850417609375 0.8104880578125 0.08656036406249999 0.783489096875 0.0911161734375 0.7710280375 0.093394078125 0.7170301140625 0.1063022015625 0.6827622015625 0.1093394078125 0.66199376875 0.118830675 0.6490135 0.143128321875 0.6407061265625 0.18488990156250001 0.6386292828125 0.20007592968750001 0.6396677046875 0.2175398640625 0.6469366562500001 0.22399392499999998 0.65472481875 0.2262718296875 0.6806853578125 0.2361427484375 0.7035306328125001 0.238420653125 0.75752855625 0.235383446875 0.7627206640625 0.2380410015625 0.7684319828125 0.24791192031249998 0.7684319828125 0.2505694765625 0.7544132921875 0.25740318906250004 0.745067496875 0.2593014421875 0.7320872281249999 0.27524677343750004 0.7144340609375 0.2790432796875 0.71547248125 0.294608959375 0.7056074765625 0.2984054671875 0.653686396875 0.3022019734375 0.6443406015625001 0.300683371875 0.6298027 0.3052391796875 0.5841121499999999 0.30637813281250004 0.5804776734375 0.3101746390625 0.5877466250000001 0.31359149531249997 0.568535825 0.3299164765625 0.5545171343749999 0.3610478359375 0.5576323984375 0.395975703125 0.5555555562500001 0.39787395625 0.5633437171875 0.4035687171875 0.5680166140625 0.42331055468749995 0.56697819375 0.4396355359375 0.5778816203125 0.45178435781250004 0.6017653171874999 0.4548215640625 0.62772585625 0.458618071875 0.6339563859374999 0.4548215640625 0.6453790234375 0.46013667500000005 0.653686396875 0.45937737343749996 0.6609553484374999 0.4548215640625 0.6640706125 0.45178435781250004 0.6838006234375 0.44722855 0.6869158875 0.44950645468749995 0.699376946875 0.44419134375 0.7087227421875 0.44874715312499996 0.7191069578125 0.44722855 0.7315680171875 0.45140470781250003 0.739356178125 0.455201215625 0.7331256484375 0.49848139687500004 0.7320872281249999 0.5068337125 0.7061266875000001 0.5220197421874999 0.7009345796875001 0.524297646875 0.70404984375 0.57593014375 0.70404984375 0.5793470000000001 0.6453790234375 0.5850417609375 0.6303219109375 0.6192103265625 0.6303219109375 0.6336370546875 0.632398753125 0.6359149578125 0.6375908625 0.6480637812500001 0.63551401875 0.649582384375 0.6386292828125 0.662490509375 0.63551401875 0.6640091109374999 0.6386292828125 0.6867881546875 0.6386292828125 0.6936218671875001 0.6303219109375 0.7031131359375 0.630841121875 0.7031131359375 0.6214953265625 0.7061503421875 0.6173416406250001 0.7046317390625 0.6017653171874999 0.6947608203125 0.5768431984375 0.6788154890625 0.55919003125 0.679574790625 0.5529595015625001 0.6753986328125 0.5451713390624999 0.670842825 0.5472481828125 0.6628701593749999 0.537383178125 0.66742596875 0.5311526484375 0.6636294609375 0.5207684312499999 0.666287015625 0.5119418484375 0.6829916484375 0.516095534375 0.68716780625 0.512461059375 0.6864085046875 0.4730010390625 0.6886864078125 0.4678089296875 0.6879271078125 0.451194184375 0.6909643125 0.44496365468750004 0.6902050109375 0.4325025953125 0.68716780625 0.419003115625 0.675778284375 0.40342679062500003 0.6746393312500001 0.3914849421875 0.672361428125 0.40290758125000004 0.6586940015625 0.399792315625 0.6435079734375 0.401869159375 0.6389521640625 0.4060228453125 0.6275626421875 0.401869159375 0.5060744109375 0.4060228453125 0.50037965 0.3992731046875 0.4912680328125 0.1677050875 0.48595292343749996 0.1448598125 0.48595292343749996 0.1105919 0.4912680328125 0.1043613703125 0.4927866359375 0.0939771546875 0.4935459375 0.0150571125 0.4908883828125 0.0031152640625 0.43470007656250004 0.00207684375 0.43204252031249996 0.00571131875 0.43204252031249996 0.016095534375 0.4278663625 0.023883696875 0.42369020468749996 0.023364485937500002 0.42369020468749996 0.029595015625 0.429005315625 0.032710279687499996 0.4221716015625 0.0379023890625 0.429384965625 0.0415368640625 0.43204252031249996 0.050363446874999995 0.43204252031249996 0.1386292828125 0.42748671250000003 0.1770508828125 0.43128321875 0.32346832812500004 0.43052391874999996 0.33800623125 0.425968109375 0.34527518125 0.42444950625000005 0.3587746625 0.41571754062500005 0.354101765625 0.40432801874999996 0.36863966718749996 0.34510250625 0.37383177500000003 0.337509490625 0.3717549328125 0.328777525 0.357736240625 0.33257403124999996 0.3151609546875 0.3295368265625 0.298546209375 0.3280182234375 0.050363446874999995 0.3318147296875 0.0223260640625 0.3443432046875 0.016614745312500002 0.360288534375 0.016614745312500002 0.3606681859375 0.00571131875 0.357251328125 0.001038421875 0.3299164765625 0.0062305296875 0.32687927031249997 0 0.2638572515625 0 0.258162490625 0.00571131875 0.2520880796875 0.029595015625 0.2505694765625 0.0804776734375 0.2441154140625 0.107995846875 0.23120728906250002 0.11630321875 0.1947608203125 0.1183800625 0.1932422171875 0.12149532656249999 0.18033409218750002 0.1183800625 0.1780561890625 0.12149532656249999 0.172741078125 0.119418484375 0.169703871875 0.1246105921875 0.1621108578125 0.12357217031250001 0.1621108578125 0.1183800625 0.159832953125 0.1246105921875 0.1571753984375 0.12409138125000001 0.1503416859375 0.0919003109375 0.15489749375 0.0244029078125 0.1579347 0.014018692187500001 0.1552771453125 0 0.126423690625 0.0031152640625 0.1241457859375 0 0.0945330296875 0
0 0.6586940015625 0 0.6473044796874999 0.0031152640625 0.6454062265625 0.006749740625 0.6514806375 0.0212876421875 0.6507213359375 0.0379023890625 0.6586940015625 0.0425752859375 0.671222475 0.043094496875 0.6803340921875 0.14070612656249998 0.6818526953124999 0.168743509375 0.6788154890625 0.18120456875 0.6670463171875001 0.18899273125 0.6636294609375 0.1988577359375 0.6666666671875 0.273624090625 0.672741078125 0.2808930421875 0.6750189828125001 0.32346832812500004 0.6784358390625 0.328141225 0.6867881546875 0.328141225 0.6936218671875001 0.32294911718749997 0.749810175 0.32294911718749997 0.7539863328124999 0.33800623125 0.76006074375 0.3431983390625 0.7623386484375 0.36085150625 0.7676537578125 0.3650051921875 0.7668944578125 0.40342679062500003 0.7725892171875001 0.40706126718749996 0.7767653765625 0.40342679062500003 0.7737281703125001 0.3774662515625 0.7570235390625 0.300623053125 0.758542140625 0.24454828593750003 0.7627182984374999 0.236760125 0.7703113140625 0.233644859375 0.8135914953125001 0.2315680171875 0.820804859375 0.2570093453125 0.8314350796875001 0.3286604359375 0.83902809375 0.3556593984375 0.8443432046874999 0.3639667703125 0.8466211078124999 0.394080996875 0.8526955203125001 0.416926271875 0.85193621875 0.47403945937499997 0.860288534375 0.49584631406249996 0.8663629453125001 0.5321910703125 0.8785117687499999 0.537383178125 0.876993165625 0.5529595015625001 0.880030371875 0.5539979234375 0.8830675781249999 0.5529595015625001 0.886484434375 0.541017653125 0.89141989375 0.5436137078125001 0.892938496875 0.5301142265625 0.896735003125 0.5259605406250001 0.8936977984375 0.522845275 0.8936977984375 0.5083073734375 0.89825360625 0.5051921078125 0.8944571 0.5 0.89483675 0.493250259375 0.99962035 0.4901349953125 1 0.4428868125 0.8963553531249999 0.4527518171875 0.8921791953125 0.44496365468750004 0.8777524671875 0.38369678125 0.8618071374999999 0.3078920046875 0.8595292328124999 0.27985462031249997 0.8382687921875001 0.1863966765625 0.8325740312500001 0.1806853578125 0.8143507968750001 0.1817237796875 0.8075170843749999 0.18587746562500002 0.7961275624999999 0.2045690546875 0.7885345484374999 0.2056074765625 0.784358390625 0.1988577359375 0.7782839781249999 0.171858775 0.77296886875 0.132398753125 0.7695520124999999 0.128764278125 0.75360668125 0.1298027 0.7452543656249999 0.1111111109375 0.7217160218750001 0.1090342671875 0.7167805625 0.102284528125 0.7179195140625 0.08411215 0.735383446875 0.080996884375 0.7517084281249999 0.07217030156250001 0.7558845859375001 0.02076843125 0.7923310546875 0.012461059375 0.7972665140624999 0.006749740625 0.7961275624999999 0.0031152640625 0.7900531515625 0 0.6586940015625 0
0 1 0.441848390625 0.8955960515625 0.4517133953125 0.8724373578125 0.3556593984375 0.8671222468750001 0.34527518125 0.85876993125 0.28816199375 0.8443432046874999 0.2362409140625 0.8443432046874999 0.2237798546875 0.8371298406250001 0.21183800625 0.8325740312500001 0.21183800625 0.8272589218749999 0.2253374875 0.8166287015625 0.2211838 0.8166287015625 0.21287642812500002 0.8022019734375 0.21183800625 0.7972665140624999 0.2144340609375 0.7972665140624999 0.2206645890625 0.804479878125 0.2180685359375 0.8082763859375 0.22637590937500002 0.8120728921874999 0.224299065625 0.817767653125 0.2341640703125 0.8192862562500001 0.252855659375 0.8268792703125 0.2819314640625 0.830675778125 0.32242990625 0.8443432046874999 0.3587746625 0.8458618078125 0.392004153125 0.8526955203125001 0.416926271875 0.8511769171875001 0.47403945937499997 0.86484434375 0.53634475625 0.8633257406249999 0.5529595015625001 0.8583902812499999 0.5597092421875 0.8363705390625 0.563862928125 0.8196659078125 0.5628245062499999 0.8162490515625 0.5571131874999999 0.8147304484375001 0.5415368640625 0.807896734375 0.521806853125 0.8063781328124999 0.49376947031249996 0.81283219375 0.48494288750000003 0.830675778125 0.477154725 0.8234624140625 0.47144340625 0.79309035625 0.470404984375 0.7896734999999999 0.4657320875 0.7653758546875 0.325545171875 0.758542140625 0.3161993765625 0.75360668125 0.296988578125 0.7509491265625 0.300623053125 0.749810175 0.3219106953125 0.7338648437499999 0.32294911718749997 0.7232346234375 0.31879543125 0.7171602125 0.3219106953125 0.7072892937499999 0.317757009375 0.70045558125 0.3219106953125 0.6905846625 0.317757009375 0.6788154890625 0.32346832812500004 0.6765375859375 0.33385254375 0.6803340921875 0.393042575 0.6788154890625 0.40965732031249996 0.68716780625 0.41588785 0.6902050109375 0.4356178609375 0.695520121875 0.44080996875 0.6947608203125 0.4460020765625 0.7038724375000001 0.451194184375 0.701974184375 0.4558670828125 0.698936978125 0.4517133953125 0.695520121875 0.46157840156249996 0.7046317390625 0.46988577343750004 0.705391040625 0.5041536859375 0.69438116875 0.5192108 0.6913439640625 0.5150571125 0.6735003796875 0.5155763234374999 0.6753986328125 0.5212876421875 0.6803340921875 0.5207684312499999 0.6829916484375 0.529595015625 0.69438116875 0.5212876421875 0.7031131359375 0.5259605406250001 0.701974184375 0.5327102796875 0.689066059375 0.5347871234375 0.6829916484375 0.531671859375 0.6746393312500001 0.5337487015625 0.672741078125 0.5384215984375 0.6829916484375 0.55140186875 0.68716780625 0.5508826578125 0.6894457093749999 0.5633437171875 0.705391040625 0.5861889921875 0.7076689453125 0.5955347875 0.7046317390625 0.5996884734375 0.7061503421875 0.6173416406250001 0.7038724375000001 0.6235721703125 0.705770690625 0.6292834890625 0.7145026578125 0.6339563859374999 0.7167805625 0.6433021812499999 0.7179195140625 0.693665628125 0.749810175 0.69678089375 0.7672741078125 0.6863966765625 0.7820804859375 0.6869158875 0.7809415343749999 0.69470405 0.7593014421875 0.7024922124999999 0.7638572515625001 0.7097611625 0.7706909640624999 0.737798546875 0.774487471875 0.783489096875 0.768413059375 0.7949117343750001 0.7593014421875 0.829179646875 0.7661351562500001 0.8717549328124999 0.7471526203125001 0.9060228453124999 0.7661351562500001 0.9434060234375 0.7676537578125 0.97144340625 0.7638572515625001 0.9901349953125 0.7653758546875 0.9974039453125 0.8481397109375 1 0.9005315109375 0.9974039453125 0.9012908124999999 0.9870197296875001 0.8853454828125 0.89875389375 0.8785117687499999 0.874870196875 0.8785117687499999 0.8624091375 0.8842065296875001 0.8587746624999999 0.9221716015625001 0.8546209765624999 0.9301442671875 0.8489096578125 0.925588459375 0.815680165625 0.9172361421874999 0.7876427828125 0.9104024296875 0.7357217031250001 0.9104024296875 0.6952232609375 0.9138192859375 0.69262720625 0.9183750953125 0.6988577359375 0.93128321875 0.693665628125 0.9373576312499999 0.684319834375 0.9517843578124999 0.684319834375 0.955201215625 0.6817237796875 0.9578587703125001 0.66978193125 0.9730447984374999 0.680166146875 0.9760820046875001 0.6749740390625 1 0.6703011421875 1 0.441848390625