1 0.90390625 0.54296875 0.07109375 0.10625
1 0.10234375 0.43515625 0.0390625 0.04140625
1 0.70390625 0.91640625 0.1390625 0.1671875
1 0.709375 0.81953125 0.04609375 0.0828125
1 0.809375 0.7375 0.1234375 0.11328125
1 0.83359375 0.68125 0.0609375 0.071875
1 0.8546875 0.653125 0.053125 0.0609375
1 0.87890625 0.6046875 0.08359375 0.103125
0 0.1726659171875 0.3855218859375 0.1715410578125 0.3922558921875 0.173228346875 0.3978675640625 0.1796962875 0.38271605000000003 0.1726659171875 0.3855218859375
0 0.7021934765625 0.9753086421875 0.656074240625 0.9270482609374999 0.65185601875 0.9175084171875 0.65185601875 0.9085297421874999 0.6394825640625 0.892817059375 0.6349831265625 0.8692480359375001 0.637795275 0.8456790125 0.6465129359375 0.8383838390625 0.65494938125 0.8406285078125 0.6735095609374999 0.8585858578125001 0.6825084359375 0.8540965203124999 0.6948818890624999 0.8552188546874999 0.6915073109375001 0.8451178453124999 0.6850393703125001 0.8378226718749999 0.6872890890625001 0.8131313125 0.6982564671875 0.78563411875 0.7168166484375 0.7934904609375 0.7227221593750001 0.7895622890625 0.72384701875 0.7817059484375 0.7210348703125 0.7659932656249999 0.7221597296875 0.7390572390625 0.7415635546875 0.6812570140624999 0.7494375703125 0.6767676765624999 0.7651856015625 0.691358025 0.7809336328125001 0.6756453421875 0.7930258718750001 0.6806958468750001 0.790776153125 0.6582491578125 0.79274465625 0.65207631875 0.7969628796875 0.6503928171875 0.7958380203125001 0.6414141421874999 0.7980877390625001 0.6167227828125 0.796119234375 0.611672278125 0.787120359375 0.6127946125 0.7739032625 0.5998877671875 0.7750281218749999 0.58080808125 0.7817772781250001 0.5751964078125 0.7859955000000001 0.5555555562500001 0.793869515625 0.5476992140625 0.8017435328125 0.5465768796875 0.8129921265625001 0.557800225 0.815804275 0.5476992140625 0.8248031499999999 0.5443322109375 0.831271090625 0.5112233453125 0.8489876265625 0.49719416406250005 0.8526434203125 0.48316498281250003 0.8537682796875 0.46184062812500004 0.8647356578125001 0.44893378281249996 0.8832958375000001 0.44781144843750004 0.9108548937500001 0.4601571265625 0.9251968500000001 0.4405162734375 0.9257592796875 0.4304152640625 0.9212598421875 0.4214365875 0.9184476937499999 0.40460157187499995 0.919572553125 0.39113355781250003 0.924071990625 0.37654320937499997 0.929977503125 0.3692480359375 0.9451631046875001 0.3692480359375 0.9426321703125 0.363075196875 0.9420697406249999 0.3372615046875 0.9437570296875 0.33164983124999997 0.9575365578125 0.3164983171875 0.9732845890625 0.30639730625 0.97975253125 0.28338945 0.9890326203124999 0.2749719421875 0.994375703125 0.2586980921875 0.991001125 0.2508417515625 0.991001125 0.240740740625 0.994375703125 0.229517396875 0.9926884140625001 0.205948371875 0.994375703125 0.187991021875 0.9881889765625 0.1812570140625 0.9620359953125 0.12233445624999999 0.9566929140625 0.11728395 0.9566929140625 0.10044893437499999 0.9609111359375 0.086419753125 0.9412260968749999 0.084175084375 0.9086051749999999 0.1088664421875 0.8953880765625 0.1318742984375 0.89145106875 0.15095398437500002 0.8858267718749999 0.158810325 0.8824521937500001 0.18013467968750002 0.8726096734375 0.20202020156249997 0.8473003374999999 0.2300785640625 0.8405511812500001 0.2435465765625 0.8276152984375 0.25140291875 0.80005624375 0.250280584375 0.7935883015625 0.23288440000000002 0.79865016875 0.20707070781249998 0.805399325 0.19696969687500002 0.806524184375 0.187991021875 0.8127109109375 0.17901234531250002 0.815523059375 0.1666666671875 0.8264904390625001 0.15263748593749998 0.839426321875 0.127946128125 0.8512373453125001 0.11784511718749999 0.8577052875 0.102693603125 0.855174353125 0.0987654328125 0.8073678296875 0.1144781140625 0.7814960625 0.139169471875 0.737626546875 0.1616161609375 0.7201912265625 0.18181818125 0.701631046875 0.1851851859375 0.6791338578125 0.20426487031249999 0.6611361078125 0.2121212125 0.63920135 0.21324354687499997 0.6240157484375 0.23120089843749997 0.612204725 0.23456790156250001 0.561023621875 0.26599326562500003 0.519403825 0.2772166109375 0.4980314953125 0.296296296875 0.490719909375 0.2906846234375 0.486220471875 0.2951739625 0.4699100109375 0.2951739625 0.45134983125000006 0.314253646875 0.4372890890625 0.31313131250000004 0.4316647921875 0.3176206515625 0.42772778437500003 0.3288439953125 0.39904386875000003 0.33782267187500004 0.39004499375 0.35016835 0.3669853765625 0.355780021875 0.35854893125 0.3681257015625 0.3377390328125 0.3726150390625 0.33408323906250004 0.3619528625 0.33323959531249997 0.35016835 0.32367829062500003 0.34343434375 0.3107424078125 0.344556678125 0.3113048375 0.35241301875 0.32508436406249996 0.35970819375 0.32564679375 0.36868686875 0.32255343124999997 0.37822671093750004 0.312429696875 0.381593715625 0.3062429703125 0.399551065625 0.2944319453125 0.4074074078125 0.2820584921875 0.40852974218749993 0.2708098984375 0.399551065625 0.262373453125 0.399551065625 0.26434195781250003 0.40796857500000006 0.2606861640625 0.4163860828125 0.2449381328125 0.4175084171875 0.2393138359375 0.441077440625 0.2334083234375 0.43153759843749995 0.23284589375000003 0.4214365875 0.2269403828125 0.4062850734375 0.2156917890625 0.40067339999999996 0.21372328437500002 0.3922558921875 0.22019122656249998 0.37598204218750003 0.22356580468749998 0.3872053875 0.2359392578125 0.383838384375 0.24381327343749998 0.39393939375000003 0.25 0.392817059375 0.25365579375 0.3843995515625 0.2508436453125 0.36868686875 0.251406075 0.3574635234375 0.25674915625 0.346801346875 0.270528684375 0.3451178453125 0.2544994375 0.344556678125 0.24718785156249998 0.33894500625 0.2404386953125 0.351290684375 0.22806524218750002 0.35016835 0.22019122656249998 0.3625140296875 0.21175478124999997 0.35914702656249997 0.189820021875 0.37598204218750003 0.18560179999999998 0.38327721718749996 0.19010123750000002 0.39113355781250003 0.19094488125 0.4208754203125 0.20781777343750002 0.4141414140625 0.21878515156249997 0.42592592656250006 0.215973003125 0.455106621875 0.2123172109375 0.4601571265625 0.19488188906249998 0.4601571265625 0.187570303125 0.432098765625 0.18785151875 0.46184062812500004 0.18560179999999998 0.4696969703125 0.17294713125 0.473625140625 0.168728909375 0.44500561093749996 0.1712598421875 0.43097643124999996 0.1805399328125 0.4304152640625 0.177727784375 0.41358024687499995 0.1645106859375 0.41189674531250003 0.1555118109375 0.4175084171875 0.1498875140625 0.40965207656249997 0.1420134984375 0.4107744109375 0.125421821875 0.42368125624999997 0.1242969625 0.43602693593749997 0.12654668125 0.45398428749999997 0.123172103125 0.46184062812500004 0.1226096734375 0.4719416390625 0.1183914515625 0.47699214375 0.1060179984375 0.4624017953125 0.0868953875 0.45454545468749996 0.084926884375 0.4696969703125 0.08773903281249999 0.4865319859375 0.08267716562500001 0.5 0.0821147359375 0.5157126828124999 0.0762092234375 0.521885521875 0.06664791875000001 0.5207631875 0.0627109109375 0.5342312015624999 0.055399325 0.5409652078125 0.047525309375000005 0.5420875421875 0.0323397078125 0.528619528125 0.025871765624999998 0.5179573515625 0.0239032625 0.5050505046875 0.0219347578125 0.505611671875 0.0199662546875 0.517396184375 0.016872890625 0.508978675 0.0210911140625 0.5005611671875 0.0042182234375 0.4994388328125 0 0.507856340625 0.000281215625 0.9955106625000001 0.6974128234375 0.9960718296875 0.7075365578125 0.9949494953125001 0.7021934765625 0.9753086421875
0 0.9924071984375 0.6329966328125 0.9786276718750001 0.634680134375 0.9828458937500001 0.6363636359375 1 0.66835016875 0.999718784375 0.61952861875 0.9924071984375 0.6329966328125
0 0.9994375703125 0.50224466875 0.9994375703125 0.4876543203125 0.9955005625 0.4865319859375 0.9994375703125 0.4786756453125 0.9949381328125 0.46296296249999996 0.9971878515625001 0.455106621875 0.9969066359375001 0.43097643124999996 0.9960629921875 0.43827160468750004 0.9921259843750001 0.4416386078125 0.9938132734374999 0.455106621875 0.9887514062499999 0.4685746359375 0.980877390625 0.5168350171875 0.9848143984375 0.5202020203125 0.9957817765625 0.51851851875 0.9994375703125 0.50224466875
0 0.9566929140625 0.6414141421874999 0.9578177734375 0.6133557796875 0.953880765625 0.5875420874999999 0.9550056250000001 0.5718294046875 0.947975253125 0.56902356875 0.9364454437499999 0.595398428125 0.9353205843750001 0.6111111109375 0.9451631046875001 0.6262626265625 0.95275590625 0.6481481484375 0.9564116984375 0.64983165 0.96175478125 0.66386083125 0.9656917890625 0.6436588109375 0.9566929140625 0.6414141421874999
0 0.8498312703125 0.853535353125 0.8537682796875 0.8367003359374999 0.849268840625 0.814253646875 0.8498312703125 0.8019079687499999 0.80005624375 0.7665544328125 0.8008998875 0.7850729515625 0.805399325 0.8063973062500001 0.7947131609375 0.8299663296875 0.7930258718750001 0.8546576874999999 0.7955568046875 0.8585858578125001 0.8146794156249999 0.8574635234375 0.8203037125 0.8417508421875001 0.8217097859375 0.8613916953125 0.8242407203125 0.8664422 0.8515185609374999 0.8872053875000001 0.8526434203125 0.8748597078125 0.8498312703125 0.853535353125
0 0.9904386953125 0.70987654375 0.994375703125 0.7300785640624999 0.9879077609375001 0.74859708125 0.9822834640625 0.7530864203125 0.9569741281249999 0.7530864203125 0.9502249718750001 0.7665544328125 0.9417885265624999 0.774410775 0.9381327328125 0.796296296875 0.9291338578125 0.8176206515625 0.9178852640624999 0.8647586984375 0.9108548937500001 0.878787878125 0.90635545625 0.87766554375 0.89904386875 0.8900112234374999 0.8804836890625 0.8922558921875 0.876827896875 0.9006734 0.8762654671875 0.9163860828124999 0.8838582671875 0.9315375984375001 0.8917322828125 0.9360269359375 0.8998875140625 0.9523007859374999 0.9021372328125 0.9635241296875 0.9066366703125001 0.9702581374999999 0.906074240625 0.9870931531249999 0.9086051749999999 0.996632996875 1 0.9971941640624999 0.999718784375 0.6823793484375 0.9904386953125 0.70987654375