1 0.3984375 0.75 0.1828125 0.1765625
1 0.36640625 0.53046875 0.18984375 0.165625
1 0.77734375 0.48125 0.12578125 0.0890625
1 0.721875 0.44296875 0.0953125 0.06796875
1 0.73359375 0.37734375 0.08515625 0.071875
1 0.83515625 0.3421875 0.15078125 0.08515625
1 0.9546875 0.28671875 0.08984375 0.06875
1 0.646875 0.30078125 0.10390625 0.0875
1 0.7890625 0.2765625 0.14921875 0.06484375
1 0.98203125 0.75859375 0.0359375 0.1078125
1 0.1796875 0.45234375 0.10546875 0.1171875
1 0.046875 0.4734375 0.09375 0.11875
1 0.246875 0.328125 0.07109375 0.04609375
1 0.3796875 0.3265625 0.05390625 0.065625
1 0.4390625 0.29453125 0.0328125 0.0421875
1 0.09375 0.2984375 0.15859375 0.1078125
1 0.91796875 0.1875 0.1640625 0.0875
1 0.3859375 0.9453125 0.225 0.10859375
1 0.4125 0.40859375 0.06171875 0.071875
1 0.40625 0.1421875 0.06796875 0.04765625
0 0.1481770828125 0.815931109375 0.1536458328125 0.8175457484375 0.15677083281249998 0.800322928125 0.1619791671875 0.7917115171875 0.16458333281249998 0.7723358453125 0.1690104171875 0.77072120625 0.18125 0.7378902046875 0.175 0.597954790625 0.17630208281249998 0.5941872984375001 0.1822916671875 0.5968783640625 0.184375 0.6410118406249999 0.1888020828125 0.6490850375 0.1942708328125 0.63240043125 0.1942708328125 0.6076426265625 0.1973958328125 0.5839612484375001 0.196875 0.5764262640625 0.1888020828125 0.555435953125 0.1768229171875 0.5608180843749999 0.17109375 0.5769644781250001 0.15625 0.6011840687500001 0.1416666671875 0.6388589875 0.1375 0.6420882671875 0.1354166671875 0.657158234375 0.1317708328125 0.66469321875 0.13333333281249998 0.673304628125 0.1317708328125 0.7066738421875 0.1375 0.8110871906250001 0.1408854171875 0.8202368140624999 0.1427083328125 0.8196986 0.1455729171875 0.8094725515625001 0.1481770828125 0.815931109375
0 0 0.9930032296875 0.0052083328125 0.99515608125 0.03828125 0.99461786875 0.051302082812500004 0.9903121640625001 0.06328125 0.9687836390625 0.0684895828125 0.9698600640624999 0.07473958281250001 0.960172228125 0.0895833328125 0.9262648015625 0.09036458281250001 0.9192680296875 0.09453125 0.9257265875 0.09713541718749999 0.9181916031249999 0.1015625 0.9165769640624999 0.096875 0.9079655546875 0.0979166671875 0.8842841765625 0.11145833281249999 0.8369214203125 0.1171875 0.8261571578125 0.1177083328125 0.8110871906250001 0.1140625 0.734660925 0.1098958328125 0.7142088265625001 0.1109375 0.7055974171875 0.1 0.673304628125 0.09817708281250001 0.6447793328125 0.09322916718749999 0.6474703984375 0.0916666671875 0.657158234375 0.0953125 0.66469321875 0.0947916671875 0.6808396125 0.0888020828125 0.6899892359375001 0.03984375 0.7341227124999999 0.0346354171875 0.72335845 0.0278645828125 0.7384284171875 0.02421875 0.7405812703125 0.0205729171875 0.7384284171875 0.0200520828125 0.7341227124999999 0.01640625 0.7384284171875 0.0122395828125 0.7351991390625 0 0.7378902046875 0 0.7970936484375 0.0057291671875 0.8100107640624999 0.0078125 0.8444564046874999 0.0166666671875 0.870290634375 0.0125 0.890742734375 0.0119791671875 0.9187298171875 0 0.9348762109375001 0 0.9930032296875
0 1 0.8595263718749999 0.9955729171875 0.842841765625 0.98515625 0.8353067812500001 0.9825520828125001 0.8256189453125 0.9682291671875 0.8024757796875001 0.96484375 0.790096878125 0.9611979171874999 0.79224973125 0.9598958328125 0.798170075 0.94921875 0.9418729812500001 0.9453125 0.9327233578125 0.9489583328125001 0.9165769640624999 0.9489583328125001 0.8950484390625 0.9520833328125 0.8928955859375 0.9520833328125 0.8315392890625001 0.95625 0.778794403125 0.9567708328125001 0.7443487625 0.9552083328125001 0.7368137781249999 0.9614583328125 0.7045209906250001 0.9671875 0.6184068890625001 0.96484375 0.6081808390625 0.95 0.6076426265625 0.9518229171874999 0.5834230359375 0.946875 0.5850376749999999 0.9466145828125001 0.595263725 0.94140625 0.59634015 0.9403645828125 0.5834230359375 0.92578125 0.5758880515625 0.9182291671874999 0.5592034453125 0.91953125 0.551130246875 0.91015625 0.5522066734375 0.89375 0.529063509375 0.8932291671874999 0.5161463937499999 0.8885416671874999 0.503229278125 0.8880208328125001 0.49461786874999997 0.90234375 0.4747039828125 0.9080729171874999 0.4725511296875 0.90546875 0.46178686718749995 0.87421875 0.4456404734375 0.8734375 0.45479009687499994 0.87109375 0.4585575890625 0.8669270828125001 0.4574811625 0.8661458328125 0.46232508125000005 0.8666666671875 0.481700753125 0.86875 0.48385360625 0.8669270828125001 0.5080731968750001 0.8651041671874999 0.5043057046875 0.8666666671875 0.49461786874999997 0.86484375 0.4854682453125 0.8622395828125 0.4854682453125 0.8596354171874999 0.4930032296875 0.8549479171875 0.48654467187500006 0.8536458328125001 0.49461786874999997 0.8473958328125001 0.50538213125 0.84375 0.5226049515625 0.83984375 0.5134553281249999 0.8356770828125001 0.5166846078125 0.8322916671874999 0.5355220671875001 0.8278645828125001 0.5435952640624999 0.8002604171875 0.5435952640624999 0.7955729171875 0.531754575 0.7901041671875 0.534445640625 0.7854166671875 0.5592034453125 0.7768229171875001 0.7459634015625001 0.7755208328125 0.6808396125 0.7786458328125 0.657158234375 0.7791666671875 0.603336921875 0.7822916671875 0.5516684609375 0.78046875 0.545748115625 0.77109375 0.5403659843749999 0.7296875 0.5495156078125001 0.7276041671875 0.5764262640625 0.7213541671875 0.582884821875 0.7234375 0.608719053125 0.7197916671875 0.6313240046875 0.71875 0.689451021875 0.7348958328124999 0.7131324 0.7427083328124999 0.7658772875000001 0.7434895828125 0.7890204515625 0.77265625 0.7944025828125 0.7815104171875 0.8062432718749999 0.7875 0.8250807312499999 0.790625 0.8606027984375 0.7828125 0.8928955859375 0.7817708328124999 0.90904198125 0.7841145828125 0.917115178125 0.7903645828125 0.9203444562499999 0.79375 0.9316469328125001 0.7942708328125 0.9660925734375001 0.7901041671875 0.9800861140625001 0.7919270828125 0.9924650156249999 0.9065104171874999 0.991388590625 0.9098958328125001 0.97362755625 0.909375 0.9628632937500001 0.9145833328125 0.9198062437500001 0.9213541671875 0.7970936484375 0.9244791671874999 0.7701829921875001 0.92734375 0.7664155 0.9302083328125 0.769106565625 0.9307291671875 0.7831001078125001 0.9234375 0.874596340625 0.9229166671875 0.906889128125 0.91875 0.9327233578125 0.9197916671874999 0.9456404734375001 0.9161458328125001 0.97362755625 0.9171875 0.991926803125 1 0.9940796562499999 1 0.8595263718749999
0 0.7466145828124999 0.9892357374999999 0.7684895828125 0.9924650156249999 0.7744791671875 0.981162540625 0.775 0.9725511296875 0.7692708328125 0.9650161468749999 0.7713541671875 0.9424111953125 0.7700520828124999 0.9386437031250001 0.75078125 0.9354144234374999 0.734375 0.9187298171875 0.7307291671875 0.9025834234375001 0.7317708328125 0.8756727671875 0.7276041671875 0.86706135625 0.7286458328125 0.8412271265625 0.7265625 0.8196986 0.7205729171875 0.810548978125 0.70234375 0.8040904203125001 0.69765625 0.8062432718749999 0.6942708328125 0.8024757796875001 0.6927083328125 0.762648009375 0.6953125 0.71743810625 0.6940104171875 0.7136706140625 0.6815104171875 0.7093649078125 0.6778645828125 0.6975242203125 0.6700520828125 0.6899892359375001 0.6729166671875 0.6808396125 0.6640625 0.6539289562499999 0.6645833328124999 0.6388589875 0.6713541671875001 0.6237890203124999 0.6736979171875 0.6103336921875 0.690625 0.6054897734375 0.6927083328125 0.5850376749999999 0.6885416671875 0.5678148546874999 0.6901041671875 0.5355220671875001 0.6950520828125 0.5306781484374999 0.7184895828125 0.5274488703125 0.7197916671875 0.5193756734375 0.7065104171875001 0.48977395 0.7018229171875 0.497308934375 0.6981770828125 0.49515608125000005 0.69453125 0.49946178750000003 0.68671875 0.4854682453125 0.67421875 0.48654467187500006 0.6723958328124999 0.49354144218749996 0.6734375 0.5161463937499999 0.6708333328125 0.5452099031250001 0.6744791671875 0.5731969859375 0.6666666671875 0.5796555437500001 0.6651041671875 0.6065661999999999 0.66015625 0.6092572656249999 0.6583333328125 0.5839612484375001 0.6526041671875 0.561356296875 0.6557291671875001 0.5452099031250001 0.6546875 0.5107642625000001 0.6609375 0.4644779328125 0.6729166671875 0.449407965625 0.6755208328125 0.42787944062500005 0.6809895828125 0.42088267031250004 0.69296875 0.4165769640625 0.6958333328124999 0.41065662031250005 0.6958333328124999 0.400968784375 0.6901041671875 0.3891280953125 0.6875 0.3546824546875 0.6346354171875 0.354144240625 0.6315104171875 0.35952637187500003 0.6200520828125 0.353067815625 0.61171875 0.3573735203125 0.6080729171875 0.3509149625 0.6057291671875 0.3654467171875 0.6033854171875 0.3681377828125 0.58828125 0.36706135624999997 0.5864583328124999 0.358988159375 0.5875 0.3406889125 0.5947916671875 0.3288482234375 0.596875 0.317007534375 0.5927083328125 0.284714746875 0.5841145828125 0.2809472546875 0.5794270828125 0.28848223906250003 0.57578125 0.2809472546875 0.5739583328125 0.2857911734375 0.5786458328124999 0.290096878125 0.5763020828125 0.30355220625 0.5716145828125 0.3013993546875 0.56796875 0.3078579125 0.5611979171875 0.3013993546875 0.5575520828125 0.3175457484375 0.5497395828125 0.31431646875 0.5466145828125 0.3067814859375 0.53828125 0.300322928125 0.5369791671875 0.29117330468749997 0.5322916671875 0.2836383203125 0.53125 0.2761033375 0.5359375 0.2674919265625 0.5333333328125 0.26103336875 0.5338541671875 0.2513455328125 0.5302083328125 0.2427341234375 0.5322916671875 0.22012917187499997 0.53125 0.1846071046875 0.52578125 0.178686759375 0.51796875 0.178686759375 0.5002604171875 0.1851453171875 0.49817708281249995 0.19698600625 0.49453125 0.2012917109375 0.48515625 0.2012917109375 0.4770833328125 0.2115177609375 0.47473958281249995 0.2238966625 0.4692708328125 0.226587728125 0.46979166718750004 0.23519913906249998 0.47578125 0.23896663125 0.4791666671875 0.25026910625 0.48125 0.2857911734375 0.4927083328125 0.3234660921875 0.4916666671875 0.342841765625 0.49375 0.35683530625 0.4869791671875 0.37836383281249997 0.48046875 0.3821313234375 0.47109375 0.37351991406249996 0.4674479171875 0.361679225 0.4622395828125 0.361679225 0.45885416718750005 0.3654467171875 0.45885416718750005 0.371905275 0.45520833281249995 0.38159311093750004 0.45130208281249995 0.385360603125 0.44348958281249995 0.354144240625 0.42786458281249995 0.3466092578125 0.42369791718750005 0.348762109375 0.4234375 0.3417653390625 0.42005208281249995 0.33907427343749996 0.41510416718750004 0.3406889125 0.41510416718750004 0.3654467171875 0.42005208281249995 0.3606027984375 0.42369791718750005 0.36706135624999997 0.43567708281249995 0.3659849296875 0.44635416718750004 0.3869752421875 0.45104166718750005 0.40958019375 0.45494791718750005 0.4111948328125 0.46119791718750003 0.42949407968750003 0.46588541718750004 0.4316469328125 0.47057291718750005 0.4144241125 0.4830729171875 0.42195909531250003 0.48645833281249995 0.417115178125 0.48932291718750004 0.39827771875 0.49713541718750004 0.39289558593749996 0.5005208328124999 0.39773950468749997 0.5026041671875 0.422497309375 0.5010416671875 0.438643703125 0.5072916671875001 0.45371367031250004 0.5067708328125 0.46232508125000005 0.51015625 0.47793326093750005 0.5140625 0.4558665234375 0.5171875 0.508611409375 0.5291666671875 0.5355220671875001 0.5317708328124999 0.5516684609375 0.53125 0.5645855765625 0.5239583328124999 0.5839612484375001 0.5307291671875001 0.603336921875 0.5302083328125 0.6237890203124999 0.5239583328124999 0.6334768562499999 0.521875 0.6496232515625 0.528125 0.673304628125 0.5291666671875 0.689451021875 0.5270833328125 0.6980624328125 0.5325520828125 0.7061356296875 0.5364583328125 0.699138859375 0.5364583328125 0.673304628125 0.5390625 0.6506996765624999 0.5369791671875 0.6420882671875 0.5385416671875001 0.6205597421875 0.5369791671875 0.6065661999999999 0.5390625 0.581808396875 0.54140625 0.5748116249999999 0.5427083328125 0.581808396875 0.540625 0.6808396125 0.5427083328125 0.7303552203125 0.5364583328125 0.76049515625 0.5401041671875 0.7712594187499999 0.5390625 0.843379978125 0.5421875 0.854144240625 0.5390625 0.8756727671875 0.5390625 0.9004305703125001 0.5359375 0.9079655546875 0.54140625 0.914962325 0.5528645828125 0.9160387515625 0.55625 0.9241119484375 0.5541666671875001 0.9488697531250001 0.56640625 0.9526372437499999 0.5770833328125 0.9693218515625001 0.5809895828125 0.9924650156249999 0.58828125 0.991388590625 0.5901041671875 0.9790096875 0.5916666671875 0.8616792249999999 0.5924479171875 0.8579117328124999 0.59609375 0.8600645859375 0.5973958328125 0.9004305703125001 0.5947916671875 0.9542518843750001 0.5953125 0.98977395 0.59921875 0.9935414421875001 0.6177083328124999 0.9940796562499999 0.73515625 0.9935414421875001 0.7466145828124999 0.9892357374999999
0 0.44739583281249995 0.3406889125 0.44505208281249997 0.3315392890625 0.41953125 0.3304628640625 0.4125 0.33638320781250003 0.4114583328125 0.36437029062500004 0.41432291718750003 0.370290634375 0.43567708281249995 0.36706135624999997 0.4447916671875 0.38051668437499997 0.44947916718750003 0.375134553125 0.44739583281249995 0.3406889125
0 0.7578125 0.315931109375 0.7528645828125 0.311087190625 0.7372395828125 0.3100107640625 0.7221354171875001 0.294940796875 0.71796875 0.284176534375 0.7138020828125 0.289558665625 0.709375 0.2674919265625 0.71015625 0.2594187296875 0.6981770828125 0.258342303125 0.7 0.2674919265625 0.696875 0.2782561890625 0.6953125 0.3019375671875 0.7010416671875 0.322389665625 0.7005208328125 0.3406889125 0.7067708328125 0.34391819218749997 0.7528645828125 0.337997846875 0.7578125 0.315931109375
0 0.6098958328124999 0.414962325 0.6104166671875 0.396663078125 0.6078125 0.3902045203125 0.6122395828125 0.361679225 0.6158854171875 0.36706135624999997 0.6330729171875 0.369214209375 0.68671875 0.3681377828125 0.6890625 0.348223896875 0.6783854171875 0.343379978125 0.6169270828125 0.34553283125 0.6080729171875 0.33907427343749996 0.6057291671875 0.36759956875 0.5955729171875 0.3724434875 0.5979166671875 0.38159311093750004 0.59296875 0.38428417656249997 0.5888020828125 0.396124865625 0.5841145828125 0.3767491921875 0.5802083328125 0.38805166875 0.5802083328125 0.39773950468749997 0.5830729171875 0.404736275 0.58828125 0.39827771875 0.6028645828125 0.40043057031249996 0.60625 0.4085037671875 0.6078125 0.4300322921875 0.6166666671875001 0.43110871875 0.6192708328125 0.42895586718749995 0.6098958328124999 0.414962325
0 0.9888020828125 0.3466092578125 0.9924479171874999 0.3498385359375 0.9916666671875 0.33530678125 0.9872395828125 0.3261571578125 0.97734375 0.3196986 0.9528645828125001 0.32508073125000003 0.93828125 0.3078579125 0.9252604171875 0.3013993546875 0.91171875 0.28848223906250003 0.90546875 0.2755651234375 0.8911458328125 0.2761033375 0.8963541671874999 0.2857911734375 0.8973958328125 0.29978471406249996 0.8880208328125001 0.315931109375 0.91015625 0.3315392890625 0.91328125 0.3573735203125 0.9268229171875 0.3293864375 0.9341145828125 0.3304628640625 0.9434895828125001 0.32185145312499996 0.9515625 0.332077503125 0.9549479171874999 0.3498385359375 0.9611979171874999 0.3519913890625 0.96484375 0.358449946875 0.9690104171874999 0.3552206671875 0.975 0.358988159375 0.9815104171875 0.3498385359375 0.9888020828125 0.3466092578125
0 0.10859375 0.42088267031250004 0.1216145828125 0.4155005375 0.12734375 0.4025834234375 0.1408854171875 0.39827771875 0.1486979171875 0.39074273437499996 0.1809895828125 0.3896663078125 0.1854166671875 0.38159311093750004 0.1716145828125 0.379978471875 0.1622395828125 0.38643702968750004 0.14921875 0.3875134546875 0.1432291671875 0.3686759953125 0.1416666671875 0.3546824546875 0.1541666671875 0.32454251875 0.15078125 0.318622175 0.12890625 0.3315392890625 0.1158854171875 0.3498385359375 0.1059895828125 0.3552206671875 0.0236979171875 0.353067815625 0.021875 0.35683530625 0.0239583328125 0.40635091562500003 0.0278645828125 0.41765339062500006 0.0341145828125 0.42088267031250004 0.0471354171875 0.41872981718749996 0.0518229171875 0.4058127015625 0.0575520828125 0.41765339062500006 0.0705729171875 0.41765339062500006 0.0799479171875 0.4381054890625 0.09114583281250001 0.4407965546875 0.10546875 0.433799784375 0.10859375 0.42088267031250004
0 0.24973958281250003 0.45317545781249996 0.2559895828125 0.4510226046875 0.2614583328125 0.4397201296875 0.24713541718749998 0.43487621093750006 0.24583333281250003 0.42895586718749995 0.24739583281250002 0.41926802968750004 0.2653645828125 0.40365985000000004 0.27265625 0.40365985000000004 0.2786458328125 0.40958019375 0.2791666671875 0.44617868749999995 0.2770833328125 0.46340150625 0.27890625 0.47039827812499996 0.2825520828125 0.47039827812499996 0.2955729171875 0.4510226046875 0.34036458281250004 0.4510226046875 0.35859375 0.44671690000000003 0.3604166671875 0.4300322921875 0.38046875 0.40043057031249996 0.384375 0.38051668437499997 0.39010416718749996 0.3729817 0.3533854171875 0.3681377828125 0.3450520828125 0.3498385359375 0.3216145828125 0.3444564046875 0.31796875 0.38428417656249997 0.31484375 0.3821313234375 0.31171875 0.3724434875 0.30078125 0.3724434875 0.29453125 0.3681377828125 0.2908854171875 0.379978471875 0.2861979171875 0.37782561875 0.27578125 0.3875134546875 0.2705729171875 0.3821313234375 0.21953125 0.38858988125 0.21510416718749997 0.3848223890625 0.20807291718749998 0.3498385359375 0.19973958281249998 0.3509149625 0.1963541671875 0.3622174375 0.19583333281249998 0.38159311093750004 0.21067708281250003 0.40904198125 0.21796875 0.41334768593750004 0.21770833281250002 0.422497309375 0.22369791718749998 0.4370290640625 0.2260416671875 0.43541442343750003 0.22786458281250002 0.4262648015625 0.2296875 0.4300322921875 0.2270833328125 0.43756727656249994 0.228125 0.45048439218749997 0.2325520828125 0.45425188437499997 0.2403645828125 0.47147470468749997 0.24479166718749998 0.47201291718749994 0.24739583281250002 0.4698600640625 0.24973958281250003 0.45317545781249996
0 0.5125 0.43541442343750003 0.51875 0.4268030140625 0.5216145828125 0.4155005375 0.5234375 0.41819160312500003 0.5236979171875 0.4327233578125 0.5299479171875 0.43595263749999996 0.5328125 0.43110871875 0.5380208328125 0.4138858984375 0.5328125 0.40312163593749994 0.5356770828124999 0.38428417656249997 0.5395833328124999 0.38805166875 0.5395833328124999 0.3934338 0.5354166671875 0.39773950468749997 0.5361979171875 0.40365985000000004 0.54140625 0.3972012921875 0.5455729171875 0.39935414375 0.54375 0.3934338 0.5450520828125 0.385360603125 0.5513020828124999 0.39074273437499996 0.5557291671875 0.3848223890625 0.5546875 0.348223896875 0.5505208328125 0.342841765625 0.54921875 0.3315392890625 0.5604166671875 0.3342303546875 0.5583333328125 0.36437029062500004 0.559375 0.375134553125 0.5578125 0.391280946875 0.5552083328124999 0.3955866515625 0.55703125 0.40150699687499997 0.5635416671875 0.39881593125000003 0.5645833328125 0.3654467171875 0.5630208328124999 0.342841765625 0.56484375 0.34015070000000003 0.5661458328125 0.3449946171875 0.5666666671875 0.4138858984375 0.56953125 0.4165769640625 0.5713541671875 0.3934338 0.5776041671875001 0.38159311093750004 0.5739583328125 0.3740581265625 0.575 0.3654467171875 0.5846354171875 0.369214209375 0.5875 0.3385360609375 0.59453125 0.3315392890625 0.5963541671875 0.322389665625 0.5963541671875 0.306243271875 0.5924479171875 0.284176534375 0.5799479171875 0.28525296093749997 0.5768229171875 0.2917115171875 0.5721354171875 0.2906350921875 0.5700520828125 0.2970936484375 0.5606770828125 0.2938643703125 0.5559895828125 0.31431646875 0.5408854171875 0.2992465015625 0.5356770828124999 0.28740581249999997 0.5286458328125 0.2836383203125 0.5348958328125 0.2674919265625 0.5302083328125 0.23627556562500002 0.5322916671875 0.22228202343749998 0.5317708328124999 0.1846071046875 0.5283854171875 0.177610334375 0.50234375 0.1819160390625 0.49713541718750004 0.1948331546875 0.4856770828125 0.1980624328125 0.47890625 0.2055974171875 0.4692708328125 0.225511303125 0.46875 0.23519913906249998 0.47369791718750004 0.2400430578125 0.47760416718750004 0.252421959375 0.478125 0.2836383203125 0.4921875 0.3234660921875 0.4921875 0.3579117328125 0.48619791718750005 0.379978471875 0.48255208281249995 0.3810548984375 0.4731770828125 0.37351991406249996 0.46901041718750003 0.35952637187500003 0.46484375 0.358449946875 0.45729166718750003 0.3654467171875 0.4536458328125 0.3740581265625 0.45390625 0.3821313234375 0.4447916671875 0.3869752421875 0.4505208328125 0.40635091562500003 0.46276041718750005 0.425188375 0.47057291718750005 0.41011840624999996 0.47473958281249995 0.41227125937500003 0.47890625 0.42195909531250003 0.48515625 0.42195909531250003 0.4859375 0.39881593125000003 0.49817708281249995 0.3918191609375 0.5010416671875 0.39881593125000003 0.5020833328125 0.4138858984375 0.5005208328124999 0.42034445624999994 0.5010416671875 0.4429494078125 0.5028645828125 0.44779332656250004 0.5104166671875 0.45048439218749997 0.5130208328125 0.44617868749999995 0.5125 0.43541442343750003