1 0.7859375 0.55390625 0.109375 0.2125
1 0.4109375 0.43515625 0.0859375 0.13984375
1 0.225 0.584375 0.11171875 0.10703125
1 0.50703125 0.41875 0.0671875 0.12421875
1 0.30546875 0.7609375 0.1375 0.23828125
1 0.9515625 0.91328125 0.08671875 0.1734375
1 0.1171875 0.725 0.0828125 0.14921875
1 0.49296875 0.665625 0.11796875 0.26640625
1 0.1984375 0.7640625 0.11484375 0.225
1 0.69609375 0.39140625 0.08515625 0.1
1 0.0421875 0.85703125 0.08203125 0.25234375
1 0.59921875 0.3609375 0.0578125 0.09375
1 0.0671875 0.62578125 0.10703125 0.178125
1 0.1328125 0.43671875 0.08671875 0.15078125
1 0.67421875 0.2578125 0.0546875 0.0828125
1 0.16953125 0.27734375 0.071875 0.12109375
1 0.5640625 0.51875 0.08984375 0.09140625
1 0.6578125 0.5765625 0.103125 0.15546875
1 0.65625 0.45234375 0.11796875 0.10703125
1 0.95703125 0.42578125 0.0859375 0.09296875
1 0.3921875 0.27109375 0.08828125 0.084375
1 0.15703125 0.1734375 0.05 0.08671875
1 0.08671875 0.1859375 0.04609375 0.08671875
1 0.028125 0.19609375 0.05625 0.08515625
1 0.0609375 0.41875 0.05859375 0.1
1 0.86875 0.896875 0.18203125 0.20546875
1 0.57890625 0.65859375 0.10234375 0.1609375
1 0.46640625 0.5125 0.0984375 0.10390625
1 0.41171875 0.5703125 0.00078125 0.0125
1 0.309375 0.23125 0.04140625 0.05703125
1 0.025 0.29765625 0.0484375 0.10390625
1 0.08671875 0.315625 0.0453125 0.0640625
1 0.8546875 0.25859375 0.0515625 0.07109375
1 0.55859375 0.29453125 0.06875 0.05859375
1 0.2140625 0.50234375 0.10625 0.078125
1 0.97578125 0.32265625 0.03671875 0.05390625
1 0.9171875 0.28828125 0.059375 0.0671875
1 0.59375 0.196875 0.0265625 0.03828125
1 0.646875 0.14609375 0.0203125 0.05
0 1 0.574786325 0.9887332515624999 0.575498575 0.977161996875 0.5854700859374999 0.9570645546875 0.5826210828125 0.9482338609375001 0.6018518515625 0.9439707671875001 0.6246438750000001 0.9451887937500001 0.6360398859374999 0.9390986609375 0.708689459375 0.9378806328125 0.7628205125 0.94062119375 0.7678062671875 0.9534104749999999 0.7678062671875 0.968635809375 0.7920227921875 0.972898903125 0.8119658125000001 0.9862971984375 0.8076923078125 1 0.8183760687499999 1 0.574786325
0 0.19062119375 0.9821937328124999 0.1897076734375 0.9544159546875 0.16595615156250001 0.9629629625 0.1604750296875 0.9629629625 0.158952496875 0.9579772078125 0.1604750296875 0.934472934375 0.16961023125000002 0.9301994296875 0.1778319125 0.91809116875 0.172046284375 0.8960113953125 0.1598660171875 0.8960113953125 0.1559074296875 0.8910256406249999 0.1534713765625 0.8468660968749999 0.14799025625 0.8311965812500001 0.1446406828125 0.7863247859375 0.1306333734375 0.7863247859375 0.1221071859375 0.796296296875 0.11419001250000001 0.7920227921875 0.095310596875 0.796296296875 0.08647990312500001 0.8069800562499999 0.08465286250000001 0.909544159375 0.0834348359375 0.928062678125 0.08038976875 0.9366096859375 0.0816077953125 0.9622507125 0.078867234375 0.9928774921875 0.0922655296875 0.9985754984374999 0.1894031671875 0.99928775 0.19914738125 0.9921652421875 0.19062119375 0.9821937328124999
0 0.9144336171875 0.834757834375 0.9098660171875 0.8368945875 0.909257003125 0.8055555562500001 0.9150426312500001 0.7834757828125001 0.9260048718749999 0.774928775 0.9311814859374999 0.7613960109375 0.9354445796874999 0.6801994296875 0.9354445796874999 0.6545584046874999 0.9317905 0.6431623937500001 0.934226553125 0.6246438750000001 0.928440925 0.622507121875 0.9260048718749999 0.633903134375 0.9217417781250001 0.633903134375 0.9059074296875 0.6196581203125 0.894336175 0.6182336187499999 0.8900730812500001 0.6054131046875 0.87302070625 0.5868945875 0.8614494515625 0.5868945875 0.8632764921874999 0.6068376062499999 0.8766747875 0.6182336187499999 0.8900730812500001 0.6381766375 0.8903775890625001 0.6517094015625 0.8577953718750001 0.6652421656249999 0.8504872109375 0.6609686609375001 0.8443970765625 0.672364671875 0.8340438484374999 0.675213675 0.8319123015625 0.6887464390625 0.8279537156250001 0.6923076921875 0.8236906218750001 0.68091168125 0.821559075 0.6944444437499999 0.8221680875 0.79415954375 0.871193665625 0.8589743593750001 0.894336175 0.8518518515625001 0.9110840437500001 0.86823361875 0.923873325 0.8454415953125001 0.9144336171875 0.834757834375
0 0.7378197328125 0.9914529921874999 0.75426309375 0.9943019937500001 0.76278928125 0.9886039890625 0.76674786875 0.9665242171875 0.765225334375 0.9586894593749999 0.7439098656249999 0.9700854703124999 0.7381242390625 0.9679487171875 0.735079171875 0.9366096859375 0.7299025578125 0.9316239312500001 0.7277710109375 0.9195156687500001 0.728380025 0.8967236468750001 0.7299025578125 0.890313390625 0.760353228125 0.8660968656250001 0.7810596828125 0.8703703703125001 0.78775883125 0.8789173796874999 0.796589525 0.8739316234375 0.8148599265625001 0.8069800562499999 0.8148599265625001 0.6887464390625 0.8005481124999999 0.6851851859375 0.7810596828125 0.6623931625 0.7633982953125 0.652421653125 0.748172959375 0.63105413125 0.7366017046875 0.6267806265625 0.735688184375 0.6517094015625 0.7426918390624999 0.6552706546875 0.7454324 0.6673789171875 0.7490864796875 0.6702279203125 0.7442143734375 0.6887464390625 0.7597442140624999 0.70655270625 0.7244214375 0.725071225 0.6945797812500001 0.7321937328125 0.6817905 0.7450142453125 0.6750913515625 0.7421652421875 0.659257003125 0.7207977203125 0.6556029234375 0.722222221875 0.6513398296874999 0.703703703125 0.646467721875 0.7022792015625 0.6449451890625 0.69301994375 0.6516443359374999 0.6830484328125 0.6513398296874999 0.6737891734375 0.6342874546874999 0.66951566875 0.629110840625 0.6901709406250001 0.6364190015625 0.715811965625 0.633373934375 0.721509971875 0.6275883062500001 0.7635327640625 0.612362971875 0.7621082625 0.5880024359375 0.7706552703125 0.5691230203125001 0.7877492875 0.5039585875 0.8133903140625 0.487515225 0.7834757828125001 0.484774665625 0.7699430203125 0.4250913515625 0.6331908828125 0.42356881875 0.5897435890625 0.41199756406250004 0.5925925921874999 0.396163215625 0.5698005703125 0.39342265468750004 0.708689459375 0.3970767359375 0.734330484375 0.39281364218750003 0.75569800625 0.392204628125 0.8725071218749999 0.3882460421875 0.8803418796875 0.38550548125 0.8725071218749999 0.387332521875 0.7613960109375 0.38550548125 0.724358975 0.387332521875 0.715811965625 0.389768575 0.5990028484375001 0.3885505484375 0.56908831875 0.3909866015625 0.5519943015625 0.3867235078125 0.5334757828125001 0.387332521875 0.5235042734375 0.37606577343750003 0.5128205125 0.3529232640625 0.45868945937500005 0.333130328125 0.4665242171875 0.3361753953125 0.48789173750000003 0.336784409375 0.577635328125 0.3440925703125 0.6702279203125 0.3593179046875 0.721509971875 0.36845310625 0.7357549859375 0.3696711328125 0.7628205125 0.3678440921875 0.7742165234375 0.374543240625 0.8055555562500001 0.37393422656249997 0.8354700859375 0.341352009375 0.847578346875 0.3346528625 0.8632478625 0.3230816078125 0.8646723640625 0.31333739375 0.8589743593750001 0.2658343484375 0.8874643875 0.25974421406250003 0.8874643875 0.25913520156250003 0.88176638125 0.2554811203125 0.9658119656249999 0.20097442187499998 0.9921652421875 0.20980511562499998 0.9985754984374999 0.25121802656250003 0.9943019937500001 0.3821559078125 0.9971509968750001 0.3906820953125 0.9957264953125 0.39250913593750003 0.9900284906250001 0.40225334999999995 0.9971509968750001 0.4954324 0.9985754984374999 0.5 0.9921652421875 0.5 0.946581196875 0.49695493281249997 0.915242165625 0.4993909859375 0.8796296296874999 0.5021315468750001 0.874643875 0.50426309375 0.8796296296874999 0.5048721078125 0.9123931625000001 0.5079171734375 0.9266381765625 0.5048721078125 0.9608262109375 0.5054811203125 0.9878917375 0.50822168125 0.9985754984374999 0.52953715 0.9971509968750001 0.5417174171875 0.9843304843749999 0.5648599265625001 0.978632478125 0.5794762484375 0.9857549859375 0.5886114499999999 0.9985754984374999 0.6318514000000001 1 0.6434226546875 0.9928774921875 0.64859926875 0.99928775 0.7341656515625 0.9971509968750001 0.7378197328125 0.9914529921874999
0 0.3270401953125 0.49928775 0.3017661390625 0.45584045624999997 0.290194884375 0.41880341874999993 0.2786236296875 0.40313390312499997 0.27953715 0.44230769218750005 0.2825822171875 0.4508547015625 0.2825822171875 0.48646723593749996 0.28623629687499996 0.503561253125 0.29476248437499997 0.5235042734375 0.29415347187499996 0.5320512828124999 0.3002436046875 0.5420227921875 0.30085261874999997 0.5591168093750001 0.3078562734375 0.572649571875 0.32247259375000004 0.5811965812500001 0.33008526250000003 0.596153846875 0.33069427500000004 0.553418803125 0.3270401953125 0.49928775
0 0.45310596875 0.10185185156250001 0.44488428750000003 0.0854700859375 0.42935444531250005 0.074786325 0.43270401875 0.0669515671875 0.44305724687500003 0.06267806249999999 0.44518879375 0.056267806249999996 0.44366626093750006 0.0512820515625 0.43087697968749994 0.0512820515625 0.42356881875 0.06267806249999999 0.4077344703125 0.06837606874999999 0.3909866015625 0.08333333281250001 0.3937271625 0.091168090625 0.4083434828125 0.096866096875 0.41199756406250004 0.11538461562499999 0.44762484843749994 0.124643875 0.4549330078125 0.11894586874999999 0.45310596875 0.10185185156250001