1 0.540625 0.3546875 0.134375 0.1765625
1 0.21796875 0.27890625 0.1078125 0.14296875
1 0.39609375 0.34609375 0.11640625 0.16875
1 0.7578125 0.33203125 0.07265625 0.203125
1 0.671875 0.3796875 0.0921875 0.20546875
1 0.31484375 0.25625 0.06640625 0.20703125
1 0.1734375 0.1546875 0.08203125 0.08359375
0 0.6928422515625 0.6170351109375 0.691452396875 0.6092327703125 0.7001389859375 0.59947984375 0.7348853375 0.608582575 0.7612925640625 0.6397919375 0.7689367609375 0.638491546875 0.7762334953125001 0.613133940625 0.7741487140625 0.594928478125 0.765809590625 0.5806241875 0.77136900625 0.5728218468749999 0.769284225 0.5520156046875 0.76268241875 0.55006501875 0.7536483671875 0.53706111875 0.7334954828125 0.5318595578124999 0.7182070875 0.5084525359375001 0.686935371875 0.5019505859375 0.6758165390624999 0.486345903125 0.659138290625 0.488946684375 0.6553161921874999 0.498699609375 0.6587908265625 0.5208062421874999 0.6574009734375 0.5364109234375001 0.678248784375 0.6014304296875 0.6817234187500001 0.6235370609374999 0.6796386375 0.6469440828125 0.6831132734375001 0.6482444734375 0.6831132734375001 0.6391417421875001 0.6928422515625 0.6170351109375
0 0.7282835296875 0.9135240578125 0.743571925 0.812093628125 0.7484364140624999 0.7340702203125 0.747046559375 0.682054615625 0.7498262687499999 0.6625487640625 0.7418346078125 0.654096228125 0.7334954828125 0.6579974 0.731758165625 0.6547464234375 0.74148714375 0.6482444734375 0.734190409375 0.63068920625 0.7098679640625 0.62418725625 0.6980542046875 0.631989596875 0.6838082 0.667750325 0.6845031265625 0.68335500625 0.6796386375 0.6911573468750001 0.6831132734375001 0.6950585171875 0.680333565625 0.7041612484375 0.680333565625 0.7223667093749999 0.6886726890625 0.76397919375 0.6928422515625 0.771781534375 0.6928422515625 0.8237971390625001 0.6977067406249999 0.8302990890625 0.695621959375 0.834200259375 0.6977067406249999 0.861508453125 0.691452396875 0.9915474640624999 0.6938846421875 0.9960988296875 0.71994440625 0.9967490250000001 0.731758165625 0.9915474640624999 0.7282835296875 0.9135240578125
0 0.9186935374999999 0.9759427828125 0.90618485 0.9213263984375001 0.9009728984375001 0.9102730812500001 0.8933287 0.9102730812500001 0.8905489921875 0.9167750328125001 0.8870743578125 0.9076723015624999 0.8769979156250001 0.9031209359375 0.8790826968750001 0.8732119640624999 0.8818624046875 0.8667100124999999 0.881167478125 0.8498049421875 0.86518415625 0.8133940187500001 0.8637943015625 0.7938881671875 0.8540653234375 0.756176853125 0.8703961078125 0.7451235375 0.8735232796875 0.7535760734375 0.8714384984375 0.76397919375 0.8787352328125 0.793237971875 0.883599721875 0.7893368015625 0.917651146875 0.808842653125 0.9259902703125 0.806241871875 0.9291174421875 0.8003901171875001 0.9256428078125 0.786085825 0.9270326609374999 0.762678803125 0.9249478812499999 0.756176853125 0.9346768593749999 0.7197659296875 0.9360667125000001 0.674252275 0.9416261296874999 0.6326397921875 0.9451007640625001 0.6248374515624999 0.9451007640625001 0.6092327703125 0.9384989578124999 0.59947984375 0.917651146875 0.5955786734374999 0.9107018765625 0.585175553125 0.8766504515625 0.5838751624999999 0.8620569843749999 0.57477243125 0.851633078125 0.57477243125 0.8391243921875 0.5643693109375 0.8293954140625001 0.5656697015625001 0.8113273109374999 0.5877763328125 0.795691453125 0.6170351109375 0.7963863796874999 0.6248374515624999 0.791521890625 0.6313394015625 0.7922168171874999 0.6391417421875001 0.787352328125 0.6495448640625 0.779013203125 0.6898569578125 0.7762334953125001 0.70806241875 0.776928421875 0.7197659296875 0.781097984375 0.724967490625 0.783182765625 0.771781534375 0.781097984375 0.7990897265625 0.7856150109375 0.8023407015625 0.791869353125 0.78543563125 0.8071577484375 0.7646293890625 0.8123697015625 0.771781534375 0.8075052125 0.778283484375 0.8064628218750001 0.7867360203125 0.783182765625 0.81989596875 0.77762335 0.890117034375 0.7734537875 0.9096228875 0.7734537875 0.933029909375 0.7665045171875 0.939531859375 0.7678943703125001 0.9616384921875 0.7619874906249999 0.9791937578125 0.7588603203125001 0.9759427828125 0.7633773453125 0.9687906375 0.7522585125 0.967490246875 0.7484364140624999 0.9850455140625 0.7550382203125 0.9791937578125 0.7581653921875 0.9811443437499999 0.7592077828125 0.9921976593749999 0.780750521875 0.9960988296875 0.9179986093749999 0.995448634375 0.9256428078125 0.9902470734375 0.9186935374999999 0.9759427828125
0 0.6775538562500001 0.9811443437499999 0.6768589296874999 0.9356306890624999 0.6796386375 0.9226267874999999 0.675469075 0.8875162546875 0.6789437109375001 0.8706111828124999 0.6789437109375001 0.8328998703125 0.6747741484375 0.7912873859375 0.667824878125 0.7691807546875 0.667824878125 0.7496749031250001 0.6587908265625 0.709362809375 0.6587908265625 0.6170351109375 0.6532314109375 0.6092327703125 0.6539263375 0.60273081875 0.6490618484375 0.5936280890625001 0.6476719937500001 0.5728218468749999 0.633773453125 0.5429128734375 0.6139680328125 0.51235370625 0.6049339812500001 0.5071521453125001 0.5886031968750001 0.485695709375 0.5886031968750001 0.4635890765625 0.59624739375 0.4635890765625 0.590687978125 0.45578673593749996 0.594857540625 0.4492847859375 0.5927727593750001 0.4414824453125 0.594857540625 0.4310793234375 0.5903405140625 0.414824446875 0.5729673390625 0.43823146875 0.539610840625 0.4343302984375 0.5347463515624999 0.42912873906250004 0.4833217515625 0.41612483750000007 0.4708130640625 0.423927178125 0.4374565671875 0.41222366718750003 0.417998609375 0.42522756875 0.3999305078125 0.430429128125 0.3860319671875 0.42262678749999993 0.3721334265625 0.42522756875 0.364489228125 0.4187256171875 0.32904795 0.41092327656250005 0.32383599687500003 0.40377113124999997 0.324530925 0.38946684062500003 0.3220986796875 0.38231469375 0.29708130625 0.38101430468749997 0.2849200828125 0.411573471875 0.282140375 0.50650195 0.2731063234375 0.5429128734375 0.2710215421875 0.563719115625 0.26615705312500004 0.5728218468749999 0.2633773453125 0.62743823125 0.25434329375 0.6755526656249999 0.2550382203125 0.7288686609374999 0.2592077828125 0.7431729515625001 0.26302988125 0.7412223671875 0.2706740796875 0.7555266578125 0.27970813125 0.7516254874999999 0.291869353125 0.756176853125 0.2571230015625 0.756176853125 0.26824183437500004 0.901820546875 0.2689367609375 0.933029909375 0.2665045171875 0.937581275 0.2571230015625 0.933029909375 0.2546907578125 0.9076723015624999 0.217859625 0.9037711312500001 0.21230020781249997 0.8946683999999999 0.197706740625 0.889466840625 0.195274496875 0.8693107937500001 0.2011813765625 0.8647594281250001 0.21160528125 0.871261378125 0.21994440625 0.8842652796875001 0.23175816562499998 0.8829648890625 0.2352328 0.895968790625 0.2421820703125 0.8868660593750001 0.25121612187500003 0.889466840625 0.256428075 0.8836150843749999 0.2522585125 0.8589076718750001 0.2473940234375 0.7509752921875 0.24148714375 0.74252275625 0.23592772812499999 0.74252275625 0.23419040937500002 0.7353706109375 0.243571925 0.7334200265625 0.2460041703125 0.7262678796875 0.2453092421875 0.6755526656249999 0.2348853375 0.61183355 0.230715775 0.562418725 0.22307157812499998 0.5364109234375001 0.2195969421875 0.485695709375 0.223419040625 0.47854356249999996 0.2321056296875 0.48179453906249997 0.2376650453125 0.52210663125 0.243571925 0.5344603375 0.24808895 0.5299089734375 0.25191105 0.5591677500000001 0.26268241875 0.5208062421874999 0.2675469078125 0.5156046812499999 0.2717164703125 0.4947984390625 0.2738012515625 0.44018205468750005 0.26198749062500004 0.42067620312500004 0.2602501734375 0.408322496875 0.2536483671875 0.40377113124999997 0.25191105 0.392717815625 0.24913134062500003 0.4044213265625 0.23870743593750002 0.4044213265625 0.2397498265625 0.38296488906250004 0.23419040937500002 0.3764629390625 0.2321056296875 0.3595578671875 0.21994440625 0.358907671875 0.21577484375 0.35110533125 0.21299513593750002 0.36020806250000004 0.206045865625 0.36020806250000004 0.16643502500000001 0.3472041609375 0.15740097343749998 0.34980494218749997 0.154968728125 0.3764629390625 0.15010423906249998 0.38946684062500003 0.1455872140625 0.3966189859375 0.1414176515625 0.3940182046875 0.1382904796875 0.4089726921875 0.12995135468750002 0.41807542187499996 0.12995135468750002 0.4336801046875 0.12369701250000001 0.44018205468750005 0.12230715781249998 0.5091027312499999 0.1153578875 0.5130039015625 0.114315496875 0.5253576078125 0.10910354375 0.5247074125 0.105976371875 0.5474642390625 0.101459346875 0.5429128734375 0.103544128125 0.5507152140625 0.101459346875 0.562418725 0.105976371875 0.5591677500000001 0.1070187625 0.5663198953124999 0.10076442031249999 0.57152145625 0.0986796390625 0.6092327703125 0.09381515 0.6014304296875 0.09103544062499999 0.650845253125 0.09416261249999999 0.6671001296875 0.10493398125 0.6456436937500001 0.105976371875 0.6345903765625 0.12612925625 0.66449935 0.13029881875 0.665799740625 0.133773453125 0.6775032515625 0.1414176515625 0.68010403125 0.163655315625 0.665799740625 0.1726893671875 0.66449935 0.17720639375 0.669050715625 0.17720639375 0.684655396875 0.165392634375 0.7054616390625 0.16191799843750002 0.7184655390625 0.16191799843750002 0.7444733421875 0.1702571234375 0.7665799734375 0.1702571234375 0.8016905078125 0.1737317578125 0.8159947984375 0.1695621953125 0.8420026 0.15635858281249998 0.8524057218750001 0.1556636546875 0.9122236671874999 0.1660875609375 0.9473342 0.1660875609375 0.96293888125 0.159138290625 0.9837451234374999 0.15948575468749998 0.9921976593749999 0.167824878125 0.9960988296875 0.475677553125 0.9947984390625001 0.4826268234375 0.9921976593749999 0.4867963859375 0.9804941484375 0.492703265625 0.9772431734374999 0.503127171875 0.94083225 0.5017373171874999 0.9252275687499999 0.5152883953125 0.9037711312500001 0.5163307859375 0.9161248375 0.5024322453125001 0.9525357609375 0.5017373171874999 0.9772431734374999 0.4965253640625 0.9921976593749999 0.5048644890625 0.9960988296875 0.6007644203125 0.99349805 0.6007644203125 0.9804941484375 0.591035440625 0.9726918078125 0.5868658796874999 0.9635890765624999 0.5753995828125 0.9616384921875 0.577831828125 0.9570871265625 0.5892981234375 0.9564369312500001 0.582348853125 0.948634590625 0.5830437796875 0.94083225 0.590687978125 0.933029909375 0.5837387078125 0.917425228125 0.586518415625 0.901820546875 0.5774843640625 0.8810143046875 0.5774843640625 0.8693107937500001 0.565323140625 0.8491547468749999 0.563238359375 0.8608582578125 0.5552466984375 0.8602080624999999 0.5566365531249999 0.84460338125 0.5510771375 0.8302990890625 0.5517720640625 0.8081924578124999 0.5583738703125001 0.806241871875 0.56219596875 0.7951885562500001 0.5566365531249999 0.7834850453125 0.5677553859375 0.77048114375 0.5687977765625 0.7581274375 0.578179290625 0.76397919375 0.5719249484375 0.7769830953125 0.5733148015625 0.786085825 0.5691452390625 0.8003901171875001 0.5740097296875 0.8081924578124999 0.5698401671875 0.8146944078124999 0.5764419734375 0.830949284375 0.5806115359375 0.817945384375 0.5858234890625 0.8159947984375 0.5802640718750001 0.8081924578124999 0.5858234890625 0.7990897265625 0.578179290625 0.7847854359374999 0.5767894375 0.7756827046875 0.5792216812500001 0.76983095 0.5892981234375 0.7977893375 0.5997220296875 0.9044213265625001 0.6045865187499999 0.9083224968750001 0.614315496875 0.9577373218749999 0.6118832515625 0.9687906375 0.603891590625 0.9681404421875 0.6052814453125 0.9772431734374999 0.6118832515625 0.9791937578125 0.6136205703125001 0.9915474640624999 0.61744266875 0.9947984390625001 0.6712995140625 0.995448634375 0.6768589296874999 0.9915474640624999 0.6775538562500001 0.9811443437499999
0 0.939193884375 0.6020806234375 0.9259902703125 0.59947984375 0.922168171875 0.604031209375 0.923905490625 0.6111833546875001 0.9346768593749999 0.61183355 0.9409312015625 0.610533159375 0.939193884375 0.6020806234375
0 1 0.6092327703125 0.9725503828125 0.598179453125 0.966643503125 0.6092327703125 0.96803335625 0.6391417421875001 0.964558721875 0.6638491546874999 0.96803335625 0.682054615625 0.9760250171875 0.6892067625 1 0.693758128125 1 0.6092327703125