1 0.23203125 0.6359375 0.1984375 0.1953125
1 0.67265625 0.7828125 0.1015625 0.1796875
1 0.77421875 0.7671875 0.115625 0.1546875
1 0.8609375 0.75 0.1265625 0.16875
1 0.959375 0.740625 0.08125 0.18203125
1 0.79140625 0.92578125 0.17578125 0.1484375
1 0.44375 0.81015625 0.11015625 0.17421875
1 0.40625 0.88359375 0.11015625 0.16796875
1 0.12421875 0.83515625 0.14140625 0.19921875
1 0.4625 0.6046875 0.1125 0.11796875
1 0.0859375 0.49921875 0.08125 0.121875
1 0.678125 0.46640625 0.12265625 0.075
1 0.8421875 0.50078125 0.03359375 0.06171875
1 0.90625 0.47265625 0.0359375 0.065625
1 0.98203125 0.453125 0.0359375 0.05
1 0.275 0.84375 0.13125 0.13359375
1 0.9265625 0.9109375 0.059375 0.09140625
1 0.06640625 0.59609375 0.04921875 0.08671875
1 0.0125 0.628125 0.02421875 0.0578125
1 0.2875 0.50625 0.059375 0.05
1 0.47890625 0.44921875 0.04609375 0.0390625
1 0.56875 0.44140625 0.03671875 0.040625
1 0.5890625 0.49765625 0.046875 0.07109375
1 0.23046875 0.43359375 0.0328125 0.02890625
1 0.75546875 0.40234375 0.03046875 0.0546875
0 0.0237449125 0.38466579218749997 0.022388059374999998 0.3689384015625 0.034260515625 0.35648754843749997 0.0454545453125 0.3689384015625 0.04816825 0.3820445609375 0.0474898234375 0.397771953125 0.051899592187499996 0.402359109375 0.0641112625 0.3971166453125 0.0630936234375 0.3728702484375 0.0810719125 0.35648754843749997 0.0919267296875 0.3630406296875 0.090230665625 0.3728702484375 0.104816825 0.393184796875 0.1278833109375 0.3879423328125 0.1400949796875 0.369593709375 0.1455223875 0.37090432500000003 0.1543419265625 0.38925294843749997 0.16112618750000002 0.3787680203125 0.17401628281249998 0.3866317171875 0.1923337859375 0.37352555625 0.203867028125 0.37352555625 0.21336499375 0.3800786375 0.271709634375 0.372214940625 0.274084125 0.35583224062499996 0.28188602500000004 0.34600262187499997 0.28595658125 0.3473132375 0.2934192671875 0.3630406296875 0.3219131609375 0.3617300125 0.3300542734375 0.357798165625 0.3398914515625 0.33355176875 0.324626865625 0.3289646140625 0.1380597015625 0.3197903015625 0.00033921250000000004 0.3197903015625 0 0.3636959375 0.0094979640625 0.40301441718750003 0.01187245625 0.4076015734375 0.0176390765625 0.4069462640625 0.030529171875 0.40301441718750003 0.0237449125 0.38466579218749997
0 0 0.76081258125 0.012550881250000001 0.766710353125 0.037991859375 0.79357798125 0.03256445 0.8119266062499999 0.03256445 0.8328964609374999 0.037313432812500005 0.8486238531250001 0.034599728125 0.8669724765625 0.038670284375 0.8800786374999999 0.0312075984375 0.9076015734375 0.0322252375 0.9200524250000001 0.04036635 0.918741809375 0.0549525109375 0.902359109375 0.0474898234375 0.8892529484375 0.053595657812499996 0.872214940625 0.05122116718750001 0.867627784375 0.0471506109375 0.8715596328125 0.044776118749999996 0.8656618609375 0.04816825 0.8486238531250001 0.05122116718750001 0.844036696875 0.0573270015625 0.8466579296875001 0.0593622796875 0.8597640890625 0.0590230671875 0.8420707734375 0.062754409375 0.8374836171875 0.0678426046875 0.8407601578125 0.0691994578125 0.792267365625 0.0651289015625 0.6952817828125 0.066824965625 0.6788990828125 0.0698778828125 0.6874180859375 0.074966078125 0.8125819140624999 0.082428765625 0.808650065625 0.114993215625 0.76277850625 0.14077340625 0.7378768015625 0.1699457265625 0.7562254265624999 0.19063772031249998 0.77916120625 0.1886024421875 0.7883355171875001 0.19402985 0.801441678125 0.1947082765625 0.8119266062499999 0.1886024421875 0.8276539968750001 0.1845318859375 0.8512450859375 0.17774762500000002 0.8643512453125 0.16757123437500002 0.8984272609374999 0.1506105828125 0.9246395812499999 0.1404341921875 0.9560943640625 0.13670285 0.9633027515625001 0.1258480328125 0.965923984375 0.12415196718749999 0.970511140625 0.12516960625 0.99737876875 0.14246947031249999 0.9980340765625 0.203527815625 0.9941022281249999 0.207598371875 0.902359109375 0.23473541406249998 0.82372215 0.2506784265625 0.787680209375 0.33039348749999997 0.780471821875 0.32632293125 0.7175622546875 0.30291723125000003 0.72083879375 0.29477611875 0.7011795546874999 0.2907055625 0.698558321875 0.239823609375 0.7038007859375 0.235753053125 0.716906946875 0.22761194062499998 0.719528178125 0.21879240156250002 0.7155963296875 0.2126865671875 0.7038007859375 0.137381275 0.7116644828124999 0.13297150625 0.7057667109375 0.1316146546875 0.688728703125 0.1356852109375 0.6769331578125 0.135006784375 0.646788990625 0.1506105828125 0.6153342078125 0.14925373125000002 0.55897771875 0.1519674359375 0.5602883359375 0.1540027140625 0.5943643515625 0.15705563125 0.604193971875 0.163161465625 0.5976408906249999 0.1665535953125 0.585845346875 0.187924015625 0.5615989515625001 0.187924015625 0.4908256875 0.1848710984375 0.484927915625 0.17571234687499998 0.5 0.1784260515625 0.5157273921875001 0.1679104484375 0.5242463953125001 0.1645183171875 0.5334207078125 0.1543419265625 0.5347313234375 0.155359565625 0.5157273921875001 0.14416553593749998 0.5111402359375 0.139077340625 0.5157273921875001 0.137381275 0.538663171875 0.1217774765625 0.5425950203125 0.106852103125 0.5557011796875 0.0817503390625 0.56094364375 0.08955223906250001 0.5733944953125001 0.09294436874999999 0.590432503125 0.0858208953125 0.6081258187499999 0.055291723437499996 0.6435124515624999 0.0471506109375 0.6448230671874999 0.0349389421875 0.6697247703125 0.0193351421875 0.6815203140625 0.017978290625 0.6906946265625 0 0.714941021875 0 0.76081258125
0 0.276119403125 0.43971166406249995 0.2527137046875 0.4351245078125 0.2530529171875 0.465923984375 0.255766621875 0.47247706406249995 0.27578019062500003 0.45609436406250004 0.276119403125 0.43971166406249995
0 0.2028493890625 0.5301441671875 0.2109905015625 0.5235910875 0.212008140625 0.484927915625 0.2167571234375 0.4901703796875 0.22761194062499998 0.48099606875 0.2364314796875 0.48361729999999997 0.2489823609375 0.47247706406249995 0.2472862953125 0.44036697187499996 0.24118046093749998 0.44954128437499996 0.22761194062499998 0.44954128437499996 0.224219809375 0.45609436406250004 0.195725915625 0.45740497968750005 0.19267299843750002 0.4619921359375 0.19267299843750002 0.49344692031250004 0.195386703125 0.5078636953125 0.19402985 0.5262123203125 0.1987788328125 0.5314547843749999 0.1981004078125 0.5393184796875 0.20081411093749998 0.54456094375 0.20488466718749998 0.5380078640625 0.2028493890625 0.5301441671875
0 0.45895522343749995 0.73001310625 0.4630257796875 0.694626475 0.46573948437499996 0.7365661859375 0.4867706921875 0.75360419375 0.491519675 0.7418086500000001 0.498303934375 0.73918741875 0.5064450468749999 0.7404980343750001 0.510515603125 0.7470511140625 0.5128900953125 0.7346002625 0.5115332421875001 0.667758846875 0.5064450468749999 0.6553079953125 0.49626865625 0.651376146875 0.4871099046875 0.65989515 0.48778833125 0.6743119265625 0.4833785625 0.6775884671875 0.46573948437499996 0.6749672343750001 0.4623473546875 0.6788990828125 0.45556309375000004 0.663171690625 0.45149253749999996 0.6684141546875 0.4080732703125 0.67627785 0.405020353125 0.68086500625 0.40366350000000006 0.7057667109375 0.3948439625 0.7319790296875001 0.38127544062499996 0.7398427265625 0.3819538671875 0.7595019656249999 0.38534599687500004 0.7634338140625 0.43453188593750003 0.7234600265625 0.45895522343749995 0.73001310625
0 0 0.7568807343749999 0.025440976562500002 0.77457405 0.037991859375 0.79095675 0.033921303125 0.8342070765624999 0.038670284375 0.8499344687500001 0.039348710937499996 0.8866317171875 0.03595658125 0.903669725 0.0390094984375 0.90825688125 0.046811396875 0.902359109375 0.04409769375 0.8800786374999999 0.0400271375 0.872214940625 0.046132971875 0.8499344687500001 0.0491858890625 0.84272608125 0.055970149999999996 0.84272608125 0.0671641796875 0.8276539968750001 0.06852103125 0.7883355171875001 0.064450475 0.7214941015624999 0.064450475 0.6847968546875001 0.066824965625 0.67627785 0.0719131609375 0.70445609375 0.07394843906250001 0.7896461343750001 0.0776797828125 0.80733945 0.10210312031249999 0.7811271296875 0.112618725 0.7647444296875 0.1136363640625 0.754914809375 0.1177069203125 0.7588466578124999 0.1258480328125 0.75360419375 0.13670285 0.73918741875 0.14620081406250002 0.7404980343750001 0.1862279515625 0.7693315859375 0.191316146875 0.780471821875 0.19063772031249998 0.7883355171875001 0.1947082765625 0.7975098296875001 0.19606512812500002 0.8119266062499999 0.187924015625 0.8315858453124999 0.1852103125 0.860419396875 0.17299864375000001 0.8800786374999999 0.1696065125 0.902359109375 0.16112618750000002 0.909567496875 0.1523066484375 0.9344692 0.1445047484375 0.9403669718750001 0.1380597015625 0.9633027515625001 0.12415196718749999 0.970511140625 0.12415196718749999 0.9941022281249999 0.20081411093749998 0.996723459375 0.2042062421875 0.9796854515625 0.2042062421875 0.9220183484375 0.2089552234375 0.8931847968750001 0.24830393437499998 0.792267365625 0.25203527812500004 0.78636959375 0.3280189953125 0.7811271296875 0.32835820937500004 0.726736565625 0.3259837171875 0.7182175625 0.298846675 0.72083879375 0.296472184375 0.7096985578125 0.2907055625 0.7024901703124999 0.239823609375 0.707732634375 0.2343962015625 0.72083879375 0.21879240156250002 0.72083879375 0.2126865671875 0.70904325 0.13263229375000002 0.70904325 0.1302578015625 0.70445609375 0.1302578015625 0.688728703125 0.13364993281249998 0.682175621875 0.135006784375 0.6376146781250001 0.143487109375 0.6304062906250001 0.14925373125000002 0.6166448234375 0.1478968796875 0.5563564875 0.14959294375 0.550458715625 0.15264586093750002 0.557667103125 0.15705563125 0.6028833546875 0.16214382656249998 0.5982961984374999 0.1679104484375 0.5806028828125 0.1841926734375 0.5648754921875 0.1845318859375 0.5524246390625 0.187924015625 0.545871559375 0.1852103125 0.5393184796875 0.1841926734375 0.4980340765625 0.179782903125 0.501310615625 0.1824966078125 0.5078636953125 0.17910447812500002 0.5183486234375 0.16519674374999999 0.53735255625 0.155698778125 0.538663171875 0.14145183125 0.5229357796875 0.1404341921875 0.5366972484375 0.137381275 0.5425950203125 0.1177069203125 0.5452162515625 0.106852103125 0.559633028125 0.09260515625 0.56094364375 0.0915875171875 0.602228046875 0.08514246875 0.6146788984375 0.078358209375 0.6186107468750001 0.07632293125 0.6304062906250001 0.062754409375 0.6343381390625 0.055291723437499996 0.6461336828124999 0.0471506109375 0.6474442984375 0.044436906250000005 0.660550459375 0.0274762546875 0.6815203140625 0.0234056984375 0.6815203140625 0.01187245625 0.705111403125 0.00440976875 0.7116644828124999 0 0.7201834859375 0 0.7568807343749999
0 0.6689280875 0.9626474437500001 0.6689280875 0.9351245078125 0.6770692 0.9246395812499999 0.6658751703125 0.9069462640625 0.663500678125 0.9102228046875 0.6662143828125 0.9180865 0.6662143828125 0.9325032765625 0.6587516953125 0.9338138921875 0.6567164171875 0.9089121890625 0.6255088203125 0.8106159890625 0.618724559375 0.7975098296875001 0.6180461328125 0.77916120625 0.61329715 0.7621231984375 0.6139755765625 0.7516382703125 0.6265264593750001 0.7470511140625 0.6360244234375 0.7234600265625 0.64925373125 0.71363040625 0.650949796875 0.695937090625 0.6584124828125 0.6933158578125 0.6740162828125 0.695937090625 0.7004748984375 0.7234600265625 0.7126865671875 0.7444298828125 0.7167571234375 0.7444298828125 0.7123473546875 0.7293577984375 0.7103120765625001 0.7057667109375 0.70183175 0.70642201875 0.6984396203125 0.694626475 0.6926729984375 0.69003931875 0.69402985 0.682175621875 0.68995929375 0.670380078125 0.68995929375 0.6612057671875 0.696065128125 0.65727391875 0.7008141109375 0.6389252953125 0.715400271875 0.6212319796875 0.7411804609375 0.6212319796875 0.7601763906250001 0.6356487546875 0.767978290625 0.6651376140624999 0.7666214375 0.69003931875 0.7611940296874999 0.6979030140625 0.784599728125 0.7247706421875 0.7927408406249999 0.7247706421875 0.7974898234375 0.7339449546875 0.8012211671875 0.7306684140625 0.7995251015625 0.7024901703124999 0.8510854812499999 0.672346003125 0.8748303937499999 0.6867627781250001 0.8938263234375 0.7116644828124999 0.917571234375 0.731323721875 0.9199457265625 0.712319790625 0.9165535953124999 0.6965923984375 0.9246947078125001 0.6834862390625001 0.9240162828124999 0.65989515 0.8985753046875 0.6566186109375 0.889077340625 0.660550459375 0.8826322937500001 0.6520314546875 0.8873812750000001 0.6441677593749999 0.8870420625 0.63171690625 0.8978968796875 0.6251638265625 0.9223202171875 0.6251638265625 0.9253731343749999 0.6218872875 0.9233378562500001 0.6153342078125 0.8945047484374999 0.6146788984375 0.8883989140624999 0.6055045875 0.8741519671875 0.6055045875 0.8683853453125 0.599606815625 0.8707598375 0.59370904375 0.89145183125 0.5878112718749999 0.892808684375 0.56815203125 0.8887381281250001 0.5615989515625001 0.885006784375 0.5321100921874999 0.864654003125 0.5321100921874999 0.8320895515625001 0.5439056359375 0.8273405703125001 0.5347313234375 0.8232700140625001 0.5425950203125 0.81037991875 0.5465268671875 0.8049525109375001 0.5622542593750001 0.796811396875 0.5661861078125 0.7900271375 0.5648754921875 0.784599728125 0.550458715625 0.780529171875 0.5727391875000001 0.7615332421875001 0.5819135 0.7527137046875 0.5806028828125 0.7452510171875 0.5910878109375 0.7330393484375 0.595019659375 0.718113975 0.585845346875 0.70522388125 0.5884665796874999 0.7048846671875 0.576015728125 0.7025101765625 0.5727391875000001 0.6984396203125 0.6028833546875 0.69742198125 0.5956749671875 0.6930122109375 0.5923984265625 0.6862279515624999 0.6002621234375 0.6760515609375 0.6002621234375 0.6523066484375 0.6120576671875 0.6475576656250001 0.609436434375 0.643487109375 0.615989515625 0.6217774765625 0.61730013125 0.6102442328125 0.6238532109375 0.60074626875 0.6212319796875 0.5959972859375 0.6290956750000001 0.5858208953124999 0.62647444375 0.57632293125 0.615989515625 0.564450475 0.6218872875 0.5732700140625 0.6284403671875001 0.5732700140625 0.6363040625 0.56886024375 0.642201834375 0.55597015 0.6448230671874999 0.5532564453125 0.6238532109375 0.5491858890625 0.6657929234375 0.546132971875 0.6507208390625 0.5376526453125 0.6435124515624999 0.5335820890625 0.6487549140625 0.5295115328125 0.6448230671874999 0.5261194031249999 0.660550459375 0.521709634375 0.655963303125 0.521709634375 0.7647444296875 0.534260515625 0.764089121875 0.5410447765625 0.7575360421874999 0.5552917234375 0.761467890625 0.558344640625 0.768676278125 0.5576662140625 0.7961992140625 0.5495251015625 0.804062909375 0.5515603796875 0.825032765625 0.5590230671875001 0.8420707734375 0.5485074625 0.8466579296875001 0.546132971875 0.8525557015624999 0.546811396875 0.9941022281249999 0.6716417906250001 0.996723459375 0.675033921875 0.9875491484375001 0.6689280875 0.9626474437500001
0 1 0.5091743125 0.9996607875000001 0.46395806093749997 0.990162821875 0.46920052500000003 0.9888059703125001 0.4783748359375 0.9725237453125001 0.47444298749999997 0.9691316140625 0.4888597640625 0.96743555 0.4619921359375 0.9647218453124999 0.45543905625000003 0.9793080046875 0.43119266093749997 0.990162821875 0.4351245078125 0.9996607875000001 0.4456094359375 0.9996607875000001 0.4220183484375 0.953527815625 0.4220183484375 0.9538670281250001 0.49475753593749994 0.949457259375 0.4993446921875 0.9270692 0.5006553078125 0.894044459375 0.5120883875 0.8910284296875 0.5506725343750001 0.9046005656249999 0.5273764453124999 0.9453867031250001 0.5163827000000001 0.9508141109375 0.5019659234375 0.9548846671875 0.5019659234375 0.9589552234375001 0.5229357796875 0.968113975 0.5235910875 0.9772727265625001 0.505897771875 1 0.5091743125