1 0.478125 0.8328125 0.16953125 0.2046875
1 0.30390625 0.78828125 0.15703125 0.165625
1 0.09765625 0.73671875 0.1953125 0.1703125
1 0.40078125 0.61015625 0.1671875 0.1734375
1 0.575 0.63671875 0.1 0.1546875
1 0.78203125 0.89453125 0.10703125 0.2109375
1 0.934375 0.74765625 0.13125 0.3390625
1 0.940625 0.48984375 0.06796875 0.0859375
1 0.75859375 0.44453125 0.06796875 0.08359375
1 0.5140625 0.48203125 0.04375 0.0734375
1 0.4515625 0.50546875 0.07265625 0.08828125
1 0.24921875 0.55390625 0.11953125 0.125
1 0.15703125 0.45546875 0.096875 0.075
1 0.1015625 0.5609375 0.1 0.1
1 0.1296875 0.3125 0.07578125 0.0484375
1 0.51796875 0.3828125 0.06640625 0.13203125
1 0.6625 0.3671875 0.096875 0.0609375
1 0.77578125 0.3703125 0.08125 0.06953125
1 0.93828125 0.75625 0.12265625 0.3078125
1 0.940625 0.4890625 0.06953125 0.08125
1 0.91640625 0.37421875 0.03984375 0.05234375
1 0.97421875 0.38125 0.0421875 0.05390625
1 0.44296875 0.3796875 0.10546875 0.11875
1 0.28046875 0.30703125 0.11640625 0.10234375
1 0.2203125 0.371875 0.0890625 0.07734375
1 0.290625 0.378125 0.0515625 0.06328125
1 0.0625 0.353125 0.04921875 0.06953125
1 0.428125 0.21171875 0.14609375 0.09609375
1 0.6921875 0.2046875 0.0765625 0.05078125
1 0.01640625 0.32265625 0.0328125 0.04375
1 0.37109375 0.09609375 0.05078125 0.09453125
1 0.91328125 0.303125 0.09140625 0.0609375
1 0.675 0.53671875 0.2625 0.10859375
1 0.6609375 0.278125 0.0328125 0.0359375
1 0.3703125 0.4859375 0.09609375 0.06953125
0 0.031758529687499995 0.46009975000000003 0.0412073484375 0.45760598437500005 0.0485564296875 0.44139650937499997 0.073228346875 0.4451371578125 0.09055118125 0.43890274375000005 0.098425196875 0.44638404062500003 0.11259842499999999 0.44389027499999995 0.12414698125000001 0.4326683296875 0.1322834640625 0.40960099687499996 0.12624671875 0.3940149625 0.11942257187500001 0.401496259375 0.09685039375 0.40274314218749996 0.0934383203125 0.4083541140625 0.09055118125 0.4351620953125 0.078477690625 0.43142144687500006 0.070603675 0.3840399 0.0624671921875 0.388403990625 0.05905511875 0.4276807984375 0.050131234375 0.43142144687500006 0.04724409375 0.4283042390625 0.0440944875 0.3821695765625 0.0422572171875 0.3778054859375 0.039107610937499995 0.3753117203125 0.033070865625 0.37967581093749997 0.033070865625 0.39089775625 0.029396325 0.4008728171875 0.0280839890625 0.4152119703125 0.0196850390625 0.4139650875 0.016272965625 0.4108478796875 0.0188976375 0.40211969999999997 0.0175853015625 0.39900249374999996 0.011023621875 0.3996259359375 0.015223096875 0.37967581093749997 0.0202099734375 0.3678304234375 0.0275590546875 0.3653366578125 0.027821521874999998 0.358478803125 0.0165354328125 0.3491271828125 0.00026246718749999996 0.35286782968749997 0 0.44326683281249996 0.0118110234375 0.4451371578125 0.013123359375 0.449501246875 0.0107611546875 0.4588528671875 0.00026246718749999996 0.46009975000000003 0 0.4806733171875 0.007874015625 0.4806733171875 0.0275590546875 0.47630922656249997 0.031758529687499995 0.46009975000000003
0 0.52204724375 0.6271820453125 0.5275590546875 0.6128428921875 0.5343832015625 0.5791770578125 0.5333333328125 0.5617206984374999 0.5301837265625 0.5492518703125 0.5307086609375 0.5180798 0.537270340625 0.5112219453125 0.5438320203125 0.48690773125 0.5538057750000001 0.4719451375 0.5538057750000001 0.46321695781249994 0.5496062984375001 0.45573566093749995 0.54724409375 0.4401496265625 0.5388451437499999 0.43890274375000005 0.534120734375 0.4326683296875 0.5286089234375 0.43827930156250006 0.5333333328125 0.45698254374999997 0.5370078734375 0.49438902812499996 0.5314960625 0.5099750625 0.526771653125 0.5137157109375 0.501574803125 0.5099750625 0.49632545937500006 0.5012468828125 0.4934383203125 0.48441396562500005 0.49816272968749997 0.4731920203125 0.5034120734374999 0.44700748125 0.498425196875 0.4401496265625 0.4897637796875 0.444513715625 0.4902887140625 0.46571072343750003 0.48713910781249997 0.4756857859375 0.4881889765625 0.4906483796875 0.48608923906249996 0.51309226875 0.4803149609375 0.538029925 0.4803149609375 0.5504987531250001 0.48451443593750004 0.5667082296875 0.4913385828125 0.5766832921875 0.4908136484375 0.585411471875 0.48503937031250005 0.59289276875 0.4834645671875 0.6253117203125 0.48635170624999996 0.63092269375 0.49553805781250004 0.6327930171875 0.514173228125 0.6246882796875 0.52204724375 0.6271820453125
0 0.790026246875 0.5043640890625001 0.7797900265625 0.49501246875 0.7766404203125 0.48379052343750006 0.7283464562499999 0.472568578125 0.7230971125 0.467581046875 0.71994750625 0.4688279296875 0.71784776875 0.4788029921875 0.7170603671875 0.4682044890625 0.7141732281250001 0.46384039843749997 0.6989501312499999 0.46508728125000004 0.687401575 0.45760598437500005 0.685826771875 0.45261845312500004 0.664829396875 0.44887780624999996 0.664829396875 0.4426433921875 0.6734908140625 0.43827930156250006 0.6713910765625 0.429551121875 0.6724409453125 0.4108478796875 0.666929134375 0.40523690781250005 0.6645669296875 0.40960099687499996 0.6671916015625 0.4208229421875 0.6640419953125 0.44201995 0.65905511875 0.4513715703125 0.6433070859375001 0.44638404062500003 0.6370078734375 0.43890274375000005 0.5934383203125 0.44887780624999996 0.5635170609375 0.44389027499999995 0.5601049875 0.449501246875 0.558530184375 0.47069825468750004 0.558530184375 0.4756857859375 0.5635170609375 0.48379052343750006 0.5771653546875 0.48379052343750006 0.5808398953125 0.48877805468749996 0.5976377953124999 0.472568578125 0.6076115484375 0.487531171875 0.65485564375 0.48877805468749996 0.660629921875 0.49875311718750004 0.670603675 0.497506234375 0.6853018375000001 0.5037406484375 0.693175853125 0.49875311718750004 0.7141732281250001 0.5049875312500001 0.71784776875 0.49625935156249995 0.719422571875 0.5049875312500001 0.73254593125 0.5099750625 0.7853018375 0.5143391515625 0.7897637796875 0.5137157109375 0.790026246875 0.5043640890625001
0 0.3254593171875 0.5879052375 0.3238845140625 0.560473815625 0.3296587921875 0.538029925 0.3343832015625 0.5317955109375 0.326771653125 0.5162094765624999 0.32178477656250004 0.51309226875 0.3191601046875 0.4856608484375 0.3270341203125 0.46945137187499997 0.33149606249999997 0.4513715703125 0.359580053125 0.43827930156250006 0.355380578125 0.4083541140625 0.36010498750000003 0.373441396875 0.3661417328125 0.36907730625 0.3824146984375 0.3379052375 0.38661417343750004 0.335411471875 0.38661417343750004 0.32294264375 0.3729658796875 0.31296758125 0.3614173234375 0.3179551125 0.353280840625 0.348503740625 0.344619421875 0.364089775 0.3188976375 0.371571071875 0.31653543281249996 0.38092269375 0.3175853015625 0.39214463906249997 0.314173228125 0.3940149625 0.31154855625 0.40274314218749996 0.297375328125 0.403990025 0.29055118125 0.411471321875 0.26272965937500004 0.401496259375 0.2023622046875 0.403990025 0.20052493437500002 0.42331670781249997 0.20314960625 0.454488778125 0.20052493437500002 0.4756857859375 0.1960629921875 0.4812967578125 0.1881889765625 0.480049875 0.179002625 0.4956359109375 0.1803149609375 0.5162094765624999 0.1871391078125 0.5211970078125 0.20446194218749997 0.5211970078125 0.21049868749999998 0.5043640890625001 0.21076115468749998 0.48379052343750006 0.2375328078125 0.4476309234375 0.262204725 0.4513715703125 0.266929134375 0.45760598437500005 0.28005249375 0.46009975000000003 0.28635170625 0.4663341640625 0.294225721875 0.46384039843749997 0.294225721875 0.4713216953125 0.2897637796875 0.4731920203125 0.2897637796875 0.49438902812499996 0.29475065625 0.497506234375 0.305774278125 0.5211970078125 0.31023622031250003 0.5243142140625 0.31023622031250003 0.545511221875 0.3044619421875 0.5579800500000001 0.30236220468749997 0.57294264375 0.2971128609375 0.5866583546874999 0.2981627296875 0.5991271828125 0.3039370078125 0.6103491265625001 0.3060367453125 0.6240648375 0.31023622031250003 0.62905236875 0.3139107609375 0.6053615953125 0.3254593171875 0.5879052375
0 0.4070866140625 0.7817955109375 0.4244094484375 0.7581047375 0.43175852968750006 0.755610971875 0.4354330703125 0.749376559375 0.463779528125 0.7581047375 0.48005249375 0.7581047375 0.49107611562500003 0.7518703234374999 0.498425196875 0.744389028125 0.5002624671875 0.737531171875 0.5002624671875 0.707605984375 0.49107611562500003 0.6995012468749999 0.48713910781249997 0.6901496265625 0.4881889765625 0.671446384375 0.476377953125 0.6558603484375001 0.4601049875 0.6521197 0.4582677171875 0.661471321875 0.463779528125 0.664588528125 0.4645669296875 0.676433915625 0.462729659375 0.6857855359375 0.45748031562499997 0.68703241875 0.4540682421875 0.6801745640625 0.45669291406249996 0.671446384375 0.45511811093750004 0.65897755625 0.45748031562499997 0.6521197 0.4517060375 0.6458852875 0.4433070859375 0.6521197 0.4238845140625 0.6458852875 0.42073490781249995 0.6371571078125 0.4165354328125 0.635910225 0.4070866140625 0.635910225 0.40183727031250005 0.6620947625 0.38136482968749996 0.669576059375 0.3624671921875 0.669576059375 0.314173228125 0.6620947625 0.30997375312500003 0.64089775625 0.299475065625 0.659600996875 0.282677165625 0.6633416453125001 0.27716535468750003 0.6490024937500001 0.2745406828125 0.6302992515625 0.271128609375 0.6259351625 0.17165354375 0.6340399 0.17270341250000001 0.6427680796875 0.169028871875 0.671446384375 0.1729658796875 0.684538653125 0.1845144359375 0.6882793015625001 0.1997375328125 0.7032418953125 0.2112860890625 0.6857855359375 0.22624671875 0.691396509375 0.2272965875 0.7001246875 0.232020996875 0.7088528671875001 0.232020996875 0.7362842890625 0.229396325 0.7450124687499999 0.229396325 0.7662094765624999 0.2265091859375 0.7693266828125 0.2238845140625 0.7581047375 0.221522309375 0.76496259375 0.22493438281250003 0.7743142140625 0.2317585296875 0.7743142140625 0.23254593125 0.767456359375 0.2427821515625 0.74688279375 0.252230971875 0.73690773125 0.262204725 0.719451371875 0.26535433125 0.7082294265625 0.278477690625 0.7007481296875 0.2832021 0.689526184375 0.3608923890625 0.7231920203125 0.3766404203125 0.719451371875 0.3881889765625 0.724438903125 0.394225721875 0.7462593515625 0.3937007875 0.77493765625 0.384776903125 0.8110972562500001 0.38845144375 0.8185785531249999 0.3997375328125 0.8117206984375 0.4070866140625 0.7817955109375
0 0.4635170609375 0.9881546140624999 0.4601049875 0.97506234375 0.45275590625 0.9700748125 0.4433070859375 0.9700748125 0.43858267656249994 0.97506234375 0.4254593171875 0.962593515625 0.3923884515625 0.96009975 0.3771653546875 0.943890275 0.3650918640625 0.9476309234375 0.35249343906249997 0.9451371578125001 0.3503937015625 0.9314214468750001 0.34199475 0.92394015 0.329396325 0.9226932671875 0.319422571875 0.9114713218749999 0.314173228125 0.9114713218749999 0.308923884375 0.92394015 0.2937007875 0.9351620953124999 0.27322834687499997 0.9226932671875 0.2643044625 0.8965087281249999 0.25275590625 0.88902743125 0.24435695468750002 0.8915211968750001 0.24199475 0.90710723125 0.23438320156249998 0.91895261875 0.18346456718749998 0.92394015 0.179002625 0.9058603484375001 0.1769028875 0.8734413968749999 0.1729658796875 0.8865336656249999 0.16876640468749998 0.87905236875 0.1603674546875 0.8778054859375001 0.157480315625 0.8672069828125 0.15905511875 0.8597256859375 0.1577427828125 0.8541147125 0.146194225 0.8603491265625 0.13569553750000002 0.8865336656249999 0.11784776875 0.8915211968750001 0.070078740625 0.8827930171875 0.052230971875 0.8603491265625 0.0338582671875 0.8640897750000001 0 0.86097256875 0.00026246718749999996 0.99501246875 0.325721784375 0.9937655859375001 0.32834645625 0.9975062343750001 0.34566929062499996 0.9975062343750001 0.3503937015625 0.9912718203124999 0.3650918640625 0.987531171875 0.3703412078125 0.9975062343750001 0.37480315000000003 0.99688279375 0.4270341203125 0.9962593515625 0.4635170609375 0.9881546140624999
0 1 0.5567331671875 0.9887139109374999 0.5523690765625 0.986876640625 0.5230673312499999 0.9824146984375 0.517456359375 0.9729658796875 0.522443890625 0.9687664046875 0.5361596015625001 0.9608923890625001 0.5361596015625001 0.9530183734375001 0.52493765625 0.9083989499999999 0.5099750625 0.9013123359374999 0.49438902812499996 0.9013123359374999 0.4731920203125 0.8876640421875001 0.44576059843750004 0.8860892390625 0.4083541140625 0.89160105 0.40523690781250005 0.8929133859375 0.398379053125 0.890026246875 0.3927680796875 0.8826771656249999 0.401496259375 0.8769028875 0.376558603125 0.8674540687500001 0.3728179546875 0.8506561687499999 0.33915212031249997 0.8469816265624999 0.3366583546875 0.8393700781250001 0.3173316703125 0.8398950125000001 0.30860349062500003 0.8314960625 0.292394015625 0.8317585296875001 0.2793017453125 0.8081364828125001 0.2643391515625 0.8031496062500001 0.269950125 0.8020997375000001 0.282418953125 0.8039370078125 0.288029925 0.8091863515625001 0.28304239375 0.812598425 0.2886533671875 0.813123359375 0.31109725625 0.8173228343750001 0.3322942640625 0.8296587921875 0.3291770578125 0.8380577421875 0.3416458859375 0.8404199468750001 0.3522443890625 0.8391076109375 0.3840399 0.8328083984375001 0.39526184531249997 0.8280839890625 0.38902743125 0.8225721781249999 0.39089775625 0.8220472437499999 0.4008728171875 0.828871390625 0.4058603484375 0.83254593125 0.474438903125 0.830971128125 0.4756857859375 0.8280839890625 0.4588528671875 0.8238845140625 0.4812967578125 0.8160104984375 0.47755610937500004 0.8118110234374999 0.48379052343750006 0.7992125984375 0.48379052343750006 0.79475065625 0.49189526250000004 0.7926509187499999 0.51309226875 0.8047244093750001 0.5230673312499999 0.8057742781250001 0.560473815625 0.799475065625 0.570448878125 0.796325459375 0.5891521203125001 0.7923884515624999 0.598503740625 0.78845144375 0.5978803 0.786876640625 0.6240648375 0.7811023625 0.6327930171875 0.779527559375 0.651496259375 0.767979003125 0.67394015 0.7645669296875 0.6945137156250001 0.703674540625 0.7256857859375 0.6695538062499999 0.724438903125 0.659580053125 0.7057356609375 0.65485564375 0.7082294265625 0.651181103125 0.704488778125 0.6354330703125 0.7032418953125 0.6291338578125 0.719451371875 0.6254593171875 0.7182044890625 0.624671915625 0.7088528671875001 0.6228346453125 0.7082294265625 0.6212598421875 0.7182044890625 0.6165354328125 0.7206982546875 0.5960629921875 0.719451371875 0.5808398953125 0.711970075 0.5724409453125 0.7157107234375 0.5603674546875 0.7094763093750001 0.5317585296875 0.7088528671875001 0.532020996875 0.719451371875 0.5398950124999999 0.7219451375 0.5459317578125 0.73503740625 0.55065616875 0.7637157109375 0.550131234375 0.7761845390625 0.5593175859375 0.78304239375 0.5611548562500001 0.792394015625 0.564829396875 0.8547381546875 0.563779528125 0.8946384046875 0.56535433125 0.9058603484375001 0.562729659375 0.9233167078125 0.5650918640625 0.9314214468750001 0.5876640421875 0.9451371578125001 0.6007874015625 0.9413965093750001 0.6076115484375 0.92892768125 0.6244094484375 0.9314214468750001 0.629396325 0.9432668328125 0.6341207343749999 0.9756857859375 0.6396325453125 0.9812967578125 0.641469815625 0.94201995 0.6443569546875 0.9339152125 0.65800525 0.92394015 0.687401575 0.9301745640625001 0.6897637796875 0.9233167078125 0.6902887140625 0.8634663343750001 0.69475065625 0.8553615953125 0.6965879265625 0.893391521875 0.6955380578125 0.9445137156250001 0.6981627296874999 0.984413965625 0.704724409375 0.9912718203124999 0.7160104984375 0.9906483796875 0.722572178125 0.9887780546875 0.729921259375 0.9763092265625 0.741469815625 0.9688279296875001 0.7438320203125001 0.9632169578124999 0.7417322828125 0.9233167078125 0.7375328078125001 0.8996259359375 0.7359580046875001 0.85099750625 0.733070865625 0.8366583546875 0.72414698125 0.830423940625 0.7207349078124999 0.8223192015624999 0.7217847765625 0.8086034906249999 0.7270341203124999 0.80112219375 0.7259842515625 0.7736907734375 0.729396325 0.7593516203124999 0.7367454062500001 0.75311720625 0.74514435625 0.755610971875 0.7540682421875 0.7643391515625 0.7635170609374999 0.7817955109375 0.7771653546875 0.775561096875 0.7811023625 0.782418953125 0.7824146984375 0.7917705734375 0.7887139109375 0.795511221875 0.8018372703125 0.8192019953124999 0.8078740156249999 0.8485037406249999 0.812598425 0.8584788031249999 0.813123359375 0.8672069828125 0.8194225718749999 0.8771820453125001 0.8225721781249999 0.9033665828125 0.8220472437499999 0.922069825 0.8238845140625 0.9326683296875 0.827821521875 0.9320448875 0.826771653125 0.9507481296875 0.8317585296875001 0.97506234375 0.8354330703124999 0.9763092265625 0.83674540625 0.9719451375 0.8383202093750001 0.9332917703125 0.8438320203125 0.8915211968750001 0.845669290625 0.9145885281250001 0.8430446187499999 0.9794264343749999 0.852230971875 0.980049875 0.8540682421874999 0.9781795515624999 0.8545931765624999 0.961970075 0.8587926515625 0.94201995 0.8572178484374999 0.9283042390625 0.8598425203125 0.90710723125 0.8629921265625 0.89089775625 0.8692913390625 0.8846633421875 0.8692913390625 0.8721945140624999 0.8635170609375 0.8572319203125 0.8724409453125 0.8497506234375001 0.8698162734375 0.8372817953125 0.8706036750000001 0.8241895265625001 0.874278215625 0.8379052375 0.8766404203124999 0.828553615625 0.87585301875 0.8142144640625 0.8664042000000001 0.8192019953124999 0.830971128125 0.7736907734375 0.8335958 0.76496259375 0.8335958 0.7462593515625 0.8454068234375001 0.729426434375 0.849868765625 0.71009975 0.84724409375 0.69887780625 0.8482939625 0.6427680796875 0.8540682421874999 0.6078553609374999 0.86325459375 0.5872817953125 0.8711286093749999 0.5860349125 0.878477690625 0.578553615625 0.891076115625 0.5822942640625001 0.8947506562499999 0.588528678125 0.9020997375 0.55112219375 0.9060367453125 0.5567331671875 0.9049868765625 0.5679551125 0.9094488187499999 0.573566084375 0.9230971125 0.5698254359375 0.937270340625 0.573566084375 0.9425196843749999 0.5598503734375 0.9540682421875 0.5573566078125001 0.9572178484375 0.58104738125 0.9887139109374999 0.5922693265625 1 0.5916458859375 1 0.5567331671875
0 0.120472440625 0.29301745625 0.1217847765625 0.282418953125 0.11968503906250001 0.27493765625 0.11968503906250001 0.2612219453125 0.1291338578125 0.23004987500000001 0.12204724375 0.22069825468749998 0.11364829375 0.22443890312499998 0.1028871390625 0.242518703125 0.10236220468749999 0.2562344140625 0.09527559062499999 0.270573565625 0.08215223125 0.275561096875 0.078477690625 0.28428927656249997 0.073228346875 0.2867830421875 0.0713910765625 0.32107231875000003 0.0792650921875 0.3248129671875 0.09002624687500001 0.30299251875 0.120472440625 0.29301745625