1 0.4328125 0.37265625 0.0703125 0.12890625
1 0.4625 0.2859375 0.06796875 0.08359375
1 0.18046875 0.1859375 0.2125 0.11796875
1 0.3453125 0.0703125 0.23203125 0.09375
0 1 0.0005428875 0.9936875328125 0.0005428875 0.9886901625 0.044516829687499995 0.9850078906249999 0.0477741578125 0.975539190625 0.04560260625 0.9752761703124999 0.0320304015625 0.9729089953125 0.0238870796875 0.9692267234375 0.048859934375000004 0.92609153125 0.048859934375000004 0.9176749078125 0.0412595 0.906628090625 0.0477741578125 0.8866386109375 0.0466883828125 0.8758548125000001 0.033116178125 0.8758548125000001 0.024429967187500002 0.879274065625 0.017372421875 0.8832193578125 0.0168295328125 0.8805891640624999 0.0146579796875 0.8782219890625 0.0032573296875 0.8724355609375 0.0010857765625 0.616254603125 0.002171553125 0.6144134671875 0.010314875 0.6291425562499999 0.059174809375000005 0.6317727515625 0.089576546875 0.639137296875 0.1015200875 0.641767490625 0.11237785 0.6422935296875 0.13735070625 0.63808521875 0.1547231265625 0.6407154125 0.17861020625 0.646238821875 0.185667753125 0.6572856390624999 0.1845819765625 0.6704366125 0.1943539625 0.67964229375 0.21118349687500002 0.6875328781250001 0.24267100937500002 0.6862177796875 0.2584147671875 0.66359810625 0.2768729640625 0.6570226203125 0.288273615625 0.6549184640625 0.298045603125 0.660178853125 0.344733984375 0.659126775 0.354505971875 0.6549184640625 0.36427795937499996 0.6549184640625 0.38056460312499996 0.6633350874999999 0.420738328125 0.659126775 0.461997828125 0.6399263546875 0.46905537500000005 0.6317727515625 0.4858849078125 0.6317727515625 0.4934853421875 0.643871646875 0.522801303125 0.6470278796875 0.5575461453125 0.650973171875 0.5613463624999999 0.6543924249999999 0.5716612375000001 0.6533403468750001 0.6140065140625001 0.6443976859375 0.63789359375 0.6480799578124999 0.6737242125 0.6562335609375001 0.6775244296875 0.6722777484375 0.671552659375 0.673855865625 0.6639522265625 0.6728037875 0.6444082515625 0.6759600203125 0.6183496203125001 0.6870068390624999 0.60749185625 0.690163071875 0.5912052125 0.6996317734375 0.5673181328125 0.690163071875 0.548859934375 0.690163071875 0.5347448421875 0.6983166749999999 0.5222584140625 0.7067332984375 0.5211726390625 0.717780115625 0.5320304015625 0.7230405046875 0.54614549375 0.7372435562499999 0.5504886 0.745134140625 0.559174809375 0.7551288796875 0.5570032578124999 0.7667017359375 0.56568946875 0.7722251453125 0.57600434375 0.7759074171875 0.599891421875 0.7759074171875 0.6335504890625 0.7785376125 0.645494028125 0.78774329375 0.6568946796875 0.7922146234375 0.6726384359375001 0.7859021562499999 0.7128121609375 0.7887953703125 0.722041259375 0.8040505 0.7209554828125 0.8224618625 0.7361563515625 0.8358758546875 0.7366992406249999 0.8392951078124999 0.727470140625 0.8482377703124999 0.7176981546875 0.874539715625 0.7231270359375 0.8784850078125 0.696525515625 0.884797475 0.6748099890625 0.909258284375 0.6492942453125 0.92188321875 0.6471226921875 0.9266175703125 0.6384364828125 0.9455549703124999 0.63735070625 0.9566017890625 0.629750271875 0.976065228125 0.6264929421875001 0.9892162015625001 0.6156351796874999 1 0.6129207390625 1 0.0005428875
0 0.5833771703124999 0.9733984796874999 0.5762756437500001 0.9587405 0.56443976875 0.9495113999999999 0.5591793796875 0.92345276875 0.54129405625 0.88327904375 0.542346134375 0.8583061890625 0.5476065234374999 0.8431053203125 0.5491846390624999 0.8224755703125 0.561283534375 0.8018458203125001 0.561283534375 0.79098805625 0.556549184375 0.7768729640625 0.556549184375 0.7540716609375 0.5591793796875 0.737785015625 0.571278275 0.7204125953125 0.57390846875 0.7128121609375 0.572593371875 0.7024972859374999 0.5768016828125 0.7046688375 0.581799053125 0.696525515625 0.572593371875 0.6927252984375001 0.5686480796875 0.6802388703125 0.5670699625 0.6465798046875 0.5618095734375 0.6292073828125 0.556549184375 0.6237785015624999 0.551814834375 0.6009771984375 0.5528669125000001 0.5825190015625 0.5507627562499999 0.5673181328125 0.5539189906249999 0.517372421875 0.5615465546875 0.4961997828125 0.5733824296875001 0.47828447343749997 0.5675960015625 0.4381107484375 0.57390846875 0.41313789375 0.565491846875 0.38165037968750004 0.5707522359375 0.3479913140625 0.5628616515625 0.3251900109375 0.5618095734375 0.2839305109375 0.581799053125 0.25027144375 0.576012625 0.227470140625 0.577064703125 0.1851248640625 0.5647027875 0.1574375671875 0.5607574953125 0.1623235609375 0.5591793796875 0.14712269218750001 0.5507627562499999 0.1384364828125 0.5581273015625 0.129750271875 0.55312993125 0.120521171875 0.549447659375 0.1237785015625 0.5465544453125 0.11020629687500001 0.537874803125 0.09446254062500001 0.53445555 0.10260586249999999 0.5328774328125 0.1221498375 0.5294581796875 0.1292073828125 0.5257759078124999 0.1259500546875 0.5255128874999999 0.1319218234375 0.5462914249999999 0.134636265625 0.5486586 0.1384364828125 0.5457653859375 0.143322475 0.5331404531249999 0.14440825156249998 0.533403471875 0.16015200937500002 0.52998421875 0.166123778125 0.5255128874999999 0.16015200937500002 0.52288269375 0.2339847984375 0.5184113625 0.236699240625 0.5134139921875 0.25027144375 0.5086796421875001 0.30130293125 0.5055234093750001 0.308903365625 0.5028932140625 0.333876221875 0.49789584375 0.347448425 0.49500262968750003 0.349077090625 0.496580746875 0.36536373437499997 0.4923724359375 0.3881650375 0.49289847499999995 0.415309446875 0.48842714374999996 0.4277958734375 0.48605996874999996 0.42833876249999997 0.482640715625 0.364820846875 0.4702788 0.40445168281250005 0.4739610734375 0.41205211718749996 0.4739610734375 0.4218241046875 0.46607048906250004 0.4424538546875 0.4681746453125 0.46959826250000003 0.466596528125 0.47828447343749997 0.4697527609375 0.5749185671875 0.4697527609375 0.594462540625 0.46685954687500003 0.6080347453125 0.46317727499999994 0.6080347453125 0.46186217812499997 0.599891421875 0.45923198281250005 0.502171553125 0.45765386562500004 0.49674267031249997 0.45923198281250005 0.47937025 0.45817990468750003 0.4489685125 0.45528669062500005 0.43322475625 0.445817990625 0.4353963078125 0.43108890000000005 0.4321389796875 0.4279326671875 0.4277958734375 0.42425039375000007 0.431053203125 0.420568121875 0.4267100984375 0.41583377187500004 0.42888165 0.40846922656249995 0.42019543906249995 0.40163072031249997 0.404994571875 0.3890057859375 0.4169381109375 0.3690163078125 0.42236699218749996 0.3621778015625 0.4321389796875 0.34113624374999996 0.4299674265625 0.33114150468750003 0.4191096640625 0.3106259859375 0.41368078124999996 0.2874802734375 0.42345276875 0.2606522875 0.42236699218749996 0.2553918984375 0.4277958734375 0.2427669640625 0.4191096640625 0.2311941078125 0.4321389796875 0.2043661234375 0.43648208437499997 0.1977906359375 0.4533116171875 0.197264596875 0.461997828125 0.18911099375 0.46688382187500005 0.1872698578125 0.47611292031249997 0.1804313515625 0.486970684375 0.183061546875 0.502171553125 0.17701209843750002 0.5038002171875 0.17490794375000002 0.5114006515625 0.1699105734375 0.5162866453125 0.16596528125 0.530944625 0.1433456078125 0.553745928125 0.13440294531250002 0.5754614546875 0.125460284375 0.57654723125 0.1159915828125 0.5917481 0.100210415625 0.599348534375 0.0941609671875 0.615092290625 0.095739084375 0.6237785015624999 0.1015255125 0.6313789359374999 0.10205155156250001 0.6400651468749999 0.0991583375 0.6438653640625 0.09231983125 0.6438653640625 0.0870594421875 0.6340933765625001 0.0744345078125 0.6395222578124999 0.06443976875 0.629750271875 0.0512887953125 0.6319218234374999 0.031036296875 0.660694896875 0.0284061015625 0.6780673187499999 0.029984218750000003 0.7356134640625 0.03892688125 0.793159609375 0.039452918749999996 0.8105320296875 0.0433982109375 0.8067318125 0.044713309374999996 0.8203040171874999 0.0441872703125 0.8398479906249999 0.0397159390625 0.8555917484375 0.033666490625 0.8507057546875 0.030510257812500004 0.8355048859374999 0.028932140625 0.8083604781249999 0.024197790625 0.7768729640625 0.0210415578125 0.768186753125 0.0199894796875 0.7388707921875 0.0157811671875 0.7280130296875 0.0157811671875 0.70955483125 0.0118358765625 0.7046688375 0 0.7128121609375 0.00026301875 0.9956568953125 0.3395581265625 0.9967426703125 0.3495528671875 0.9858849078125 0.35323513906250004 0.9706840390625 0.3587585484375 0.966883821875 0.36244082031249997 0.9473398484375 0.35928458750000003 0.9429967421875001 0.35981062656249996 0.9223669921875001 0.3611257234375 0.9174809984375001 0.36244082031249997 0.9375678609375001 0.36480799531249997 0.9424538546875001 0.3737506578125 0.890336590625 0.3750657546875 0.9115092296875 0.37085744374999996 0.9277958734375 0.37033140468750003 0.9538545062500001 0.36612309375 0.98425624375 0.36612309375 0.9885993484375 0.3690163078125 0.9902280125 0.37348763749999997 0.9788273609375 0.3740136765625 0.9549402828125 0.3840084171875 0.8984799125 0.388479746875 0.854505971875 0.391899 0.874592834375 0.3897948453125 0.8995656890625 0.3966333515625 0.906080346875 0.39637033125 0.9174809984375001 0.394266175 0.9120521171875 0.391899 0.9136807812500001 0.394266175 0.9543973937500001 0.39637033125 0.9543973937500001 0.397685428125 0.9473398484375 0.40399789531249997 0.890879478125 0.40820620781250005 0.8897937031250001 0.408732246875 0.9147665578125 0.4024197796875 0.9625407171875 0.401893740625 0.9809989140625 0.41162546093749997 0.9956568953125 0.585481325 0.9961997828125 0.586533403125 0.9885993484375 0.5833771703124999 0.9733984796874999
0 0.434508153125 0.16883821875 0.43135192031249997 0.1384364828125 0.43187795937500006 0.1221498375 0.4279326671875 0.1183496203125 0.4245134140625 0.12323561406250001 0.4208311421875 0.144951140625 0.41451867499999995 0.155808903125 0.41294055781249994 0.171009771875 0.4153077328125 0.1878393046875 0.42372435625 0.1834962 0.4329300375 0.1872964171875 0.434508153125 0.18621064062499998 0.434508153125 0.16883821875
0 0.3611257234375 0.15852334375 0.3574434515625 0.1617806734375 0.350341925 0.1590662328125 0.350341925 0.144951140625 0.3540241984375 0.1384364828125 0.3540241984375 0.1210640609375 0.3495528671875 0.119435396875 0.34534455625 0.1237785015625 0.344555496875 0.11780673125 0.34113624374999996 0.115092290625 0.3321935828125 0.1216069484375 0.3371909515625 0.13735070625 0.3392951078125 0.18078175937500002 0.3613887421875 0.1829533109375 0.3640189375 0.1623235609375 0.3611257234375 0.15852334375
0 0.408732246875 0.155808903125 0.404260915625 0.14766558125 0.40294581875 0.1644951140625 0.40057864218750006 0.1672095546875 0.397685428125 0.1547231265625 0.399789584375 0.1221498375 0.39637033125 0.1183496203125 0.39216202031249997 0.12269272499999999 0.388479746875 0.11617806718749998 0.3853235140625 0.1216069484375 0.3805891640625 0.1183496203125 0.37559179375 0.14820846875 0.369805365625 0.161237784375 0.367701209375 0.1818675359375 0.3716465015625 0.18675352812499998 0.376906890625 0.1824104234375 0.392688059375 0.185667753125 0.39847448750000003 0.1845819765625 0.404260915625 0.175895765625 0.40504997343750004 0.18621064062499998 0.408732246875 0.1872964171875 0.4108364015625 0.171009771875 0.408732246875 0.155808903125
0 0.4673855859375 0.1878393046875 0.47001578125 0.181324646875 0.475802209375 0.17915309375 0.482640715625 0.181324646875 0.4863229875 0.166123778125 0.49500262968750003 0.1666666671875 0.4960547078125 0.1623235609375 0.4923724359375 0.1384364828125 0.4892162015625 0.135179153125 0.48790110468750003 0.1216069484375 0.482640715625 0.1216069484375 0.48132561875 0.1330076 0.47211993750000003 0.145494028125 0.46922672343749994 0.1427795875 0.46922672343749994 0.1286644953125 0.46475539218749995 0.11726384375000001 0.44213571875 0.1183496203125 0.43871646562500005 0.1221498375 0.44450289375 0.13735070625 0.44450289375 0.146036915625 0.4408206203125 0.15363735 0.4397685421875 0.17861020625 0.441346659375 0.1840390875 0.46028406093749996 0.18838219375 0.46317727499999994 0.1834962 0.4673855859375 0.1878393046875
0 0.5689111 0.0781758953125 0.5707522359375 0.06460369218749999 0.5754865859375 0.058089034375 0.572593371875 0.0423452765625 0.552077853125 0.040173723437499996 0.5307732765625001 0.0450597171875 0.5307732765625001 0.0624321390625 0.533666490625 0.0727470140625 0.537874803125 0.07600434375000001 0.5418200953125 0.0624321390625 0.5452393484375 0.060803474999999996 0.5476065234374999 0.06677524375 0.5491846390624999 0.08631921875000001 0.5576012625 0.0917481 0.5625986328125 0.081433225 0.5689111 0.0781758953125