1 0.45625 0.41875 0.13203125 0.2375
1 0.49296875 0.2390625 0.07109375 0.1609375
1 0.59765625 0.221875 0.1046875 0.15
1 0.69375 0.04453125 0.084375 0.0890625
1 0.0453125 0.340625 0.08984375 0.14453125
1 0.09296875 0.165625 0.06171875 0.0578125
1 0.35390625 0.3890625 0.0734375 0.20234375
1 0.77578125 0.66015625 0.06484375 0.15234375
1 0.30625 0.01640625 0.04765625 0.0328125
1 0.07421875 0.01640625 0.04375 0.0328125
1 0.03125 0.2453125 0.0625 0.046875
0 1 0.00266240625 0.9971354171875 0.0010649625 0.8299479171874999 0 0.828125 0.004792332812499999 0.828125 0.0197018109375 0.83125 0.041001065625 0.84296875 0.0489882859375 0.8473958328125001 0.0665601703125 0.84375 0.08892438750000001 0.83984375 0.08945686875 0.8346354171874999 0.1075612359375 0.82734375 0.10862619843750002 0.81796875 0.09158679374999999 0.8059895828125001 0.0830670921875 0.8005208328125001 0.07401490937500001 0.7963541671875001 0.0282215125 0.7846354171875001 0.0106496265625 0.7721354171875 0.009584664062500001 0.75546875 0 0.7104166671875001 0.00053248125 0.71484375 0.0244941421875 0.7216145828125 0.02981895625 0.72890625 0.0255591046875 0.7322916671875 0.0324813625 0.734375 0.07401490937500001 0.7328125 0.0804046859375 0.7338541671875001 0.09211927656249999 0.7317708328125 0.0963791265625 0.7416666671875001 0.10702875468749999 0.7427083328124999 0.133652821875 0.7533854171875001 0.1363152296875 0.75703125 0.14909478125 0.7611979171875001 0.1405750796875 0.7653645828125 0.1405750796875 0.77265625 0.1512247078125 0.7841145828125 0.15548455781249998 0.8528645828125001 0.159744409375 0.8567708328125001 0.1538871140625 0.85546875 0.14164004218749998 0.8669270828125001 0.14164004218749998 0.8703125 0.13684771093749998 0.86328125 0.12034078749999999 0.8596354171874999 0.1363152296875 0.8526041671875 0.1283280078125 0.8552083328125001 0.11448349375 0.8552083328125001 0.09744408906249999 0.85859375 0.08200212968750001 0.8736979171874999 0.119275825 0.8830729171874999 0.12034078749999999 0.8903645828125001 0.1160809375 0.8921875 0.11980830625000001 0.8903645828125001 0.12779552656249998 0.8776041671874999 0.13684771093749998 0.8828125 0.1496272625 0.8828125 0.1698615546875 0.8880208328125001 0.1986155484375 0.8880208328125001 0.22523961718750002 0.8848958328125001 0.23375931875 0.890625 0.2433439828125 0.8911458328125 0.2603833859375 0.87890625 0.26837060625000003 0.86171875 0.26517571875 0.8455729171874999 0.2726304578125 0.8473958328125001 0.27848775312499996 0.8458333328125001 0.29126730625 0.8489583328125001 0.310436634375 0.8471354171875 0.3173588921875 0.8393229171875 0.32055378125 0.8268229171874999 0.3141640046875 0.8184895828125001 0.32481363124999996 0.8171875 0.3210862625 0.8192708328125 0.3136315234375 0.81328125 0.2992545265625 0.79921875 0.29605963750000003 0.7953125 0.3051118203125 0.80234375 0.31096911562499996 0.8052083328125 0.32321618750000003 0.8046875 0.33386581406250004 0.8020833328125001 0.337060703125 0.8041666671875 0.35516506875 0.8002604171875 0.365282215625 0.7984375 0.35623003125 0.7989583328125 0.338125665625 0.7908854171875 0.3312034078125 0.7869791671875 0.3136315234375 0.790625 0.3040468578125 0.78828125 0.2992545265625 0.7846354171875001 0.3045793390625 0.7799479171875 0.30138445156250004 0.7786458328125 0.3051118203125 0.7828125 0.310436634375 0.7817708328124999 0.33386581406250004 0.7846354171875001 0.3461128859375 0.7690104171875001 0.3588924390625 0.7653645828125 0.3525026625 0.75703125 0.35676251406250004 0.7552083328125 0.36155484531250004 0.7572916671875001 0.371139509375 0.75390625 0.37699680468749996 0.73359375 0.38019169375 0.7291666671875 0.370074546875 0.7309895828124999 0.3620873265625 0.7515625 0.35303514375 0.7505208328124999 0.3210862625 0.74375 0.30298189531249997 0.74609375 0.3003194890625 0.7533854171875001 0.305644303125 0.7606770828125 0.29605963750000003 0.77265625 0.30138445156250004 0.7734375 0.29765708125 0.76875 0.29339723125 0.771875 0.2731629390625 0.76484375 0.251331203125 0.7622395828124999 0.2566560171875 0.7528645828125 0.2555910546875 0.74921875 0.26517571875 0.7424479171875 0.26624068125 0.7341145828125 0.2555910546875 0.7221354171875001 0.2577209796875 0.7174479171875 0.25026624062499997 0.7067708328125 0.2710330140625 0.7067708328125 0.2880724171875 0.7109375 0.29765708125 0.7135416671875 0.3136315234375 0.7098958328125 0.3455804046875 0.7065104171875001 0.349307775 0.7015625 0.3455804046875 0.7005208328125 0.35303514375 0.703125 0.3604898828125 0.70234375 0.366347178125 0.6981770828125 0.36315228906249997 0.69453125 0.3525026625 0.6864583328125 0.367944621875 0.68984375 0.37699680468749996 0.6986979171875001 0.3780617671875 0.7018229171875 0.3716719921875 0.7046875 0.37646432343749997 0.7020833328125 0.3839190625 0.7010416671875 0.40947816875000004 0.6971354171875 0.42172523906250003 0.6940104171875 0.4227902015625 0.6869791671875001 0.40947816875000004 0.6895833328125 0.4030883921875 0.68828125 0.398296059375 0.684375 0.40095846718750006 0.6864583328125 0.40947816875000004 0.6848958328125 0.4179978703125 0.6880208328124999 0.42438764687499997 0.6869791671875001 0.4339723109375 0.6903645828125 0.44515442031249997 0.6942708328125 0.44036208749999994 0.69765625 0.428115015625 0.7015625 0.4329073484375 0.69921875 0.44195953125000004 0.7096354171875 0.44302449375 0.7033854171875 0.43663471718749997 0.7026041671875001 0.43184238593749996 0.7119791671875 0.425452609375 0.71015625 0.4089456875 0.7216145828125 0.4089456875 0.72578125 0.41853035156249996 0.73046875 0.4206602765625 0.73671875 0.398296059375 0.7450520828125 0.39084132031249996 0.7481770828125 0.3919062828125 0.7578125 0.40415335468749997 0.7625 0.42864749687500003 0.7713541671875 0.43929712500000007 0.77421875 0.45367412187499995 0.7846354171875001 0.45686900937499997 0.78828125 0.43663471718749997 0.7916666671875 0.46592119218750006 0.80625 0.481895634375 0.8052083328125 0.49787007499999997 0.8078125 0.513844515625 0.8200520828125001 0.5228966984375 0.821875 0.52875399375 0.8260416671874999 0.5543130984375 0.8260416671874999 0.5670926515625 0.82421875 0.571884984375 0.8143229171874999 0.572949946875 0.8083333328125001 0.5628328015624999 0.8080729171875 0.542066028125 0.7924479171875001 0.542066028125 0.7828125 0.5212992546875 0.78046875 0.50266240625 0.7653645828125 0.49094781718749997 0.7565104171875 0.4941427046875 0.74921875 0.486687965625 0.7471354171875 0.49094781718749997 0.7356770828125 0.49094781718749997 0.73359375 0.4941427046875 0.7080729171875 0.48988285468750004 0.69296875 0.49946751875000006 0.6890625 0.4957401484375 0.68671875 0.4781682640625 0.6854166671875 0.481895634375 0.6854166671875 0.4968051125 0.6903645828125 0.5271565500000001 0.7013020828125 0.5367412140625001 0.7122395828125 0.5292864749999999 0.7309895828124999 0.5292864749999999 0.74140625 0.5410010656249999 0.74375 0.5543130984375 0.7505208328124999 0.5617678374999999 0.75546875 0.5910543125000001 0.78671875 0.5921192765625001 0.79140625 0.5665601703124999 0.7997395828125 0.56123535625 0.80625 0.5660276890625 0.8072916671874999 0.5788072421875 0.8104166671874999 0.5862619812500001 0.8083333328125001 0.6011714593749999 0.8020833328125001 0.604366346875 0.8020833328125001 0.634185303125 0.8002604171875 0.6400425984375 0.7924479171875001 0.6389776359375 0.7911458328125 0.6427050046875 0.790625 0.7215122468749999 0.7888020828125 0.7252396171875 0.7716145828125 0.7252396171875 0.76484375 0.720979765625 0.75390625 0.7273695421874999 0.74609375 0.724174653125 0.7432291671875 0.7140575078125 0.7458333328125 0.6906283281250001 0.74453125 0.6847710328125001 0.7341145828125 0.6709265171875 0.7153645828124999 0.67412140625 0.7065104171875001 0.6666666671875 0.7015625 0.6576144828125 0.7015625 0.64483493125 0.7078125 0.6182108625 0.7028645828125 0.6080937171875 0.7020833328125 0.6171458999999999 0.69453125 0.6283280078125 0.6861979171875 0.6304579343750001 0.6747395828125 0.6187433437500001 0.671875 0.603301384375 0.6708333328125 0.575612353125 0.6671875 0.5692225765625001 0.6677083328125 0.5617678374999999 0.65859375 0.5505857296875 0.6520833328125 0.52981895625 0.653125 0.512779553125 0.6567708328124999 0.5053248140625 0.6557291671875001 0.49787007499999997 0.6518229171875001 0.4930777421875 0.6424479171875 0.49201277968749996 0.6393229171875 0.485623003125 0.6348958328125 0.4904153359375 0.64375 0.544728434375 0.6395833328125 0.5585729500000001 0.6283854171875001 0.570820021875 0.6200520828125 0.587859425 0.6158854171875 0.5846645374999999 0.6083333328125 0.6214057515625 0.6049479171875001 0.6261980828125 0.5997395828125 0.6240681578125 0.59609375 0.629392971875 0.5864583328124999 0.6182108625 0.5885416671875 0.545793396875 0.5880208328125 0.4797657078125 0.5854166671875001 0.44142705 0.5890625 0.4339723109375 0.5869791671875 0.41054313125 0.5880208328125 0.38604898906249996 0.5921875 0.37539936093750004 0.5958333328125 0.334930778125 0.5940104171875 0.3312034078125 0.5799479171875 0.3301384453125 0.5768229171875 0.32587859375 0.5721354171875 0.3514377 0.5658854171875001 0.35569755000000003 0.5580729171875001 0.3546325875 0.5536458328125 0.34345047968750003 0.5533854171875 0.32694355625 0.54921875 0.32374866875 0.54140625 0.32907348281250004 0.5380208328125 0.32321618750000003 0.5411458328125 0.3019169328125 0.5447916671875 0.2156549515625 0.5479166671875 0.193290734375 0.5520833328125 0.1847710328125 0.5489583328125 0.164536740625 0.5489583328125 0.14323748593750002 0.5453125 0.13684771093749998 0.5447916671875 0.1283280078125 0.5484375 0.11341852968749999 0.5528645828125 0.1118210859375 0.5557291671875 0.10383386562500001 0.55390625 0.0990415328125 0.5377604171875 0.08839190625 0.5299479171875 0.0926517578125 0.5247395828125 0.09052183124999999 0.5223958328125 0.0953141640625 0.5216145828125 0.160809371875 0.5184895828125 0.1246006390625 0.5138020828125 0.130990415625 0.50546875 0.130990415625 0.49609375 0.14164004218749998 0.4830729171875 0.14589989375 0.47838541718750005 0.13205537812499998 0.46875 0.12087326875 0.46692708281249995 0.1096911609375 0.45598958281249996 0.0990415328125 0.4515625 0.10383386562500001 0.45677083281249997 0.11980830625000001 0.4557291671875 0.13684771093749998 0.45208333281249996 0.1517571890625 0.4515625 0.2124600640625 0.45729166718750003 0.23269435624999998 0.45885416718750005 0.2571884984375 0.45677083281249997 0.28168264062500004 0.4515625 0.29659211874999997 0.45859375 0.306709265625 0.471875 0.306176784375 0.46875 0.23269435624999998 0.46510416718750003 0.2135250265625 0.46302083281249995 0.1847710328125 0.4671875 0.17625133125 0.46692708281249995 0.165069221875 0.48463541718750003 0.1565495203125 0.49453125 0.158679446875 0.50234375 0.1671991484375 0.5088541671875 0.193290734375 0.5166666671875 0.209265175 0.5166666671875 0.23056442968750002 0.5223958328125 0.2539936109375 0.5223958328125 0.3008519703125 0.5192708328125 0.3594249203125 0.5140625 0.3839190625 0.5140625 0.394568690625 0.5026041671875 0.423322684375 0.5020833328125 0.4446219375 0.4947916671875 0.5053248140625 0.49114583281249996 0.513844515625 0.490625 0.52981895625 0.4828125 0.52981895625 0.48619791718750005 0.513312034375 0.4817708328125 0.513844515625 0.48125 0.52768903125 0.47890625 0.5303514375 0.47578125 0.5228966984375 0.47057291718750005 0.5239616609375 0.46640625 0.514376996875 0.45546875 0.512247071875 0.45130208281249995 0.5037273703125 0.4479166671875 0.513844515625 0.45104166718750005 0.5362087328125 0.44947916718750003 0.5543130984375 0.45234375 0.55910543125 0.45807291718750004 0.55804046875 0.45989583281249996 0.5543130984375 0.45989583281249996 0.5362087328125 0.46328125 0.5292864749999999 0.4692708328125 0.540468584375 0.47265625 0.55910543125 0.48984375 0.56123535625 0.49453125 0.5516506921875 0.5033854171875001 0.5505857296875 0.5052083328125 0.546858359375 0.5041666671875 0.5372736953125 0.5057291671875 0.5308839187500001 0.5106770828125 0.5260915875000001 0.5184895828125 0.5292864749999999 0.5263020828125 0.5410010656249999 0.5299479171875 0.55910543125 0.5307291671875001 0.545793396875 0.5286458328125 0.5383386578125 0.5309895828125 0.5356762515625 0.5377604171875 0.5346112890625 0.5419270828125 0.5292864749999999 0.5533854171875 0.5388711390625 0.56484375 0.5292864749999999 0.5713541671875 0.543663471875 0.5744791671875 0.5660276890625 0.5755208328125 0.6118210859375 0.5734375 0.6235356765625 0.57265625 0.6677316296875 0.571875 0.6246006390625001 0.5684895828125 0.6187433437500001 0.5619791671875001 0.6256656015625001 0.5588541671875 0.6395101171875 0.55703125 0.67838125625 0.5567708328125 0.64802981875 0.5528645828125 0.634717784375 0.5408854171875 0.6538871140625 0.53359375 0.6549520765625 0.5278645828124999 0.6656017046875 0.5182291671875 0.6714589984375 0.5184895828125 0.7167199140625 0.49036458281249995 0.7401490953125001 0.48541666718750004 0.7140575078125 0.48541666718750004 0.665069221875 0.48802083281249997 0.659744409375 0.48619791718750005 0.6453674125 0.48229166718750005 0.65015974375 0.47942708281249996 0.6677316296875 0.4770833328125 0.6661341859375 0.47578125 0.6581469656250001 0.47109375 0.6666666671875 0.4653645828125 0.6656017046875 0.46692708281249995 0.67625133125 0.46067708281249997 0.6698615546875 0.45494791718750005 0.6719914796875 0.4518229171875 0.6677316296875 0.43776041718750003 0.6666666671875 0.42994791718750003 0.6709265171875 0.40859375 0.662406815625 0.40026041718750005 0.6656017046875 0.39609375 0.6517571890625 0.3799479171875 0.6570820015625001 0.35494791718749996 0.6538871140625 0.3372395828125 0.67838125625 0.33359375 0.67838125625 0.3216145828125 0.6986155484375 0.3122395828125 0.7039403625 0.30520833281250004 0.6980830671875 0.303125 0.67571885 0.2984375 0.6661341859375 0.3015625 0.6576144828125 0.30078125 0.6528221515625 0.2903645828125 0.659211928125 0.28671875 0.6538871140625 0.2825520828125 0.6613418531249999 0.2794270828125 0.6538871140625 0.2705729171875 0.6538871140625 0.2591145828125 0.64430245 0.2513020828125 0.6432374859375 0.24713541718749998 0.6368477109375 0.23984375 0.6368477109375 0.22109375 0.660276890625 0.21328125 0.650692225 0.19869791718750002 0.64430245 0.1861979171875 0.650692225 0.1690104171875 0.650692225 0.1708333328125 0.6427050046875 0.1690104171875 0.6389776359375 0.1669270828125 0.6474973375 0.1575520828125 0.6496272624999999 0.13359375 0.635782746875 0.11796875 0.6411075609375 0.11015625 0.6368477109375 0.1013020828125 0.64430245 0.0986979171875 0.650692225 0.08932291718749999 0.6517571890625 0.084375 0.634185303125 0.08645833281250001 0.6256656015625001 0.07890625 0.6240681578125 0.07760416718749999 0.6277955265624999 0.0796875 0.634185303125 0.07083333281250001 0.6416400421875 0.07421875 0.650692225 0.059114582812500004 0.6666666671875 0.04921875 0.6666666671875 0.0463541671875 0.6544195953124999 0.0427083328125 0.64909478125 0.0416666671875 0.6267305640624999 0.0518229171875 0.61980830625 0.060416667187499995 0.605431309375 0.06328125 0.5953141640624999 0.07109375 0.5889243875 0.07473958281250001 0.587859425 0.0809895828125 0.5985090515625 0.0861979171875 0.5985090515625 0.09036458281250001 0.5857295 0.1059895828125 0.5857295 0.1138020828125 0.5953141640624999 0.12578125 0.5985090515625 0.1377604171875 0.5889243875 0.1471354171875 0.574014909375 0.1533854171875 0.570820021875 0.1575520828125 0.5804046859375 0.1716145828125 0.570820021875 0.1770833328125 0.5617678374999999 0.1809895828125 0.546325878125 0.20286458281250003 0.5314164 0.2104166671875 0.545793396875 0.2109375 0.5628328015624999 0.2153645828125 0.5665601703124999 0.2182291671875 0.5628328015624999 0.2166666671875 0.513844515625 0.20833333281250002 0.49787007499999997 0.2088541671875 0.4744408953125 0.20026041718749998 0.4749733765625 0.20052083281250002 0.4637912671875 0.20807291718749998 0.452609159375 0.21223958281250002 0.46432374843749996 0.2153645828125 0.46112886093750005 0.22578125 0.43450479218750004 0.23333333281250002 0.425452609375 0.234375 0.40947816875000004 0.23203125 0.4025559109375 0.2283854171875 0.4014909484375 0.2270833328125 0.394568690625 0.2328125 0.37220447343749996 0.2328125 0.335995740625 0.23072916718749997 0.32321618750000003 0.23203125 0.3184238546875 0.23697916718749998 0.3210862625 0.2401041671875 0.369009584375 0.24244791718749997 0.3738019171875 0.24713541718749998 0.3738019171875 0.2513020828125 0.3620873265625 0.2588541671875 0.3604898828125 0.259375 0.35303514375 0.26510416718749996 0.34451544218749997 0.2666666671875 0.33067092656249997 0.275 0.3125665609375 0.2760416671875 0.29659211874999997 0.2747395828125 0.2939297125 0.27109375 0.2992545265625 0.2643229171875 0.29818956406249997 0.2619791671875 0.29126730625 0.2630208328125 0.2838125671875 0.2705729171875 0.2715654953125 0.2747395828125 0.27050053281249997 0.2802083328125 0.280617678125 0.2825520828125 0.29712459999999996 0.2903645828125 0.275825346875 0.29453125 0.275825346875 0.3 0.26357827500000003 0.3005208328125 0.2571884984375 0.29609375 0.24387646406250002 0.2908854171875 0.2460063890625 0.28671875 0.2545260921875 0.2666666671875 0.24866879687500001 0.2666666671875 0.2401490953125 0.2825520828125 0.191693290625 0.2752604171875 0.192758253125 0.26796875 0.2012779546875 0.2627604171875 0.191693290625 0.25442708281250004 0.21299254531249998 0.2466145828125 0.221512246875 0.20052083281250002 0.3296059640625 0.18020833281249998 0.370074546875 0.1580729171875 0.427050053125 0.1502604171875 0.43450479218750004 0.14140625 0.4355697546875 0.14114583281249998 0.4179978703125 0.146875 0.4030883921875 0.14895833281249998 0.38924387656250004 0.1572916671875 0.3785942484375 0.16354166718750002 0.35729499531250003 0.17239583281249998 0.34345047968750003 0.1875 0.3051118203125 0.2375 0.1996805109375 0.24114583281250002 0.1847710328125 0.2401041671875 0.1687965921875 0.25625 0.1528221515625 0.24244791718749997 0.14376996875 0.25078125 0.1395101171875 0.2705729171875 0.14164004218749998 0.27395833281250004 0.14536741250000002 0.278125 0.17944621875 0.28671875 0.1810436640625 0.28854166718749996 0.17518636875 0.28125 0.16240681562499998 0.2828125 0.1400425984375 0.2955729171875 0.1373801921875 0.303125 0.15069222499999999 0.303125 0.160276890625 0.2994791671875 0.1687965921875 0.30078125 0.1714589984375 0.303125 0.1698615546875 0.3044270828125 0.161874334375 0.3114583328125 0.163471778125 0.31015625 0.1991480296875 0.35703125 0.2012779546875 0.3606770828125 0.20553780625 0.3674479171875 0.20553780625 0.3713541671875 0.21139510156250002 0.3734375 0.23056442968750002 0.3752604171875 0.2342918 0.3776041671875 0.23269435624999998 0.3817708328125 0.2135250265625 0.3817708328125 0.194355696875 0.3674479171875 0.1980830671875 0.3609375 0.192225771875 0.3614583328125 0.1869009578125 0.36484375 0.1853035140625 0.3682291671875 0.17625133125 0.3645833328125 0.1528221515625 0.35885416718749996 0.14323748593750002 0.3572916671875 0.129392971875 0.3682291671875 0.104898828125 0.3606770828125 0.0841320546875 0.3505208328125 0.07507987187500001 0.353125 0.056975506249999995 0.34921875 0.0511182109375 0.34427083281250004 0.05591054375 0.3494791671875 0.0782747609375 0.3479166671875 0.08998935 0.3557291671875 0.0963791265625 0.34921875 0.1118210859375 0.3447916671875 0.1102236421875 0.3377604171875 0.08200212968750001 0.33359375 0.08200212968750001 0.3296875 0.10383386562500001 0.3231770828125 0.10862619843750002 0.32083333281250004 0.10596379062500001 0.32083333281250004 0.0910543125 0.3184895828125 0.0830670921875 0.3020833328125 0.0931842390625 0.3010416671875 0.0804046859375 0.2979166671875 0.076144834375 0.2942708328125 0.0484558046875 0.2958333328125 0.0399361015625 0.2940104171875 0.0372736953125 0.2861979171875 0.0394036203125 0.2875 0.0484558046875 0.2830729171875 0.0596379125 0.2794270828125 0.050053248437499996 0.25546875 0.046858359375000005 0.2520833328125 0.053780617187500004 0.2479166671875 0.076144834375 0.23723958281250002 0.105431309375 0.21953125 0.115015975 0.2114583328125 0.099574015625 0.2088541671875 0.11341852968749999 0.2140625 0.12087326875 0.20052083281250002 0.13152289687500002 0.1989583328125 0.13684771093749998 0.2 0.1517571890625 0.1875 0.160276890625 0.1875 0.1687965921875 0.1734375 0.20713525000000002 0.1736979171875 0.220447284375 0.1924479171875 0.221512246875 0.19479166718750002 0.23056442968750002 0.1807291671875 0.279552715625 0.16953125 0.2864749734375 0.1638020828125 0.2854100109375 0.1609375 0.2891373796875 0.16067708281249998 0.3003194890625 0.1533854171875 0.3003194890625 0.14505208281249998 0.32055378125 0.1416666671875 0.32321618750000003 0.13828125 0.336528221875 0.12395833281249999 0.35516506875 0.1223958328125 0.364749734375 0.1177083328125 0.370074546875 0.11640625 0.3780617671875 0.109375 0.38604898906249996 0.09322916718749999 0.42864749687500003 0.0822916671875 0.4488817890625 0.09036458281250001 0.45367412187499995 0.10052083281249999 0.47337593125 0.10052083281249999 0.481895634375 0.09713541718749999 0.49201277968749996 0.08932291718749999 0.49840255625 0.07473958281250001 0.49733759375000003 0.06692708281250001 0.48988285468750004 0.0625 0.49467518593750004 0.0596354171875 0.5058572953125 0.0450520828125 0.5069222578125 0.0421875 0.511714590625 0.04375 0.5372736953125 0.040625 0.5692225765625001 0.0364583328125 0.5788072421875 0.0388020828125 0.5825346109375 0.0434895828125 0.5814696484375 0.0463541671875 0.5937167203125 0.04375 0.6118210859375 0.0354166671875 0.6214057515625 0.0364583328125 0.6416400421875 0.02578125 0.6560170390625 0.0158854171875 0.6581469656250001 0 0.6544195953124999 0.0002604171875 0.9936102234374999 0.2049479171875 0.9936102234374999 0.21744791718749998 0.982960596875 0.22942708281250002 0.9616613421875 0.25078125 0.9531416406250001 0.2643229171875 0.9616613421875 0.27109375 0.9787007453125 0.27395833281250004 0.9653887109375001 0.2825520828125 0.9552715656249999 0.2903645828125 0.9552715656249999 0.3065104171875 0.9648562296875 0.31302083281250004 0.9302449421875 0.3216145828125 0.9126730562500001 0.3283854171875 0.9062832796875 0.34817708281250004 0.9052183171875001 0.35 0.898296059375 0.3473958328125 0.8908413203125001 0.3494791671875 0.88232161875 0.35703125 0.8668796593750001 0.3690104171875 0.8583599578125 0.3731770828125 0.8594249203125001 0.378125 0.867412140625 0.38125 0.8865814703125 0.3747395828125 0.90947816875 0.35989583281250004 0.9291799781250001 0.36770833281250004 0.956869009375 0.3671875 0.983493078125 0.3721354171875 0.9936102234374999 0.3888020828125 0.9925452609375001 0.39114583281250004 0.9866879656249999 0.39114583281250004 0.9558040468750001 0.39505208281250004 0.9467518640625 0.40026041718750005 0.9435569750000001 0.41380208281249997 0.9467518640625 0.42786458281249995 0.96698615625 0.45546875 0.9552715656249999 0.46276041718750005 0.9637912671875 0.48203125 0.959531415625 0.49453125 0.9616613421875 0.50078125 0.9755058578125 0.5065104171875 0.9797657078125 0.5143229171875 0.9808306703125 0.52265625 0.9744408953124999 0.5377604171875 0.9787007453125 0.5395833328124999 0.954739084375 0.54375 0.9472843453124999 0.5479166671875 0.9302449421875 0.5484375 0.9227902015625 0.5458333328125 0.9153354625000001 0.53359375 0.9243876468750001 0.51640625 0.8988285406250001 0.50234375 0.896698615625 0.49817708281249995 0.8913738015625 0.48619791718750005 0.8913738015625 0.48333333281249996 0.8748668796875 0.484375 0.8578274765625 0.49114583281249996 0.8429179984375 0.49427083281249995 0.8290734828125 0.5018229171875 0.8200213 0.5088541671875 0.8343982953125 0.51015625 0.8445154421875 0.5377604171875 0.8445154421875 0.5466145828125 0.8285410015625001 0.55859375 0.826411075 0.5638020828125 0.8115015968750001 0.5700520828125 0.809371671875 0.5809895828125 0.7880724171875 0.5872395828125 0.79339723125 0.5893229171875001 0.8040468578125 0.60546875 0.8157614484375 0.6158854171875 0.8338658140625 0.63515625 0.8349307781249999 0.65390625 0.8477103296875 0.6598958328125 0.8610223640625 0.6598958328125 0.8908413203125001 0.6440104171875001 0.897763578125 0.6044270828125 0.8924387640625 0.6020833328124999 0.866347178125 0.5955729171875 0.864749734375 0.5916666671875 0.870607028125 0.5856770828125 0.8913738015625 0.5763020828125 0.8924387640625 0.5684895828125 0.8998935031249999 0.5557291671875 0.9227902015625 0.55625 0.928115015625 0.5630208328124999 0.93982960625 0.5661458328125 0.954739084375 0.5653645828125 0.9627263046874999 0.5799479171875 0.96805111875 0.5924479171875 0.9659211921875 0.6122395828125 0.9350372734375 0.6200520828125 0.9329073484375 0.63359375 0.9446219375 0.6424479171875 0.958466453125 0.6471354171875 0.958466453125 0.65546875 0.9456869015624999 0.66328125 0.9456869015624999 0.6734375 0.9632587859375 0.6747395828125 0.97018104375 0.6768229171875 0.954206603125 0.6861979171875 0.9478168265625 0.6981770828125 0.9211927578125 0.7059895828125 0.9158679453125 0.7158854171875 0.9211927578125 0.7216145828125 0.94142705 0.73203125 0.9446219375 0.7372395828125 0.9350372734375 0.7450520828125 0.9339723109375001 0.7533854171875001 0.9169329078124999 0.7700520828124999 0.9137380187499999 0.7807291671875001 0.9291799781250001 0.7838541671875 0.9515441953125 0.7828125 0.9696485625 0.78828125 0.9765708203125 0.7924479171875001 0.97018104375 0.79609375 0.97124600625 0.80078125 0.9605963796875001 0.8138020828125001 0.958466453125 0.82109375 0.9616613421875 0.8234375 0.9739084124999999 0.83515625 0.9946751859375 0.8690104171874999 0.9957401484374999 0.87421875 0.9936102234374999 0.8760416671875 0.9888178906249999 0.8747395828125001 0.96698615625 0.87265625 0.9723109687499999 0.86328125 0.9691160812499999 0.8611979171874999 0.9605963796875001 0.8536458328125001 0.954739084375 0.8557291671874999 0.9472843453124999 0.8513020828125001 0.9488817890625001 0.8450520828125001 0.9307774234374999 0.83203125 0.9307774234374999 0.8302083328125001 0.9238551656249999 0.8291666671875 0.898296059375 0.8322916671874999 0.8833865812499999 0.83125 0.8439829609375 0.8390625 0.8343982953125 0.8359375 0.8237486687500001 0.8393229171875 0.8200213 0.8434895828125001 0.8274760390625 0.8453125 0.8141640046875 0.8390625 0.76411075625 0.8390625 0.7449414265625001 0.8427083328125 0.7374866875 0.8291666671875 0.722577209375 0.8234375 0.6906283281250001 0.85078125 0.6890308843749999 0.8627604171875 0.67625133125 0.8669270828125001 0.67625133125 0.8682291671875 0.6661341859375 0.8583333328125 0.633120340625 0.8552083328125001 0.6107561234375 0.8794270828125 0.6070287546875 0.8802083328125001 0.6267305640624999 0.8885416671874999 0.6554845578124999 0.8934895828125 0.663471778125 0.8989583328125 0.6576144828125 0.9 0.6980830671875 0.890625 0.70766773125 0.8880208328125001 0.722577209375 0.8747395828125001 0.7571884984375 0.865625 0.76198083125 0.8651041671874999 0.7726304578125001 0.875 0.8738019171875001 0.8703125 0.8833865812499999 0.8692708328125001 0.8919062828125 0.87109375 0.8956336531250001 0.8825520828125001 0.8956336531250001 0.9221354171874999 0.8839190625000001 0.9294270828125001 0.8924387640625 0.9328125 0.8578274765625 0.92578125 0.84984025625 0.9127604171874999 0.8519701812499999 0.9013020828125 0.8445154421875 0.8953125 0.8130990421875 0.8973958328125 0.790734825 0.89921875 0.7880724171875 0.9278645828125001 0.79126730625 0.93359375 0.8008519703125 0.9463541671875 0.7705005328125 0.9489583328125001 0.7374866875 0.95078125 0.73695420625 0.9510416671874999 0.76411075625 0.953125 0.7747603828125 0.9565104171875 0.777422790625 0.9588541671874999 0.7854100109375 0.9578125 0.8024494140625 0.9630208328125001 0.8120340781250001 0.9645833328125001 0.8343982953125 0.9692708328125 0.8578274765625 0.9708333328125001 0.8876464328125 0.9697916671875 0.9238551656249999 0.9580729171875 0.9435569750000001 0.9533854171874999 0.9574014906249999 0.9393229171874999 0.9605963796875001 0.9294270828125001 0.956336528125 0.92578125 0.959531415625 0.9229166671875 0.987752928125 0.9263020828125 0.9957401484374999 0.9653645828125 0.997870075 0.9716145828125 0.97018104375 0.9846354171874999 0.96698615625 0.9901041671874999 0.9749733765625 0.9921875 0.9941427046875001 1 0.9994675187500001 1 0.00266240625