1 0.734375 0.78203125 0.19921875 0.41171875
1 0.49375 0.21796875 0.17734375 0.140625
1 0.5 0.47421875 0.15078125 0.15234375
1 0.77890625 0.4609375 0.23125 0.22265625
1 0.221875 0.853125 0.38046875 0.2875
1 0.72578125 0.1109375 0.15 0.11953125
1 0.8484375 0.03515625 0.08828125 0.0703125
1 0.403125 0.33203125 0.05078125 0.0484375
0 0.9996323531250001 0.5076201640625 0.994852940625 0.515240328125 0.9919117640625 0.532825321875 0.9852941171875 0.597303634375 0.9838235296875 0.6500586171875 0.9768382359375 0.660023446875 0.9665441171875001 0.65767878125 0.9610294125 0.65123095 0.9661764703125 0.6418522859375 0.9720588234375 0.60785463125 0.9772058828124999 0.54337631875 0.9830882359374999 0.50820633125 0.9691176468749999 0.484759671875 0.9775735296875 0.4747948421875 0.95551470625 0.470105509375 0.9492647062499999 0.47538100781250003 0.9529411765625 0.497655334375 0.9492647062499999 0.5011723328125 0.9463235296875 0.5164126609374999 0.9411764703125 0.6348182890625 0.9341911765625 0.6506447828125 0.9257352937500001 0.645369284375 0.9316176468749999 0.5937866359374999 0.9352941171875001 0.507033996875 0.9283088234375001 0.5029308328125001 0.925367646875 0.5076201640625 0.9235294125 0.5 0.9352941171875001 0.48593200468750003 0.9345588234375001 0.474208675 0.93051470625 0.470105509375 0.9099264703125 0.4689331765625 0.894117646875 0.484759671875 0.8944852937500001 0.495896834375 0.9088235296875 0.49531066875 0.90625 0.5029308328125001 0.8981617640625 0.5029308328125001 0.8966911765625 0.508792496875 0.9235294125 0.5105509968749999 0.9220588234375 0.5187573265625 0.9158088234375 0.526377490625 0.89301470625 0.5310668234375 0.8827205875 0.5287221578125 0.8746323531250001 0.5205158265625001 0.8691176468749999 0.5257913249999999 0.8514705875 0.576201640625 0.8577205875 0.595545134375 0.8481617640625 0.595545134375 0.8481617640625 0.5873388046875 0.8422794124999999 0.5896834703125 0.8356617640625 0.5838218046875 0.8183823531250001 0.592614303125 0.8183823531250001 0.6184056265625 0.8227941171875001 0.6313012890625 0.825 0.671160609375 0.8205882359375 0.6852286046875 0.8198529406249999 0.7086752640625 0.81323529375 0.7403282531250001 0.8066176468749999 0.7989449 0.807352940625 0.8094958968749999 0.8169117640625 0.8200468937500001 0.817647059375 0.82942555625 0.81176470625 0.8634232125000001 0.8110294124999999 0.9079718640625 0.807352940625 0.9232121921875001 0.8066176468749999 0.9454865187499999 0.8029411765625 0.970105509375 0.7977941171875 0.9818288390625 0.801102940625 0.99531066875 0.81323529375 0.995896834375 1 0.9947245015625 0.9996323531250001 0.5076201640625
0 0.8511029406249999 0.992966003125 0.8547794124999999 0.989449003125 0.8672794125 0.99179366875 0.8709558828124999 0.9871043374999999 0.8974264703125 0.992966003125 0.9018382359375 0.989449003125 0.9143382359375 0.992966003125 0.9180147062499999 0.9882766703125 0.9290441171875001 0.992966003125 0.9334558828124999 0.9882766703125 0.9452205875 0.992966003125 0.949632353125 0.9882766703125 0.9768382359375 0.992966003125 0.9805147062499999 0.9882766703125 1 0.9900351703125001 0.9996323531250001 0.5099648296875 0.9963235296875 0.5140679953125 0.9926470593750001 0.5574443140625001 0.9882352937500001 0.5726846421875 0.98676470625 0.6570926140625 0.9753676468749999 0.6635404453125 0.96176470625 0.65123095 0.9639705875000001 0.6313012890625 0.9698529406249999 0.6137162953125 0.975 0.5386869875 0.981617646875 0.507033996875 0.9705882359375 0.48710433750000004 0.9783088234375 0.4747948421875 0.95551470625 0.4712778421875 0.95 0.47538100781250003 0.9529411765625 0.49531066875 0.9492647062499999 0.5 0.9477941171875001 0.5128956625 0.9485294124999999 0.5445486515625 0.942647059375 0.627784290625 0.9397058828124999 0.6441969515625 0.9349264703125 0.6506447828125 0.9297794125 0.6506447828125 0.9264705875000001 0.645369284375 0.9235294125 0.6313012890625 0.9316176468749999 0.592614303125 0.9301470593750001 0.5679953109375 0.9330882359375 0.5093786640625 0.9297794125 0.5017585 0.926102940625 0.5052754984375001 0.918382353125 0.5011723328125 0.9297794125 0.49941383281249996 0.9360294124999999 0.48593200468750003 0.9360294124999999 0.47655334062500004 0.93051470625 0.470105509375 0.9180147062499999 0.4689331765625 0.9084558828124999 0.45955451406250003 0.9022058828124999 0.4507620171875 0.8944852937500001 0.4279015234375 0.8911764703125 0.497655334375 0.8860294124999999 0.50820633125 0.89375 0.5076201640625 0.8981617640625 0.49941383281249996 0.9158088234375 0.49941383281249996 0.917647059375 0.5011723328125 0.9073529406249999 0.507033996875 0.9106617640625 0.5123094953125 0.919117646875 0.5128956625 0.9147058828124999 0.5281359906249999 0.9106617640625 0.534583821875 0.90551470625 0.5310668234375 0.8944852937500001 0.5357561546875 0.886397059375 0.529894490625 0.88051470625 0.5158264953125 0.8709558828124999 0.5181711609375 0.8661764703125 0.5257913249999999 0.8602941171875 0.563305978125 0.8518382359375 0.586166471875 0.8459558828124999 0.586166471875 0.84448529375 0.575615475 0.8341911765625 0.5732708093750001 0.8231617640625 0.575615475 0.8154411765624999 0.5844079718749999 0.8147058828124999 0.59495896875 0.8235294124999999 0.6371629546875 0.8235294124999999 0.6723329421875001 0.81323529375 0.7415005859375 0.8095588234375001 0.80715123125 0.8169117640625 0.81652989375 0.8198529406249999 0.8329425562500001 0.8139705875000001 0.85052755 0.8110294124999999 0.9067995312500001 0.8080882359375 0.9126611953125 0.8029411765625 0.970105509375 0.7915441171875 0.9859320046875 0.7841911765625 0.9882766703125 0.78051470625 0.9847596718749999 0.7786764703125 0.9900351703125001 0.78051470625 0.9964830015624999 0.7970588234375 0.995896834375 0.8393382359375 0.9906213359375 0.8511029406249999 0.992966003125
0 0.15110294062500002 0 0.149632353125 0.00468933125 0.14375 0.0011723328125 0 0.0029308328125 0 0.10726846406249999 0.0029411765625 0.1178194609375 0 0.12250879218749999 0 0.3991793671875 0.0165441171875 0.409144196875 0.0415441171875 0.4126611953125 0.0463235296875 0.426143025 0.0393382359375 0.43376318906250005 0.03125 0.43493552187500006 0.028308823437500002 0.44079718593750006 0.01875 0.44196951875 0 0.45427901562499995 0 0.7110199296874999 0.021323529687500002 0.7133645953125 0 0.7203985937499999 0 0.8669402109375 0.039705882812499996 0.8821805390625 0.034191176562499995 0.8862837046875001 0 0.8728018750000001 0.000367646875 0.99531066875 0.38088235312499996 0.9947245015625 0.37426470625 0.9818288390625 0.36948529375 0.923798359375 0.355882353125 0.9384525203124999 0.3477941171875 0.970105509375 0.343382353125 0.9736225093750001 0.3393382359375 0.9859320046875 0.324632353125 0.9882766703125 0.3099264703125 0.9742086750000001 0.29080882343750003 0.9706916765625 0.2797794125 0.9624853453125001 0.2533088234375 0.9577960140625 0.24522058750000003 0.9507620171875001 0.23713235312499997 0.9519343499999999 0.23125 0.9437280187500001 0.224632353125 0.94841735 0.2209558828125 0.946072684375 0.219852940625 0.9290738562499999 0.2375 0.8880422046875 0.23198529375 0.8815943734375 0.22169117656249998 0.880422040625 0.2084558828125 0.8980070343750001 0.1959558828125 0.8968347015625 0.1356617640625 0.872215709375 0.0856617640625 0.8581477140624999 0.0672794125 0.841735053125 0.0547794125 0.8429073859375 0.051102940625 0.8370457203124999 0.0393382359375 0.8358733875000001 0.0286764703125 0.80715123125 0.0338235296875 0.791910903125 0.052573529687499995 0.7620164125 0.0672794125 0.746776084375 0.086397059375 0.7127784296875 0.11066176406249999 0.7069167640625 0.1341911765625 0.7198124265625 0.1900735296875 0.7256740921875 0.1981617640625 0.7327080890625 0.25551470625 0.7502930828125 0.26875 0.7608440796875 0.301102940625 0.7584994140625 0.30625 0.7678780781250001 0.311397059375 0.7631887453124999 0.3216911765625 0.7737397421875001 0.3841911765625 0.7889800703125001 0.41213235312499996 0.8053927312500001 0.4125 0.8130128953125 0.405882353125 0.8188745609374999 0.4088235296875 0.8446658843750001 0.38088235312499996 0.8903868703125 0.38676470625000003 0.9079718640625 0.40036764687500004 0.9214536921875001 0.4275735296875 0.9191090265625 0.43235294062499996 0.9267291906249999 0.4352941171875 0.9431418515625 0.44044117656250004 0.9501758499999999 0.4352941171875 0.970105509375 0.4397058828125 0.9888628374999999 0.4459558828125 0.9941383359374999 0.487132353125 0.997655334375 0.4889705875 0.9724501765625 0.48676470624999996 0.9431418515625 0.4875 0.93259085625 0.4908088234375 0.9296600234374999 0.493382353125 0.9349355218750001 0.49705882343749996 0.9947245015625 0.5018382359375 0.997655334375 0.7544117640625 0.9970691671875 0.7617647062499999 0.9841735046875 0.7606617640625 0.9777256734374999 0.7415441171875 0.9742086750000001 0.7327205875 0.9812426734375 0.7297794125 0.9753810078124999 0.7261029406249999 0.9788980078125 0.7150735296875 0.9648300125 0.6393382359374999 0.9449003515625 0.6268382359375 0.915592028125 0.6172794125000001 0.9144196953125 0.6055147062499999 0.923798359375 0.6 0.91969519375 0.5981617640625 0.8991793671874999 0.5922794125 0.9015240328124999 0.58125 0.8909730359375001 0.5613970593750001 0.8909730359375001 0.5393382359375 0.8769050406250001 0.505882353125 0.7966002343749999 0.505147059375 0.7754982421875 0.5220588234375 0.7192262609375 0.5224264703125 0.7069167640625 0.5099264703124999 0.708089096875 0.50625 0.7151230953125001 0.5025735296875 0.7069167640625 0.5014705875 0.7157092609375 0.506617646875 0.7215709265625 0.506617646875 0.735638921875 0.5025735296875 0.7373974203125 0.462132353125 0.726846425 0.45551470624999996 0.716295428125 0.4459558828125 0.71864009375 0.418382353125 0.709847596875 0.4169117640625 0.69460726875 0.419117646875 0.6875732703125 0.4356617640625 0.655334115625 0.45514705937500005 0.6336459546875 0.455882353125 0.62075029375 0.46764705937500006 0.6031652984375 0.4790441171875 0.5744431421875 0.487132353125 0.5720984765625 0.4897058828125 0.576201640625 0.4794117640625 0.5937866359374999 0.47683823593749997 0.6201641265625 0.500367646875 0.623681125 0.5143382359374999 0.634232121875 0.548897059375 0.6377491203125001 0.556617646875 0.619577959375 0.557352940625 0.6066822984375 0.5481617640625001 0.6049237984375 0.5452205875 0.6143024625 0.5430147062499999 0.60609613125 0.537867646875 0.608440796875 0.5338235296875 0.59495896875 0.52426470625 0.5844079718749999 0.5224264703125 0.5568581484374999 0.499632353125 0.5486518171875 0.43860294062499994 0.5381008203125 0.43602941250000005 0.5609613125 0.4275735296875 0.5685814765625 0.41948529375000004 0.56740914375 0.417647059375 0.5808909734375 0.41213235312499996 0.582649471875 0.39301470625 0.575615475 0.38125 0.5486518171875 0.36801470625 0.5474794843749999 0.3650735296875 0.5509964828125 0.3606617640625 0.5463071515625 0.336397059375 0.54513481875 0.326102940625 0.539273153125 0.31727941249999997 0.54161781875 0.3106617640625 0.5369284875 0.3084558828125 0.54513481875 0.29448529375 0.55451348125 0.2672794125 0.54982415 0.2588235296875 0.5422039859375001 0.25588235312499996 0.5269636578125 0.256617646875 0.5128956625 0.2639705875 0.5011723328125 0.262867646875 0.49355216874999996 0.1474264703125 0.470105509375 0.0893382359375 0.452520515625 0.0860294125 0.4507620171875 0.0889705875 0.44490035156249996 0.0860294125 0.426143025 0.101102940625 0.3997655328125 0.15110294062500002 0.4021102 0.1639705875 0.41207502968750004 0.168382353125 0.4343493546875 0.1599264703125 0.4466588515625 0.15330882343750002 0.44431418593750005 0.136397059375 0.4513481828125 0.20036764687500003 0.4665885109375 0.2102941171875 0.43903868749999997 0.21838235312499998 0.4320046890625 0.2169117640625 0.398007034375 0.21911764687500002 0.3886283703125 0.2356617640625 0.376318875 0.2518382359375 0.37866354062499996 0.25551470625 0.3751465421875 0.2606617640625 0.3821805390625 0.2830882359375 0.3886283703125 0.28897058750000004 0.40855803125 0.2875 0.4355216875 0.29448529375 0.4431418515625 0.2966911765625 0.43728018750000003 0.3143382359375 0.43728018750000003 0.31875 0.44431418593750005 0.337132353125 0.4126611953125 0.34448529375 0.4126611953125 0.35330882343750003 0.41969519375 0.373897059375 0.42438452499999996 0.3764705875 0.4355216875 0.3841911765625 0.4466588515625 0.4165441171875 0.44900351718750003 0.41985294062499995 0.4507620171875 0.41875 0.45955451406250003 0.424632353125 0.460726846875 0.43198529375000005 0.4513481828125 0.4393382359375 0.44900351718750003 0.4591911765625 0.45486518125000003 0.46764705937500006 0.4249706921875 0.47463235312499996 0.4126611953125 0.5121323531249999 0.40797186406249997 0.5216911765625001 0.3950762015625 0.5466911765625 0.3974208671875 0.55551470625 0.400937865625 0.5779411765625 0.426143025 0.57573529375 0.46951934375000004 0.5698529406249999 0.47655334062500004 0.56875 0.4841735046875 0.5647058828125 0.48593200468750003 0.5610294125 0.5011723328125 0.5650735296875 0.51934349375 0.573897059375 0.5123094953125 0.5966911765625 0.534583821875 0.612132353125 0.534583821875 0.6238970593750001 0.5287221578125 0.64375 0.5439624859375 0.6849264703125 0.5474794843749999 0.6915441171875 0.55451348125 0.70551470625 0.55451348125 0.71801470625 0.5615474796875 0.7216911765625 0.5720984765625 0.737132353125 0.586166471875 0.7511029406249999 0.5791324734375001 0.7540441171875 0.5732708093750001 0.7650735296875 0.575615475 0.7724264703125 0.5709261437500001 0.7727941171875 0.58206330625 0.78051470625 0.5849941390625 0.7823529406249999 0.59495896875 0.787132353125 0.5978898 0.7904411765625 0.592614303125 0.7845588234374999 0.566822978125 0.776102940625 0.5638921453125 0.7724264703125 0.5697538093750001 0.7577205874999999 0.5474794843749999 0.725367646875 0.54513481875 0.6863970593750001 0.534583821875 0.66948529375 0.5357561546875 0.6669117640625 0.5269636578125 0.667647059375 0.5128956625 0.6713235296875 0.50820633125 0.6772058828125 0.48241500625 0.6727941171875 0.4507620171875 0.682352940625 0.4425556859375 0.673897059375 0.43493552187500006 0.6672794125 0.4431418515625 0.6588235296875 0.44490035156249996 0.6588235296875 0.4249706921875 0.6639705874999999 0.420281359375 0.6639705874999999 0.41324736250000005 0.6525735296875 0.3845252046875 0.5599264703125 0.3692848765625 0.5470588234375 0.3628370453125 0.5540441171875 0.3540445484375 0.5658088234374999 0.35287221562500004 0.600367646875 0.357561546875 0.651102940625 0.373974209375 0.6709558828125 0.344665884375 0.6863970593750001 0.35052755 0.7025735296875 0.34935521718749996 0.7091911765625001 0.344665884375 0.7113970593750001 0.3364595546875 0.71801470625 0.3364595546875 0.7261029406249999 0.32942555625000003 0.7356617640625001 0.3341148890625 0.7415441171875 0.3317702234375 0.7485294125 0.3382180546875 0.7360294125 0.34407971875 0.749632353125 0.3470105515625 0.7522058828125 0.34407971875 0.75 0.3382180546875 0.75698529375 0.3305978890625 0.767647059375 0.3382180546875 0.7588235296875 0.34407971875 0.7643382359374999 0.34935521718749996 0.78051470625 0.35052755 0.7849264703125 0.344665884375 0.7959558828125 0.348182884375 0.800367646875 0.344665884375 0.8591911765625 0.348182884375 0.8610294125 0.3651817109375 0.86875 0.3669402109375 0.8691176468749999 0.372215709375 0.8643382359375 0.3774912078125 0.8577205875 0.3751465421875 0.855147059375 0.38159437343749997 0.8746323531250001 0.3856975375 0.8772058828124999 0.38276670625000003 0.8772058828124999 0.3686987109375 0.8753676468749999 0.3645955453125 0.8702205875000001 0.365767878125 0.8702205875000001 0.3622508796875 0.88198529375 0.35873387968750003 0.8856617640625 0.35287221562500004 0.8908088234375 0.35521688125 0.8944852937500001 0.348182884375 0.90625 0.348182884375 0.9099264703125 0.3985932 0.9202205875 0.40679953125 0.9231617640625001 0.40679953125 0.925367646875 0.3997655328125 0.9591911765625 0.3997655328125 0.9658088234375001 0.4103165296875 0.9768382359375 0.41735052812499995 0.9805147062499999 0.4114888625 0.9933823531250001 0.40738569687500004 0.994852940625 0.3628370453125 0.9922794125 0.3563892140625 0.9882352937500001 0.3558030484375 0.9875 0.3499413828125 0.994852940625 0.34407971875 1 0.322977725 1 0.307737396875 0.994852940625 0.3007034 1 0.2995310671875 0.9996323531250001 0.24970691718750002 0.9952205875000001 0.24970691718750002 0.99301470625 0.2590855796875 0.9761029406249999 0.2602579125 0.9393382359375 0.24853458437499998 0.8944852937500001 0.2461899171875 0.8900735296875 0.240328253125 0.86948529375 0.235638921875 0.8408088234375001 0.21805392656249997 0.8283088234375 0.1992966 0.8202205875 0.1934349359375 0.7908088234374999 0.19577960156250002 0.7488970593750001 0.1899179359375 0.7452205875 0.19460726875 0.7415441171875 0.1899179359375 0.7216911765625 0.1899179359375 0.71801470625 0.1852286046875 0.6974264703124999 0.1910902703125 0.6908088234374999 0.1852286046875 0.68125 0.1864009375 0.6525735296875 0.177022275 0.59375 0.171160609375 0.5816176468750001 0.175263775 0.58676470625 0.185814771875 0.5860294125000001 0.21981242656250002 0.5764705875 0.24325908593749998 0.5643382359375 0.24970691718750002 0.5595588234375 0.267878078125 0.5477941171875 0.2819460734375 0.5477941171875 0.29249706875000003 0.537867646875 0.30715123125 0.5238970593750001 0.31652989374999996 0.5172794125 0.31652989374999996 0.5102941171875 0.307737396875 0.5102941171875 0.3007034 0.517647059375 0.2936694015625 0.5165441171875 0.283704571875 0.48272058749999996 0.27198124218749997 0.41360294062499997 0.2696365765625 0.4084558828125 0.2672919109375 0.39669117656249997 0.24736225156249997 0.39117647031249997 0.24912074999999997 0.3919117640625 0.28311840625 0.398897059375 0.30480656562499997 0.4297794125 0.3118405625 0.43860294062499994 0.322391559375 0.500367646875 0.324736225 0.5121323531249999 0.33294255625 0.5430147062499999 0.3376318875 0.5411764703124999 0.3452520515625 0.54926470625 0.351113715625 0.5470588234375 0.35697538125 0.5422794125 0.361078546875 0.5334558828125 0.3599062140625 0.5297794125 0.3716295421875 0.5143382359374999 0.3599062140625 0.4974264703125 0.3716295421875 0.4797794125 0.370457209375 0.4709558828125 0.3634232125 0.4297794125 0.3692848765625 0.425367646875 0.3622508796875 0.39301470625 0.3563892140625 0.3841911765625 0.3599062140625 0.37573529375 0.34876904999999997 0.36948529375 0.327080890625 0.30625 0.31652989374999996 0.30294117656249997 0.31359906249999997 0.3022058828125 0.3018757328125 0.33786764687500004 0.3001172328125 0.3724264703125 0.3130128953125 0.3841911765625 0.309495896875 0.3860294125 0.2936694015625 0.3838235296875 0.274912075 0.3735294125 0.21981242656250002 0.3764705875 0.20574443125 0.37426470625 0.1869871046875 0.3775735296875 0.177022275 0.3860294125 0.177608440625 0.3838235296875 0.19402110156250002 0.3889705875 0.2010551 0.3919117640625 0.21981242656250002 0.39669117656249997 0.2286049234375 0.4044117640625 0.21981242656250002 0.41139705937500004 0.2004689328125 0.4268382359375 0.1899179359375 0.4466911765625 0.19577960156250002 0.46580882343749996 0.19226260312500001 0.4709558828125 0.1746776078125 0.4797794125 0.1746776078125 0.48455882343749995 0.1694021109375 0.4915441171875 0.1418522859375 0.49926470624999997 0.14126612031250002 0.5018382359375 0.10902696406250001 0.506617646875 0.1178194609375 0.5106617640625 0.15123095 0.53051470625 0.1500586171875 0.537867646875 0.14302461875 0.5474264703125 0.1441969515625 0.5533088234375 0.1395076203125 0.55698529375 0.125439625 0.5613970593750001 0.12426729218749999 0.5731617640625 0.101992965625 0.5863970593750001 0.09495896875 0.5911764703125 0.082649471875 0.5849264703125 0.07033997656249999 0.5599264703125 0.07033997656249999 0.5474264703125 0.0644783125 0.53198529375 0.066822978125 0.5018382359375 0.0597889796875 0.4981617640625 0.0550996484375 0.48639705937500005 0.0574443140625 0.48051470625 0.07033997656249999 0.475367646875 0.071512309375 0.449632353125 0.05392731562500001 0.4084558828125 0.04806565 0.3977941171875 0.0404454859375 0.40036764687500004 0.033997654687500004 0.412867646875 0.0316529890625 0.4327205875 0.037514654687499996 0.4349264703125 0.0422039859375 0.4393382359375 0.0351699875 0.450367646875 0.0398593203125 0.4540441171875 0.0351699875 0.46360294062499996 0.0351699875 0.47169117656250004 0.037514654687499996 0.47242647031249996 0.04337631875 0.487132353125 0.04806565 0.5422794125 0.0492379828125 0.549632353125 0.0574443140625 0.55625 0.0504103171875 0.56801470625 0.0492379828125 0.576102940625 0.0504103171875 0.58125 0.0597889796875 0.588602940625 0.058616646875 0.5952205875 0.045720984375 0.6033088234374999 0.041031653125 0.61801470625 0.04806565 0.6393382359374999 0.0492379828125 0.64375 0.060961312499999996 0.649632353125 0.0504103171875 0.662867646875 0.045720984375 0.6753676468750001 0.0468933171875 0.6841911765625001 0.0574443140625 0.6886029406249999 0.0574443140625 0.6900735296875 0.0492379828125 0.7202205875 0.04806565 0.73125 0.0504103171875 0.7378676468750001 0.0656506453125 0.7452205875 0.07033997656249999 0.7952205875 0.07268464218750001 0.8066176468749999 0.082649471875 0.8095588234375001 0.0885111375 0.8077205875000001 0.09495896875 0.8591911765625 0.0996483 0.8580882359374999 0.12485345781249998 0.8669117640625 0.1565064484375 0.8625 0.160023446875 0.8584558828125 0.173505275 0.8485294124999999 0.18229777187500001 0.8485294124999999 0.1916764359375 0.8591911765625 0.196951934375 0.862867646875 0.188745603125 0.8738970593750001 0.1981242671875 0.8790441171875001 0.196951934375 0.88125 0.20398593125 0.88823529375 0.20691676406249998 0.8867647062499999 0.21395076249999997 0.8841911765624999 0.20750293125 0.8735294124999999 0.2127784296875 0.88125 0.21922626093750003 0.8908088234375 0.22039859375 0.894117646875 0.2022274328125 0.8911764703125 0.1811254390625 0.8944852937500001 0.1723329421875 0.9014705875000001 0.1694021109375 0.8988970593750001 0.1606096125 0.8944852937500001 0.1652989453125 0.8919117640625001 0.15767878125 0.894117646875 0.1365767875 0.8900735296875 0.1289566234375 0.8849264703124999 0.14536928437500002 0.8761029406249999 0.15240328281249998 0.8691176468749999 0.1459554515625 0.8713235296875 0.12954279062500001 0.8691176468749999 0.10140679999999999 0.8738970593750001 0.09495896875 0.8827205875 0.09495896875 0.8845588234375 0.0885111375 0.8816176468749999 0.08147713906250001 0.8823529406249999 0.073270809375 0.8775735296875 0.063305978125 0.8165441171875001 0.056271981250000006 0.8106617640625 0.056271981250000006 0.8084558828124999 0.0621336453125 0.8058823531250001 0.0509964828125 0.7977941171875 0.043962485937500004 0.7922794125 0.0246189921875 0.787867646875 0.0246189921875 0.7856617640625 0.033997654687500004 0.7797794125 0.032825321875 0.774632353125 0.021101992187499998 0.7599264703124999 0.019929659375 0.7540441171875 0 0.22242647031249999 0 0.2169117640625 0.006447831249999999 0.2283088234375 0.0117233296875 0.22536764687500002 0.019929659375 0.18051470625 0.014067995312500001 0.1783088234375 0 0.1731617640625 0.0058616640625 0.1672794125 0 0.15110294062500002 0
0 0.42132352968750003 0.47069167656250005 0.419117646875 0.45545134843749996 0.4275735296875 0.460726846875 0.42941176406250003 0.45662368124999997 0.42242647031249997 0.45017585000000004 0.3783088234375 0.4431418515625 0.36875 0.447831184375 0.361397059375 0.460726846875 0.331617646875 0.463657678125 0.3294117640625 0.4788980078125 0.3327205875 0.495896834375 0.3591911765625 0.5076201640625 0.4161764703125 0.5164126609374999 0.4147058828125 0.4882766703125 0.42132352968750003 0.47069167656250005
0 0.6485294125000001 0.127198125 0.65073529375 0.0849941390625 0.6481617640625 0.079718640625 0.6371323531249999 0.0750293078125 0.6283088234374999 0.079718640625 0.6165441171875 0.073856975 0.6077205875 0.09144196875 0.59926470625 0.0943728015625 0.6014705874999999 0.1002344671875 0.6 0.11899179374999999 0.6088235296875 0.126025790625 0.6158088234375 0.153575615625 0.6202205875 0.15826494687499998 0.64926470625 0.15885111406250002 0.6522058828125 0.1506447828125 0.6485294125000001 0.127198125
0 0.8419117640625 0.1506447828125 0.8463235296875 0.13188745625 0.85 0.134232121875 0.8511029406249999 0.1441969515625 0.85625 0.12778429062500002 0.8676470593750001 0.12368112499999999 0.8672794125 0.11254396250000001 0.8496323531250001 0.10550996406249999 0.8025735296875001 0.0984759671875 0.7977941171875 0.1025791328125 0.7933823531249999 0.12485345781249998 0.787132353125 0.132473621875 0.7452205875 0.13012895625 0.744117646875 0.14712778437500001 0.7389705875 0.1635404453125 0.7422794125000001 0.16881594375 0.7533088234374999 0.1723329421875 0.7886029406249999 0.173505275 0.8279411765625 0.1811254390625 0.8426470593750001 0.17174677656249998 0.8419117640625 0.1506447828125
0 0.9889705875000001 0.1881594375 0.9926470593750001 0.1694021109375 1 0.15767878125 0.9985294124999999 0.1354044546875 0.9746323531250001 0.11254396250000001 0.9650735296875 0.110199296875 0.9606617640625 0.119577959375 0.9492647062499999 0.12954279062500001 0.9485294124999999 0.151817115625 0.9452205875 0.15826494687499998 0.9415441171875001 0.15826494687499998 0.93823529375 0.1506447828125 0.9397058828124999 0.13188745625 0.9297794125 0.1113716296875 0.9235294125 0.108440796875 0.9169117640625 0.08733880468750001 0.9338235296875 0.0486518171875 0.9360294124999999 0.0252051578125 0.9419117640625 0.0029308328125 0.8959558828124999 0 0.8911764703125 0.047479484375 0.8845588234375 0.06740914375 0.8845588234375 0.0838218046875 0.8977941171875001 0.0943728015625 0.8955882359375 0.10609613124999999 0.8875 0.12368112499999999 0.8823529406249999 0.127198125 0.8764705875000001 0.14947245 0.8661764703125 0.1529894484375 0.8643382359375 0.16998827656249998 0.8474264703125 0.1746776078125 0.8330882359375 0.1881594375 0.8415441171875001 0.2028135984375 0.8790441171875001 0.22508792500000002 0.9099264703125 0.2344665890625 0.9724264703125 0.24384525156249998 0.9852941171875 0.251465415625 0.9904411765625 0.23974208749999998 0.9889705875000001 0.1881594375
0 0.4977941171875 0.7086752640625 0.4977941171875 0.6875732703125 0.50551470625 0.6869871046875 0.5194852937500001 0.6611957796875 0.53125 0.6623681125 0.5341911765625 0.67057444375 0.5356617640625 0.6623681125 0.5452205875 0.6565064484375001 0.5588235296875 0.6066822984375 0.5334558828125 0.595545134375 0.5224264703125 0.5732708093750001 0.4974264703125 0.5709261437500001 0.49301470625 0.5638921453125 0.4786764703125 0.576201640625 0.469117646875 0.6055099640625 0.4602941171875 0.6137162953125 0.455882353125 0.632473621875 0.43382352968750004 0.6641266124999999 0.4227941171875 0.6875732703125 0.42205882343749995 0.6957796015625 0.42389705937500005 0.7033997656250001 0.43419117656250006 0.7069167640625 0.4393382359375 0.7139507625 0.448897059375 0.7045720984375 0.4955882359375 0.7203985937499999 0.50073529375 0.714536928125 0.4977941171875 0.7086752640625
0 0.6602941171875 0.7567409140625 0.667647059375 0.75087925 0.662867646875 0.7502930828125 0.6610294125 0.745017584375 0.6654411765625 0.7368112546875001 0.667647059375 0.7168815937499999 0.6650735296875 0.7221570921875 0.65551470625 0.723329425 0.65073529375 0.7110199296874999 0.64926470625 0.69460726875 0.6529411765625001 0.6746776078125001 0.6584558828125 0.6658851109375 0.6643382359375 0.67057444375 0.669852940625 0.709847596875 0.676102940625 0.708089096875 0.6852941171875 0.68171160625 0.6955882359375 0.632473621875 0.68198529375 0.6131301296875 0.6452205875 0.6143024625 0.6128676468750001 0.6014068 0.6047794125 0.6025791328125 0.5966911765625 0.61899179375 0.5922794125 0.61899179375 0.5889705875 0.614888628125 0.5904411765625001 0.5961313015624999 0.5834558828125 0.59320046875 0.5727941171875 0.623094959375 0.56176470625 0.6430246187499999 0.5544117640625 0.6699882765625 0.55698529375 0.672919109375 0.5643382359375 0.6658851109375 0.575367646875 0.664712778125 0.58051470625 0.6717467765625 0.5852941171875 0.6594372796875 0.5893382359375 0.65767878125 0.598897059375 0.6623681125 0.6154411765625001 0.688745603125 0.606617646875 0.69460726875 0.6080882359374999 0.701641265625 0.6055147062499999 0.7057444312500001 0.5919117640625 0.7157092609375 0.5838235296875001 0.7391559203125 0.5727941171875 0.7579132468750001 0.5698529406249999 0.773153575 0.5650735296875 0.777256740625 0.56176470625 0.7626025796875 0.5742647062499999 0.7262602578124999 0.5727941171875 0.7133645953125 0.5702205874999999 0.7069167640625 0.5540441171875 0.7010551 0.5514705875 0.69460726875 0.5536764703125 0.688745603125 0.549632353125 0.682297771875 0.5470588234375 0.705158265625 0.5375 0.7203985937499999 0.5286764703125 0.7438452515625 0.518382353125 0.7895662375 0.5272058828125 0.8083235640625 0.537867646875 0.84407971875 0.544117646875 0.8376318875000001 0.5540441171875 0.7889800703125001 0.5966911765625 0.7936694015625 0.60073529375 0.8012895656250001 0.6 0.8329425562500001 0.593382353125 0.870457209375 0.5889705875 0.8763188749999999 0.59301470625 0.88276670625 0.6165441171875 0.8933177015625 0.6345588234374999 0.896248534375 0.6654411765625 0.7696365765625 0.6602941171875 0.7567409140625