1 0.3 0.79375 0.2375 0.27421875
1 0.1421875 0.63125 0.19609375 0.22421875
1 0.625 0.46640625 0.10234375 0.1578125
1 0.8390625 0.490625 0.11484375 0.134375
1 0.7171875 0.35859375 0.1921875 0.12109375
1 0.9171875 0.31171875 0.10703125 0.0859375
1 0.7484375 0.09609375 0.04296875 0.08203125
1 0.475 0.06796875 0.015625 0.0515625
1 0.27421875 0.3421875 0.21875 0.153125
1 0.4328125 0.35078125 0.1265625 0.08203125
1 0.4671875 0.325 0.12421875 0.071875
1 0.13203125 0.2953125 0.08046875 0.078125
1 0.03984375 0.1546875 0.0796875 0.09375
1 0.0609375 0.4703125 0.07109375 0.1125
1 0.30859375 0.21015625 0.0484375 0.06015625
1 0.3546875 0.1953125 0.03828125 0.08359375
1 0.978125 0.23203125 0.04296875 0.0328125
1 0.921875 0.225 0.05546875 0.040625
0 1 0.6371331828125 0.9653645828125 0.6275395031250001 0.9419270828125 0.6264108359375 0.93359375 0.639954853125 0.8924479171874999 0.6388261843749999 0.87890625 0.6252821671875 0.84765625 0.615124153125 0.8434895828125001 0.6094808125 0.83984375 0.6128668171875 0.8356770828125001 0.61060948125 0.8325520828125 0.6185101578125 0.8278645828125001 0.6207674937500001 0.81328125 0.6072234765625 0.7908854171875 0.6004514671875001 0.7815104171875 0.602708803125 0.7778645828124999 0.592550790625 0.7533854171875001 0.5812641078125 0.7481770828125 0.5744921 0.7283854171875 0.5744921 0.7221354171875001 0.5812641078125 0.71953125 0.5711060953125 0.7153645828124999 0.5677200906250001 0.67734375 0.5530474046875 0.675 0.5445823921875 0.6825520828125 0.5383747171875 0.7075520828124999 0.53611738125 0.7138020828125 0.5270880359375 0.7174479171875 0.531602709375 0.7203125 0.5276523703125 0.7234375 0.4678329578125 0.7182291671875001 0.44864559843749996 0.7203125 0.4339729125 0.71875 0.4170428890625 0.7213541671875 0.40801354375 0.68984375 0.395033859375 0.6846354171875 0.3860045140625 0.6731770828125 0.38148984218750004 0.6705729171875 0.3735891640625 0.66171875 0.3747178328125 0.6588541671875 0.38205417656249996 0.6588541671875 0.3922121890625 0.6716145828125 0.3860045140625 0.6744791671875 0.427200903125 0.6848958328125 0.4430022578125 0.6729166671875 0.47573363437499994 0.6739583328125 0.48476297968750004 0.6653645828125 0.4898419859375 0.6440104171875001 0.53611738125 0.6263020828125 0.5383747171875 0.6013020828125 0.5259593671875 0.5919270828125 0.5338600453125 0.5872395828125 0.5259593671875 0.5674479171875 0.518058690625 0.5645833328125 0.5095936796875 0.5692708328125 0.5016930015625001 0.57265625 0.4853273140625 0.578125 0.48476297968750004 0.5770833328125 0.476862303125 0.5869791671875 0.450902934375 0.5869791671875 0.4430022578125 0.59375 0.4170428890625 0.5958333328125 0.38544018125 0.596875 0.40011286718749994 0.6002604171875 0.409706546875 0.6203125 0.3764108359375 0.61953125 0.372460496875 0.6044270828125 0.3690744921875 0.6002604171875 0.34198645625 0.5958333328125 0.3797968390625 0.59375 0.3673814890625 0.5942708328124999 0.327878103125 0.5947916671875 0.304176071875 0.5984375 0.28611738125 0.5984375 0.26128668125 0.5783854171875 0.237020315625 0.5690104171875 0.23250564375 0.5533854171875 0.2336343109375 0.54921875 0.22911963906250002 0.5473958328124999 0.23194130937500002 0.5458333328125 0.26467268593750004 0.5505208328125 0.3030474046875 0.5494791671875 0.3323927765625 0.5450520828125 0.348758465625 0.53203125 0.36794582343750004 0.51328125 0.3623024828125 0.49713541718750004 0.36794582343750004 0.49036458281249995 0.3758465015625 0.46901041718750003 0.3860045140625 0.42161458281249997 0.38148984218750004 0.41875 0.391083521875 0.41979166718750005 0.4678329578125 0.415625 0.46896162500000005 0.4125 0.4113995484375 0.40390625 0.41647855468749995 0.4015625 0.43284424374999997 0.403125 0.44525959375 0.40208333281249997 0.493792325 0.40026041718750005 0.49887133125 0.3963541671875 0.40801354375 0.4015625 0.391083521875 0.4015625 0.38318284375 0.3924479171875 0.3758465015625 0.3763020828125 0.372460496875 0.37161458281250004 0.36681715625 0.3533854171875 0.372460496875 0.3458333328125 0.36625282187499997 0.3494791671875 0.3560948078125 0.3455729171875 0.3510158015625 0.3427083328125 0.35722347656250003 0.34453125 0.36681715625 0.32890625 0.36794582343750004 0.3252604171875 0.3634311515625 0.28359375 0.3826185109375 0.26901041718749996 0.39164785625 0.2591145828125 0.4029345375 0.22942708281250002 0.38939051875 0.21953125 0.39277652343749997 0.20078125 0.4153498875 0.1861979171875 0.41647855468749995 0.18046875 0.4153498875 0.17578125 0.39729119687500003 0.16875 0.391083521875 0.1729166671875 0.3865688484375 0.17265625 0.3758465015625 0.16848958281249998 0.3747178328125 0.1611979171875 0.3634311515625 0.1533854171875 0.3623024828125 0.1419270828125 0.347629796875 0.12734375 0.3453724609375 0.12291666718750001 0.34932279843749997 0.12265625 0.3656884875 0.1059895828125 0.36681715625 0.10338541718750001 0.358916478125 0.1010416671875 0.3617381484375 0.1010416671875 0.38318284375 0.1046875 0.4068848765625 0.10625 0.43735891718750003 0.1059895828125 0.47178329531249996 0.1015625 0.45993227968749995 0.1010416671875 0.428329571875 0.0953125 0.40011286718749994 0.09427083281250001 0.3752821671875 0.09036458281250001 0.361173815625 0.08828125 0.36681715625 0.0783854171875 0.36794582343750004 0.07473958281250001 0.361173815625 0.0653645828125 0.3656884875 0.059114582812500004 0.3623024828125 0.054947917187499994 0.36794582343750004 0.04765625 0.3577878109375 0.0341145828125 0.3510158015625 0 0.35158013593750004 0.00078125 0.42099322812500006 0.02734375 0.419864559375 0.04921875 0.433408578125 0.06692708281250001 0.4345372453125 0.0700520828125 0.4401805875 0.07682291718749999 0.44130925468750004 0.0916666671875 0.46444695312500006 0.0953125 0.493792325 0.0940104171875 0.5033860046874999 0.0752604171875 0.51241535 0.0721354171875 0.52370203125 0.0627604171875 0.5327313765625 0.0221354171875 0.5451467265625001 0 0.5569977421875 0.0002604171875 0.9966139953125 0.14140625 0.9977426640625 0.14938611875000002 0.716329978125 0.130290528125 0.7351289999999999 0.10859099531250001 0.7088103703125 0.05043624375 0.671212328125 0.04870028125 0.6392539921875 0.041756431249999997 0.62985448125 0.04696431875 0.594136340625 0.15980189375 0.51894025625 0.23705223437499998 0.565937809375 0.237920215625 0.6373740890625 0.14938611875000002 0.7200897828125 0.1441782296875 1 0.23965573281250002 1 0.24225967656249997 0.9362954875 0.203200515625 0.8930577390625001 0.20146455312499997 0.8479400874999999 0.21188032968749998 0.8385405765625 0.1841049265625 0.8141018499999999 0.17802950312500002 0.7539280203125001 0.23705223437499998 0.6542932078125 0.3195100171875 0.6599498765625 0.41325200312500004 0.7163469390625 0.40283622656249995 0.7332660578125 0.40283622656249995 0.7614645906249999 0.30649029687499996 0.917496465625 0.27524296875 0.8930577390625001 0.2439956390625 0.9381753890625 0.241392140625 0.9983152953125 0.3533854171875 0.9977426640625 0.3557291671875 0.9847629796874999 0.35208333281250004 0.902370203125 0.3533854171875 0.8848758468750001 0.3572916671875 0.8922121890625 0.3630208328125 0.98250564375 0.3651041671875 0.993792325 0.3684895828125 0.9966139953125 0.6476069671875 1 0.6042079 0.7050675265625 0.5903201984375 0.6486704624999999 0.6293793578125 0.590393496875 0.6571547609375 0.6242317359375 0.66149466875 0.695668015625 0.642399078125 0.706947428125 0.642399078125 0.7238665484375 0.61201973125 0.7351459609375001 0.6484749484375001 1 0.7653645828125 0.9966139953125 0.76875 0.988148984375 0.76875 0.9599322796875001 0.7776041671875 0.84819413125 0.78203125 0.8408577875000001 0.7500292109375 0.787766259375 0.7474252671875 0.7708471390625 0.7430853609375 0.7351289999999999 0.7387454531250001 0.688131446875 0.75957700625 0.6392539921875 0.823807625 0.7482883140625 0.801239665625 0.784023415625 0.7847480203125 0.817861653125 0.7786458328125 0.9858916484375 0.78046875 0.9954853265624999 0.79375 0.9971783296875 0.9997395828125001 0.9954853265624999 1 0.8685101578125 0.9963541671874999 0.8504514671875001 0.9908854171874999 0.847629796875 0.9705729171874999 0.8566591421875 0.9645833328125001 0.8718961625 0.9614583328125 0.8944695265625 0.95703125 0.8961625281250001 0.9552083328125001 0.8797968390625 0.9567708328125001 0.8504514671875001 0.9369791671875 0.8244921 0.9307291671875 0.8007900671874999 0.9307291671875 0.7895033859375 0.9375 0.7420993234375 0.9455729171874999 0.7325056437499999 0.96484375 0.7325056437499999 0.9877604171875 0.7471783296875001 1 0.76128668125 1 0.6371331828125
0 0.803125 0.3143340859375 0.8044270828125001 0.3024830703125 0.8080729171875 0.30474040625 0.8158854171875 0.300225734375 0.8255208328125001 0.28950338593749997 0.8153645828125 0.274266365625 0.8096354171875 0.27990970625 0.8044270828125001 0.293453725 0.8002604171875 0.293453725 0.7869791671875 0.26467268593750004 0.7895833328124999 0.256772009375 0.7885416671875001 0.23871331875 0.7927083328125 0.230812640625 0.79140625 0.22686230312500003 0.7690104171875001 0.2223476296875 0.76484375 0.21557562031250002 0.7580729171875 0.21331828437499997 0.75234375 0.21331828437499997 0.75 0.219525959375 0.7510416671875 0.22855530468750002 0.7575520828125 0.237020315625 0.7666666671875 0.23871331875 0.75703125 0.24604966093749997 0.7549479171875 0.2641083515625 0.7455729171875001 0.261851015625 0.74375 0.28950338593749997 0.74140625 0.293453725 0.7377604171875001 0.2584650109375 0.73359375 0.26749435625 0.7294270828125 0.26975169375 0.67421875 0.274266365625 0.6700520828125 0.26975169375 0.6591145828125 0.268623025 0.63984375 0.2471783296875 0.6158854171875 0.261851015625 0.6080729171875 0.24492099375 0.6046875 0.255643340625 0.60625 0.28611738125 0.6122395828125 0.287810384375 0.6200520828125 0.297968396875 0.6591145828125 0.2957110609375 0.67109375 0.299097065625 0.67890625 0.29458239218750004 0.68125 0.29853273125 0.6786458328125 0.3064334078125 0.6825520828125 0.3092550796875 0.7513020828125 0.3148984203125 0.7549479171875 0.3148984203125 0.7572916671875001 0.30869074531249996 0.7583333328124999 0.268058690625 0.7611979171875001 0.25959367968749997 0.7645833328125 0.2714446953125 0.7635416671875 0.3143340859375 0.7669270828125 0.31715575625 0.7690104171875001 0.31715575625 0.7708333328125 0.30869074531249996 0.7729166671875001 0.2883747171875 0.7708333328125 0.26354401875 0.7736979171875 0.260722346875 0.7768229171875001 0.26297968437499997 0.7786458328125 0.2714446953125 0.7765625 0.3154627546875 0.7817708328124999 0.317720090625 0.80078125 0.31715575625 0.803125 0.3143340859375
0 0.97265625 0.42212189687499996 0.96953125 0.4176072234375 0.9138020828125001 0.39841986406249996 0.8895833328125 0.3809255078125 0.8875 0.427200903125 0.8893229171874999 0.43679458281250005 0.9770833328125 0.44864559843749996 0.9768229171874999 0.4176072234375 0.97265625 0.42212189687499996
0 0.8833333328125 0.41478555312500004 0.8854166671874999 0.3752821671875 0.8830729171874999 0.36794582343750004 0.8700520828125 0.36794582343750004 0.8658854171874999 0.3634311515625 0.8580729171874999 0.3758465015625 0.8549479171875 0.360045146875 0.8471354171875 0.3690744921875 0.8247395828125 0.3656884875 0.8200520828125001 0.358916478125 0.815625 0.3617381484375 0.81328125 0.4187358921875 0.8356770828125001 0.42663656874999994 0.8513020828125001 0.42550790000000005 0.8622395828125 0.4345372453125 0.8796875 0.43848758437499996 0.884375 0.43058690781250003 0.8833333328125 0.41478555312500004
0 0.6424479171875 0.24153498906249998 0.6442708328125 0.22742663593749998 0.6421875 0.21162528281249998 0.63984375 0.20767494375 0.6268229171875 0.21106094843749998 0.6075520828125 0.2031602703125 0.6018229171875 0.2031602703125 0.5924479171875 0.212189615625 0.58828125 0.206546275 0.5846354171875 0.21106094843749998 0.5815104171875001 0.1975169296875 0.5565104171875 0.188487584375 0.5361979171875 0.19864559843750001 0.5291666671875 0.2217832953125 0.5299479171875 0.22460496562499999 0.53359375 0.218961625 0.534375 0.22742663593749998 0.53828125 0.23250564375 0.5450520828125 0.22686230312500003 0.54921875 0.214446953125 0.55703125 0.22799097031249999 0.56640625 0.22799097031249999 0.5794270828125 0.2358916484375 0.5856770828125 0.23024830624999998 0.5919270828125 0.239277653125 0.5981770828124999 0.237020315625 0.6002604171875 0.22686230312500003 0.6041666671875 0.22968397343750002 0.6041666671875 0.23871331875 0.6065104171875 0.24266365625000003 0.6234375 0.24548532656250002 0.6330729171875 0.24040632031250003 0.6424479171875 0.24153498906249998