1 0.28671875 0.784375 0.25390625 0.3328125
1 0.1828125 0.5125 0.17421875 0.19765625
1 0.78046875 0.4046875 0.22265625 0.16875
1 0.83828125 0.34765625 0.20859375 0.1703125
1 0.5421875 0.33828125 0.3 0.221875
1 0.3703125 0.24375 0.09765625 0.10859375
1 0.1078125 0.371875 0.1328125 0.10390625
1 0.04375 0.478125 0.0859375 0.1328125
1 0.309375 0.05859375 0.07890625 0.11328125
1 0.30078125 0.1890625 0.0625 0.08046875
1 0.23046875 0.21953125 0.05390625 0.07109375
1 0.6046875 0.1390625 0.07734375 0.09140625
1 0.67890625 0.15078125 0.05859375 0.09765625
1 0.65859375 0.0828125 0.0671875 0.059375
1 0.84375 0.1828125 0.06484375 0.07265625
0 1 0.13570566875 0.9965807468750001 0.131483715625 0.9923724359375001 0.13630880625 0.976065228125 0.137515078125 0.971067859375 0.1429433046875 0.9694897421875 0.1634499390625 0.9650184109375 0.1652593484375 0.9637033140625 0.170687575 0.9650184109375 0.1797346203125 0.968700684375 0.17852834687500002 0.9694897421875 0.1827503015625 0.9715938984375001 0.20687575468750002 0.9697527609375 0.217129071875 0.9423987374999999 0.1942098921875 0.9376643874999999 0.19903498125000002 0.92188321875 0.1966224359375 0.9071541296875001 0.2026538 0.8897948453125 0.20144752656249998 0.8629668593750001 0.21833534375000002 0.860336665625 0.2147165265625 0.8466596531249999 0.2147165265625 0.8435034187499999 0.2207478890625 0.8277222515625 0.22557297968749998 0.8232509203125 0.2346200234375 0.8243029984374999 0.251507840625 0.8198316671875 0.25814234062499997 0.807732771875 0.25814234062499997 0.805365596875 0.2527141140625 0.8045765390625 0.23884197812500002 0.7987901109375 0.24366706875 0.7927406625 0.257539203125 0.7935297218749999 0.26296743125 0.8022093640625 0.270808203125 0.798527090625 0.2780458390625 0.7998421890625 0.2822677921875 0.809836928125 0.27503015625 0.8340347187500001 0.2907117015625 0.867701209375 0.29191797343750003 0.874539715625 0.2979493359375 0.8829563390624999 0.2979493359375 0.890583903125 0.2889022921875 0.8903208843750001 0.27503015625 0.8866386109375 0.27141133906250003 0.8824303 0.27503015625 0.8627038406249999 0.270808203125 0.8897948453125 0.267792521875 0.8921620203125 0.255126659375 0.890583903125 0.241857659375 0.8829563390624999 0.2364294328125 0.8632298796875 0.2346200234375 0.8940031562499999 0.23160434218749998 0.897422409375 0.2382388421875 0.8958442921875 0.2973462 0.8982114671874999 0.3027744265625 0.922935296875 0.305186971875 0.92609153125 0.3100120625 0.9350341921875 0.295536790625 0.9374013671875 0.2973462 0.938716465625 0.3075995171875 0.941346659375 0.308805790625 0.973435034375 0.31242460781250003 0.9758022093750001 0.30699638125 0.9773803265625001 0.2527141140625 0.9736980531249999 0.241857659375 0.9773803265625001 0.22496984375 0.9763282484375001 0.2153196625 0.9789584421875 0.1924004828125 0.9818516562499999 0.18938480156249998 0.984744871875 0.1936067546875 0.9852709093750001 0.200844390625 0.9826407156249999 0.2153196625 0.9815886375 0.26236429375000003 0.9794844812499999 0.26960192968749996 0.9805365593750001 0.2792521109375 0.9779063656250001 0.2889022921875 0.9784324046874999 0.30699638125 0.984744871875 0.3154402890625 0.984744871875 0.35404101250000003 0.9821146765625001 0.36369119375 0.9810625984374999 0.38661037343750004 0.9694897421875 0.40832328125000006 0.9660704890625 0.4234016890625 0.9613361390625 0.42702050625 0.9471330874999999 0.4234016890625 0.9292477640625 0.42460796093750003 0.92188321875 0.4294330515625 0.911362440625 0.42702050625 0.8945291953125001 0.4402895046875 0.874539715625 0.43787696093750006 0.8566543921875001 0.45355850468750003 0.8235139406249999 0.4644149578125 0.7793266703125 0.4595898671875 0.75092056875 0.44270205 0.7261967390625 0.441495778125 0.7088374546875 0.4330518703125 0.7046291421875 0.42702050625 0.68674381875 0.4234016890625 0.6751709625 0.41254523593750003 0.669384534375 0.416164053125 0.659915834375 0.40289505468750003 0.6557075218749999 0.41254523593750003 0.6351920046874999 0.4234016890625 0.6328248296875 0.40229191875000003 0.6357180437500001 0.3860072375 0.6557075218749999 0.38359469218750003 0.658074696875 0.3793727375 0.65649658125 0.3600723765625 0.648869015625 0.3570566953125 0.6357180437500001 0.36429433125 0.627827459375 0.36067551249999996 0.6199368749999999 0.37394451093750003 0.6152025250000001 0.365500603125 0.6078379796875 0.375150784375 0.5962651234375 0.379975875 0.5925828515625 0.3872135109375 0.5789058390624999 0.38962605625 0.5589163593750001 0.4041013265625 0.549447659375 0.40168878125 0.542609153125 0.41013269062499996 0.5331404531249999 0.4113389625 0.5294581796875 0.42460796093750003 0.5031562328125 0.4234016890625 0.48211467656250007 0.4282267796875 0.47475013125 0.4234016890625 0.47475013125 0.41375150781250003 0.46212519687500003 0.41013269062499996 0.4558127296875 0.40168878125 0.4473961078125 0.41013269062499996 0.43950552343749993 0.4113389625 0.4352972125 0.41978287031250006 0.43161493906250004 0.416164053125 0.41688585 0.41978287031250006 0.41162546093749997 0.41254523593750003 0.3947922140625 0.406513871875 0.3900578640625 0.3920386 0.3832193578125 0.3884197828125 0.3761178328125 0.3757539203125 0.376643871875 0.358866103125 0.374276696875 0.35343787656250003 0.3379800109375 0.3474065140625 0.33166754374999996 0.35102533125 0.3298264078125 0.3395657421875 0.3337716984375 0.334137515625 0.337453971875 0.33896260625 0.3403471859375 0.3250904703125 0.330615465625 0.3268998796875 0.3253550765625 0.3353437875 0.326144134375 0.3250904703125 0.32272488125 0.32207478906250003 0.32035770625 0.3238841984375 0.31799053125 0.3365500609375 0.3135192 0.3407720140625 0.3135192 0.34800965 0.3185165703125 0.3884197828125 0.323776959375 0.38962605625 0.326144134375 0.3745476484375 0.32667017343750004 0.387816646875 0.330878484375 0.40229191875000003 0.32930036875 0.4203860078125 0.325881115625 0.42581423437500004 0.30852183125 0.42581423437500004 0.30431351875 0.4234016890625 0.3024723828125 0.41073582656249996 0.296948975 0.3992762359375 0.2898474484375 0.3962605546875 0.289321409375 0.3612786484375 0.28353498125 0.346803378125 0.2827459234375 0.3281061515625 0.2803787484375 0.3504221953125 0.2743293 0.35464415 0.267227775 0.34800965 0.264071540625 0.3250904703125 0.2611783265625 0.32207478906250003 0.24750131562500002 0.3184559703125 0.206470278125 0.32207478906250003 0.20410310312500002 0.3250904703125 0.20410310312500002 0.33353437812500003 0.2001578109375 0.346200240625 0.19647553906249998 0.3437876953125 0.193582325 0.3504221953125 0.19647553906249998 0.36067551249999996 0.20042083125 0.35765983125 0.2009468703125 0.39264173750000003 0.2043661234375 0.4041013265625 0.21593897968750003 0.3980699640625 0.2196212515625 0.41375150781250003 0.2332982640625 0.42460796093750003 0.2351394 0.39022919218749996 0.23961073125 0.39565741875 0.2485533921875 0.3884197828125 0.2493424515625 0.3612786484375 0.2519726453125 0.3600723765625 0.25092056875 0.4420989140625 0.256706996875 0.44933655000000006 0.2596002109375 0.4632086859375 0.2630194640625 0.463811821875 0.2667017359375 0.5217129078125 0.271962125 0.5313630875 0.267227775 0.54101326875 0.264071540625 0.586851628125 0.26275644374999996 0.5910735828125 0.256970015625 0.5910735828125 0.2564439765625 0.603136309375 0.245397159375 0.603136309375 0.24329300312500002 0.5971049453124999 0.23961073125 0.5983112187499999 0.23645449687500003 0.6055488546875 0.2190952125 0.6079614 0.21488690156249998 0.620024125 0.2096265125 0.62364294375 0.2043661234375 0.62364294375 0.2035770640625 0.612183353125 0.20120988906249998 0.609167671875 0.141767490625 0.609167671875 0.1388742765625 0.612183353125 0.1399263546875 0.6206272625 0.137033140625 0.62364294375 0.1330878484375 0.575995175 0.130194634375 0.5705669484375 0.1159915828125 0.5717732203125 0.10941609687500001 0.5784077203125 0.10836401874999999 0.5856453562499999 0.1120462921875 0.6206272625 0.10836401874999999 0.6351025328125 0.1054708046875 0.6381182140625 0.1015255125 0.6302774421875 0.10520778593749999 0.6145958984375001 0.1031036296875 0.606151990625 0.10468174687500001 0.5880579015625 0.1031036296875 0.577201446875 0.09337190937499999 0.574185765625 0.0896896375 0.5850422203125001 0.08653340312499999 0.5753920390625 0.0786428203125 0.57297949375 0.0783798 0.5880579015625 0.074960546875 0.6055488546875 0.031299315625000004 0.61037394375 0.027617043749999997 0.6272617609375 0.01814834375 0.6248492156250001 0.0142030515625 0.6302774421875 0.012887953125 0.640530759375 0 0.64234016875 0 0.7677925218749999 0.0031562328124999997 0.7810615203125 0.0031562328124999997 0.8027744265625 0 0.8196622437500001 0 0.9692400484375 0.0028932140625000003 0.9710494578125 0.038137821875 0.9698431843750001 0.0581273015625 0.963811821875 0.0549710671875 0.9565741859375001 0.0476065234375 0.9589867312499999 0.0468174640625 0.9535585046874999 0.0476065234375 0.948130278125 0.05076275625 0.9517490953125 0.056286165624999995 0.9487334140625 0.05733824375 0.9366706875 0.06102051562500001 0.9282267796875001 0.058916359375000005 0.8992762359375 0.0625986328125 0.890832328125 0.0591793796875 0.8866103734375 0.0549710671875 0.8950542828125 0.05076275625 0.8866103734375 0.047080484374999995 0.893848009375 0.0468174640625 0.8787696015625001 0.05418200937499999 0.8739445109374999 0.0512887953125 0.86369119375 0.0602314578125 0.862484921875 0.06102051562500001 0.8691194203125001 0.05733824375 0.8727382390624999 0.066543925 0.8769601937499999 0.066543925 0.86369119375 0.0744345078125 0.8612786484375 0.07680168281250001 0.8823884203125001 0.0733824296875 0.8914354640625 0.079694896875 0.8962605546875 0.09126775312499999 0.893848009375 0.093108890625 0.8727382390624999 0.09784324062500001 0.8630880578125 0.090741715625 0.8564535578125 0.07811678125 0.85765983125 0.0783798 0.8353437874999999 0.0823250921875 0.8262967437500001 0.0917937921875 0.8250904703125 0.0960021046875 0.83232810625 0.0973172015625 0.8268998796875 0.093108890625 0.8232810609375001 0.09363492968750001 0.7919179734374999 0.1007364546875 0.7889022921875 0.1078379796875 0.7919179734374999 0.1062598625 0.8196622437500001 0.10994213593749999 0.85464415 0.10678590156250001 0.8606755125 0.10836401874999999 0.88962605625 0.1112572328125 0.8962605546875 0.1191478171875 0.893848009375 0.1259863234375 0.9010856453124999 0.132298790625 0.8962605546875 0.139137296875 0.897466828125 0.14150447187499998 0.9137515078125 0.14755391874999998 0.9155609171875 0.15202525 0.935464415625 0.1491320359375 0.944511459375 0.14623882187499998 0.935464415625 0.1470278796875 0.9203860078125 0.144923725 0.9203860078125 0.1412414515625 0.9324487328125001 0.1333508671875 0.9324487328125001 0.1296685953125 0.9276236421874999 0.12361914843749999 0.935464415625 0.1217780109375 0.9553679125000001 0.1170436609375 0.9529553671875 0.1112572328125 0.9626055484375 0.1607048921875 0.9674306390625 0.169121515625 0.9674306390625 0.1728037875 0.9626055484375 0.1849026828125 0.96501809375 0.1862177796875 0.9583835953125 0.18463966406250001 0.935464415625 0.18069437187499998 0.93968636875 0.17701209843750002 0.928829915625 0.1733298265625 0.9348612781250001 0.1720147296875 0.9318455968749999 0.171488690625 0.8992762359375 0.169121515625 0.8950542828125 0.155707521875 0.8920386 0.1567596 0.8630880578125 0.1536033671875 0.85102533125 0.1501841140625 0.8564535578125 0.14544976406250001 0.8516284687500001 0.1422935296875 0.85765983125 0.139400315625 0.85464415 0.141767490625 0.8311218328125 0.143871646875 0.8395657421875 0.146501840625 0.8407720140625001 0.148342978125 0.8317249703125 0.15465544375 0.8220747890625001 0.15412940625 0.7774427015625001 0.1504471328125 0.758142340625 0.14992109375 0.7352231609375 0.1504471328125 0.7207478890625 0.15781167812500002 0.71230398125 0.15728563906249998 0.7026538 0.1685954765625 0.6899879375 0.21173066875000002 0.675512665625 0.22435560156249998 0.6622436671874999 0.23487638125000002 0.6574185765625 0.235928459375 0.6465621234375 0.27695949531249997 0.6429433046875 0.2964229359375 0.6248492156250001 0.306417675 0.62364294375 0.3116780640625 0.6164053078125 0.325881115625 0.609167671875 0.34218832187500003 0.6115802171875 0.34297737968750003 0.6206272625 0.3495528671875 0.6272617609375 0.35323513906250004 0.6381182140625 0.3569174125 0.6308805796875 0.36586007343750004 0.633293125 0.37243556093749997 0.64234016875 0.374539715625 0.666465621875 0.376906890625 0.6731001203125 0.388479746875 0.6803377562499999 0.395318253125 0.6936067546875 0.4032088375 0.6972255734374999 0.40610205156249995 0.7110977078125 0.41346659687500004 0.723160434375 0.41451867499999995 0.7472858859375 0.40610205156249995 0.7569360671875 0.40610205156249995 0.8027744265625 0.40768016874999996 0.8184559703125001 0.4139926359375 0.8281061515625 0.41451867499999995 0.8449939687500001 0.41162546093749997 0.85765983125 0.390583903125 0.86369119375 0.39137296093749996 0.8739445109374999 0.39452919531249997 0.8799758750000001 0.392688059375 0.8914354640625 0.399526565625 0.897466828125 0.4279326671875 0.897466828125 0.43950552343749993 0.8914354640625 0.46528143125000004 0.8986731000000001 0.466596528125 0.900482509375 0.4650184109375 0.9089264171875 0.477906365625 0.9276236421874999 0.49263545468750003 0.9360675515624999 0.49579168906250004 0.944511459375 0.5021041562499999 0.948130278125 0.5113098375 0.9318455968749999 0.5134139921875 0.9197828703125 0.5086796421875001 0.8570566953125001 0.5086796421875001 0.7557297953125001 0.5063124671875 0.75030156875 0.5021041562499999 0.75030156875 0.4984218828125 0.7334137515625 0.48790110468750003 0.7225572984374999 0.48500789062500005 0.7086851625 0.48684902656249995 0.694813028125 0.5 0.700844390625 0.505786428125 0.7129071171875 0.507101525 0.707478890625 0.5065754859375 0.6640530765625 0.49579168906250004 0.6574185765625 0.49184639687500004 0.6387213515625 0.4923724359375 0.612183353125 0.4960547078125 0.5940892640625 0.5226196734374999 0.5838359468750001 0.5249868484375 0.5880579015625 0.526564965625 0.602533171875 0.5270910046874999 0.6387213515625 0.5155181484375 0.6495778046875 0.5160441875 0.7303980703125 0.5223566546875 0.7472858859375 0.5160441875 0.76899879375 0.5207785375 0.8823884203125001 0.51867438125 0.8992762359375 0.5192004203125 0.9294330515624999 0.5165702265625 0.94632086875 0.5213045765625 0.9547647765624999 0.5199894796875 0.963811821875 0.5273540234375 0.96501809375 0.5294581796875 0.9601930031249999 0.5331404531249999 0.9819059109375001 0.5741714890625 0.9927623640625001 0.5810099953125001 0.9891435468750001 0.593108890625 0.9915560921875001 0.5962651234375 0.9867310015624999 0.60836401875 0.9915560921875001 0.6120462921875001 0.9855247281249999 0.616254603125 0.99034981875 0.6262493421875 0.99034981875 0.627827459375 0.9867310015624999 0.6388742765625001 0.99034981875 0.6430825875 0.9831121828124999 0.6514992109375 0.9831121828124999 0.6541294062499999 0.99034981875 0.6588637562499999 0.9855247281249999 0.664650184375 0.9915560921875001 0.6899000531249999 0.99034981875 0.694897421875 0.9800965015624999 0.6959495 0.97165259375 0.6896370328125 0.9656212296875 0.6896370328125 0.9523522312500001 0.6954234609375 0.9451145953125 0.6959495 0.935464415625 0.6906891109375 0.9270205062500001 0.68911099375 0.86429433125 0.6864808 0.855850421875 0.6870068390624999 0.8220747890625001 0.6885849546875 0.8063932453125 0.6930562859375 0.7949336546875 0.7025249875 0.78166465625 0.7067332984375 0.78166465625 0.717780115625 0.7889022921875 0.72119936875 0.8100120625 0.7185691734375 0.8413751515625 0.713045765625 0.8455971046874999 0.71173066875 0.8534378765625 0.7143608625 0.9089264171875 0.7059442406249999 0.9342581421875 0.7075223562499999 0.972858865625 0.713045765625 0.99034981875 1 0.9933655 1 0.80036188125 0.9886901625 0.7949336546875 0.9844818515625 0.80096501875 0.9779063656250001 0.7870928828125 0.9786954234374999 0.78166465625 0.9973698046875 0.7557297953125001 0.99526565 0.7376357062500001 0.998947921875 0.727985525 1 0.7147165265625001 1 0.13570566875
0 0.063387690625 0.9203860078125 0.0607574953125 0.9300361875000001 0.054708048437500004 0.935464415625 0.054708048437500004 0.9451145953125 0.048132562499999997 0.9674306390625 0.0433982109375 0.9589867312499999 0.035507628125 0.974668275 0.0291951609375 0.9674306390625 0.023934771875 0.9686369125000001 0.019726459374999998 0.9770808203125 0.012887953125 0.9686369125000001 0.00447133125 0.973462003125 0 0.9692400484375 0.00026301875 0.998793728125 0.070489215625 0.998190590625 0.06785902187500001 0.94270205 0.063387690625 0.9203860078125
0 0.3569174125 0.9276236421874999 0.38374539687500003 0.919179734375 0.3840084171875 0.900482509375 0.376906890625 0.8661037390624999 0.37322461875 0.8745476484375001 0.36428195625000004 0.8733413750000001 0.3095739078125 0.913148371875 0.298527090625 0.9155609171875 0.2827459234375 0.928829915625 0.2496054703125 0.9433051875 0.24329300312500002 0.948130278125 0.235928459375 0.9613992765624999 0.2275118359375 0.9529553671875 0.2238295640625 0.9565741859375001 0.2043661234375 0.9565741859375001 0.201472909375 0.9499396859375 0.199368753125 0.916164053125 0.1959495 0.9047044625 0.1927932671875 0.913148371875 0.1885849546875 0.9119420984375 0.1862177796875 0.917370325 0.185691740625 0.9270205062500001 0.19147816875 0.9390832328125001 0.19147816875 0.9451145953125 0.18674381874999998 0.9535585046874999 0.18674381874999998 0.9620024125000001 0.176486059375 0.973462003125 0.1733298265625 0.9686369125000001 0.1617569703125 0.9722557296875 0.1570226203125 0.9686369125000001 0.146501840625 0.974668275 0.1375591796875 0.9686369125000001 0.1296685953125 0.973462003125 0.1238821671875 0.9686369125000001 0.113887428125 0.9722557296875 0.1065228828125 0.96501809375 0.098106259375 0.9698431843750001 0.0920568125 0.951145959375 0.0938979484375 0.9252110984374999 0.0902156765625 0.9203860078125 0.08179905312499999 0.9240048249999999 0.074960546875 0.9155609171875 0.0710152546875 0.9185765984375 0.0741714890625 0.976477684375 0.07811678125 0.998793728125 0.245660178125 0.9993968640625001 0.2990531296875 0.9963811828125 0.3569174125 0.9276236421874999
0 0.10494476562499999 0.2858866109375 0.0896896375 0.2858866109375 0.0825881109375 0.296139928125 0.085481325 0.3039807 0.095476065625 0.3063932453125 0.10599684375 0.3184559703125 0.11099421406250001 0.317852834375 0.11467648593749999 0.296139928125 0.10494476562499999 0.2858866109375
0 0.201472909375 0.33232810625 0.19805365625 0.3232810609375 0.18122041093750002 0.3112183359375 0.1775381375 0.3112183359375 0.17438190468749998 0.31966224374999996 0.1607048921875 0.3268998796875 0.16201998906249998 0.3142340171875 0.15728563906249998 0.3057901078125 0.15649658125000002 0.2967430640625 0.139663334375 0.2907117015625 0.1375591796875 0.27864897499999997 0.1296685953125 0.26899879375 0.1273014203125 0.2840772015625 0.12098895312499999 0.2913148375 0.12151499218749999 0.31302774375000003 0.123356128125 0.3160434265625 0.1365071015625 0.3172496984375 0.1643871640625 0.34258142343750003 0.16622830156249999 0.34197828750000003 0.164650184375 0.3347406515625 0.16596528125 0.32569360625 0.1701735921875 0.32569360625 0.1733298265625 0.33896260625 0.17727511875 0.33353437812500003 0.1780641765625 0.32207478906250003 0.18437664375 0.320868515625 0.1825355078125 0.3395657421875 0.1804313515625 0.34197828750000003 0.18463966406250001 0.34197828750000003 0.1975276171875 0.3377563328125 0.201472909375 0.33232810625