1 0.46328125 0.04765625 0.0734375 0.08125
1 0.67421875 0.1125 0.13984375 0.17265625
1 0.22734375 0.36875 0.08984375 0.165625
1 0.68828125 0.215625 0.09375 0.1015625
1 0.6234375 0.1875 0.06640625 0.09609375
1 0.50390625 0.203125 0.0390625 0.08203125
1 0.20546875 0.07578125 0.1125 0.10859375
1 0.15390625 0.18828125 0.0859375 0.096875
1 0.065625 0.2296875 0.0953125 0.09921875
1 0.12265625 0.3265625 0.0921875 0.07890625
1 0.82734375 0.13203125 0.08984375 0.12890625
1 0.73984375 0.075 0.09375 0.15
1 0.5828125 0.28515625 0.10234375 0.0890625
1 0.6765625 0.2984375 0.08125 0.125
1 0.50859375 0.27265625 0.059375 0.065625
0 0.031907895312500004 0.88162345 0.0361842109375 0.874295378125 0.030921053124999997 0.861894025 0.0296052625 0.846110484375 0.0361842109375 0.8291995484375001 0.0375 0.8066516343749999 0.024671053125000002 0.783540021875 0.00032894687499999996 0.7767756484375 0 0.8945885 0.001973684375 0.8945885 0.015460526562499998 0.8850056374999999 0.031907895312500004 0.88162345
0 0.73355263125 0.9836527625 0.7328947375 0.9678692218749999 0.73519736875 0.9650507328125 0.78519736875 0.9684329203125 0.8095394734375001 0.9921082296874999 0.8325657890624999 0.9977452078125 0.920723684375 0.9977452078125 0.9305921046875 0.9954904171875001 0.9335526312500001 0.9892897406250001 0.9348684203125 0.9813979703125 0.9276315796875 0.9599774515625 0.9131578953125 0.8878241265625 0.9118421046874999 0.8607666296875 0.9154605265625 0.8466741828125001 0.9305921046875 0.833145434375 0.9368421046875 0.8201803828124999 0.9368421046875 0.79425028125 0.9309210531250001 0.7750845546875 0.9302631578125 0.7593010140625001 0.9328947375000001 0.745772265625 0.9467105265625 0.72547914375 0.9493421046874999 0.713077790625 0.9486842109375001 0.64656144375 0.9536184203125 0.6369785796875 0.9677631578125 0.630777903125 0.9710526312500001 0.6217587375 0.969078946875 0.6138669671875 0.9710526312500001 0.5980834265625 0.9861842109375001 0.5879368656249999 0.9894736843749999 0.5529875984375 1 0.5439684328125 0.999671053125 0.15670800468749999 0.9861842109375001 0.16178128593750002 0.9848684203125 0.1843292 0.9766447375 0.206313415625 0.9450657890624999 0.18940247968749999 0.9213815796875 0.20744081250000002 0.9072368421875 0.19560315625 0.8950657890624999 0.16121758749999998 0.8911184203125 0.1724915453125 0.8851973687499999 0.1747463359375 0.8766447375 0.188275084375 0.8575657890624999 0.18714768906249998 0.8516447375 0.1995490421875 0.8404605265624999 0.20180383281249997 0.8427631578125 0.20913190468749998 0.8388157890624999 0.21364148749999998 0.8358552625 0.23562570468750002 0.8154605265624999 0.24013528750000002 0.8072368421875 0.250845546875 0.804276315625 0.263810596875 0.7904605265625 0.2660653890625 0.7881578953124999 0.275648253125 0.7815789468750001 0.2824126265625 0.7815789468750001 0.28917700156250004 0.7756578953125 0.295941375 0.7717105265625 0.31623449843749996 0.7592105265625 0.3275084546875 0.7572368421875 0.3342728296875 0.7592105265625 0.3793686578125 0.7542763156250001 0.42390078906250006 0.7463815796875 0.4306651640625 0.7220394734375 0.42953776718750003 0.7055921046875 0.42615558125 0.70230263125 0.41600901874999996 0.6983552625 0.42164599843749995 0.6944078953124999 0.41713641562500003 0.6917763156250001 0.425028184375 0.674671053125 0.42953776718750003 0.6700657890625 0.440811725 0.6615131578125 0.446448703125 0.6470394734375 0.4487034953125 0.63519736875 0.443066515625 0.6200657890625 0.4611048484375 0.6151315796875 0.4740698984375 0.5986842109375 0.49774520781250003 0.6042763156250001 0.514092446875 0.6279605265625 0.51296505 0.6365131578125001 0.5231116124999999 0.6447368421874999 0.537204059375 0.6447368421874999 0.545095828125 0.6384868421875 0.5524239015625 0.599671053125 0.5434047343749999 0.5694078953124999 0.49492671875000005 0.5569078953125 0.48252536562500004 0.5516447375 0.485907553125 0.5473684203125 0.4921082296875 0.5467105265625001 0.5022547921875 0.5730263156250001 0.5721533265625001 0.5743421046875 0.5901916578125 0.569078946875 0.6127395718749999 0.569078946875 0.630777903125 0.5621710531249999 0.6392333703124999 0.5516447375 0.6426155578125 0.537828946875 0.6820744078125001 0.5266447375000001 0.6809470125 0.4950657890625 0.6493799328125001 0.48651315781250004 0.6493799328125001 0.4674342109375 0.6764374296875 0.46282894687500004 0.6764374296875 0.45953947343749996 0.6674182640625 0.43914473750000005 0.675310034375 0.4161184203125 0.7204058625 0.4075657890625 0.7226606531249999 0.39736842031249997 0.7333709125000001 0.3921052625 0.7570462234375 0.3845394734375 0.7733934609374999 0.37467105312500004 0.7812852312499999 0.36480263125 0.775648253125 0.354276315625 0.7779030437500001 0.3444078953125 0.8015783546874999 0.3305921046875 0.8139797062499999 0.32138157968750003 0.815107103125 0.3134868421875 0.8094701234375 0.30723684218749997 0.7998872609375 0.30855263125 0.7863585125 0.306578946875 0.7773393468750001 0.2944078953125 0.7767756484375 0.2828947375 0.8348365281250001 0.28092105312500004 0.8585118375 0.2828947375 0.901352875 0.2796052625 0.9148816234374999 0.266776315625 0.93573844375 0.2430921046875 0.951521984375 0.23322368437500002 0.962795940625 0.21282894687499998 0.969560315625 0.20427631562499998 0.97857948125 0.1884868421875 0.9774520859375 0.1848684203125 0.9813979703125 0.187828946875 0.9954904171875001 0.208223684375 0.9988726046874999 0.710526315625 0.9983089062499999 0.7305921046875 0.9954904171875001 0.73355263125 0.9836527625