1 0.471875 0.85234375 0.17890625 0.2515625
1 0.334375 0.921875 0.09921875 0.15546875
1 0.2453125 0.66953125 0.1203125 0.17734375
1 0.7359375 0.6546875 0.10625 0.14609375
1 0.9171875 0.78046875 0.15234375 0.2078125
1 0.85234375 0.5328125 0.21953125 0.1859375
1 0.85390625 0.309375 0.134375 0.10859375
1 0.63671875 0.30703125 0.078125 0.09453125
1 0.44765625 0.48203125 0.1171875 0.08046875
1 0.2828125 0.18515625 0.05390625 0.06171875
1 0.0453125 0.34453125 0.05703125 0.05078125
1 0.7046875 0.2453125 0.0578125 0.053125
1 0.9109375 0.16953125 0.03828125 0.05
1 0.86484375 0.159375 0.03984375 0.0421875
1 0.36640625 0.26328125 0.05625 0.06640625
1 0.453125 0.153125 0.065625 0.0390625
1 0.54609375 0.140625 0.04453125 0.04453125
1 0.61484375 0.940625 0.12734375 0.11875
0 0.119434259375 0.8558215453125 0.1178627546875 0.8231773671875 0.1141959140625 0.795973884375 0.11105290781249999 0.7872687703125 0.11026715625000001 0.772578890625 0.10817181718749999 0.78237214375 0.0942902046875 0.79379760625 0.0990047140625 0.8634385203124999 0.1018858046875 0.8748639828125 0.10686223125000001 0.8775843312499999 0.11445783125 0.875952121875 0.119434259375 0.8558215453125
0 0.2535358828125 0.9494015234375001 0.2509167109375 0.93852013125 0.2509167109375 0.925462459375 0.2535358828125 0.9134929265625 0.270560503125 0.8879216546875 0.2862755375 0.88139281875 0.28732320625 0.8715995640624999 0.306181246875 0.8487486390625 0.31037192187499996 0.8487486390625 0.32084861249999996 0.830250271875 0.34546883125 0.8063112078125 0.35306443125000003 0.791621328125 0.352540596875 0.7829162125 0.3394447359375 0.74809575625 0.32399161875 0.7301414578125 0.3135149296875 0.726877040625 0.304085909375 0.7399347109375001 0.2983237296875 0.7399347109375001 0.2946568890625 0.7475516859375 0.285751703125 0.7475516859375 0.2789418546875 0.757344940625 0.2668936609375 0.7606093578124999 0.262964903125 0.7742110984374999 0.25694080625 0.776931446875 0.2540597171875 0.7894450484375 0.2464641171875 0.8041349296875 0.2134625453125 0.8324265499999999 0.204033525 0.8324265499999999 0.1977475125 0.8389553859375001 0.1961760078125 0.8476604999999999 0.180984809375 0.8607181718750001 0.1726034578125 0.85854189375 0.15479308593750002 0.8400435249999999 0.15322158125000002 0.8346028296875 0.1396018859375 0.824809575 0.13645887968749998 0.8161044609375001 0.1259821890625 0.8117519046874999 0.12467260312499999 0.8307943421875 0.1304347828125 0.8808487484375 0.1299109484375 0.8993471171874999 0.1278156109375 0.9047878125000001 0.1304347828125 0.9200217625 0.1304347828125 0.9668117515624999 0.1272917765625 0.948313384375 0.1272917765625 0.9124047875000001 0.11288632812499999 0.9053318828125001 0.1100052390625 0.9080522312499999 0.1071241484375 0.9205658328125 0.09874279687500001 0.9292709468749999 0.09298061875 0.9434167578125001 0.077265584375 0.9608269859374999 0.07438449375 0.9678998906249999 0.0759559984375 0.9940152343750001 0.07831325312500001 0.9967355828125 0.2687270828125 0.9972796515625 0.277108434375 0.9940152343750001 0.2535358828125 0.9494015234375001
0 0.6623886859375 0.5734494015625 0.6718177062499999 0.5756256796875 0.6762702984375 0.5826985859375 0.678627553125 0.5952121874999999 0.6864850703125 0.597388465625 0.6898899953125001 0.5794341671875001 0.6940806703125 0.5718171921875 0.6935568359375 0.566376496875 0.6744368781250001 0.5408052234375 0.6508643265625 0.5418933625 0.639863803125 0.5277475515625001 0.6173389203124999 0.5179542984375 0.6005762171875 0.5179542984375 0.59717129375 0.5217627859375 0.604243059375 0.551686615625 0.622577265625 0.5560391734375 0.6280775281250001 0.5718171921875 0.6312205343749999 0.601196953125 0.6396018859375 0.6066376499999999 0.6508643265625 0.58433079375 0.6623886859375 0.5734494015625
0 0.5332634890625 0.69804135 0.54112100625 0.6686615890625001 0.5455735984375 0.66050054375 0.5560502875 0.6572361265625 0.561026715625 0.6653971703125 0.5649554734375 0.68335146875 0.572812990625 0.6866158875 0.5872184390624999 0.66430903125 0.5887899421875 0.6512513609374999 0.5921948671874999 0.6441784546875 0.6003143 0.6349292703125 0.600838134375 0.6284004359375001 0.5969093765625 0.6256800874999999 0.5908852796875 0.6120783453125 0.5908852796875 0.5848748640625 0.5775275015625 0.5832426546875 0.575170246875 0.5772578890625 0.57778941875 0.54570185 0.5866946046875 0.5163220890625 0.584861184375 0.509249184375 0.580408590625 0.505440696875 0.579360921875 0.48694232812499993 0.577265584375 0.4815016328125 0.582503928125 0.4662676828125 0.5806705078125 0.45375408124999994 0.572812990625 0.46137105624999997 0.5612886328125 0.45810663749999997 0.5573598750000001 0.464091403125 0.5570979578124999 0.4744287265625 0.5552645359375 0.4727965171875 0.5560502875 0.463547334375 0.5502881093750001 0.4624591953125 0.549240440625 0.47334058749999997 0.5450497640624999 0.47225244843749997 0.5330015718750001 0.48313384062500003 0.5199057093749999 0.5038084875 0.513619696875 0.5059847656249999 0.5099528546875 0.5255712734375 0.497380828125 0.5223068546875 0.46856993124999996 0.5429815015624999 0.4641173390625 0.5533188250000001 0.462807753125 0.5680087046875 0.45809324218749997 0.5647442875 0.45128339375 0.551686615625 0.444473546875 0.547334059375 0.41513881562500005 0.539717084375 0.40413829218749997 0.5255712734375 0.390518596875 0.5233949953125 0.38763750625000004 0.5304679 0.3918281828125 0.5467899890625 0.3923520171875 0.563112078125 0.3889470921875 0.570184984375 0.376375065625 0.566920565625 0.3740178109375 0.570729053125 0.3734939765625 0.5903155609375 0.37951807187500003 0.6060935796875 0.3878994234375 0.612622415625 0.411471975 0.6191512515625 0.42063907812499995 0.6349292703125 0.42430591875 0.66430903125 0.42875851249999997 0.6713819375 0.452069146875 0.6686615890625001 0.45311681562499995 0.63384113125 0.4510214765625 0.5870511421875 0.4533787328125 0.577801959375 0.45704557343749996 0.577801959375 0.45678365625 0.67192600625 0.46202200156249995 0.6947769312500001 0.47014143593749996 0.7029379765625 0.5 0.7170837875 0.5115243578124999 0.7301414578125 0.53012048125 0.74047878125 0.5332634890625 0.7339499453125 0.5332634890625 0.69804135
0 0.973022525 0.9858541890625 0.9515453109375 0.9706202390625001 0.9436877953125 0.9597388468749999 0.917496071875 0.9390642 0.9106862234375 0.9379760609375 0.903876375 0.92709466875 0.8897328437500001 0.918389553125 0.8792561546875 0.906420021875 0.870874803125 0.9053318828125001 0.8693033 0.8988030468750001 0.8567312734374999 0.88900979375 0.8533263484375 0.8743199125000001 0.8548978515625001 0.8634385203124999 0.8700890515624999 0.8253536453124999 0.873232059375 0.8231773671875 0.87244630625 0.8139281828125 0.8593504453125 0.8008705109375001 0.83158721875 0.7845484218750001 0.8273965421874999 0.7965179546875001 0.8234677843749999 0.799238303125 0.8234677843749999 0.814472253125 0.815872184375 0.830250271875 0.8080146671874999 0.8389553859375001 0.8048716609375001 0.83569096875 0.7996333156250001 0.8389553859375001 0.7886327921875 0.8269858546875 0.784442115625 0.8269858546875 0.780775275 0.8139281828125 0.7760607640625 0.8171925999999999 0.768465165625 0.806855278125 0.780775275 0.8019586500000001 0.78182294375 0.79760609375 0.7676794140625 0.79760609375 0.7572027234375 0.78998911875 0.7462022 0.776931446875 0.7352016765625 0.746463546875 0.7215819796875 0.7410228515624999 0.7179151390625 0.7225244828124999 0.714248296875 0.726877040625 0.709009953125 0.7257889015625001 0.70508119375 0.7154515781249999 0.7058669453124999 0.708378671875 0.7074384499999999 0.7138193687500001 0.71267679375 0.715995646875 0.7221058140625 0.7149075078125 0.7249869046875 0.71001088125 0.7027239390625 0.6953210015625 0.6896280781249999 0.7181719265625001 0.67391304375 0.7127312296875 0.6581980093750001 0.7334058765625 0.6513881609375 0.7344940156249999 0.63933996875 0.7279651796875 0.6327920375 0.7339499453125 0.63593504375 0.768770403125 0.632268203125 0.795973884375 0.634887375 0.8210010875 0.639863803125 0.830250271875 0.6540073343749999 0.8389553859375001 0.6631744375 0.8536452671875001 0.6605552640625 0.8808487484375 0.6634363546875 0.90424374375 0.6943425875 0.9368879218749999 0.70848611875 0.9216539718750001 0.7173913046875 0.90424374375 0.7231534828124999 0.8988030468750001 0.7320586687499999 0.8955386296875 0.7682032484375 0.8998911859375 0.796490309375 0.8977149078125001 0.8038239921875 0.9020674640624999 0.81220534375 0.9162132749999999 0.8279203765625001 0.9173014140625 0.835254059375 0.910772578125 0.8452069140624999 0.9151251359374999 0.8491356734375 0.9396082703124999 0.8713986374999999 0.9967355828125 0.9638554218750001 0.9961915125 0.9785227875 0.9940152343750001 0.973022525 0.9858541890625
0 0.6451021484374999 0.36126224218749997 0.6574122578125 0.35092491875 0.655055003125 0.337323178125 0.6524358296874999 0.3405875953125 0.6388161343750001 0.3384113171875 0.6186485078125 0.34330794375 0.6196961765625 0.3563656140625 0.629125196875 0.3824809578125 0.6280775281250001 0.39227421093750003 0.6354112093750001 0.39336234999999997 0.6390780515625 0.375952121875 0.6451021484374999 0.36126224218749997
0 0.7289156625000001 0.3579978234375 0.7312729171875 0.3520130578125 0.7307490828125001 0.3465723609375 0.7200104765625001 0.3362350375 0.714248296875 0.31664853125 0.7053431109375 0.3177366703125 0.7027239390625 0.3101196953125 0.69539025625 0.3133841125 0.692771084375 0.3275299234375 0.6833420640625001 0.33949945625 0.667888946875 0.35092491875 0.6731272921875 0.3563656140625 0.6773179671875 0.3900979328125 0.6867469875000001 0.3955386296875 0.707962284375 0.3884657234375 0.7289156625000001 0.3579978234375
0 0.9994761656250001 0.21164309062500003 0.992928234375 0.196953209375 0.987689890625 0.19804135 0.9845468828125 0.1936887921875 0.9662126765625001 0.2034820453125 0.935830278125 0.204570184375 0.9211629125 0.1936887921875 0.91801990625 0.2089227421875 0.9138292296875001 0.1958650703125 0.9096385546875 0.1991294890625 0.9070193812499999 0.1936887921875 0.8944473546875 0.1936887921875 0.8865898375000001 0.1882480953125 0.8858040859375 0.19096844375 0.886066003125 0.205658325 0.8949711890625001 0.204570184375 0.9007333687499999 0.1991294890625 0.906495546875 0.20130576718749998 0.9164484015625 0.2132753 0.9172341546875 0.2225244828125 0.9154007328124999 0.22633297031250002 0.9041382921875 0.22905331874999998 0.9091147203125001 0.23286180625 0.9274489265625 0.235038084375 0.9504976421875 0.23286180625 0.9578313250000001 0.22850924843749998 0.9635935046874999 0.235038084375 0.997380828125 0.238846571875 1 0.23667029374999998 0.9994761656250001 0.21164309062500003
0 0.79701414375 0.280739934375 0.805133578125 0.25299238281249997 0.8163960187500001 0.235038084375 0.8420639078125 0.23286180625 0.8567312734374999 0.23830250312499998 0.8666841281250001 0.22850924843749998 0.870874803125 0.23286180625 0.87375589375 0.22796517968750002 0.867731796875 0.219804134375 0.8467784187499999 0.21871599531250002 0.83158721875 0.212187159375 0.81220534375 0.21762785624999997 0.8022524875 0.22524483125 0.760869565625 0.2317736671875 0.7482975374999999 0.24374319843749997 0.741225771875 0.24537540781249997 0.7454164484375 0.25299238281249997 0.7427972765625 0.261697496875 0.745678365625 0.2698585421875 0.765060240625 0.2742110984375 0.7710843374999999 0.2856365609375 0.7723939234375 0.295973884375 0.7815610265624999 0.29760609374999997 0.7902042953125 0.2850924921875 0.79701414375 0.280739934375