1 0.24140625 0.60703125 0.11796875 0.2125
1 0.3046875 0.59453125 0.0828125 0.18828125
1 0.15703125 0.5421875 0.06953125 0.1171875
1 0.5671875 0.47265625 0.078125 0.1578125
1 0.04453125 0.496875 0.0890625 0.18046875
1 0.06953125 0.35859375 0.096875 0.11484375
1 0.41015625 0.4140625 0.05078125 0.09765625
1 0.38515625 0.27578125 0.090625 0.1109375
1 0.53203125 0.31015625 0.06328125 0.10546875
1 0.88515625 0.315625 0.07890625 0.0921875
1 0.1859375 0.2984375 0.04765625 0.0515625
1 0.27890625 0.36484375 0.10546875 0.1015625
1 0.1328125 0.31171875 0.05078125 0.05390625
1 0.86875 0.41015625 0.07421875 0.1015625
0 0.7884918546875 0.95388669375 0.7908565421875 0.9729907765625001 0.7966368890625 0.9782608703125 0.7976878609375 0.9347826093749999 0.8055701531249999 0.9057971015625 0.8050446656249999 0.8992094859374999 0.8000525484375001 0.88537549375 0.7884918546875 0.878787878125 0.7829742515625 0.8675889328125 0.772990015625 0.8056653484374999 0.76484498125 0.7852437421875 0.756699946875 0.7766798421875001 0.7551234890625 0.7371541500000001 0.7532842875 0.73254281875 0.7496058859375 0.7338603421875 0.7493431421875 0.764822134375 0.75354703125 0.7872200265625 0.749868628125 0.8280632406249999 0.7561744609375001 0.8649538859374999 0.7630057796874999 0.88603425625 0.7635312671875 0.9110671937499999 0.759327378125 0.9295125171875 0.7527588015625 0.94466403125 0.745401996875 0.95388669375 0.7422490796875 0.9525691703125 0.7272727265625 0.904479578125 0.731476615625 0.8557312250000001 0.7259590125 0.8418972328125 0.7212296375 0.8392621874999999 0.7188649500000001 0.8557312250000001 0.724645296875 0.8952569171875 0.715712034375 0.9650856390625 0.715712034375 0.9901185765625 0.7170257484375 0.9947299078125 0.7690488703125 0.9973649531250001 0.7727272734375 0.98682476875 0.776405675 0.9960474312500001 0.78087230625 0.9967061921875 0.7840252234375 0.9940711468749999 0.7884918546875 0.95388669375
0 1 0.6119894593749999 0.98870205 0.6007905140625 0.961902259375 0.6152832671875 0.9487651078124999 0.616600790625 0.9408828171874999 0.6113306984375 0.9372044140625 0.6179183140625 0.9348397265624999 0.6119894593749999 0.9358906984375001 0.5909090906250001 0.9243300046874999 0.58036890625 0.922753546875 0.5540184453125 0.9364161843750001 0.5421607374999999 0.941145559375 0.51317523125 0.9377299000000001 0.49143610000000004 0.9140830265625001 0.46640316249999997 0.9072517078125 0.4716732546875 0.9062007359375001 0.476943346875 0.9014713609375 0.476943346875 0.8909616390625 0.459815546875 0.8825538625 0.46640316249999997 0.8751970578125 0.4519104078125 0.8547031 0.4413702234375 0.8520756703125001 0.4308300390625 0.8394640046875 0.41897233125 0.828428796875 0.3952569171875 0.823699421875 0.39393939375000003 0.8194955328125 0.4137022390625 0.8139779296875 0.3840579703125 0.8150289015625001 0.37351778593749996 0.8134524437499999 0.364295125 0.8079348390625001 0.358366271875 0.8055701531249999 0.3445322796875 0.7968996328125 0.3306982875 0.7806095640625 0.3188405796875 0.7769311609375 0.33465085625 0.768523384375 0.33596837968750004 0.7485549140625001 0.3188405796875 0.743037309375 0.3313570484375 0.7419863375 0.36824769375 0.7372569625 0.37088274062500004 0.7372569625 0.3866930171875 0.7459274828125 0.3952569171875 0.7580136625 0.39789196250000003 0.759327378125 0.3932806328125 0.754598003125 0.374835309375 0.7564372046875001 0.3702239796875 0.7722017859375 0.3675889328125 0.7811350499999999 0.379446640625 0.7840252234375 0.353754940625 0.7863899109375 0.35309617968749996 0.7861271671875001 0.38537549375 0.7898055703125 0.39459815468750004 0.7840252234375 0.40382081718749996 0.784550709375 0.409090909375 0.7911192859375 0.424242425 0.8058328953125 0.43873517812499996 0.812138728125 0.46113307031249995 0.8150289015625001 0.4578392625 0.816605359375 0.44466403125 0.816605359375 0.4604743078125 0.8124014718750001 0.476284584375 0.8129269578124999 0.49209486093750004 0.8187073046875 0.5289855078125 0.8231739359375 0.5428195 0.8315817125 0.5533596843749999 0.8394640046875 0.5520421609375 0.844456121875 0.5289855078125 0.8352601156249999 0.505928853125 0.8307934843749999 0.5013175234375 0.8297425125 0.4828722 0.8352601156249999 0.47562582343750004 0.8431424062499999 0.4782608703125 0.8491854968749999 0.44993412343749994 0.8541776140625 0.4440052703125 0.8578560171875 0.44532279375000006 0.8602207046875 0.46179183124999995 0.8709931687499999 0.480895915625 0.8867577515624999 0.48748353125 0.8917498687500001 0.5026350468749999 0.8914871249999999 0.52964426875 0.8983184453125 0.5309617921875 0.9062007359375001 0.5085639 0.91907514375 0.5303030296875 0.9185496578125001 0.5434782609375 0.9109301109375 0.557312253125 0.8983184453125 0.5546772062499999 0.89647924375 0.5513833984375001 0.8980557015624999 0.53820816875 0.8914871249999999 0.536231884375 0.8901734109375001 0.5421607374999999 0.8959537578125 0.5685111984375 0.8959537578125 0.58036890625 0.8817656328125001 0.608036890625 0.8770362578125 0.6304347828125 0.8786127171875 0.6488801046875 0.8825538625 0.654808959375 0.8862322656250001 0.6561264828125 0.8935890703125 0.6455862984375 0.8977929578125 0.6469038203124999 0.910404625 0.6706192359375 0.918286915625 0.675889328125 0.922753546875 0.6857707515625 0.9222280609375 0.71607378125 0.9101418812500001 0.743741765625 0.9101418812500001 0.7582345187499999 0.8983184453125 0.8379446640625 0.8946400421874999 0.8379446640625 0.8943772984375 0.8320158109375001 0.8996321593750001 0.8043478265624999 0.9012086187499999 0.764822134375 0.8983184453125 0.75889328125 0.8825538625 0.7760210796875 0.8788754593749999 0.773386034375 0.860746190625 0.7134387359375001 0.8528638984375 0.69894598125 0.8523384125 0.67391304375 0.8499737250000001 0.6640316203125 0.8473462953125 0.661396575 0.8449816078125 0.6765480890625 0.83893851875 0.683794465625 0.8310562265625 0.7061923578125 0.8221229640625 0.70750988125 0.8197582765625 0.7173913046875 0.8234366796874999 0.7569169953125 0.8342091437500001 0.76679841875 0.8420914343750001 0.790513834375 0.8547031 0.8050065875 0.8623226484375 0.8214756265625001 0.867577509375 0.8465085640625001 0.8749343140624999 0.85968379375 0.8775617453125 0.875494071875 0.876510771875 0.907114625 0.8891224375 0.94532279375 0.88702049375 0.9716732546875001 0.8822911187500001 0.984848484375 0.8828166046874999 0.9927536234375 0.89647924375 0.998023715625 0.899894903125 0.9947299078125 0.9051497640624999 0.976284584375 0.9130320546874999 0.9947299078125 0.9224908046875001 0.9947299078125 0.9256437203125 0.9828722000000001 0.9293221234375 0.9947299078125 0.9372044140625 0.9947299078125 0.941408303125 0.9815546765625 0.9450867046875 0.9973649531250001 0.94929059375 0.9960474312500001 0.954808196875 0.9690382078124999 0.9521807671875001 0.9242424249999999 0.964266946875 0.8847167328125 0.9866001046875 0.8418972328125 1 0.8438735171875 1 0.7358366265625 0.9968470828125 0.722661396875 0.9973725703125 0.7081686421875 1 0.70289855 1 0.6119894593749999
0 0.3507619546875 0.9960474312500001 0.360746190625 0.9841897234375001 0.364950078125 0.9960474312500001 0.36862848125 0.9973649531250001 0.4316868109375 0.9934123843749999 0.433000525 0.9822134390624999 0.42879663749999997 0.942687746875 0.4351024703125 0.896574440625 0.436678928125 0.8557312250000001 0.4442984765625 0.828722003125 0.4513925375 0.8214756265625001 0.45507094062500003 0.7911725953125 0.4600630578125 0.77997365 0.46689437656250005 0.7747035578125 0.5063058328125 0.77997365 0.5178665265625 0.8063241109374999 0.5273252765625001 0.8063241109374999 0.5307409359374999 0.8122529640625 0.533368365625 0.8359683796875 0.5396741984375 0.8438735171875 0.5386232265625 0.8570487484375 0.5417761421875 0.872859025 0.5391487125000001 0.88603425625 0.5417761421875 0.8952569171875 0.54125065625 0.9110671937499999 0.5317919078125 0.9822134390624999 0.5341565953125 0.9934123843749999 0.6082501312499999 0.9947299078125 0.61061481875 0.9901185765625 0.611665790625 0.963768115625 0.6169206515625001 0.9545454546875 0.62007356875 0.9202898546875 0.6400420390625 0.8715415015625 0.6421439828125 0.82674571875 0.6374146078125 0.7911725953125 0.625591171875 0.7681159421875 0.577246453125 0.7470355734374999 0.5514976359375 0.7470355734374999 0.5267997890625 0.73254281875 0.4900157640625 0.7338603421875 0.48423541718749996 0.72859025 0.482658959375 0.718050065625 0.47950604375 0.7272727265625 0.47109826562499996 0.7272727265625 0.46847083593749994 0.718050065625 0.45507094062500003 0.69894598125 0.45454545468749996 0.6884057968749999 0.4603258015625 0.669960475 0.4608512875 0.6304347828125 0.47109826562499996 0.603425559375 0.482658959375 0.6021080375000001 0.496321596875 0.58102766875 0.5063058328125 0.582345190625 0.5126116656249999 0.5902503296875 0.5165528109374999 0.584321475 0.5178665265625 0.5678524375 0.519705728125 0.6001317515625 0.522070415625 0.603425559375 0.525486075 0.586956521875 0.5296899625 0.5816864296875 0.53231739375 0.5579710140625 0.54361534375 0.5428195 0.5478192328125 0.5428195 0.5557015234375 0.557312253125 0.5625328421875 0.561264821875 0.57356805 0.5599472984375 0.5780346828125 0.5513833984375001 0.576983709375 0.5421607374999999 0.5662112453125 0.523056653125 0.5454545453125 0.4604743078125 0.5307409359374999 0.42885375468750003 0.5296899625 0.4117259546875 0.53231739375 0.391963109375 0.528901734375 0.3715415015625 0.5026274296875 0.3675889328125 0.49789805625000005 0.35177865625 0.49054125 0.349143609375 0.4881765640625 0.3550724640625 0.48633736250000004 0.400527009375 0.4855491328125 0.36166007968749997 0.482658959375 0.3478260875 0.46584340468749996 0.3478260875 0.46111403125 0.35309617968749996 0.459537571875 0.3610013171875 0.45533368437500005 0.3478260875 0.4508670515625 0.3550724640625 0.44981607968750004 0.3656126484375 0.445612190625 0.37351778593749996 0.445612190625 0.3840579703125 0.44140830312499996 0.3932806328125 0.4393063578125 0.47364953906249996 0.4419337890625 0.523715415625 0.43983184375000006 0.573781290625 0.43694167031250003 0.582345190625 0.43457698437500003 0.58036890625 0.4335260109375 0.5711462453125 0.43247503906249996 0.5210803687500001 0.4303730953125 0.5118577078125 0.43457698437500003 0.49736495312500006 0.43457698437500003 0.4486166015625 0.4316868109375 0.42819499375000003 0.42327903281249996 0.4308300390625 0.40567525 0.451251646875 0.404361534375 0.5072463765624999 0.3959537578125 0.49802371562500003 0.3830793484375 0.5210803687500001 0.3820283765625 0.531620553125 0.3851812921875 0.5434782609375 0.3825538625 0.5487483531249999 0.38097740468749997 0.573781290625 0.37046768281250003 0.6106719375 0.3730951125 0.6198945984375 0.36284813437499996 0.627140975 0.3497109828125 0.6693017125 0.3286915390625 0.66534914375 0.3255386234375 0.6600790515625 0.30241723593750003 0.6640316203125 0.26563321093750003 0.6600790515625 0.2577509203125 0.6706192359375 0.24251182343750002 0.7061923578125 0.1957435625 0.6996047437499999 0.18891224375 0.7167325421874999 0.1844456125 0.7121212124999999 0.1839201265625 0.69894598125 0.181029953125 0.6930171281249999 0.17262217500000002 0.6930171281249999 0.17052023125 0.6996047437499999 0.1547556484375 0.71146245 0.15133998906249999 0.726613965625 0.15685759375 0.7509881421875 0.169469259375 0.7575757578125 0.170782975 0.77536231875 0.1631634265625 0.78392621875 0.1539674203125 0.8043478265624999 0.151077246875 0.81818181875 0.14004203906249998 0.8353096171875001 0.1316342609375 0.8563899875000001 0.11376773437500001 0.8840579703125 0.10877561718749999 0.904479578125 0.1056227015625 0.9835309625 0.1100893328125 0.9907773390625 0.127955859375 0.9947299078125 0.2787703625 0.9947299078125 0.2908565421875 0.9986824765625 0.2921702578125 0.9888010546875 0.2900683125 0.9584980234374999 0.284287965625 0.94532279375 0.29506043125 0.9420289859375 0.3000525484375 0.95322793125 0.295848659375 0.9624505921875001 0.295848659375 0.9690382078124999 0.298476090625 0.9901185765625 0.3026799796875 0.998023715625 0.32974251250000003 0.9934123843749999 0.3507619546875 0.9960474312500001
0 0.9810825015625 0.3129117265625 0.97714135625 0.320158103125 0.968733578125 0.320158103125 0.9684708359374999 0.332674571875 0.9732002109375 0.3445322796875 0.9742511828125 0.3550724640625 0.9810825015625 0.36034255625 0.9831844453125 0.330039525 0.9810825015625 0.3129117265625
0 0.8654755656249999 0.353754940625 0.8541776140625 0.33465085625 0.846820809375 0.3320158109375 0.84340515 0.33530961718749996 0.842354178125 0.345849803125 0.842354178125 0.364295125 0.8449816078125 0.3656126484375 0.855754071875 0.355731225 0.8654755656249999 0.353754940625
0 0.9062007359375001 0.501976284375 0.9059379921874999 0.48945981562499996 0.8967419859374999 0.4835309625 0.8946400421874999 0.47035573125 0.890436153125 0.480895915625 0.8885969515625 0.4657444 0.8862322656250001 0.4650856390625 0.8843930640625001 0.4815546765625 0.8888596953125001 0.48484848437499994 0.8933263265625 0.49868247656250003 0.8938518125 0.51317523125 0.8917498687500001 0.5223978921875 0.8980557015624999 0.523715415625 0.8980557015624999 0.50395256875 0.9062007359375001 0.501976284375
0 0.9143457703125 0.8056653484374999 0.9106673671875001 0.7977602109374999 0.9177614296875 0.7826086953125 0.9245927484375001 0.781291171875 0.925380978125 0.789855071875 0.9269574359374999 0.7872200265625 0.9219653171875001 0.7681159421875 0.91487125625 0.76745718125 0.9219653171875001 0.76679841875 0.9232790328125 0.760869565625 0.9167104578125 0.74571805 0.9127693109375 0.747694334375 0.913820284375 0.7793148875 0.9085654234374999 0.7872200265625 0.9101418812500001 0.7977602109374999 0.9075144515625 0.81752305625 0.9106673671875001 0.8359683796875 0.9143457703125 0.8122529640625 0.9143457703125 0.8056653484374999
0 0.9532317390625 0.9624505921875001 0.94929059375 0.955204215625 0.9429847609375 0.955204215625 0.9432475046875 0.9387351781250001 0.9372044140625 0.9314888015625 0.9348397265624999 0.9347826093749999 0.9395691015625 0.9400527015625 0.941145559375 0.9545454546875 0.9372044140625 0.9604743078125001 0.925118234375 0.96179183125 0.9238045187499999 0.9690382078124999 0.9287966375 0.9710144921874999 0.9335260109375 0.98682476875 0.941408303125 0.9696969703124999 0.945874934375 0.9888010546875 0.9527062531249999 0.9729907765625001 0.9532317390625 0.9624505921875001
0 0.9566473984374999 0.561264821875 0.96111403125 0.5513833984375001 0.9532317390625 0.531620553125 0.957172884375 0.52964426875 0.9621650031250001 0.510540184375 0.9508670515625001 0.49143610000000004 0.9461376781249999 0.4927536234375 0.9421965312499999 0.5118577078125 0.947976878125 0.5289855078125 0.9485023640625 0.552700921875 0.9437729906250001 0.565876153125 0.9453494484375 0.5777338609375 0.9487651078124999 0.5678524375 0.9566473984374999 0.561264821875
0 0.933000525 0.5454545453125 0.9364161843750001 0.5329380765625 0.93799264375 0.493412384375 0.9324750390625001 0.494071146875 0.9256437203125 0.48484848437499994 0.9219653171875001 0.47035573125 0.9177614296875 0.47562582343750004 0.9140830265625001 0.4492753625 0.912243825 0.4525691703125 0.9127693109375 0.4657444 0.9090909093749999 0.472332015625 0.9117183390625 0.47891963125 0.9101418812500001 0.5118577078125 0.9201261171875 0.5303030296875 0.91907514375 0.5434782609375 0.9132947984375 0.56324110625 0.9172359437500001 0.582345190625 0.921702575 0.5816864296875 0.922753546875 0.5566534921875 0.933000525 0.5454545453125
0 0.84340515 0.531620553125 0.83893851875 0.5283267453125 0.833158171875 0.5085639 0.8300052546875 0.5085639 0.8279033109375 0.5177865609375 0.8229111921875001 0.514492753125 0.8234366796874999 0.506587615625 0.8276405671875 0.5013175234375 0.8250131375 0.493412384375 0.8255386234375001 0.485507246875 0.8347346296874999 0.4743083 0.8420914343750001 0.47562582343750004 0.8428796640625 0.46837944687500005 0.8386757749999999 0.46310935468750003 0.8370993171875 0.4525691703125 0.8394640046875 0.44532279375000006 0.8473462953125 0.446640315625 0.8497109828125 0.43412384687500005 0.8473462953125 0.4308300390625 0.8394640046875 0.4413702234375 0.8352601156249999 0.43610013125 0.8344718859375 0.4328063234375 0.839726746875 0.4235836625 0.8279033109375 0.3992094859375 0.823699421875 0.3992094859375 0.8150289015625001 0.493412384375 0.8244876515625 0.5408432140625 0.8339464 0.5487483531249999 0.8394640046875 0.5480895921875 0.84340515 0.531620553125
0 0.71439831875 0.285902503125 0.71676300625 0.26943346562500003 0.7225433531250001 0.26548089531249996 0.7196531796875 0.2555994734375 0.7101944296875 0.25164690312500004 0.6965317921875 0.23715415 0.6860220703125 0.23320158124999998 0.6802417234375 0.243741765625 0.6707829750000001 0.243741765625 0.6631634265625 0.23649538906249998 0.6629006828125 0.22002635 0.6466106140625001 0.21870882812499998 0.6447714140625 0.2233201578125 0.64503415625 0.23715415 0.65922228125 0.26218708749999997 0.66815554375 0.27140975 0.6749868625000001 0.28985507187500004 0.6786652656250001 0.2845849796875 0.69127693125 0.2872200265625 0.699421965625 0.2957839265625 0.7065160265625 0.2872200265625 0.71439831875 0.285902503125
0 0.9992117703125001 0.48748353125 0.9566473984374999 0.442687746875 0.9351024703125 0.4123847171875 0.9266946921875 0.40843214687499996 0.921702575 0.3932806328125 0.922753546875 0.37351778593749996 0.916184971875 0.3544137015625 0.9127693109375 0.3550724640625 0.9075144515625 0.4117259546875 0.9172359437500001 0.43873517812499996 0.925118234375 0.442687746875 0.9450867046875 0.46640316249999997 0.95401996875 0.467720684375 0.9834471890625001 0.5006587609375 0.99316868125 0.506587615625 1 0.5026350468749999 0.9992117703125001 0.48748353125
0 0.8160798734375 0.416996046875 0.8155543875 0.39459815468750004 0.8102995265624999 0.3840579703125 0.8118759859375 0.364295125 0.8045191796875001 0.3563899875 0.8060956390625 0.3339920953125 0.8042564375 0.3293807640625 0.8005780343750001 0.32674571874999997 0.7963741453125001 0.33465085625 0.7913820281249999 0.32476943281250004 0.7963741453125001 0.31488801093749996 0.7837624796875 0.30961791875 0.7806095640625 0.303030303125 0.7771939046874999 0.332674571875 0.7737782453125 0.33596837968750004 0.7532842875 0.32674571874999997 0.7496058859375 0.316205534375 0.7472411984375 0.319499340625 0.7435627953124999 0.3313570484375 0.7414608515625 0.38142292499999997 0.738570678125 0.3715415015625 0.7367314765625 0.37351778593749996 0.73751970625 0.39393939375000003 0.7590646343749999 0.400527009375 0.7598528640625 0.3932806328125 0.7530215453125 0.3840579703125 0.7553862328125 0.3715415015625 0.773252759375 0.3675889328125 0.7806095640625 0.37681159375 0.7848134531250001 0.34650856406249997 0.7871781390625 0.3590250328125 0.786652653125 0.38537549375 0.7887545984375001 0.3972332015625 0.7840252234375 0.40382081718749996 0.793746715625 0.424242425 0.8068838671874999 0.43610013125 0.8124014718750001 0.45652173906250004 0.8124014718750001 0.43412384687500005 0.8160798734375 0.416996046875
0 0.6363636359375 0.374835309375 0.62664214375 0.3715415015625 0.609301103125 0.3399209484375 0.5966894375 0.3333333328125 0.593273778125 0.29710145 0.588544403125 0.2852437421875 0.5964266953124999 0.26679841875 0.6006305828125 0.24835309687499998 0.598003153125 0.23649538906249998 0.6043089859374999 0.21936758906249998 0.6037835 0.20750988124999997 0.6119285343749999 0.19894598125000001 0.6156069359375 0.18050065937499998 0.6221755124999999 0.1772068515625 0.6114030484375 0.16600790468749999 0.6077246453125 0.15678524375 0.6029952703125 0.1554677203125 0.6003678406249999 0.14492753593750002 0.5961639515625 0.1436100125 0.593273778125 0.1495388671875 0.591171834375 0.1666666671875 0.5948502359375001 0.1785243734375 0.5861797156249999 0.1831357046875 0.581713084375 0.19696969687500002 0.5880189171875 0.2378129125 0.5811875984375 0.29183135781249997 0.576983709375 0.3102766796875 0.5722543359375 0.315546771875 0.5785601687499999 0.34980237187499996 0.576983709375 0.364295125 0.5790856546875001 0.374835309375 0.5759327375 0.395915678125 0.5777719390625 0.39789196250000003 0.5846032578125 0.387351778125 0.59458749375 0.3952569171875 0.6284813453125 0.3972332015625 0.63583815 0.388010540625 0.6363636359375 0.374835309375
0 0.6156069359375 0.519104084375 0.6174461375 0.54611330625 0.619810825 0.5494071140625 0.6232264843750001 0.5421607374999999 0.625853915625 0.5013175234375 0.6282186015625 0.494071146875 0.6355754078125 0.4888010546875 0.6434576984375 0.5032938078125 0.6479243296874999 0.5013175234375 0.651077246875 0.49209486093750004 0.653179190625 0.45388669375 0.6594850234375 0.44071146250000004 0.6605359953125001 0.430171278125 0.653441934375 0.417654809375 0.637151865625 0.4123847171875 0.6318970046875 0.40579710156250004 0.5651602734375001 0.407114625 0.563321071875 0.4117259546875 0.5643720437499999 0.4183135703125 0.6037835 0.5210803687500001 0.6048344718750001 0.5513833984375001 0.607199159375 0.561264821875 0.6090383609375001 0.5606060609375 0.6132422484375 0.5474308296875 0.6156069359375 0.519104084375