1 0.0828125 0.73515625 0.128125 0.1453125
1 0.70390625 0.540625 0.084375 0.10390625
1 0.28125 0.2921875 0.13203125 0.115625
1 0.31796875 0.8125 0.140625 0.09609375
1 0.19140625 0.96328125 0.16484375 0.0734375
1 0.36875 0.221875 0.07109375 0.075
0 0.4376163875 0.7665222109375 0.4338919921875 0.7491874328125 0.436374921875 0.7188515703125 0.433271259375 0.7123510296875 0.43606455625 0.705308775 0.447237740625 0.6944745390625 0.4509621359375 0.6944745390625 0.45468652968749995 0.703141928125 0.4596523890625 0.70097508125 0.46399751718750004 0.7063922 0.4702048421875 0.7063922 0.47237740468749995 0.6993499453124999 0.4729981375 0.6722643546875 0.4729981375 0.6278439875 0.46523898125 0.62296858125 0.461824953125 0.610509209375 0.46306641875 0.5866738890625001 0.46679081250000004 0.5747562296875001 0.469894475 0.5725893828124999 0.47175667343749994 0.561755146875 0.466480446875 0.55362946875 0.46275605156250005 0.5590465874999999 0.4605834890625 0.556338028125 0.46430788281249996 0.5498374859374999 0.46679081250000004 0.5281690140624999 0.46430788281249996 0.5130010828125 0.46679081250000004 0.5 0.46617008125000003 0.46641386718750005 0.4686530109375 0.449079090625 0.46368715156249996 0.4328277359375 0.46306641875 0.41657638124999996 0.45685909375 0.41224268750000004 0.4590316578125 0.4008667390625 0.46275605156250005 0.404117009375 0.46430788281249996 0.40140845 0.46430788281249996 0.39057421406250004 0.45996275625000005 0.3743228609375 0.45996275625000005 0.3418201515625 0.46306641875 0.32881906875 0.4590316578125 0.32827735625 0.45747982656249997 0.32340195 0.45747982656249997 0.30823401875 0.4596523890625 0.30010834218750004 0.4674115453125 0.2952329359375 0.4674115453125 0.286565546875 0.46027312187499997 0.2838569875 0.45872129062500006 0.2735644640625 0.46151458749999996 0.2654387859375 0.46803227812500003 0.262730228125 0.46679081250000004 0.2464788734375 0.46927374374999997 0.2096424703125 0.4612042203125 0.1923076921875 0.46523898125 0.184182015625 0.46027312187499997 0.1798483203125 0.4404096828125 0.17659805 0.42582247031250003 0.1847237265625 0.434512725 0.1923076921875 0.4270639359375 0.2118093171875 0.4252017375 0.23456121406250002 0.4211669765625 0.23943662031250001 0.41216635625000003 0.24106175468750002 0.41092489062500004 0.2605633796875 0.408752328125 0.2643553625 0.4019242703125 0.2589382453125 0.3891992546875 0.2746478875 0.3885785234375 0.28873239375000004 0.3836126625 0.2930660890625 0.37988826875 0.30823401875 0.37057728125 0.32231852656250004 0.371818746875 0.32881906875 0.3668528859375 0.3515709640625 0.35723153281250003 0.35752979375 0.343265053125 0.3764897078125 0.3482309125 0.40357529843749995 0.327746740625 0.42416034687500004 0.3283674734375 0.4306608890625 0.341713221875 0.4550379203125 0.3441961515625 0.43661971875 0.3575419 0.4306608890625 0.360955928125 0.4084507046875 0.37306021093749997 0.40357529843749995 0.37368094375 0.3884073671875 0.371818746875 0.3840736734375 0.38206083125 0.36836402968750004 0.39075108593749996 0.36728060625 0.392613284375 0.37053087812499996 0.396337678125 0.3640303359375 0.40378646875 0.36836402968750004 0.413407821875 0.3840736734375 0.413407821875 0.39057421406250004 0.40937306093750003 0.39436619687499996 0.3923029171875 0.394907909375 0.3743016765625 0.43716142968750005 0.37306021093749997 0.458829903125 0.3764742390625 0.48104008593750003 0.3919925515625 0.48320693437499995 0.397889509375 0.488082340625 0.397889509375 0.5281690140624999 0.40285536874999994 0.55417118125 0.40285536874999994 0.5671722640625 0.39975170625 0.5747562296875001 0.39975170625 0.597508125 0.3972687765625 0.60292524375 0.399130975 0.6083423625 0.399130975 0.6744312031249999 0.39540657968750004 0.7047670640625 0.3919925515625 0.7074756234375 0.38826815625 0.6998916578125 0.3854748609375 0.7058504875 0.39106145312499996 0.708017334375 0.3904407203125 0.7329360781250001 0.3966480453125 0.7665222109375 0.40409683437500005 0.7762730234374999 0.4047175671875 0.7881906828125 0.4078212296875 0.7957746484375 0.41899441406250004 0.8076923078125 0.41899441406250004 0.8141928500000001 0.42333954062499995 0.820693390625 0.4239602734375 0.8401950156250001 0.42861576718750005 0.842903575 0.4323401609375 0.8266522203125 0.433271259375 0.8412784406249999 0.435754190625 0.8423618640624999 0.43823712031250006 0.8109425781249999 0.4376163875 0.7665222109375
0 0.55772811875 0 0.5543140906249999 0.00487540625 0.551210428125 0.0200433375 0.55245189375 0.0644637046875 0.5487274984375 0.1067172265625 0.5456238359375 0.1218851578125 0.5282433265625001 0.15872155937500002 0.53072625625 0.1760563375 0.5282433265625001 0.1847237265625 0.530105525 0.1923076921875 0.5266914953125 0.1993499453125 0.5180012421875 0.20260021718750001 0.5152079453125 0.198808234375 0.517690875 0.164138678125 0.514276846875 0.1603466953125 0.5024829296875 0.1668472375 0.49689633750000006 0.1820151671875 0.480446928125 0.18580715 0.48851645 0.1944745390625 0.4829298578125 0.2118093171875 0.48541278749999994 0.252979415625 0.493792675 0.256771396875 0.4962756046875 0.26868905781249997 0.50155183125 0.267063921875 0.5003103656250001 0.252979415625 0.5093109874999999 0.2459371609375 0.5152079453125 0.24972914375 0.5180012421875 0.2665222109375 0.5304158906249999 0.26868905781249997 0.5263811296875 0.25947995625 0.533519553125 0.248104009375 0.5437616390625 0.2551462625 0.545003103125 0.2605633796875 0.542830540625 0.26868905781249997 0.53072625625 0.27031419218749997 0.5344506515624999 0.4274106171875 0.528864059375 0.44582881875 0.5328988203125 0.4615384609375 0.5614525140625 0.46587215625 0.56083178125 0.47345612187499997 0.5735567968749999 0.4772481046875 0.576970825 0.47020585 0.5909373062500001 0.46641386718750005 0.578212290625 0.46262188593750003 0.5760397265625 0.458829903125 0.5772811921875001 0.44582881875 0.5800744875 0.44095341250000003 0.5900062078125 0.43878656562499996 0.5896958406249999 0.43174431249999995 0.5965238984375001 0.4219935 0.5996275609375 0.4111592625 0.5996275609375 0.38732394375 0.6076970828125 0.369989165625 0.6095592796875 0.3569880828125 0.6101800125 0.26489707500000004 0.6114214765625 0.2443120265625 0.615145871875 0.232394365625 0.6126629421875001 0.20639219999999997 0.6076970828125 0.198808234375 0.6058348859375 0.18689057343749998 0.6064556171875 0.14355362968750002 0.6027312234375 0.13271939375 0.6027312234375 0.0893824484375 0.5996275609375 0.0742145171875 0.5996275609375 0.0276273015625 0.6033519546874999 0.0211267609375 0.6033519546874999 0.0135427953125 0.5993171937499999 0 0.55772811875 0
0 0.5601910453125 1 0.57539379375 0.78307756875 0.584391303125 0.78199481875 0.5933888140625 0.8231398953125 0.592768303125 0.8074397890625 0.5905964953125 0.7928224734375 0.5983529859375001 0.791739703125 0.603317159375 0.8025673578125 0.6023863703125001 0.8372158359374999 0.6098325828125 0.8334261734374999 0.6135556875 0.8052742703125 0.6231737546875 0.809063953125 0.6433892 0.9989165765625 0.659838609375 0.992957746875 0.649906890625 0.851029253125 0.6511483546875 0.835861321875 0.643699565625 0.8271939328125001 0.6412166359375 0.8109425781249999 0.6424581 0.7903575296875001 0.652079453125 0.786565546875 0.65487275 0.7816901406250001 0.6517690875000001 0.7405200437499999 0.6523898203125 0.684182015625 0.6561188453125 0.655995809375 0.66356508125 0.6570785578125 0.6694600187499999 0.6695303765625 0.6927294890625 0.6711545203125 0.7004859796875 0.6614096359375 0.725617003125 0.6365060203125 0.7321324734375 0.6267611359374999 0.7291335046875 0.5986933578125 0.7024682578125 0.5996365124999999 0.7014167437500001 0.5975264625000001 0.7180222625 0.595880125 0.6672881875 0.5856160609375001 0.6638753359375 0.576953925 0.6539470374999999 0.5802022328125 0.65673935625 0.601857540625 0.6573598890625 0.61322656875 0.6449410296875 0.6278439875 0.64183736875 0.5769230765625 0.6430788328125 0.5650054171875001 0.6362507765625 0.53900325 0.6272501546875 0.5352112671875 0.621353196875 0.5205850484375001 0.6241464921875 0.516793065625 0.6359404093750001 0.5178764890625 0.637492240625 0.5130010828125 0.63563004375 0.4989165765625 0.632216015625 0.492957746875 0.6235257609375 0.49512459375000006 0.6182095828125 0.4259139078125 0.6191403703125 0.392721728125 0.6147967546875 0.391806803125 0.612004390625 0.3842274375 0.62906866875 0.38206191875 0.629378946875 0.3723170359375 0.6287584374999999 0.36419629531250003 0.6197608796875 0.3658204390625 0.6082812843750001 0.36527904375000003 0.5974221984375 0.380437775 0.5977324765625001 0.410755196875 0.6085915625 0.41275289062500004 0.6070402640625 0.4344081984375 0.5980427078125 0.43078636093749995 0.5949401109375 0.41725179375000004 0.5881144093749999 0.4329518796875 0.5896657078125 0.4508175234375 0.5871836218750001 0.46364286093749996 0.5874939 0.49287754531249994 0.5775915578124999 0.492957746875 0.575083515625 0.4690566875 0.570950115625 0.46825529374999997 0.5747732375 0.46418424687500004 0.5580384859375 0.4707475625 0.5543140906249999 0.46641386718750005 0.5611421484375 0.458829903125 0.5453134703125 0.45395449687499995 0.53538175 0.45720476718749997 0.5294847921875 0.46641386718750005 0.53072625625 0.47941495156249997 0.5251396640625 0.5227518953125 0.5207945375 0.6115926328125 0.5238982 0.6440953406250001 0.5232774671875 0.6657638140625 0.528864059375 0.6993499453124999 0.528864059375 0.71018418125 0.522036003125 0.7329360781250001 0.5282433265625001 0.7589382453125 0.5282433265625001 0.77952329375 0.538175046875 0.794691225 0.54314090625 0.8271939328125001 0.5437616390625 0.92686890625 0.5394165109375 0.9474539546875 0.5294847921875 0.9691224265624999 0.522656734375 0.992957746875 0.5279329609375 1 0.5601910453125 1
0 0.45996275625000005 0.1370530875 0.45996275625000005 0.11430119218749998 0.461824953125 0.109967496875 0.4593420234375 0.0893824484375 0.45313469843750004 0.076381365625 0.4512725015625 0.055796315625 0.44227188125000005 0.0487540625 0.43823712031250006 0.054712892187499994 0.435754190625 0.13813651093749998 0.42333954062499995 0.1652221015625 0.431098696875 0.17118093125 0.447237740625 0.169014084375 0.4674115453125 0.1728060671875 0.46927374374999997 0.16305525468749998 0.45996275625000005 0.1370530875
0 0.4612042203125 0.94637053125 0.46275605156250005 0.9404117015625 0.4671011796875 0.943661971875 0.469894475 0.9398699890625 0.4671011796875 0.9230769234375 0.46679081250000004 0.9322860234375 0.463376784375 0.9382448531250001 0.45530726250000003 0.93607800625 0.45065176874999996 0.9290357531250001 0.45189323437500006 0.952871071875 0.4593420234375 0.9572047671874999 0.46368715156249996 0.9517876484375 0.4612042203125 0.94637053125
0 0.7181874609375 0.8976164687500001 0.7178770953125 0.885157096875 0.7098075734375 0.8862405203125 0.7057728125 0.8932827734375 0.7051520796874999 0.9149512453125 0.70732464375 0.9209100765624999 0.710738671875 0.9214517875 0.7132216015624999 0.9008667390625 0.7181874609375 0.8976164687500001
0 0.557417753125 0.69176598125 0.5533829921875 0.69122426875 0.549658596875 0.6847237265625 0.5453134703125 0.6901408453125 0.541589075 0.6890574218750001 0.5409683421875 0.693391115625 0.5459342031250001 0.6923076921875 0.5561762875 0.70151679375 0.5561762875 0.7329360781250001 0.5611421484375 0.738353196875 0.5611421484375 0.7026002171875 0.557417753125 0.69176598125
0 0.567349471875 0.835861321875 0.5685909375 0.8282773562499999 0.565176909375 0.82340195 0.5630043453125 0.8846153843750001 0.565487275 0.9149512453125 0.5698324015625 0.8521126765625 0.567349471875 0.835861321875
0 0.45810055937499994 0.9647887328125 0.4515828671875 0.96099675 0.45065176874999996 0.96587215625 0.45375543125 0.9734561218750001 0.4515828671875 0.9891657640625 0.44382371249999997 0.9788732390625 0.44351334531250003 0.9718309859375 0.43916821875 0.9718309859375 0.43823712031250006 0.9767063921875 0.4385474859375 0.99458288125 0.4500310359375 0.9940411703124999 0.4605834890625 0.9864572046875001 0.45810055937499994 0.9647887328125
0 0.3938547484375 0.6847237265625 0.392613284375 0.6890574218750001 0.3888888890625 0.6847237265625 0.3845437609375 0.69122426875 0.3808193671875 0.6868905734374999 0.37740533906249996 0.698266521875 0.378646803125 0.7047670640625 0.3839230296875 0.7063922 0.3854748609375 0.698266521875 0.38485412812500003 0.7058504875 0.3888888890625 0.7248104015625 0.39106145312499996 0.7091007578124999 0.3938547484375 0.7063922 0.3966480453125 0.7264355359375 0.397889509375 0.6863488624999999 0.3938547484375 0.6847237265625
0 0.36809435156250003 0.7123510296875 0.3659217875 0.6977248109375 0.3621973921875 0.6988082343750001 0.36033519531249997 0.7063922 0.35288640625 0.7074756234375 0.349472378125 0.7123510296875 0.3525760390625 0.7253521125 0.3519553078125 0.7361863484375 0.3575419 0.742686890625 0.365611421875 0.7340195015625001 0.36809435156250003 0.7123510296875
0 0.7532588453125 0.8591549296875 0.758535071875 0.8564463703125 0.7579143390625 0.84777898125 0.7532588453125 0.8526543875 0.74953445 0.8418201515625 0.73339540625 0.8450704218749999 0.7259466171875 0.8396533046875 0.7206703906249999 0.860780065625 0.7206703906249999 0.8737811484375 0.7231533203125 0.8759479953125 0.7470515203125 0.869989165625 0.7532588453125 0.8591549296875
0 0.4047175671875 0.7589382453125 0.4075108625 0.7464788734375001 0.411855990625 0.751895990625 0.4162011171875 0.743228603125 0.4162011171875 0.761646803125 0.4255121046875 0.7638136515625 0.43265052812500004 0.76002166875 0.4283054 0.7535211265624999 0.43078832968749997 0.7405200437499999 0.42737430156249995 0.7063922 0.42458100625000006 0.7091007578124999 0.426443203125 0.7199349953125 0.415580384375 0.7248104015625 0.41247672187499995 0.7356446375 0.40006207343750005 0.737811484375 0.3950962140625 0.7345612140625 0.39106145312499996 0.7394366203125 0.396337678125 0.7659804984374999 0.4003724390625 0.7448537375 0.4022346375 0.747020584375 0.40347610156249997 0.7611050921875 0.400993171875 0.771939328125 0.4053382984375 0.7881906828125 0.4078212296875 0.767605634375 0.4047175671875 0.7589382453125
0 0.7194289265625 0.9864572046875001 0.7194289265625 0.9702058499999999 0.7147734328124999 0.957746478125 0.7070142765625 0.950704225 0.704531346875 0.92686890625 0.699875853125 0.924160346875 0.6939788953125 0.9312026 0.696461825 0.938786565625 0.6970825578125 0.992957746875 0.7032898828125 0.9983748640625001 0.7172563625 0.9913326109374999 0.7194289265625 0.9864572046875001
0 0.2712600875 0.649512459375 0.2756052140625 0.6300108343749999 0.27436375 0.6224268687500001 0.279329609375 0.6213434453125 0.27498448125 0.610509209375 0.2756052140625 0.5964247015625 0.265363128125 0.595882990625 0.2576039734375 0.614842903125 0.2576039734375 0.6235102921875 0.2613283671875 0.6300108343749999 0.260707634375 0.6386782234374999 0.2650527625 0.6516793062499999 0.2576039734375 0.664680390625 0.256983240625 0.678764896875 0.258535071875 0.6847237265625 0.2756052140625 0.6852654390625 0.27188081875000003 0.6722643546875 0.2712600875 0.649512459375
0 0.3078833015625 0.9279523296875001 0.311607696875 0.9247020578124999 0.3109869640625 0.909534128125 0.306331471875 0.9252437703125 0.3013656109375 0.9133261109375 0.2967101171875 0.9171180937500001 0.2976412171875 0.9252437703125 0.2827436375 0.9274106171875 0.2805710734375 0.9041170093750001 0.2836747359375 0.8976164687500001 0.2827436375 0.8938244859375001 0.268466790625 0.89707475625 0.2687771578125 0.9106175515625001 0.26660459375 0.9133261109375 0.259155803125 0.91657638125 0.255431409375 0.8981581796875 0.25015518281250004 0.9041170093750001 0.25108628125 0.9144095343749999 0.24363749218750003 0.9176598046875 0.23929236562499998 0.9144095343749999 0.23649906875 0.9182015171875 0.24301675937499997 0.92632719375 0.2560521421875 0.9274106171875 0.262259465625 0.9219934999999999 0.2613283671875 0.9312026 0.26970825625 0.9382448531250001 0.28398510312499997 0.9317443125 0.3029174421875 0.9420368359375001 0.30850403437499996 0.9377031421875 0.3078833015625 0.9279523296875001
0 0.41527001874999997 0.8986998921874999 0.42458100625000006 0.8965330437500001 0.4227188078125 0.8759479953125 0.427995034375 0.865655471875 0.4320297953125 0.8705308781250001 0.42985723125 0.8624052000000001 0.41527001874999997 0.85752979375 0.41527001874999997 0.8466955578125 0.42178770937500004 0.8450704218749999 0.4239602734375 0.8401950156250001 0.4208566109375 0.8228602390624999 0.42209807499999996 0.8087757312500001 0.4199255125 0.8049837484375001 0.4174425828125 0.8136511375 0.413407821875 0.8109425781249999 0.4158907515625 0.794691225 0.4130974546875 0.7887323937499999 0.4099937921875 0.7887323937499999 0.4078212296875 0.794691225 0.41092489062500004 0.8022751890625001 0.40906269375 0.8076923078125 0.407200496875 0.8705308781250001 0.41092489062500004 0.87703141875 0.407200496875 0.8889490796875 0.407200496875 0.9084507046875 0.40409683437500005 0.9171180937500001 0.4050279328125 0.92632719375 0.41030415937500003 0.92686890625 0.4127870890625 0.9247020578124999 0.41527001874999997 0.8986998921874999
0 0.3659217875 0.7746478875 0.3662321546875 0.767605634375 0.360955928125 0.7659804984374999 0.35723153281250003 0.7703141921875 0.34978274374999996 0.7605633796875 0.3445065171875 0.76002166875 0.34543761562499997 0.7562296859375001 0.34978274374999996 0.7583965328125 0.351334575 0.75460455 0.3519553078125 0.742686890625 0.34978274374999996 0.737811484375 0.3379888265625 0.751895990625 0.303227809375 0.747562296875 0.29888268125 0.7508125671875 0.28460583437500003 0.74972914375 0.27808814375 0.76002166875 0.2821229046875 0.772481040625 0.2864680328125 0.772481040625 0.289261328125 0.7611050921875 0.2945375546875 0.7562296859375001 0.29733085 0.76002166875 0.2967101171875 0.7730227515625 0.29888268125 0.7746478875 0.3507138421875 0.7784398703125001 0.35350713906250003 0.7746478875 0.3659217875 0.7746478875
0 0.9729981375 0.8884073671875001 0.9823091249999999 0.8808234015625 0.9944134078125 0.8759479953125 0.9950341406250001 0.860780065625 0.9916201125 0.8450704218749999 0.981067659375 0.83856988125 0.977343265625 0.8309859156250001 0.9612042203125 0.8342361859375 0.9522036 0.8423618640624999 0.9522036 0.8640303359375 0.957169459375 0.874864571875 0.9577901921875001 0.8911159265625 0.9615145875 0.9008667390625 0.968032278125 0.8981581796875 0.9729981375 0.8884073671875001
0 0.250775915625 0.7816901406250001 0.24891371874999998 0.7611050921875 0.2532588453125 0.752437703125 0.2551210421875 0.735102925 0.25108628125 0.7118093171875 0.24736188750000002 0.7118093171875 0.2374301671875 0.7237269765625001 0.22594661718750003 0.7437703140624999 0.220670390625 0.762730228125 0.21260086875 0.764897075 0.2036002484375 0.794691225 0.21260086875 0.82340195 0.21632526406250002 0.8277356453125 0.231533209375 0.8293607796875 0.2321539421875 0.8217768140624999 0.250775915625 0.7816901406250001
0 0.9180633140625 0.9247020578124999 0.9205462453125 0.8347778984374999 0.9174425828125001 0.8282773562499999 0.9180633140625 0.8228602390624999 0.910924890625 0.8136511375 0.887957790625 0.821235103125 0.8870266921875001 0.8618634890625 0.867163253125 0.8694474546875 0.8727498453125 0.8759479953125 0.8708876468750001 0.8932827734375 0.875232775 0.9171180937500001 0.8823711984375 0.9274106171875 0.8907510859375 0.9322860234375 0.9022346375 0.92632719375 0.9180633140625 0.9247020578124999
0 0.6815642453125 0.179306609375 0.670701428125 0.153846153125 0.646803228125 0.154387865625 0.643699565625 0.1771397609375 0.645251396875 0.18526543906249998 0.6589075109375 0.1928494046875 0.6765983859375 0.193391115625 0.6809435140625 0.18905742187500002 0.6815642453125 0.179306609375
0 0.7374301671875 0.2313109421875 0.7411545625 0.2096424703125 0.7386716328125 0.19122426875 0.7352576046875 0.1863488625 0.7178770953125 0.20151679374999998 0.7054624453125 0.20476706406249998 0.70266915 0.2291440953125 0.6896337671875 0.24539545000000001 0.6902545 0.2583965328125 0.6942892609375 0.267605634375 0.7023587828125 0.2654387859375 0.7166356296874999 0.2730227515625 0.7405338296874999 0.272481040625 0.7417752953125001 0.267063921875 0.7374301671875 0.2313109421875