1 0.42109375 0.69296875 0.3015625 0.2671875
1 0.7515625 0.5609375 0.1515625 0.14609375
1 0.2890625 0.53203125 0.23203125 0.14921875
1 0.52734375 0.353125 0.21484375 0.10625
1 0.546875 0.3953125 0.13984375 0.08359375
1 0.765625 0.41015625 0.20625 0.10234375
1 0.94609375 0.490625 0.10703125 0.11640625
1 0.05390625 0.6 0.1078125 0.18125
1 0.1375 0.63984375 0.13671875 0.134375
1 0.04296875 0.4609375 0.0859375 0.134375
1 0.03125 0.3703125 0.0625 0.0703125
1 0.19765625 0.4125 0.146875 0.128125
1 0.31796875 0.4375 0.1 0.0671875
1 0.38828125 0.34921875 0.06015625 0.08984375
1 0.309375 0.29765625 0.05234375 0.03984375
1 0.28125 0.271875 0.0921875 0.053125
1 0.39296875 0.27890625 0.0703125 0.04921875
1 0.74765625 0.334375 0.11328125 0.05078125
1 0.10859375 0.315625 0.0875 0.075
1 0.20078125 0.1234375 0.0546875 0.0671875
0 0 0.9946996468749999 0.0028901734375 0.99646643125 0.3139779296875 0.9976442875 0.3218602203125 0.99411071875 0.330793484375 0.9976442875 0.3339464 0.98939929375 0.337624803125 0.98939929375 0.3415659484375 0.9982332156249999 0.5662112453125 0.9976442875 0.5777719390625 0.9929328625 0.5903836046875 0.99646643125 0.71912769375 0.99646643125 0.7214923796875 0.9829210843749999 0.724645296875 0.9075382796874999 0.72096689375 0.8886925796874999 0.7217551234374999 0.8810365140625 0.7277982140625 0.8922261484374999 0.7293746718749999 0.9110718500000001 0.734104046875 0.9134275625000001 0.7333158171874999 0.919905771875 0.7296374140624999 0.917550059375 0.7283237 0.9252061250000001 0.7272727265625 0.9405182562500001 0.7288491859375 0.9511189640625 0.7333158171874999 0.9469964671875 0.7438255390624999 0.9493521796875 0.745664740625 0.9628975265624999 0.745139253125 0.9852767968749999 0.7490804 0.99646643125 0.93562795625 0.99646643125 0.9400945875 0.9923439343749999 0.941408303125 0.98233215625 0.94929059375 0.9976442875 0.9997372562500001 0.995288575 1 0.5270906953125001 0.97241198125 0.5206124859375 0.968733578125 0.512367490625 0.957172884375 0.510011778125 0.9534944828125 0.502944640625 0.9372044140625 0.501766784375 0.8962165000000001 0.485276796875 0.8862322656250001 0.4487632515625 0.8725696265625 0.43345111875000003 0.86416185 0.43580683125 0.85733053125 0.4487632515625 0.8247503937499999 0.4617196703125 0.7522333156250001 0.4475853953125 0.73935890625 0.4658421671875 0.7404098796875 0.47526501718749997 0.7388334203125 0.48351001250000003 0.7527588015625 0.498233215625 0.7990015765625 0.485276796875 0.8126642140625 0.488810365625 0.8279033109375 0.499411071875 0.8292170249999999 0.51060070625 0.8244876515625 0.5270906953125001 0.8250131375 0.5541813906249999 0.819232790625 0.5659599531249999 0.8210719921875 0.5724381625 0.8279033109375 0.5771495875 0.835522859375 0.5895170796875 0.8386757749999999 0.6236749109375 0.8310562265625 0.6254416968750001 0.8242249078125001 0.6160188453125001 0.8231739359375 0.6077738515625 0.8163426171875001 0.6042402828125 0.812138728125 0.6113074203125 0.7995270624999999 0.6089517078125 0.784287965625 0.6148409890625001 0.7813977921874999 0.6236749109375 0.7829742515625 0.6425206125 0.780084078125 0.6702002359375 0.775354703125 0.6631330984375 0.7679978984375 0.6619552421875 0.7574881765625 0.646643109375 0.7427745671875 0.634864546875 0.7388334203125 0.6260306250000001 0.7419863375 0.6142520609375001 0.73751970625 0.6007067140625 0.73515501875 0.6071849234375 0.7367314765625 0.6248527671875 0.73279033125 0.6266195531250001 0.7217551234374999 0.6089517078125 0.71439831875 0.6077738515625 0.713084603125 0.5989399296875 0.705990540625 0.58892815 0.7036258546874999 0.6272084812500001 0.6988964796875 0.65783274375 0.69837099375 0.6943462890625 0.7031003671875 0.7049469968750001 0.6978455078125 0.720259128125 0.6962690484375 0.7367491171875 0.6952180765625 0.8015312124999999 0.696794534375 0.8274440515625001 0.694429846875 0.84923439375 0.689963215625 0.8321554765625001 0.6915396734375 0.775618375 0.6915396734375 0.712014134375 0.689963215625 0.702591284375 0.6962690484375 0.6943462890625 0.6978455078125 0.6790341578125 0.6978455078125 0.63191990625 0.6962690484375 0.6248527671875 0.6978455078125 0.5954063609375 0.694429846875 0.58068315625 0.6907514453125 0.584216725 0.6865475562500001 0.5771495875 0.6823436671875001 0.5795053 0.6770888078125 0.574793875 0.6749868625000001 0.5630153124999999 0.6605359953125001 0.5624263843749999 0.6660535999999999 0.5583038874999999 0.669469259375 0.5482921078125 0.6734104046875 0.504122496875 0.699159221875 0.489988221875 0.7088807140625 0.47762072968749997 0.7104571734375 0.4646643109375 0.7031003671875 0.4493521796875 0.701786653125 0.42167255625 0.6918024171875 0.415783275 0.6770888078125 0.41460541875 0.6744613765625 0.4063604234375 0.667104571875 0.4087161359375 0.6642143984375 0.4045936390625 0.6615869671875 0.3881036515625 0.6550183921875 0.3780918734375 0.6334734625 0.3828032984375 0.627693115625 0.3769140171875 0.6284813453125 0.3892815078125 0.62664214375 0.3945818609375 0.6119285343749999 0.3981154296875 0.6029952703125 0.41696113125 0.595375721875 0.422261484375 0.59695218125 0.439929328125 0.593273778125 0.4658421671875 0.593273778125 0.5200235578125 0.5974776671875001 0.5282685515625001 0.5964266953124999 0.5376914015625001 0.600105096875 0.5518256765625 0.6082501312499999 0.5547703187499999 0.6108775625 0.5500588921875 0.6434576984375 0.5418138984375 0.6495007875 0.5541813906249999 0.6495007875 0.6248527671875 0.64083026875 0.6289752656250001 0.6374146078125 0.635453475 0.6332107203125 0.7826855125 0.627693115625 0.7915194343749999 0.625328428125 0.78386336875 0.6263794015624999 0.63427561875 0.6166579078125001 0.631330978125 0.5798738828125 0.636042403125 0.5627955859375 0.6248527671875 0.563321071875 0.5624263843749999 0.565685759375 0.5583038874999999 0.5814503421875 0.5547703187499999 0.584340515625 0.5270906953125001 0.58749343125 0.5200235578125 0.58749343125 0.4705535921875 0.581713084375 0.439929328125 0.583815028125 0.43286219062500003 0.581975828125 0.4204947 0.5780346828125 0.422261484375 0.5767209671875 0.4416961125 0.5257488171875 0.4570082453125 0.5189174984375 0.4522968203125 0.5089332625 0.4558303890625 0.48528639062499995 0.4487632515625 0.47004729375 0.43816254375 0.46715712031249995 0.424617196875 0.46321597499999995 0.41931684375 0.44377299062500003 0.42402826875 0.439043615625 0.4228504125 0.43589069843750006 0.41460541875 0.4222280609375 0.41931684375 0.40120861874999997 0.3981154296875 0.3754598 0.3898704359375 0.3610089328125 0.4069493515625 0.360483446875 0.414016490625 0.36626379375 0.422261484375 0.36521282187500004 0.4599528859375 0.35260115625 0.4787985859375 0.3494482390625 0.4929328625 0.351287440625 0.502944640625 0.3623226484375 0.5194346296875 0.37335785625 0.5265017671875001 0.3770362578125 0.5382803296875001 0.3864950078125 0.5441696109375 0.392800840625 0.5547703187499999 0.40120861874999997 0.5606595999999999 0.427482921875 0.5653710249999999 0.44587493437500003 0.58068315625 0.454808196875 0.5959952890625 0.46111403125 0.5971731453125 0.4821334734375 0.6148409890625001 0.4926431953125 0.6289752656250001 0.5026274296875 0.633686690625 0.526274303125 0.659599528125 0.5614818703125 0.6890459359375 0.572779821875 0.703769140625 0.5717288484374999 0.721436984375 0.5651602734375001 0.72791519375 0.5638465578125 0.7367491171875 0.57383079375 0.7567726734375 0.572779821875 0.7650176671875 0.5651602734375001 0.7656065953125 0.5572779828125001 0.772673734375 0.536784025 0.773851590625 0.5331056234375 0.782096584375 0.5199684703125 0.783274440625 0.5141881234375 0.7915194343749999 0.50210194375 0.784452296875 0.4868628484375 0.7926972906249999 0.4316868109375 0.8068315671875 0.3922753546875 0.8115429921875 0.38859695156249996 0.8174322734375 0.3843930640625 0.8150765609375 0.37808723125 0.8197879859375 0.34550709375 0.8091872796875 0.342354178125 0.8174322734375 0.32974251250000003 0.8209658421875 0.3252758796875 0.8356890453125001 0.3218602203125 0.8386336859375 0.2703625859375 0.84687868125 0.25827640625 0.8763250890625001 0.254335259375 0.8710247343749999 0.2532842875 0.848645465625 0.2485549140625 0.8356890453125001 0.250131371875 0.8003533562499999 0.247503940625 0.7909305062499999 0.2506568578125 0.7367491171875 0.2485549140625 0.727326265625 0.250131371875 0.7073027093750001 0.2480294265625 0.6861012953125 0.2509196 0.6808009421875 0.259327378125 0.6796230859375 0.2630057796875 0.69964664375 0.270625328125 0.6684334515625 0.265895953125 0.66018845625 0.2669469265625 0.6330977625 0.26326852343749996 0.6213191984375 0.2461902265625 0.5948174328125 0.23620599062499997 0.5936395765625 0.23226484531249997 0.577738515625 0.23147661562500002 0.5630153124999999 0.2285864421875 0.64134275625 0.23226484531249997 0.64840989375 0.235943246875 0.6955241453125 0.21597477656250003 0.7449941109375 0.213347346875 0.7661955234375 0.204151340625 0.767962309375 0.20126116718749998 0.7732626625 0.1999474515625 0.8339222609375 0.17262217500000002 0.83981154375 0.15922228125 0.861601884375 0.1589595375 0.8716136625 0.14109301093749999 0.8833922265625 0.13741460781249998 0.8939929328125 0.111665790625 0.8998822140625 0.1043089859375 0.9069493515625 0.0181292703125 0.915194346875 0.0118234359375 0.929328621875 0 0.9334511187500001 0 0.9946996468749999
0 0.2214923796875 0.5936395765625 0.2162375203125 0.5983510015625 0.20178665312500002 0.5942285046875 0.2078297421875 0.6207302703125 0.21203363125000002 0.6160188453125001 0.2170257484375 0.6236749109375 0.20835522812499999 0.633686690625 0.224908040625 0.64369846875 0.224908040625 0.6166077734375001 0.2214923796875 0.5936395765625
0 0.3562795578125 0.345700825 0.35260115625 0.287985865625 0.349185496875 0.28386336874999996 0.34130320468750003 0.29093050625 0.337624803125 0.28975265 0.3347346296875 0.30800942343750004 0.342091434375 0.3339222609375 0.3415659484375 0.35159010625 0.35260115625 0.35394581875000003 0.3554913296875 0.35217903437500003 0.3562795578125 0.345700825
0 0.0664739890625 0.28621908125 0.12322648437499999 0.27915194374999996 0.12454019999999999 0.26207302656250003 0.12296374218749999 0.2444051828125 0.1261166578125 0.22909305 0.12454019999999999 0.21849234375 0.1227009984375 0.214369846875 0.1037835 0.209658421875 0.09800315312499999 0.212014134375 0.08828166093749999 0.22791519375 0.090909090625 0.2467608953125 0.0903836046875 0.269140165625 0.0764582234375 0.27679623124999997 0.0591171828125 0.27208480625 0.057803468749999996 0.28327444062499996 0.0593799265625 0.3056537109375 0.0599054125 0.290341578125 0.0664739890625 0.28621908125
0 0.3184445609375 0.36101295625 0.31161324218750003 0.34923439375 0.3060956390625 0.3203769140625 0.2861271671875 0.3156654890625 0.27824487656249997 0.30742049531250004 0.2509196 0.3168433453125 0.24645296874999997 0.30918727968750004 0.24645296874999997 0.299764428125 0.2435627953125 0.29564193125 0.23988439375 0.29564193125 0.2325275875 0.30742049531250004 0.22306883906250002 0.30270906875 0.21991592187500003 0.31213192031250003 0.21728849218750002 0.29799764375 0.2020493953125 0.28857479375 0.1957435625 0.27679623124999997 0.1883867578125 0.27090695 0.1860220703125 0.2514723203125 0.181029953125 0.2426383984375 0.17157120312500002 0.2438162546875 0.1689437734375 0.2497055359375 0.16421439843750002 0.2485276796875 0.1597477671875 0.2550058890625 0.1581713078125 0.27502944687499997 0.1607987390625 0.28209658437499996 0.15922228125 0.289163721875 0.1476615875 0.299764428125 0.1492380453125 0.3256772671875 0.13715186562499998 0.3433451125 0.141618496875 0.348645465625 0.1489753015625 0.348645465625 0.2067787703125 0.3368669015625 0.21676300624999997 0.348645465625 0.2320021015625 0.35453474687500003 0.2388334203125 0.361601884375 0.2509196 0.3922261484375 0.25827640625 0.3981154296875 0.2630057796875 0.39575971718749997 0.270888071875 0.4134275625 0.276405675 0.412838634375 0.31686810312499997 0.4034157828125 0.3184445609375 0.36101295625
0 0.1731476609375 0.57832744375 0.1757750921875 0.58303886875 0.19364161875000002 0.57832744375 0.2004729375 0.5901060078125 0.213084603125 0.5865724375 0.2162375203125 0.5818610125 0.21991592187500003 0.58539458125 0.22122963750000002 0.5612485281249999 0.21991592187500003 0.5524146046875 0.1952180765625 0.5547703187499999 0.1815554390625 0.5394581859375001 0.1768260640625 0.5276796234375001 0.170782975 0.5223792703125001 0.1686810296875 0.5 0.1652653703125 0.487632509375 0.1605359953125 0.501766784375 0.15002627500000001 0.486454653125 0.14109301093749999 0.485276796875 0.1379400953125 0.4793875140625 0.13373620625 0.48409894062500003 0.12769311562500002 0.4670200234375 0.1329479765625 0.4575971734375 0.125328428125 0.4546525328125 0.1224382546875 0.4481743234375 0.1213872828125 0.3845700828125 0.11954808125000001 0.3804475859375 0.10588544375 0.3804475859375 0.10220704218750001 0.3875147234375 0.09747766718749999 0.3851590109375 0.09222280625 0.3898704359375 0.07856016875 0.3875147234375 0.06673673125 0.36808009375 0.0651602734375 0.34923439375 0.0617446140625 0.343934040625 0.0599054125 0.35041225 0.06095638437499999 0.3916372203125 0.07777193906249999 0.423439340625 0.0788229109375 0.441107184375 0.08512874375 0.4575971734375 0.084077771875 0.4811542984375 0.0856542296875 0.495288575 0.1019442984375 0.5306242640625001 0.10641092968750002 0.5477031796875 0.1100893328125 0.5512367484375 0.1148187078125 0.5441696109375 0.1227009984375 0.5441696109375 0.1295323171875 0.5618374562499999 0.13583815 0.5630153124999999 0.132422490625 0.5977620734375 0.1387283234375 0.6001177859375 0.1699947453125 0.5865724375 0.1731476609375 0.57832744375