1 0.8140625 0.46015625 0.11796875 0.20234375
1 0.80703125 0.3578125 0.0703125 0.07890625
1 0.9265625 0.28828125 0.040625 0.0671875
1 0.66875 0.20859375 0.0609375 0.05234375
1 0.15 0.140625 0.03125 0.04765625
0 1 0.46467722343749995 0.9962077015625 0.49695493281249997 0.99416569375 0.49147381250000005 0.9959159859375 0.4585870890625 0.9927071171874999 0.4506699140625 0.9874562421874999 0.4567600484375 0.9848308046875 0.4695493296875 0.981330221875 0.47442143750000004 0.9696616109375 0.5389768578125 0.9649941656250001 0.595006090625 0.9609101515624999 0.599878196875 0.9609101515624999 0.5816077953125001 0.9708284718750001 0.517052375 0.9708284718750001 0.49147381250000005 0.9789965 0.45736906250000003 0.9784130687499999 0.44275274062500003 0.984247375 0.4013398296875 0.987164528125 0.3867235078125 0.9938739796875 0.3812423875 1 0.35992691875 0.999708284375 0.3130328875 0.9921236875 0.3142509140625 0.9711201859375 0.337393421875 0.957117853125 0.3252131546875 0.94836639375 0.3276492078125 0.9448658109375 0.337393421875 0.9331972000000001 0.34835566406249996 0.9282380390625 0.3587088921875 0.9215285874999999 0.404384896875 0.9063593937500001 0.40682095 0.8906067671875 0.42996345937499997 0.8748541421875 0.4336175390625 0.870770128125 0.4506699140625 0.8681446906250001 0.4500609015625 0.8666861140625001 0.4372716203125 0.8532672109374999 0.43118148593749994 0.852392065625 0.43422655312499997 0.8617269546875 0.4500609015625 0.8564760796875 0.468331303125 0.8564760796875 0.482947625 0.873395565625 0.5012180265625 0.8745624265625 0.5243605359375 0.8716452734375 0.5389768578125 0.8316802796875 0.5505481125 0.80309218125 0.5517661390625 0.7987164531250001 0.5645554203125001 0.7925904312500001 0.629719853125 0.788214703125 0.6266747875 0.788214703125 0.616930571875 0.793465578125 0.5560292328124999 0.790548425 0.548721071875 0.7893815640625 0.5255785625 0.784422403125 0.5200974421875 0.7762543749999999 0.5505481125 0.752333721875 0.5517661390625 0.7243290546875001 0.561510353125 0.7091598593749999 0.5566382453125 0.707117853125 0.5694275281250001 0.7021586937500001 0.5773447015625 0.69836639375 0.5718635812499999 0.699241540625 0.5566382453125 0.6928238046875 0.561510353125 0.6601516921874999 0.5627283796875 0.6438156359375 0.5700365406250001 0.6391481906250001 0.5627283796875 0.6362310390625 0.5724725937499999 0.6286464406250001 0.5712545671875 0.6245624265624999 0.582216809375 0.6169778296875 0.5846528625 0.6009334890625 0.5816077953125001 0.6088098015625001 0.58099878125 0.6114352390625 0.5730816078125 0.6082263703125 0.5700365406250001 0.5959743296875 0.5712545671875 0.5901400234375 0.582216809375 0.57263710625 0.5919610234375 0.5659276546875 0.6059683312499999 0.5630105015625 0.6193666265625 0.5635939328124999 0.6510353234374999 0.5609684953125 0.679658953125 0.5417152859375001 0.688185140625 0.5183780625 0.69062119375 0.51371061875 0.705237515625 0.5070011671875 0.6985383671875 0.5061260203125 0.676004871875 0.5017502921875 0.683922046875 0.500291715625 0.6979293546875 0.48453909062499995 0.6967113281249999 0.4827887984375 0.693057246875 0.47053675625 0.6979293546875 0.4670361734375 0.69062119375 0.462952159375 0.6979293546875 0.4582847140625 0.6979293546875 0.45128354687499994 0.6869671125 0.44719953281249997 0.6869671125 0.44282380468750004 0.6936662609375001 0.44078179687499996 0.705237515625 0.42444574062499996 0.7210718640625 0.37602100312500003 0.7320341046875 0.3725204203125 0.7198538375 0.37106184375 0.7302070640625 0.364935821875 0.735688184375 0.360851809375 0.7344701578125 0.3538506421875 0.722289890625 0.34859976718749996 0.722289890625 0.3287631265625 0.7381242390625 0.30192532031249997 0.7405602921875001 0.2984247375 0.75030450625 0.29025670937500003 0.7527405609375 0.2826721125 0.7405602921875001 0.279754959375 0.7442143734375 0.252333721875 0.7429963453124999 0.241831971875 0.718635809375 0.23512252031249997 0.7131546890625 0.23133022187500002 0.6918392203125 0.223453909375 0.7107186359375001 0.222870478125 0.72411693125 0.2193698953125 0.7277710109375 0.217619603125 0.7070645546875001 0.2112018671875 0.688794153125 0.21295215937499998 0.6802679656249999 0.2112018671875 0.671741778125 0.21791131875 0.66504263125 0.219953325 0.6559074296875 0.21236872812500002 0.6449451890625 0.209743290625 0.63093788125 0.20186697812499999 0.62302070625 0.2053675609375 0.6157125453125001 0.20711785312500003 0.5901339828125 0.2112018671875 0.5755176609375 0.2088681453125 0.565773446875 0.21236872812500002 0.557247259375 0.21003500625 0.5438489640624999 0.2112018671875 0.5255785625 0.2187864640625 0.5097442140624999 0.22403733906249998 0.480511571875 0.2246207703125 0.4585870890625 0.219953325 0.425700365625 0.20740956875 0.39342265468750004 0.1928238046875 0.375152253125 0.17532088750000002 0.3593179046875 0.13681446875 0.3459196109375 0.1257292875 0.332521315625 0.121353559375 0.3209500609375 0.121353559375 0.2953714984375 0.117852975 0.2831912296875 0.115519253125 0.20036540781249998 0.1146441078125 0.1961023140625 0.10589264843749999 0.1912302078125 0.0942240375 0.1948842875 0.089264878125 0.21010962187499999 0.0933488921875 0.2637028015625 0.0927654609375 0.3124238734375 0.09072345468750001 0.321559075 0.0825554265625 0.3166869671875 0.07817969687500001 0.328258221875 0.0822637109375 0.374543240625 0.0822637109375 0.422046284375 0.08576429375 0.4415347140625 0.0845974328125 0.4732034109375 0.0819719953125 0.47746650468749996 0.074970828125 0.467722290625 0.062135356249999996 0.4689403171875 0.059218203125 0.464068209375 0.0475495921875 0.48964677187500005 0.037631271875 0.48964677187500005 0.030921820312499997 0.5060901343750001 0.0312135359375 0.5176613890625 0.03529755 0.5115712546875 0.03733955625 0.5158343484375 0.013418903125000001 0.574299634375 0.0122520421875 0.582825821875 0.0087514578125 0.586479903125 0.0035005828125 0.6059683312499999 0 0.6096224109375 0 0.8593179046874999 0.0119603265625 0.8416565171875 0.0224620765625 0.85140073125 0.0250875140625 0.8593179046874999 0.024504084375 0.86906211875 0.0204200703125 0.8800243609375 0.0204200703125 0.900730815625 0.016627771875 0.9098660171875 0.0119603265625 0.9098660171875 0.0070011671875 0.900730815625 0.008168028125 0.8848964671875 0 0.8714981734375 0.000291715625 0.9951278921875 0.3100933484375 0.9951278921875 0.3133022171875 0.9908647984375 0.3127187859375 0.9543239953124999 0.3109684953125 0.9421437265625 0.3057176203125 0.93605359375 0.3057176203125 0.9299634593749999 0.31359393281250003 0.917174178125 0.322053675 0.9190012187500001 0.322053675 0.9299634593749999 0.31738623125 0.9457978078125 0.3179696609375 0.9859926921875 0.3240956828125 0.9951278921875 0.5796382734375001 0.9951278921875 0.582847140625 0.9908647984375 0.5840140015624999 0.9665042625 0.5805134187500001 0.9518879421875001 0.5805134187500001 0.9311814859374999 0.5889731625 0.917174178125 0.6012252046875 0.908647990625 0.607642940625 0.8952496953125 0.6146441078125 0.89403166875 0.64731621875 0.917174178125 0.6543173859375 0.9403166875 0.6630688453125 0.9403166875 0.6694865812499999 0.9330085265625 0.6823220531249999 0.9330085265625 0.6884480749999999 0.9421437265625 0.6890315046875 0.9518879421875001 0.6831972000000001 0.9835566375000001 0.6922403734375 0.9939098656249999 0.7036172703125 0.99573690625 1 0.9945188796875 1 0.46467722343749995
0 0.8357642937499999 0.4019488421875 0.8191365234375001 0.40255785624999996 0.827596265625 0.41900121874999996 0.8436406062499999 0.41961023124999997 0.8398483078125001 0.39464068281250003 0.8357642937499999 0.4019488421875
0 0.9066511078125 0.3526187578125 0.89848308125 0.336784409375 0.8970245046875001 0.3276492078125 0.8935239203125 0.32643118125 0.89206534375 0.336784409375 0.8967327890625001 0.3903775890625 0.90373395625 0.39403166875 0.9060676781250001 0.38550548125 0.9066511078125 0.3526187578125
0 0.7972578765625 0.321559075 0.7998833140625 0.31364190000000003 0.7969661609375 0.2783191234375 0.7911318546875 0.262484775 0.7885064171875 0.2423873328125 0.781796965625 0.3148599265625 0.781796965625 0.3233861140625 0.78529755 0.32582216875 0.789673278125 0.320341046875 0.7972578765625 0.321559075
0 0.8529754953124999 0.34287454375 0.8617269546875 0.3209500609375 0.8628938156249999 0.3087697921875 0.8556009328125 0.2971985390625 0.8509334890625 0.298416565625 0.839264878125 0.2886723515625 0.8261376890625 0.3014616328125 0.8243873984375 0.328258221875 0.8436406062499999 0.3440925703125 0.8401400234375 0.374543240625 0.8401400234375 0.387941534375 0.8436406062499999 0.3903775890625 0.851808634375 0.362362971875 0.8529754953124999 0.34287454375
0 0.7829638265625001 0.24177831875 0.7809218203125 0.21680877031249998 0.77158693125 0.2192448234375 0.7558343062499999 0.260657734375 0.744749125 0.2630937875 0.7383313890625 0.27771010937499996 0.7319136515625 0.27771010937499996 0.725495915625 0.3020706453125 0.723453909375 0.2978075515625 0.7252042000000001 0.2868453109375 0.72316219375 0.2618757609375 0.7132438734375001 0.260657734375 0.7100350062499999 0.277101096875 0.7050758453125 0.27771010937499996 0.7047841312500001 0.268574909375 0.7112018671875 0.2551766140625 0.709743290625 0.2509135203125 0.7062427078125 0.2509135203125 0.7027421234375 0.243605359375 0.679696615625 0.24665042656249997 0.6791131859374999 0.2539585875 0.682905484375 0.2618757609375 0.69049008125 0.271619975 0.703908984375 0.2789281359375 0.7042007 0.2880633375 0.7091598593749999 0.3020706453125 0.7202450406249999 0.2996345921875 0.7219953328125001 0.30937880624999997 0.726079346875 0.3045066984375 0.7301633609375 0.3166869671875 0.744749125 0.32643118125 0.7520420062500001 0.3416565171875 0.7590431734374999 0.374543240625 0.7619603265625 0.3757612671875 0.7747957999999999 0.362362971875 0.7829638265625001 0.24177831875
0 0.968203034375 0.42996345937499997 0.9740373390625001 0.4336175390625 0.9763710624999999 0.44336175468750005 0.9787047843750001 0.41412911093749993 0.972870478125 0.41534713749999996 0.9670361734374999 0.4080389765625 0.96003500625 0.41047502968750005 0.9463243875 0.40255785624999996 0.9705367562499999 0.3982947625 0.9804550765625001 0.4056029234375 0.9848308046875 0.38550548125 0.9909568265625 0.3812423875 0.9982497078125 0.3587088921875 1 0.3148599265625 0.9962077015625 0.311814859375 0.98103850625 0.3252131546875 0.975495915625 0.33434835625 0.972870478125 0.3459196109375 0.9647024500000001 0.337393421875 0.9612018671874999 0.349573690625 0.9582847140625 0.32643118125 0.948949825 0.3276492078125 0.943407234375 0.3465286234375 0.941365228125 0.37149817343749997 0.9410735125 0.3611449453125 0.9384480749999999 0.355663825 0.9294049015624999 0.3562728375 0.9229871640624999 0.396467721875 0.9247374562499999 0.40986601718750004 0.9095682609375 0.41717417812499996 0.9110268375 0.423873325 0.916569428125 0.42691839218750005 0.9119019843749999 0.43179049999999997 0.9110268375 0.4397076734375 0.9022753796874999 0.423873325 0.8882730453125 0.4336175390625 0.8827304546875 0.44275274062500003 0.8987747953125 0.4421437265625 0.9025670937499999 0.44640682031249995 0.9162777125 0.438489646875 0.968203034375 0.42996345937499997
0 0.15023337187500002 0.252131546875 0.161318553125 0.243605359375 0.17852975468750001 0.2174177828125 0.17736289375 0.1662606578125 0.1820303390625 0.1638246046875 0.1791131859375 0.16138855000000002 0.17852975468750001 0.15286236250000002 0.184947490625 0.1492082828125 0.184947490625 0.1723507921875 0.188739790625 0.175395859375 0.19369894999999998 0.1321559078125 0.1922403734375 0.1132764921875 0.1834889140625 0.1108404390625 0.1791131859375 0.1151035328125 0.185530921875 0.1260657734375 0.186114353125 0.133373934375 0.1840723453125 0.1425091359375 0.1805717625 0.1425091359375 0.177071178125 0.15103532343749998 0.1729871640625 0.1449451890625 0.16890315 0.15468940312499999 0.1490665109375 0.1559074296875 0.1490665109375 0.188794153125 0.14731621875 0.18270401875 0.140315053125 0.18270401875 0.134480746875 0.175395859375 0.1295215875 0.18209500625 0.126604434375 0.205237515625 0.1271878640625 0.2210718640625 0.1324387390625 0.2429963453125 0.133897315625 0.24604141249999997 0.13739790000000002 0.24116930625 0.142357059375 0.2551766140625 0.142940490625 0.2661388546875 0.14644107343749999 0.268574909375 0.1516919484375 0.262484775 0.15023337187500002 0.252131546875