1 0.41484375 0.73046875 0.2265625 0.246875
1 0.28046875 0.225 0.3703125 0.23671875
1 0.878125 0.253125 0.234375 0.13671875
1 0.68203125 0.16171875 0.44453125 0.275
1 0.0578125 0.746875 0.115625 0.4
1 0.04609375 0.275 0.0921875 0.165625
0 0.0990379171875 0.47253363281249994 0.0863044703125 0.32623318437500004 0.0817770234375 0.32735425937499996 0.07894736875 0.33520179375 0.0698924734375 0.3228699546875 0.034238823437499996 0.3307174890625 0 0.3447309421875 0.00028296562500000004 0.394618834375 0.024617996875 0.3991031390625 0.0441426140625 0.4355381171875 0.05517826875 0.4641255609375 0.0744199203125 0.45964125625 0.07753254062500001 0.47477578437499995 0.0764006796875 0.4815022421875 0.09139785 0.48542600937499997 0.0950764 0.5106502234375 0.09847198593749999 0.5162556046875 0.1007357109375 0.5072869953125 0.0990379171875 0.47253363281249994
0 0.5 0.16479820625 0.5019807578125 0.1317264578125 0.49943406875 0.1244394625 0.519241653125 0.1065022421875 0.534804753125 0.10033632343750001 0.5370684781249999 0.0924887890625 0.5382003390625 0.029708520312499997 0.5331069609375 0.0162556046875 0.5331069609375 0.008408071875000001 0.541312959375 0.002242153125 0.547255234375 0.008408071875000001 0.5438596484375 0.0241031390625 0.54329371875 0.0891255609375 0.5452744765624999 0.10201793750000002 0.5520656484375001 0.0952914796875 0.5571590265624999 0.099775784375 0.5701754390625 0.09865470781249999 0.58488964375 0.09641255625 0.5882852296875 0.0919282515625 0.6199773625 0.0919282515625 0.70599886875 0.076233184375 0.8146576124999999 0.0639013453125 0.8355970578124999 0.05717488750000001 0.837577815625 0.0532511203125 0.8355970578124999 0.045964125 0.8152235421875 0.0414798203125 0.7801358234375 0.025784753124999997 0.7529711375 0.022421525 0.734295415625 0.0112107625 0.69185059375 0.008968609375 0.6635540468750001 0.0011210765625 0.41058290937499997 0 0.4069043578125 0.012892376562499998 0.40803622031250003 0.031950671874999996 0.4057724953125 0.03979820625 0.41171477031250003 0.08520179375 0.42020373437499997 0.08520179375 0.42812676875 0.077354259375 0.434917940625 0.077354259375 0.44057725000000003 0.0840807171875 0.4434069046875 0.077354259375 0.44765138593750003 0.08127802656250001 0.4513299375 0.1065022421875 0.4552914546875 0.1098654703125 0.4750990375 0.10874439531249999 0.48273910625000005 0.117152465625 0.4838709671875 0.13284753437500002 0.48132427812499995 0.1412556046875 0.4547255234375 0.1401345296875 0.450481040625 0.1463004484375 0.451046971875 0.16984305 0.46151669531249995 0.179372196875 0.4657611765625 0.17881165937500001 0.482456140625 0.167040359375 0.5 0.16479820625
0 0.3222976796875 0 0.3222976796875 0.0347533625 0.3211658171875 0 0.05517826875 0.003363228125 0.049518959375 0.008968609375 0.038766270312500004 0.003363228125 0.029711375 0.010089685937499999 0.023486134375000002 0.010089685937499999 0.0206564796875 0.002242153125 0.012733446875000002 0.003363228125 0 0.014013453125 0 0.150784753125 0.0138653078125 0.14686098593750002 0.016977928125 0.15302690624999998 0.017543859375 0.161995515625 0.0161290328125 0.16591928281249999 0.0036785515625 0.16479820625 0 0.1687219734375 0 0.20347533593749997 0.006791171875 0.20347533593749997 0.0461233734375 0.190582959375 0.061403509375 0.190582959375 0.0628183359375 0.1866591921875 0.059705715625 0.1827354265625 0.041595925 0.17376681562500002 0.035370684375 0.1580717484375 0.027447651562499998 0.16143497812500002 0.0220713078125 0.1552690578125 0.0209394453125 0.14854260156250002 0.023486134375000002 0.144618834375 0.0280135828125 0.1412556046875 0.0319750984375 0.14798206249999998 0.034238823437499996 0.14686098593750002 0.0398981328125 0.13228699531250002 0.046689303125 0.1255605375 0.0704584046875 0.1255605375 0.07809847187499999 0.1362107625 0.07894736875 0.14798206249999998 0.082908884375 0.122197309375 0.11403508749999999 0.1154708515625 0.120826259375 0.10426008906249999 0.12761743125 0.1132287 0.1417657046875 0.1143497765625 0.18817204375000002 0.1065022421875 0.19100169843749998 0.09080717499999999 0.1949632140625 0.0919282515625 0.1994906625 0.105381165625 0.21590265937500003 0.10426008906249999 0.2198641765625 0.0952914796875 0.22835314062499998 0.105381165625 0.2668364453125 0.09865470781249999 0.2707979625 0.0896860984375 0.278155065625 0.09641255625 0.301924165625 0.0896860984375 0.314374646875 0.09080717499999999 0.31918505937499997 0.08576233125 0.319750990625 0.055493273437500004 0.3222976796875 0.040358743749999995 0.3279569890625 0.0470852015625 0.33814374687500004 0.045964125 0.355121675 0.0526905828125 0.360780984375 0.09080717499999999 0.3811544984375 0.08856502187500001 0.3885116015625 0.0795964125 0.39190718750000003 0.08856502187500001 0.40096208281249995 0.087443946875 0.403508771875 0.0700672640625 0.40181097968749996 0.0162556046875 0.398132428125 0 0.3222976796875 0
0 0.2439162421875 0.684417040625 0.253254103125 0.6715246640625 0.2668364453125 0.6715246640625 0.27475947968750003 0.6838565015625 0.2787209953125 0.6827354265625 0.28324844374999997 0.6928251125 0.3098471984375 0.6771300453125 0.312110921875 0.662556053125 0.3398415390625 0.661434978125 0.3421052625 0.6524663671875001 0.3537068484375 0.6451793718750001 0.349462365625 0.6412556046875 0.342388228125 0.622757846875 0.329937746875 0.6014573984375 0.3214487828125 0.5678251125 0.3220147140625 0.5588565015625 0.31182795625000004 0.52858744375 0.2993774765625 0.50616591875 0.2925863046875 0.4815022421875 0.2855121671875 0.47197309374999996 0.2787209953125 0.45403587500000003 0.26796830781250003 0.45852017968750003 0.2648556875 0.45459641250000005 0.2623089984375 0.440582959375 0.252122240625 0.43721973125 0.25070741406249997 0.41872197343749995 0.2572156203125 0.41479820624999997 0.26344086093749997 0.429372196875 0.276457271875 0.42376681562499996 0.2790039609375 0.40526905781250006 0.2855121671875 0.3991031390625 0.30814940625 0.40246636718750006 0.31267685312500004 0.3979820625 0.335880021875 0.394618834375 0.34380305624999996 0.38789237656250003 0.372099603125 0.39349775781249996 0.38058856875 0.3654708515625 0.39728353125 0.35482062812500004 0.3967176 0.32903587500000003 0.40464063437500003 0.3189461890625 0.40096208281249995 0.3105381171875 0.39247311875 0.315022421875 0.384550084375 0.3116591921875 0.3596491234375 0.3195067265625 0.2866440296875 0.32623318437500004 0.27475947968750003 0.32399103125 0.2707979625 0.32735425937499996 0.2589134125 0.3251121078125 0.22382569375 0.3295964125 0.20401810937499998 0.32623318437500004 0.20118845468750002 0.3295964125 0.15534804687499998 0.33520179375 0.14912280625000002 0.3475336328125 0.1423316359375 0.3508968609375 0.109507640625 0.3508968609375 0.1021505375 0.337443946875 0.097340125 0.33464125624999996 0.0962082625 0.35930493281250003 0.10979060624999999 0.5151345296875001 0.11573288125 0.522421525 0.1259196375 0.5201793718750001 0.1417657046875 0.553811659375 0.157045840625 0.5605381171875 0.17458970000000001 0.5560538109375 0.18704018125 0.5695067265625 0.1912846625 0.582399103125 0.187889078125 0.6059417046875 0.187889078125 0.6384529140625 0.2014714203125 0.65302690625 0.204301075 0.6855381171875 0.21194114375 0.69955156875 0.21590265937500003 0.6973094171875001 0.2192982453125 0.71076233125 0.2260894171875 0.6939461890625 0.2391058296875 0.69843049375 0.24221845000000003 0.707959640625 0.23542727812500003 0.715807175 0.2433503109375 0.7169282515625001 0.2450481046875 0.7146860984375001 0.2439162421875 0.684417040625
0 1 0.537556053125 0.962931521875 0.4988789234375 0.9425580078125 0.4876681609375 0.9394453875 0.4770179375 0.9400113187500001 0.4478699546875 0.9453876625 0.42600896875 0.9538766265625 0.43273542656249997 1 0.40863228749999997 0.9997170343749999 0.3520179375 0.988398415625 0.35313901406250003 0.9833050374999999 0.360986546875 0.9357668359375 0.36883408125 0.9018109796875 0.38340807187500003 0.8933220140625 0.389013453125 0.890492359375 0.39686098593749997 0.8706847765625 0.3979820625 0.8480475375 0.41031390156249997 0.819750990625 0.41704035937499995 0.8172043015625 0.411995515625 0.8191850593750001 0.40582959687500003 0.8593661578124999 0.3912556046875 0.861912846875 0.3738789234375 0.8706847765625 0.36659192812499997 0.872665534375 0.3559417046875 0.8706847765625 0.3542600890625 0.8684210531250001 0.360986546875 0.8633276734375 0.36210762343749997 0.8588002265625001 0.3542600890625 0.8463497453125 0.349775784375 0.8401245046874999 0.337443946875 0.8355970578124999 0.340807175 0.8288058859375 0.33520179375 0.8276740234375 0.32623318437500004 0.8239954718750001 0.326793721875 0.8251273343750001 0.33464125624999996 0.819750990625 0.344170403125 0.7886247875 0.35313901406250003 0.7733446515625 0.3508968609375 0.7702320312500001 0.3424887890625 0.7693831359375001 0.3251121078125 0.7444821734375 0.33183856562499997 0.735993209375 0.32735425937499996 0.724108659375 0.3116591921875 0.7133559703125 0.3116591921875 0.6907187328125 0.320627803125 0.6748726656249999 0.31838565 0.6709111484375 0.32623318437500004 0.667798528125 0.3144618828125 0.6669496328125 0.26008968593750004 0.5888511609375 0.2735426015625 0.5809281265624999 0.2802690578125 0.5328239953125 0.2881165921875 0.5215053765625 0.2825112109375 0.5022637234375 0.281390134375 0.498585171875 0.2965246640625 0.49632144843750003 0.3189461890625 0.5016977921875 0.3295964125 0.5203735140625 0.344170403125 0.5503678546875 0.3452914796875 0.57300509375 0.340807175 0.579796265625 0.34641255625 0.6041312953125 0.3419282515625 0.6165817765625 0.3475336328125 0.6199773625 0.3307174890625 0.6358234296874999 0.32735425937499996 0.6777023203125 0.35313901406250003 0.6785512171875 0.375 0.6816638375 0.38789237656250003 0.6867572156249999 0.3901345296875 0.6895868703125 0.38116591875 0.7020373515625 0.377802690625 0.7034521781249999 0.38957399062500003 0.6983588000000001 0.3963004484375 0.7003395578125 0.40022421562500005 0.733729484375 0.4338565015625 0.7371250703125 0.4417040359375 0.74221845 0.4394618828125 0.7450481046874999 0.44843049375 0.7558007921875001 0.45403587500000003 0.7614601015625 0.463004484375 0.7682512734375 0.463004484375 0.7733446515625 0.47197309374999996 0.78919071875 0.4786995515625 0.8084323718749999 0.5 0.8152235421875 0.48991031406249996 0.819750990625 0.48991031406249996 0.820316921875 0.5112107625 0.843520090625 0.5269058296875 0.867289190625 0.553811659375 0.8938879453125 0.5739910312500001 0.9006791171874999 0.5840807171875 0.92218449375 0.5941704031249999 0.9295415953124999 0.590807175 0.9335031125000001 0.576233184375 0.9374646296875 0.576233184375 0.9377475953125 0.6048206281249999 0.9414261453125 0.6143497765625 0.9544425578125001 0.61995515625 0.9691567624999999 0.6378923765625 0.9739671765625 0.63060538125 0.9717034515625 0.621636771875 0.9782116578125001 0.6065022421874999 0.9810413125 0.605381165625 0.9875495187500001 0.617152465625 0.9841539328125 0.6350896859375 0.9852857953124999 0.6463004484375 0.9926428968750001 0.65302690625 0.9929258624999999 0.662556053125 1 0.6664798203125 1 0.537556053125
0 0.6703452171875 0.9932735421875 0.6898698359375001 0.9871076234375 0.6898698359375001 0.9792600890625 0.6873231468750001 0.9764573984375 0.63950198125 0.9389013453124999 0.6372382562500001 0.9299327359375 0.6389360500000001 0.9086322875 0.6471420484375 0.89237668125 0.6618562531250001 0.8901345296875001 0.6901528015625 0.8979820625 0.6949632140625 0.878363228125 0.70599886875 0.866591928125 0.7190152796875 0.8677130046875 0.745614034375 0.8878923765625 0.7470288625 0.8850896859375 0.7447651390625001 0.88060538125 0.7447651390625001 0.8593049328125 0.751839275 0.8385650218749999 0.76428975625 0.8363228703125 0.7767402375 0.827354259375 0.7931522359375001 0.827354259375 0.8084323718749999 0.8385650218749999 0.8361629875000001 0.8419282515625 0.8633276734375 0.855381165625 0.8712507078125 0.8508968609374999 0.8737973968749999 0.832399103125 0.8825693265625001 0.8217488796874999 0.8839841546875 0.8256726453125 0.8817204296875 0.8335201796874999 0.8822863609375 0.852578475 0.8938879453125 0.8677130046875 0.9063384265625001 0.866591928125 0.9077532546875 0.8862107625 0.9117147703124999 0.9019058296875 0.910865875 0.9114349781250001 0.8944538765625 0.9181614343750001 0.886813809375 0.9321748875000001 0.8873797390625 0.9478699546874999 0.896434634375 0.9725336328124999 0.898132428125 0.99383408125 0.9052065640625001 0.992152465625 0.9875495187500001 0.9254484312500001 0.9898132421874999 0.8929372203125 0.9855687609375 0.8878923765625 0.9533106968749999 0.8789237671875 0.9479343515625 0.8626681609375 0.9468024906249999 0.8391255609374999 0.9473684203125 0.832399103125 0.9527447656250001 0.8217488796874999 0.9691567624999999 0.8172645734374999 0.9731182796875 0.8251121078124999 0.9770797968749999 0.8172645734374999 0.98047538125 0.8251121078124999 0.9833050374999999 0.8206278031249999 0.9963214484374999 0.81838565 0.9966044140625 0.8088565015625001 0.9881154499999999 0.7954035875 0.9838709671875 0.7746636765625 0.9731182796875 0.7690582953125 0.9606677984375 0.742152465625 0.9414261453125 0.7399103140625 0.9298245609375 0.7258968609374999 0.9286927 0.715807175 0.9320882859375 0.6832959640625 0.9380305609375 0.6659192828125 0.9439728359374999 0.6608744390625 0.939162421875 0.6524663671875001 0.9301075265625001 0.650224215625 0.926711940625 0.661434978125 0.916525184375 0.673766815625 0.8876627046875001 0.6883408078125 0.880305603125 0.6883408078125 0.8630447078125 0.678811659375 0.8630447078125 0.6519058296875 0.8610639499999999 0.6479820625 0.855404640625 0.6491031390625001 0.843520090625 0.662556053125 0.832767403125 0.6636771296874999 0.8208828515625 0.6524663671875001 0.8157894734375001 0.6367713 0.78975665 0.6255605375 0.7866440296875 0.617152465625 0.7866440296875 0.5992152468749999 0.7829654781250001 0.59641255625 0.7804187890625001 0.5980941703125 0.7798528578125 0.6070627796875 0.78324844375 0.617152465625 0.78438030625 0.6451793718750001 0.7886247875 0.6468609859375001 0.790039615625 0.65302690625 0.790039615625 0.6776905828124999 0.7829654781250001 0.6973094171875001 0.7608941703125 0.6973094171875001 0.7560837578124999 0.706838565625 0.7560837578124999 0.7315022421874999 0.75353706875 0.735426009375 0.7410865875 0.7399103140625 0.72750424375 0.7309417046875 0.7187323140624999 0.715807175 0.7187323140624999 0.7001121078125 0.7130730046875 0.684417040625 0.7130730046875 0.67544843125 0.717600453125 0.6631165921875 0.7150537640625 0.656950671875 0.709394453125 0.6636771296874999 0.698075834375 0.668161434375 0.6972269390625 0.6743273546874999 0.7085455578125 0.6945067265625 0.71024335 0.7057174890625 0.716468590625 0.715807175 0.7170345218749999 0.7382287 0.7139219015625 0.7567264578125 0.6935483875 0.75 0.6881720437500001 0.7427130046875 0.6788341828125 0.7186098656250001 0.6748726656249999 0.7174887890625 0.6728919078125 0.7236547078125 0.6768534234375 0.7505605375 0.6762874921875001 0.769618834375 0.6714770796875 0.7757847531250001 0.6528013578125 0.7735426015625 0.6488398421875 0.7701793718750001 0.645727221875 0.7606502234375 0.63950198125 0.7057174890625 0.6199773625 0.70515695 0.6199773625 0.7085201796875 0.6256366718749999 0.7096412562500001 0.632710809375 0.7236547078125 0.6383701187499999 0.752802690625 0.6378041875 0.7886771296874999 0.6358234296874999 0.79484305 0.63129598125 0.7970852015625 0.615449915625 0.795964125 0.6106395015625 0.7909192828125 0.6063950203124999 0.7298206281249999 0.59677419375 0.7264573984375 0.5820599890625 0.7085201796875 0.5741369546875 0.7186098656250001 0.56112054375 0.72197309375 0.5571590265624999 0.7186098656250001 0.5410299937499999 0.6866591921875 0.5398981328125 0.67656950625 0.54329371875 0.6687219734375 0.541312959375 0.6659192828125 0.5379173734375 0.6715246640625 0.5333899265625 0.6704035875 0.5220713078125 0.6782511203125 0.5189586875 0.684417040625 0.5316921328124999 0.696188340625 0.5382003390625 0.715807175 0.5370684781249999 0.7393497765625 0.5387662703125 0.7539237671875 0.5345217890625 0.7600896859375 0.5271646859375 0.7488789234375 0.5220713078125 0.7488789234375 0.51952461875 0.7539237671875 0.5215053765625 0.758968609375 0.5418788906249999 0.7679372203125 0.5461233734375 0.7774663671875001 0.547255234375 0.78979820625 0.5449915109375 0.8312780265624999 0.53621958125 0.8520179375 0.5271646859375 0.8542600890625 0.52546689375 0.8587443953125 0.5130164125000001 0.8475336328124999 0.511035653125 0.8301569499999999 0.5155631015625 0.792040359375 0.5135823421875 0.7881165921875 0.5022637234375 0.7914798203125 0.4966044140625 0.7757847531250001 0.4869835875 0.7757847531250001 0.48443689843750004 0.7853139015624999 0.49434069062499997 0.78923766875 0.49801924218750004 0.7998878921875 0.498585171875 0.8245515687499999 0.4906621390625 0.8536995515625 0.4895302765625 0.872757846875 0.48132427812499995 0.88116591875 0.47000565937500005 0.8822869953125 0.45925297187499997 0.872197309375 0.4561403515625 0.8626681609375 0.464063384375 0.8312780265624999 0.464629315625 0.8155829593749999 0.4552914546875 0.7914798203125 0.44114318125 0.8026905828125 0.42812676875 0.8038116593750001 0.42444821718750003 0.8077354265625001 0.42614601093750004 0.8155829593749999 0.434917940625 0.8217488796874999 0.438596490625 0.829035875 0.440294284375 0.8682735421875 0.43406904375 0.875 0.422750425 0.911995515625 0.4156762875 0.9204035875000001 0.40039615156249997 0.9170403593750001 0.3950198078125 0.911995515625 0.39247311875 0.894618834375 0.3879456703125 0.8934977578125001 0.3647425015625 0.9405829593749999 0.3573853984375 0.9495515687499999 0.3404074703125 0.9428251124999999 0.3344651953125 0.9254484312500001 0.3537068484375 0.8705156953125 0.3525749859375 0.866031390625 0.34323712500000003 0.8598654703124999 0.3290888515625 0.8632287 0.3112620265625 0.8122197312500001 0.3041878890625 0.8004484312500001 0.2249575546875 0.8408071749999999 0.2192982453125 0.8408071749999999 0.21646859062499998 0.8363228703125 0.2074136953125 0.8396860984375 0.1983588 0.8340807171875 0.1946802484375 0.8402466375 0.197509903125 0.8705156953125 0.1955291453125 0.8744394625 0.1935483875 0.8649103140625 0.1912846625 0.866031390625 0.19411431875000001 0.877242153125 0.192416525 0.8862107625 0.1966610078125 0.8968609859375001 0.20005659374999998 0.894618834375 0.2009054890625 0.9007847531250001 0.2009054890625 0.911995515625 0.19411431875000001 0.9254484312500001 0.20118845468750002 0.996636771875 0.22439162499999998 0.996636771875 0.22778720937500002 0.991031390625 0.2328805890625 0.996636771875 0.47566496875000003 0.997757846875 0.482456140625 0.991031390625 0.4903791734375 0.997757846875 0.5016977921875 0.997757846875 0.50650820625 0.99495515625 0.50650820625 0.9758968609374999 0.5093378609375 0.9635650218749999 0.517543859375 0.9562780265624999 0.53735144375 0.9585201796874999 0.5452744765624999 0.97197309375 0.5537634406249999 0.9517937218749999 0.5582908890625 0.9473094171875 0.5741369546875 0.9473094171875 0.5843237125 0.95964125625 0.591114884375 0.9271300453125001 0.6052631578125001 0.922645740625 0.620260328125 0.9344170406250001 0.6230899828124999 0.9501121078124999 0.6225240515625 0.9848654703124999 0.6245048109375 0.9955156953125 0.644029428125 0.997197309375 0.6590265984375 0.9843049328125 0.6703452171875 0.9932735421875
0 0.6830786640625 0.536434978125 0.6856253531250001 0.5313901343749999 0.6912846625 0.5313901343749999 0.693831353125 0.536434978125 0.69411431875 0.5470852015625 0.70486700625 0.545964125 0.71024335 0.534192825 0.7139219015625 0.5156950671875 0.7308998296875 0.50560538125 0.73571024375 0.497197309375 0.7351443125 0.48822869999999996 0.7161856249999999 0.4674887890625 0.716468590625 0.45908071718750004 0.7133559703125 0.45515695 0.68109790625 0.4428251125 0.6748726656249999 0.446188340625 0.6717600453125 0.46356502187500004 0.6635540468750001 0.47309417031249995 0.6409168078125 0.46636771250000003 0.63950198125 0.49383408125 0.6332767406250001 0.5005605375 0.6318619125 0.5134529140625 0.6247877765625 0.5207399109375 0.64318053125 0.5336322874999999 0.656762875 0.5257847531250001 0.674306734375 0.542600896875 0.6745897000000001 0.5633408078125 0.680249009375 0.5644618828125 0.6842105265625 0.559977578125 0.6830786640625 0.536434978125
0 0.46378041875 0.59641255625 0.4728353140625 0.60762331875 0.4864176578125 0.6065022421874999 0.49009620781249996 0.5980941703125 0.477079796875 0.576793721875 0.47651386562500003 0.559977578125 0.470571590625 0.5571748875 0.43350311250000007 0.5756726453125001 0.439162421875 0.6036995515625 0.4442558015625 0.610426009375 0.45642331562500005 0.59641255625 0.46378041875 0.59641255625