1 0.7609375 0.5015625 0.1234375 0.14765625
1 0.5921875 0.41328125 0.10625 0.11171875
1 0.34765625 0.49140625 0.1640625 0.16015625
1 0.18671875 0.3578125 0.0640625 0.0765625
1 0.8453125 0.19921875 0.0421875 0.05546875
1 0.6078125 0.12890625 0.02578125 0.04609375
1 0.0640625 0.72421875 0.128125 0.1953125
1 0.0375 0.434375 0.075 0.15234375
1 0.05078125 0.11875 0.0875 0.09765625
1 0.37265625 0.26640625 0.04375 0.065625
1 0.7375 0.16796875 0.05390625 0.0578125
1 0.10859375 0.38515625 0.04765625 0.04921875
0 0.0383411578125 0 0.029733959375 0.0047071125 0.031298904687500004 0.0183054390625 0.0464267078125 0.051778242187500004 0.0448617625 0.0716527203125 0.047209181249999996 0.0774058578125 0.05138236875 0.0774058578125 0.055033907812500005 0.08472803281249999 0.056338028124999995 0.0810669453125 0.056338028124999995 0.06223849375 0.0516431921875 0.025627615625 0.055555556250000006 0.0188284515625 0.057902973437500005 0.024581590625 0.0620761609375 0.0800209203125 0.064684403125 0.08943514687500001 0.0860719875 0.1124476984375 0.091288471875 0.126046025 0.091288471875 0.1427824265625 0.093114240625 0.148535565625 0.1108502875 0.148535565625 0.11815336406250002 0.157949790625 0.121804903125 0.157949790625 0.12493479375000001 0.1694560671875 0.1338028171875 0.1725941421875 0.1398017734375 0.18776150625000002 0.1398017734375 0.211820084375 0.14527908125 0.217573221875 0.15362545625 0.215481171875 0.16040688593750002 0.20815899531249998 0.164058425 0.18828451875000002 0.1846635375 0.1752092046875 0.1841418890625 0.1417364015625 0.185706834375 0.1333682015625 0.1789254046875 0.126046025 0.1810119984375 0.1124476984375 0.1789254046875 0.092573221875 0.180229525 0.0857740578125 0.1849243609375 0.08472803281249999 0.1877934265625 0.09571129687499999 0.188315075 0.11035564843750001 0.19666145 0.10930962343749999 0.19666145 0.11767782499999999 0.189358371875 0.12813807500000002 0.1930099109375 0.18148535625 0.20187793437499998 0.19194560624999998 0.203964528125 0.20868200781250001 0.207876890625 0.216527196875 0.2157016171875 0.22071129687500002 0.21909233125 0.21495815937499999 0.220396453125 0.18619246875 0.222222221875 0.221234309375 0.22769953125 0.222803346875 0.230307771875 0.2301255234375 0.23630672968750002 0.2296025109375 0.24021909218749998 0.22907949843750003 0.24465310312500002 0.212866109375 0.2420448625 0.1741631796875 0.2391757953125 0.1642259421875 0.23135106875 0.160041840625 0.23109024531250003 0.1971757328125 0.2269170578125 0.2013598328125 0.21544079218749998 0.1354602515625 0.2086593640625 0.1145397484375 0.20448617656249998 0.11035564843750001 0.21126760625 0.0716527203125 0.2107459578125 0.052824267187499996 0.20709441874999998 0.031903765625000004 0.2000521640625 0.0104602515625 0.1922274390625 0.0094142265625 0.1885759 0 0.1421491921875 0.0010460250000000001 0.1387584765625 0.031903765625000004 0.1408450703125 0.05805439375 0.14945226875 0.05648535624999999 0.1598852375 0.06380753125000001 0.1622326546875 0.0716527203125 0.150495565625 0.0836820078125 0.13954095 0.0826359828125 0.136150234375 0.09571129687499999 0.134063640625 0.119769875 0.1296296296875 0.1349372390625 0.124152321875 0.11872385 0.12467397031250001 0.10930962343749999 0.1272822125 0.10617154843750001 0.1272822125 0.09152719687500001 0.1257172671875 0.0758368203125 0.12102243125 0.0706066953125 0.123891496875 0.06276150625 0.1173708921875 0.06119246874999999 0.1173708921875 0.0716527203125 0.11371935312499999 0.0789748953125 0.11476265000000001 0.08629707187499999 0.11032863906249998 0.10041840937499999 0.10850286875 0.094665271875 0.10772039687499999 0.047071129687500005 0.10511215468749999 0.047071129687500005 0.1019822640625 0.05543933125 0.098330725 0.038702928125 0.0946791859375 0.037656903125 0.0936358890625 0.031380753125 0.0863328109375 0.029288703125 0.0824204484375 0.0538702921875 0.0782472609375 0.06433054375 0.0782472609375 0.0203974890625 0.0753781953125 0 0.0383411578125 0
0 0.6901408453125 0.69403765625 0.6943140328124999 0.69299163125 0.6901408453125 0.69089958125 0.6901408453125 0.6773012546875 0.6948356812500001 0.6720711296874999 0.7023995828125 0.6474895390625 0.710224309375 0.6401673640625 0.7128325515625 0.6453974890625 0.7188315078125 0.6469665265625 0.7198748046875 0.6354602515625001 0.712050078125 0.630230125 0.7271778828125 0.6239539749999999 0.726656234375 0.6103556484375 0.7318727171875 0.599895396875 0.73552425625 0.5831589953125 0.7336984875 0.5763598328125 0.7217005734375 0.5711297078124999 0.7170057375 0.5794979078125 0.7138758484375 0.5784518828125 0.7097026609375 0.56694560625 0.7023995828125 0.56276150625 0.68257694375 0.56276150625 0.6747522171875 0.55857740625 0.671361503125 0.5434100421875 0.662754303125 0.528242678125 0.6429316640625 0.5303347281249999 0.639280125 0.5135983265624999 0.6345852890625 0.5156903765624999 0.6314553984375 0.5115062765625 0.628325509375 0.5156903765624999 0.60850286875 0.5167364015625 0.6066771 0.5193514640625 0.6160667703125 0.535041840625 0.6131977046875 0.5407949796875 0.6043296812500001 0.537656903125 0.6011997906250001 0.531380753125 0.59650495625 0.533472803125 0.59650495625 0.4853556484375 0.5936358890625 0.48797071093750005 0.59233176875 0.496861925 0.582942096875 0.49581590000000003 0.5573813249999999 0.463389121875 0.550078246875 0.464435146875 0.5498174234375 0.4565899578125 0.5469483562499999 0.4529288703125 0.5219092328125 0.4497907953125 0.5182576937500001 0.44456066875 0.50625978125 0.43933054374999997 0.5 0.42468619218750003 0.49113197656249996 0.42050209218749995 0.484611371875 0.4252092046875 0.4958268125 0.42991631874999997 0.4958268125 0.43514644375 0.486437140625 0.43619246875 0.48278560312499996 0.42677824218750005 0.47861241562499995 0.44037656875 0.4749608765625 0.44037656875 0.4710485140625 0.403242678125 0.46713614999999997 0.411087865625 0.46348461093750004 0.40794979062500003 0.45878977499999996 0.41004184062500004 0.45096505000000003 0.3943514640625 0.4473135109375 0.399581590625 0.44522691718749996 0.39330543906250004 0.43948878437500005 0.39121338906249997 0.43531559687500004 0.3556485359375 0.42801252031250003 0.35669456093749996 0.4238393328125 0.37343096249999996 0.398800209375 0.3702928875 0.396452790625 0.3603556484375 0.392540428125 0.35983263593750003 0.39045383437500003 0.3535564859375 0.384194053125 0.3535564859375 0.3805425140625 0.346234309375 0.368022953125 0.338912134375 0.367762128125 0.3310669453125 0.3612415234375 0.3274058578125 0.35393844531249996 0.30857740625 0.33255086093749997 0.30753138125 0.33020344218750003 0.279811715625 0.327073553125 0.2672594140625 0.337245696875 0.274058578125 0.341418884375 0.2928870296875 0.3497652578125 0.288702928125 0.352634325 0.283995815625 0.3479394890625 0.2620292890625 0.349243609375 0.25209205 0.36750130468750003 0.23849372343750003 0.38784559218750003 0.2395397484375 0.39175795468749997 0.2055439328125 0.40505998906249996 0.2029288703125 0.409754825 0.2071129703125 0.414710484375 0.219142259375 0.41992696875 0.25889121406250004 0.4194053203125 0.28190376562499997 0.4246218046875 0.2902719671875 0.41784037500000004 0.2996861921875 0.42305685937500004 0.3258368203125 0.4316640578125 0.3315899578125 0.43427230000000006 0.3274058578125 0.43948878437500005 0.3294979078125 0.4467918625 0.3242677828125 0.45774647812499997 0.3253138078125 0.45800730312500004 0.33838912187500003 0.4637454359375 0.34466527187499996 0.46635367812500006 0.3634937234375 0.46296296249999996 0.3692468625 0.45878977499999996 0.3702928875 0.45513823750000004 0.3650627609375 0.453834115625 0.36976987499999997 0.4616588421875 0.3833682015625 0.46348461093750004 0.3922594140625 0.470266040625 0.40062761562500004 0.47574334843750005 0.38859832656250004 0.4793948875 0.3666317984375 0.47861241562499995 0.3629707109375 0.4707876890625 0.3650627609375 0.46844027187500004 0.3624476984375 0.46948356875 0.3572175734375 0.4707876890625 0.3546025109375 0.47861241562499995 0.3619246859375 0.4890453828125 0.336820084375 0.503129890625 0.3347280328125 0.5078247265625 0.337866109375 0.5127803859375 0.35407949843750003 0.5117370890624999 0.3624476984375 0.513562859375 0.36610878593749996 0.5159102765625 0.3634937234375 0.51434533125 0.35407949843750003 0.516431925 0.339435146875 0.525560771875 0.3326359828125 0.535993740625 0.3357740578125 0.5443401140625 0.345188284375 0.560511215625 0.346234309375 0.564423578125 0.3624476984375 0.5683359421875 0.36610878593749996 0.5761606671874999 0.35983263593750003 0.580855503125 0.3629707109375 0.5876369328125 0.3608786609375 0.5980699015625001 0.342050209375 0.6058946265625 0.341004184375 0.6194574859374999 0.35878661093750003 0.64136671875 0.3723849375 0.652842984375 0.39121338906249997 0.6583202921875 0.3938284515625 0.6517996875 0.398535565625 0.6476265 0.41004184062500004 0.6431924875 0.41474895468749995 0.64527908125 0.4293933046875 0.6431924875 0.4565899578125 0.6476265 0.468619246875 0.6664058421875 0.4832635984375 0.673187271875 0.46757322187500006 0.67840375625 0.46757322187500006 0.6867501296875 0.4853556484375 0.712310903125 0.48221757343749994 0.7214397499999999 0.4555439328125 0.7282211796875 0.44822175781249995 0.730307771875 0.41684100468749996 0.7373500265625 0.40690376562499997 0.7582159625 0.41004184062500004 0.7649973921875 0.44037656875 0.78482003125 0.44246861875 0.7921231093750001 0.4278242671875 0.8004694828125001 0.4288702921875 0.806468440625 0.4492677828125 0.8109024515625001 0.4550209203125 0.8395931140625 0.45815899531250004 0.85472091875 0.4550209203125 0.8609806984375 0.44456066875 0.8672404796875 0.44246861875 0.8721961390624999 0.44822175781249995 0.87115284375 0.4565899578125 0.8745435578125 0.463389121875 0.8828899328125001 0.469665271875 0.88732394375 0.45763598281249995 0.8914971312500001 0.405334728125 0.8948878453125 0.3953974890625 0.9058424625000001 0.3922594140625 0.9071465828124999 0.402196653125 0.8977569125 0.410564853125 0.893583725 0.4471757328125 0.894366196875 0.46129707187499996 0.9063641109375 0.45083682031250005 0.919144496875 0.4273012546875 0.9222743875000001 0.411610878125 0.9259259265625 0.3624476984375 0.9319248828125 0.344142259375 0.9413145546875 0.341004184375 0.943661971875 0.345711296875 0.9327073546875001 0.36140167343749996 0.9319248828125 0.402719665625 0.9371413671875001 0.402719665625 0.9387063124999999 0.39330543906250004 0.9460093890625 0.3880753140625 0.9535732921875001 0.37186192500000004 0.956181534375 0.346757321875 0.9551382374999999 0.337343096875 0.9572248296874999 0.3310669453125 0.95696400625 0.31171548125 0.9533124671875 0.31694560625 0.9449660921874999 0.31171548125 0.92618675 0.31276150625 0.9220135624999999 0.3023012546875 0.9141888375 0.3002092046875 0.91210224375 0.30753138125 0.9068857593749999 0.30857740625 0.900365153125 0.2923640171875 0.9100156500000001 0.278242678125 0.9141888375 0.28033472812500004 0.9154929578125 0.276673640625 0.917057903125 0.2411087859375 0.914971309375 0.22332635937499998 0.9214919140625 0.216527196875 0.9227960359375 0.20868200781250001 0.9165362546875 0.212866109375 0.9123630671875 0.23378661093750003 0.9071465828124999 0.25052301250000003 0.9042775171875 0.25313807499999996 0.898539384375 0.246861925 0.8928012515624999 0.24790795000000002 0.890193009375 0.2343096234375 0.878195096875 0.2322175734375 0.8755868546875 0.22803347343749997 0.8703703703125001 0.2322175734375 0.867762128125 0.2405857734375 0.8615023468749999 0.22907949843750003 0.8489827859375 0.2364016734375 0.8286384968749999 0.22803347343749997 0.8231611890625 0.21391213437499998 0.8210745953125 0.18462343125 0.8226395406250001 0.154288703125 0.8192488265625 0.149581590625 0.810380803125 0.148535565625 0.8077725609374999 0.149581590625 0.8046426703125 0.160041840625 0.8004694828125001 0.156903765625 0.798382890625 0.163179915625 0.7837767343750001 0.17154811718750002 0.778821075 0.18043933125 0.777777778125 0.18880753125 0.7824726140625 0.1971757328125 0.7829942625 0.212866109375 0.7866458 0.221234309375 0.78064684375 0.2322175734375 0.773343765625 0.2343096234375 0.7524778296875 0.224895396875 0.7373500265625 0.21234309687500003 0.7331768390625 0.2008368203125 0.722222221875 0.1966527203125 0.718049034375 0.19037656875 0.7138758484375 0.19874477031249999 0.7112676062500001 0.1956066953125 0.6974439234375 0.1971757328125 0.6890975484374999 0.1731171546875 0.6859676578125 0.156380753125 0.6904016687500001 0.1443514640625 0.6940532078125 0.1453974890625 0.7026604062499999 0.1344142265625 0.703703703125 0.1124476984375 0.709963484375 0.087343096875 0.708137715625 0.0826359828125 0.6977047468750001 0.092050209375 0.688315075 0.1129707109375 0.68257694375 0.11820083749999999 0.6679707875 0.11715481093749999 0.6564945234375 0.10564853593750001 0.6478873234375 0.11035564843750001 0.6460615546875 0.11924686250000001 0.650756390625 0.12133891249999999 0.6554512265625 0.1297071125 0.6591027640625 0.1286610875 0.6739697437500001 0.150104603125 0.6755346890625 0.157426778125 0.6739697437500001 0.1720711296875 0.671100678125 0.17991631875 0.666927490625 0.18200836874999998 0.6637976 0.1767782421875 0.650756390625 0.17468619218749998 0.6356285859375 0.158995815625 0.6152842984375 0.163179915625 0.6043296812500001 0.156903765625 0.5884194046875 0.126046025 0.5915492953125 0.1124476984375 0.5988523734375 0.1030334734375 0.6009389671875 0.0800209203125 0.609806990625 0.06433054375 0.6043296812500001 0.0523012546875 0.5845070421874999 0.06380753125000001 0.5772039640625 0.087866109375 0.5696400625 0.0800209203125 0.568857590625 0.06903765625 0.5610328640625 0.089958159375 0.5485133015625 0.0711297078125 0.5448617625 0.07008368125 0.5391236312500001 0.0763598328125 0.531820553125 0.0711297078125 0.5292123109375 0.0523012546875 0.5273865421874999 0.06014644375 0.5305164312499999 0.0800209203125 0.52660406875 0.095188284375 0.5203442875000001 0.097280334375 0.5156494515625 0.095188284375 0.5117370890624999 0.0810669453125 0.5122587375000001 0.06433054375 0.5099113203125001 0.0439330546875 0.5044340109375 0.054916318750000005 0.5018257687500001 0.0789748953125 0.5018257687500001 0.1072175734375 0.49791340625 0.1129707109375 0.49217527343749995 0.1129707109375 0.48982785624999997 0.11035564843750001 0.4893062078125 0.1030334734375 0.483568075 0.094665271875 0.484611371875 0.0789748953125 0.47965571249999994 0.0721757328125 0.47339593124999996 0.0721757328125 0.470526865625 0.06433054375 0.46948356875 0.0475941421875 0.47443922812499995 0.034518828125 0.47861241562499995 0.0460251046875 0.48200312968750003 0.042364017187500005 0.48043818437499997 0.025627615625 0.4707876890625 0.0094142265625 0.46844027187500004 0.015167364062499999 0.4658320296875 0.054916318750000005 0.46296296249999996 0.060669456249999996 0.4595722484375 0.054916318750000005 0.45800730312500004 0.038179915625 0.45513823750000004 0.031380753125 0.4473135109375 0.027196653124999998 0.4449660921875 0.031903765625000004 0.44548774062499996 0.0413179921875 0.439749609375 0.054916318750000005 0.44053208125000004 0.059623431250000004 0.4439227953125 0.06119246874999999 0.4439227953125 0.0768828453125 0.4389671359375 0.086820084375 0.431403234375 0.0758368203125 0.427490871875 0.0397489546875 0.4222743875 0.0397489546875 0.4196661453125 0.0491631796875 0.41601460625 0.0491631796875 0.412884715625 0.035564853125000004 0.40766823125 0.033472803125 0.400365153125 0.0439330546875 0.392540428125 0.036610878125 0.3894105375 0.0428870296875 0.384194053125 0.0449790796875 0.3805425140625 0.033472803125 0.368022953125 0.033472803125 0.36384976562500004 0.026150628125 0.35811163281249997 0.024058578125 0.3570683359375 0.0156903765625 0.35550339062499997 0.0209205015625 0.345070421875 0.024058578125 0.33776734531249997 0.0104602515625 0.3252477828125 0.0020920500000000002 0.27882107500000003 0 0.279603546875 0.023535565624999998 0.2905581640625 0.0768828453125 0.2976004171875 0.092050209375 0.3059467921875 0.089958159375 0.310380803125 0.09884937187500001 0.3155972875 0.1344142265625 0.31246739687499997 0.151150628125 0.318727178125 0.1720711296875 0.3202921234375 0.19299163125000002 0.316640584375 0.21391213437499998 0.32081377187500004 0.2285564859375 0.319770475 0.2369246859375 0.3239436625 0.2557531375 0.3265519046875 0.25889121406250004 0.32576943125 0.2667364015625 0.3189880015625 0.251046025 0.3101199796875 0.24372385 0.283776734375 0.2484309625 0.2835159109375 0.24372385 0.294992175 0.2405857734375 0.2978612421875 0.2358786609375 0.29733959374999996 0.220188284375 0.2908189875 0.21234309687500003 0.2832550859375 0.19194560624999998 0.2827334375 0.1647489546875 0.28899321875 0.150104603125 0.28690662499999997 0.1365062765625 0.2874282734375 0.1124476984375 0.2827334375 0.094665271875 0.2780386015625 0.059100418749999994 0.2717788203125 0.0486401671875 0.2670839859375 0.010983264062500001 0.267605634375 0.0005230125000000001 0.2462180484375 0.0005230125000000001 0.24934793906250002 0.0172594140625 0.24986958750000002 0.059100418749999994 0.2556077203125 0.06746861875 0.2576943140625 0.096757321875 0.2629107984375 0.11035564843750001 0.263432446875 0.1396443515625 0.2576943140625 0.158472803125 0.261345853125 0.1678870296875 0.2618675015625 0.18148535625 0.27256129375000004 0.18723849374999998 0.28064684375 0.21600418437500002 0.2801251953125 0.2411087859375 0.2738654140625 0.25052301250000003 0.275430359375 0.2599372390625 0.2801251953125 0.2672594140625 0.2801251953125 0.287133890625 0.2782994265625 0.2939330546875 0.27516953593750004 0.2960251046875 0.23552425625 0.31276150625 0.2318727171875 0.2960251046875 0.2157016171875 0.2897489546875 0.21544079218749998 0.30700836875 0.207876890625 0.30857740625 0.2031820546875 0.3315899578125 0.222483046875 0.3326359828125 0.22769953125 0.31589958125 0.234480959375 0.31380753125 0.24152321406250002 0.3226987453125 0.245957225 0.338912134375 0.2537819515625 0.3357740578125 0.2657798640625 0.34309623437500003 0.2746478875 0.35878661093750003 0.28612415156250004 0.3525104609375 0.29134063593750004 0.342050209375 0.2976004171875 0.344142259375 0.3059467921875 0.3608786609375 0.3252477828125 0.3577405859375 0.330985915625 0.3619246859375 0.3406364109375 0.38127615000000004 0.3455920703125 0.41317991562499995 0.36489306250000003 0.42468619218750003 0.3685446015625 0.41736401718750005 0.3745435578125 0.41370292812500004 0.37506520625 0.3603556484375 0.37741262343750004 0.34937238437499996 0.3766301515625 0.38546025156249997 0.37819509687499997 0.3917364015625 0.3805425140625 0.3953974890625 0.3847157015625 0.3891213390625 0.39045383437500003 0.39016736406249997 0.4081898796875 0.399581590625 0.412884715625 0.40690376562499997 0.41888367187500003 0.4252092046875 0.41575378125 0.43253138125 0.41575378125 0.4492677828125 0.4222743875 0.464435146875 0.4389671359375 0.47071129687499996 0.4431403234375 0.48221757343749994 0.4473135109375 0.47489539687500004 0.4718309859375 0.4864016734375 0.476264996875 0.473326359375 0.474178403125 0.46495815937499996 0.47470005156250006 0.44299163124999996 0.47861241562499995 0.44142259375000004 0.48095983281250004 0.49843096249999996 0.5026082421875 0.528242678125 0.509389671875 0.5449790796875 0.513562859375 0.5418410046875 0.5203442875000001 0.5439330546875001 0.525821596875 0.55910041875 0.5286906625000001 0.5606694562500001 0.5333854984374999 0.55648535625 0.5370370375 0.5606694562500001 0.5521648406249999 0.56276150625 0.5672926453125 0.55753138125 0.5818988 0.55962343125 0.5907668234375001 0.56799163125 0.599374021875 0.5821129703125 0.60015649375 0.591004184375 0.6064162750000001 0.594142259375 0.6121544078125 0.6077405859375 0.6236306734375 0.6119246859375 0.6293688046875 0.6223849375 0.6398017734375 0.6265690375 0.642670840625 0.6134937234375 0.6460615546875 0.6129707109375 0.644235784375 0.6312761499999999 0.6471048515625 0.6359832640625 0.64945226875 0.6333682015625001 0.650495565625 0.625 0.6478873234375 0.6145397484374999 0.6523213359375 0.6129707109375 0.6515388625 0.6218619249999999 0.6572769953125001 0.6291841 0.652582159375 0.6375523015625 0.65362545625 0.6574267781249999 0.6512780390625 0.658995815625 0.6476265 0.653765690625 0.6429316640625 0.656903765625 0.6400625984375 0.6689330546875001 0.63719353125 0.6705020921875 0.6278038609375 0.6673640171875 0.6212832546875 0.6773012546875 0.6202399578125 0.68462343125 0.6278038609375 0.6966527203124999 0.6356285859375 0.69142259375 0.6481481484375 0.714435146875 0.663015128125 0.725418409375 0.687532603125 0.714958159375 0.6901408453125 0.69403765625
0 1 0.09361924687499999 0.98565466875 0.087866109375 0.98148148125 0.089958159375 0.9687010953125 0.1354602515625 0.9627021390625 0.14330543906249998 0.958789775 0.1365062765625 0.9598330718750001 0.11872385 0.9574856546875001 0.10983263593749999 0.9491392796874999 0.11401673593749999 0.933489828125 0.1129707109375 0.9295774640625 0.1396443515625 0.9246218046875001 0.14330543906249998 0.9217527390625 0.1406903765625 0.921231090625 0.11767782499999999 0.9178403749999999 0.1066945609375 0.9074074078125 0.11087866093750001 0.8995826812500001 0.1035564859375 0.8959311421875 0.1035564859375 0.8917579546875001 0.11924686250000001 0.8787167453125001 0.1349372390625 0.8661971828125001 0.1359832640625 0.8630672921875 0.14016736406250002 0.8531559734374999 0.1370292890625 0.8508085546874999 0.1344142265625 0.8521126765625 0.1286610875 0.8578508078124999 0.12656903749999998 0.86280646875 0.11872385 0.86280646875 0.0852510453125 0.857329159375 0.0805439328125 0.8541992703125001 0.0805439328125 0.8484611375 0.098326359375 0.8354199265625001 0.1129707109375 0.8182055296874999 0.1066945609375 0.8004694828125001 0.1087866109375 0.8075117374999999 0.126046025 0.8075117374999999 0.1417364015625 0.804381846875 0.149058578125 0.8049034953125 0.159518828125 0.7816901406250001 0.1694560671875 0.778821075 0.1741631796875 0.7782994265625 0.18253138124999999 0.7842983828125 0.1997907953125 0.8004694828125001 0.18619246875 0.8166405843750001 0.20397489531250002 0.8205529468750001 0.2044979078125 0.8247261343750001 0.1971757328125 0.82159624375 0.1657949796875 0.8236828375 0.153242678125 0.8275952015625 0.149581590625 0.8312467390625 0.1663179921875 0.8437663015625001 0.1757322171875 0.85472091875 0.1778242671875 0.8620239953125 0.18514644375 0.8719353156249999 0.17468619218749998 0.8865414703125 0.17154811718750002 0.8980177359375 0.18200836874999998 0.9303599374999999 0.18096234375 0.9327073546875001 0.1710251046875 0.9392279609375 0.160041840625 0.947574334375 0.153765690625 0.9572248296874999 0.1657949796875 0.9598330718750001 0.18148535625 0.9582681265625 0.18985355625 0.96113719375 0.1956066953125 0.9647887328125 0.1976987453125 0.9804381843750001 0.19142259374999998 0.9921752734375 0.1720711296875 1 0.1406903765625 1 0.09361924687499999
0 0.7657798640625 0.0172594140625 0.76447574375 0.012552301562500002 0.757172665625 0.012552301562500002 0.7493479390625 0.021966526562499998 0.7399582687499999 0.0198744765625 0.73761085 0.023535565624999998 0.7404799171875001 0.0428870296875 0.7579551375 0.045502092187499996 0.7595200828124999 0.027719665625 0.7657798640625 0.0172594140625
0 0.8304642671875 0.0130753140625 0.8286384968749999 0.0104602515625 0.8161189359375 0.012552301562500002 0.8077725609374999 0.0083682015625 0.8035993734375 0.0146443515625 0.7957746484375 0.0083682015625 0.7853416796875 0.029288703125 0.7793427234375 0.032949790625 0.7842983828125 0.0449790796875 0.79316640625 0.047071129687500005 0.7965571203125 0.0434100421875 0.7999478359375 0.028242678124999997 0.8041210218750001 0.029288703125 0.806468440625 0.045502092187499996 0.8140323421875 0.048117154687500004 0.8158581109374999 0.052824267187499996 0.8153364625 0.06328451874999999 0.8179447046874999 0.06328451874999999 0.8294209703125001 0.06119246874999999 0.8304642671875 0.0130753140625
0 0.658581115625 0.05543933125 0.6789254046875 0.053347279687500006 0.6950965046875 0.048117154687500004 0.701877934375 0.0418410046875 0.7154407921875 0.040794979687499996 0.7190923312499999 0.024058578125 0.73578508125 0.0209205015625 0.736567553125 0.0162133890625 0.7336984875 0.005230125 0.721178925 0.007322175 0.7008346375000001 0.013598326562499999 0.6940532078125 0.030334728124999998 0.6705790296874999 0.030334728124999998 0.6664058421875 0.033472803125 0.658581115625 0.028242678124999997 0.654929578125 0.036610878125 0.6429316640625 0.036610878125 0.6387584765625001 0.031380753125 0.63719353125 0.035564853125000004 0.6272822125 0.0397489546875 0.6236306734375 0.048117154687500004 0.6163275953125 0.0418410046875 0.6100678140625 0.047071129687500005 0.599634846875 0.0439330546875 0.595200834375 0.0475941421875 0.5938967140625 0.05648535624999999 0.6079812203125 0.05753138125 0.6108502875 0.06223849375 0.6108502875 0.0716527203125 0.613980178125 0.07269874531250001 0.6502347421875 0.06276150625 0.658581115625 0.05543933125
0 0.7475221703125 0.096757321875 0.754042775 0.0805439328125 0.7649973921875 0.0784518828125 0.7728221171875 0.097280334375 0.7730829421875 0.090481171875 0.7704747000000001 0.087343096875 0.7749087109375 0.0826359828125 0.7999478359375 0.0721757328125 0.8041210218750001 0.06589958125 0.8184663531249999 0.06328451874999999 0.794209703125 0.05543933125 0.7514345328125 0.060669456249999996 0.7243088156249999 0.0711297078125 0.7209181015625 0.0852510453125 0.7219613984375 0.121861925 0.742827334375 0.12813807500000002 0.745957225 0.126046025 0.7475221703125 0.096757321875
0 0.1531038078125 0.24581590000000003 0.1390193015625 0.23535564843749998 0.1314553984375 0.2358786609375 0.1338028171875 0.24267782499999999 0.13745435625 0.2416317984375 0.1421491921875 0.246861925 0.147365675 0.2615062765625 0.15388628124999998 0.2620292890625 0.155972875 0.2599372390625 0.1531038078125 0.24581590000000003
0 0.064423578125 0.2364016734375 0.0701617109375 0.2311715484375 0.08789775625 0.2332635984375 0.095200834375 0.22907949843750003 0.0978090765625 0.21861924687499998 0.09989567031249999 0.22907949843750003 0.10980699062499999 0.23849372343750003 0.11815336406250002 0.2311715484375 0.1293688046875 0.2285564859375 0.12545644218750002 0.22071129687500002 0.11398017812500001 0.22071129687500002 0.1030255609375 0.20815899531249998 0.0978090765625 0.2092050203125 0.0946791859375 0.215481171875 0.093114240625 0.20502092031250002 0.0774647890625 0.1976987453125 0.0659885234375 0.1757322171875 0.0425143453125 0.158995815625 0.024256651562500002 0.150627615625 0.0117370890625 0.154811715625 0.0046948359375 0.1365062765625 0.00026082343749999997 0.11506276093750001 0.001043296875 0.19403765625 0.0039123625000000006 0.1997907953125 0.013823682812499998 0.1966527203125 0.0159102765625 0.1767782421875 0.018518518749999997 0.1976987453125 0.026343245312500003 0.20397489531250002 0.03468961875 0.21966527187499998 0.041210225 0.222280334375 0.042253521875 0.23064853593749998 0.038080334375000004 0.2390167359375 0.038080334375000004 0.2452928875 0.0474700046875 0.25052301250000003 0.055555556250000006 0.2364016734375 0.064423578125 0.2364016734375
0 0.20761606718749998 0.46495815937499996 0.2073552421875 0.43619246875 0.20970266093749998 0.45972803281249996 0.21517996875 0.471757321875 0.2198748046875 0.462343096875 0.2250912890625 0.463389121875 0.2391757953125 0.4550209203125 0.247000521875 0.45606694531249997 0.255346896875 0.46757322187500006 0.259259259375 0.4492677828125 0.263171621875 0.44351464375000005 0.2746478875 0.44037656875 0.2793427234375 0.44874477031250004 0.2923839328125 0.43514644375 0.29733959374999996 0.4231171546875 0.2882107453125 0.401673640625 0.27047469999999996 0.39330543906250004 0.25743348906249996 0.399581590625 0.2548252484375 0.41736401718750005 0.22352634375 0.41736401718750005 0.21857068281249997 0.402196653125 0.21857068281249997 0.3938284515625 0.222222221875 0.38023012500000003 0.2198748046875 0.3713389125 0.21517996875 0.3713389125 0.1922274390625 0.4163179921875 0.175273865625 0.408472803125 0.185446009375 0.404811715625 0.1867501296875 0.401150628125 0.1844027125 0.3953974890625 0.1807511734375 0.3974895390625 0.1776212828125 0.3922594140625 0.17188315 0.3922594140625 0.17110067812500002 0.39592050156249997 0.1747522171875 0.401150628125 0.172926446875 0.404811715625 0.165101721875 0.39016736406249997 0.16092853437500002 0.39121338906249997 0.1583202921875 0.3849372390625 0.155972875 0.38546025156249997 0.15336463281249998 0.4157949796875 0.1471048515625 0.4252092046875 0.15153886249999998 0.43410041875000005 0.17188315 0.464435146875 0.1828377671875 0.45606694531249997 0.19640062656249999 0.464435146875 0.2055294734375 0.47646443437499997 0.21178925468749998 0.472280334375 0.20761606718749998 0.46495815937499996
0 0.2769953046875 0.6218619249999999 0.2822117890625 0.6155857734375 0.27856025 0.5852510453125 0.28090766875 0.5753138078125 0.3101199796875 0.5512552296875 0.3129890453125 0.5423640171875 0.287689096875 0.5135983265624999 0.258998434375 0.49163179843749993 0.24986958750000002 0.49529288749999995 0.25195618125 0.5151673640625 0.2501304125 0.5271966531250001 0.224569640625 0.5428870296875 0.2157016171875 0.5407949796875 0.20892018750000002 0.5523012546875 0.2000521640625 0.55543933125 0.19196661406249999 0.530857740625 0.1844027125 0.5198744765625001 0.167188315625 0.534518828125 0.15153886249999998 0.5418410046875 0.144496609375 0.5507322171875 0.14866979687499998 0.55910041875 0.1491914453125 0.5758368203125 0.1429316640625 0.589435146875 0.144235784375 0.6098326359375 0.16197183125 0.6077405859375 0.1922274390625 0.589958159375 0.2073552421875 0.6087866109375 0.2157016171875 0.6129707109375 0.2308294203125 0.6391213390625 0.23552425625 0.6391213390625 0.2514345328125 0.660564853125 0.27256129375000004 0.6412133890625 0.2769953046875 0.6218619249999999
0 0.5406885765625 0.6401673640625 0.53077725625 0.6244769875 0.5219092328125 0.6025104609375 0.5106937921875 0.6134937234375 0.51851851875 0.6218619249999999 0.5140845078125 0.6338912140625 0.5065206046874999 0.6375523015625 0.5099113203125001 0.6474895390625 0.5177360453125 0.6464435140625 0.5219092328125 0.651673640625 0.53495044375 0.653765690625 0.5453834109375 0.6673640171875 0.5495565984375 0.6663179921875 0.5547730828125 0.6788702921875001 0.5612936875 0.6856694562500001 0.56364110625 0.650627615625 0.5406885765625 0.6401673640625
0 0.5782472609375 0.55648535625 0.58398539375 0.5512552296875 0.58007303125 0.5402719671875 0.58007303125 0.535041840625 0.582942096875 0.5324267781249999 0.5863328109375 0.533995815625 0.5858111625 0.5486401671875 0.5886802296875 0.5502092046875 0.5925925921874999 0.5413179921875 0.5931142406250001 0.524581590625 0.59233176875 0.5198744765625001 0.5878977562500001 0.5193514640625 0.59233176875 0.5188284515625 0.5967657796875 0.5015690375 0.57981220625 0.5010460250000001 0.576682315625 0.4811715484375 0.572509128125 0.48221757343749994 0.568857590625 0.473849371875 0.5641627546875 0.47071129687499996 0.5618153359375 0.47855648593750005 0.5618153359375 0.5015690375 0.55529473125 0.5010460250000001 0.549295775 0.5120292890625 0.5571205015625 0.5172594140625 0.5586854453125001 0.526673640625 0.5573813249999999 0.529288703125 0.5532081375 0.526150628125 0.541210225 0.529288703125 0.5344287953125 0.5397489546875 0.5239958265625 0.529288703125 0.5130412109375 0.529288703125 0.5065206046874999 0.535041840625 0.5099113203125001 0.5449790796875 0.5161711 0.538702928125 0.5219092328125 0.5397489546875 0.5286906625000001 0.55962343125 0.5333854984374999 0.55648535625 0.5464267078125 0.55962343125 0.5495565984375 0.5543933046875 0.55529473125 0.55962343125 0.5612936875 0.55910041875 0.564684403125 0.5543933046875 0.5782472609375 0.55648535625
0 0.5002608234375 0.9722803343749999 0.50625978125 0.965481171875 0.5208659359375 0.9351464437500001 0.529733959375 0.9309623437500001 0.5323422015625 0.9236401671875001 0.5370370375 0.9205020921875 0.5393844546875 0.9105648531250001 0.547991653125 0.8943514640625001 0.5532081375 0.8912133890625 0.5579029734375001 0.8786610874999999 0.5683359421875 0.8702928875 0.5792905578124999 0.8472803343749999 0.5959833078125001 0.8274058578125001 0.5959833078125001 0.8221757328124999 0.591027646875 0.81851464375 0.5959833078125001 0.81276150625 0.60015649375 0.8158995812500001 0.6009389671875 0.8101464437500001 0.59207094375 0.8028242671875001 0.5936358890625 0.7944560671875001 0.5894627015625 0.778765690625 0.5944183625 0.7730125515624999 0.6038080328125 0.775104603125 0.6040688578125 0.783995815625 0.59859155 0.7866108781250001 0.5978090765624999 0.7955020921875 0.6006781421875 0.7991631796875 0.6043296812500001 0.7907949796875 0.6079812203125 0.8002092046874999 0.6113719359374999 0.7944560671875001 0.6082420453124999 0.7703974890625 0.60015649375 0.7583682015625001 0.58815858125 0.7531380750000001 0.586854459375 0.7630753140625 0.581116328125 0.7714435140625 0.5847678671875001 0.775627615625 0.5878977562500001 0.7944560671875001 0.5847678671875001 0.8028242671875001 0.588941053125 0.8101464437500001 0.587115284375 0.8148535562499999 0.573552425 0.81066945625 0.5709441843749999 0.8023012546875 0.5615545125 0.7981171546875 0.54903495 0.8012552296875001 0.547991653125 0.81276150625 0.5365153890625 0.8253138078125 0.53077725625 0.843096234375 0.5252999484374999 0.846757321875 0.5289514859375 0.8655857734374999 0.5284298390625 0.875 0.5161711 0.904811715625 0.49634846093749996 0.9225941421874999 0.48591549218749996 0.9236401671875001 0.48278560312499996 0.9299163187499999 0.47339593124999996 0.9246861921875 0.472091809375 0.9283472796875 0.47678664531250003 0.93566945625 0.476264996875 0.9388075312499999 0.46844027187500004 0.9471757328124999 0.46504955625 0.965481171875 0.4535732921875 0.972803346875 0.45174752187499995 0.9785564859375 0.45592070937500007 0.9837866109375 0.45826812656250004 0.99372385 0.482524778125 0.9952928875 0.49321857031249994 0.992677825 0.5002608234375 0.9722803343749999
0 0.2743870625 0.6365062765625 0.2749087109375 0.6218619249999999 0.28064684375 0.6145397484374999 0.2780386015625 0.5779288703125001 0.2835159109375 0.5700836812500001 0.3075117375 0.5512552296875 0.31246739687499997 0.5434100421875 0.310641628125 0.538702928125 0.27777777812500004 0.5041841 0.2663015125 0.49895397499999994 0.2616066765625 0.49163179843749993 0.25691184218749996 0.49163179843749993 0.25091288437500003 0.49529288749999995 0.2524778296875 0.5224895390625 0.2506520609375 0.528242678125 0.2083985390625 0.5543933046875 0.1984872203125 0.55648535625 0.1930099109375 0.5402719671875 0.1844027125 0.528242678125 0.1744913921875 0.5303347281249999 0.169274909375 0.537656903125 0.1491914453125 0.5507322171875 0.15336463281249998 0.55910041875 0.150756390625 0.5768828453125 0.1439749609375 0.589435146875 0.14527908125 0.6087866109375 0.150495565625 0.599372384375 0.1531038078125 0.598326359375 0.15623369843749998 0.6066945609375 0.16092853437500002 0.6056485359375 0.171361503125 0.596234309375 0.181272821875 0.594142259375 0.1885759 0.5836820078125 0.19692227499999998 0.595188284375 0.2000521640625 0.5721757328125 0.20448617656249998 0.6019874484375001 0.21413667187500002 0.6098326359375 0.22848200312500003 0.630230125 0.22952530000000002 0.654288703125 0.2318727171875 0.660041840625 0.24021909218749998 0.653765690625 0.2433489828125 0.6464435140625 0.25195618125 0.660564853125 0.263171621875 0.6453974890625 0.2743870625 0.6365062765625
0 0 0.9722803343749999 0.0033907140625 0.9790794984375 0.0159102765625 0.9801255234375 0.0200834640625 0.9905857734374999 0.0383411578125 0.998953975 0.055033907812500005 0.9979079499999999 0.06285863281250001 0.9884937234375 0.0691184140625 0.998953975 0.2832550859375 0.9994769874999999 0.2822117890625 0.9806485359374999 0.2782994265625 0.967573221875 0.27516953593750004 0.9759414218750001 0.26421491874999997 0.9895397484374999 0.25091288437500003 0.9722803343749999 0.2462180484375 0.9597280328125001 0.2503912359375 0.9440376562499999 0.24752217031249998 0.93933054375 0.2443922796875 0.9424686187500001 0.23995826875 0.9398535562499999 0.23943662031250001 0.93671548125 0.24465310312500002 0.9283472796875 0.24360980625 0.912656903125 0.2360459046875 0.899581590625 0.232394365625 0.9142259421875 0.20370370312500002 0.93723849375 0.1927490875 0.9351464437500001 0.17657798593750001 0.905857740625 0.169274909375 0.904811715625 0.1687532609375 0.8943514640625001 0.15362545625 0.8901673640625001 0.1554512265625 0.88127615 0.14971309375 0.8729079499999999 0.1554512265625 0.8624476984375 0.1564945234375 0.845711296875 0.1820552953125 0.8111924687500001 0.1807511734375 0.80648535625 0.1734480953125 0.8033472796875 0.169274909375 0.8033472796875 0.16614501875 0.81171548125 0.16092853437500002 0.81276150625 0.1327595203125 0.839958159375 0.12232655156250001 0.845188284375 0.1225873765625 0.8572175734374999 0.1468440265625 0.8870292890625 0.1481481484375 0.8969665265625 0.13745435625 0.9173640171875 0.1275430359375 0.9225941421874999 0.10719874843749999 0.94456066875 0.10250391249999999 0.94351464375 0.10041731875 0.9518828453125 0.0915492953125 0.9571129703125001 0.085289515625 0.967573221875 0.074856546875 0.9748953968749999 0.055555556250000006 0.973849371875 0.0320813765625 0.9257322171875 0.0159102765625 0.9466527203125 0 0.94194560625 0 0.9722803343749999
0 0.3236828375 0.9592050203125 0.3455920703125 0.9299163187499999 0.3601982265625 0.9205020921875 0.3888888890625 0.9497907953125001 0.39175795468749997 0.9440376562499999 0.3886280640625 0.9283472796875 0.392540428125 0.9121338906249999 0.404538340625 0.9205020921875 0.4139280125 0.910041840625 0.42618675 0.8875523015625 0.42879499218749995 0.88127615 0.4238393328125 0.8744769874999999 0.41027647343750007 0.8744769874999999 0.40088680156249995 0.8682008375000001 0.3836724046875 0.8493723843750001 0.376108503125 0.836297071875 0.376108503125 0.8237447703124999 0.380281690625 0.8038702921875001 0.3797600421875 0.7934100421875 0.38315075625 0.785564853125 0.388367240625 0.7928870296875 0.41001564999999995 0.7641213390625 0.41210224375 0.7432008375 0.41888367187500003 0.7316945609375 0.416797078125 0.720188284375 0.4220135625 0.7107740578125 0.42305685937500004 0.6731171546875 0.427490871875 0.6715481171875 0.4316640578125 0.661087865625 0.4428794984375 0.653242678125 0.43922796093749994 0.6438284515625 0.43870631250000003 0.6354602515625001 0.434533125 0.6281380750000001 0.46296296249999996 0.6129707109375 0.4707876890625 0.596234309375 0.4778299421875 0.590481171875 0.4760041734375 0.5794979078125 0.45096505000000003 0.55857740625 0.44470526875000005 0.56903765625 0.42957746406249997 0.5784518828125 0.4238393328125 0.592050209375 0.414971309375 0.588912134375 0.4126238921875 0.591527196875 0.41236306718750004 0.598326359375 0.404538340625 0.6035564859375 0.39149713125 0.601464434375 0.3888888890625 0.6119246859375 0.37584767812500003 0.6265690375 0.3727177875 0.6370292890625 0.3661971828125 0.6291841 0.3612415234375 0.6087866109375 0.3570683359375 0.6119246859375 0.3552425671875 0.6187238500000001 0.3568075125 0.6448744765625001 0.3654147109375 0.6464435140625 0.3847157015625 0.6684100421875 0.388106415625 0.6793933046875 0.388106415625 0.69194560625 0.37558685468749997 0.724372384375 0.37923839375 0.7463389125 0.3776734484375 0.7526150625 0.37219613906250004 0.7615062765625 0.36280646875 0.7625523015625 0.35550339062499997 0.7594142265625 0.353677621875 0.7452928875 0.3518518515625 0.744769875 0.3541992703125 0.7630753140625 0.353677621875 0.778765690625 0.3455920703125 0.7970711296874999 0.341418884375 0.7981171546875 0.337245696875 0.80648535625 0.3304642671875 0.81171548125 0.320552946875 0.8075313812499999 0.3158581109375 0.7981171546875 0.28560250468750004 0.7667364015625 0.258998434375 0.7301255234374999 0.255346896875 0.7311715484375 0.2527386546875 0.7405857734375 0.240740740625 0.7541841 0.2318727171875 0.7510460250000001 0.224569640625 0.7364016734375001 0.2170057375 0.7442468625 0.21283255156249997 0.775627615625 0.2138758484375 0.7944560671875001 0.21022430937499997 0.8007322171875 0.2157016171875 0.8138075312499999 0.21752738593749998 0.8111924687500001 0.21752738593749998 0.7923640171875 0.22143975 0.778242678125 0.23135106875 0.7656903765624999 0.24752217031249998 0.7677824265625001 0.2545644234375 0.778765690625 0.2576943140625 0.7996861921875 0.2576943140625 0.8436192468750001 0.25352112656250003 0.8498953968749999 0.26682316093749997 0.8598326359374999 0.2741262390625 0.8776150625 0.302295253125 0.850418409375 0.3090766828125 0.8556485359374999 0.3158581109375 0.8535564859375 0.3239436625 0.8645397484374999 0.322900365625 0.873953975 0.33176838750000004 0.8896443515625 0.3322900359375 0.8969665265625 0.318466353125 0.9152719671874999 0.30125195625 0.9288702921875001 0.2902973390625 0.9592050203125 0.2863849765625 0.9555439328125 0.2853416796875 0.9722803343749999 0.2884715703125 0.9952928875 0.2989045390625 0.9984309625 0.3090766828125 0.9884937234375 0.3236828375 0.9592050203125