1 0.896875 0.5875 0.10078125 0.1546875
1 0.56015625 0.371875 0.1 0.14296875
1 0.33515625 0.3921875 0.071875 0.1453125
1 0.928125 0.89921875 0.134375 0.2015625
1 0.67109375 0.49140625 0.090625 0.19921875
1 0.94375 0.72890625 0.10546875 0.1390625
1 0.77109375 0.70703125 0.08359375 0.1796875
1 0.57265625 0.565625 0.0921875 0.09453125
1 0.41484375 0.33125 0.10390625 0.11015625
1 0.69453125 0.24375 0.06953125 0.1234375
1 0.95546875 0.31796875 0.08515625 0.24921875
1 0.7125 0.6328125 0.06328125 0.16796875
1 0.46796875 0.43828125 0.078125 0.171875
1 0.74765625 0.08359375 0.06484375 0.0890625
1 0.77109375 0.9640625 0.05859375 0.071875
1 0.609375 0.2 0.04609375 0.0546875
1 0.65703125 0.15546875 0.028125 0.05234375
1 0.5703125 0.24375 0.04453125 0.03671875
1 0.6328125 0.34375 0.0359375 0.09140625
0 0.3857984296875 0.1507208390625 0.39234293125 0.1389252953125 0.39692408437500004 0.1402359109375 0.399214659375 0.1343381390625 0.398560209375 0.1199213625 0.3949607328125 0.11795543906249999 0.35896596875000003 0.145478375 0.35602094218749997 0.151376146875 0.35929319375 0.16579292343750002 0.3645287953125 0.1671035390625 0.36812827187499997 0.15989515 0.3857984296875 0.1507208390625
0 0.4806937171875 0.0642201828125 0.4810209421875 0.055701179687500005 0.4689136125 0.0511140234375 0.459751309375 0.039318479687500005 0.45058900468749996 0.0366972484375 0.41590314062499995 0.0065530796875 0.4008507859375 0 0.3874345546875 0.00458715625 0.39234293125 0.0144167765625 0.43030104687500004 0.047182175 0.43651832500000004 0.06094364375 0.4375 0.0865006546875 0.4640052359375 0.08584534687499999 0.474803665625 0.066841415625 0.4806937171875 0.0642201828125
0 0.31217277499999996 0.31520314531250004 0.314136125 0.287680209375 0.3167539265625 0.2837483625 0.31282722500000004 0.27064220156249996 0.313481675 0.2509829625 0.3174083765625 0.24180864999999999 0.31937172812500003 0.2221494109375 0.32624345625 0.21363040625 0.335078534375 0.2116644828125 0.3396596859375 0.19200524218749998 0.35471204218749997 0.1684141546875 0.3537303671875 0.15203145468749998 0.32820680625 0.1651376140625 0.3000654453125 0.1965923984375 0.27781413593750004 0.2096985578125 0.27028795781250003 0.23001310625000002 0.2621073296875 0.23591087812499997 0.250981675 0.2634338140625 0.243128271875 0.2673656625 0.2179319375 0.3060288328125 0.2215314140625 0.31192660625 0.23396596875000003 0.31454783750000004 0.23592931875 0.3197903015625 0.23920157031249997 0.31716906875 0.243128271875 0.32372215 0.29057591562499996 0.3387942328125 0.2948298421875 0.32634338125 0.31217277499999996 0.31520314531250004
0 0.5448298421875 0.9829619921875 0.5487565437499999 0.9737876796875 0.5638089 0.965923984375 0.584751309375 0.9737876796875 0.6030759156250001 0.9960681515625 0.63972513125 0.9960681515625 0.6446335078125001 0.9901703796874999 0.646596859375 0.9744429875 0.6495418843749999 0.9711664484375 0.6537958109375 0.9744429875 0.6544502624999999 0.9875491484375001 0.6600130890625 0.9934469203124999 0.6861911 0.9934469203124999 0.6897905765625 0.98099606875 0.6845549734375 0.9665792921874999 0.685863875 0.9429882046875001 0.6744109953125 0.9423328968750001 0.6655759156250001 0.9207077328125 0.664267015625 0.8944954125000001 0.67146596875 0.85910878125 0.67113874375 0.8466579296875001 0.6600130890625 0.8479685453125001 0.6554319375000001 0.8623853218749999 0.649869109375 0.8643512453125 0.64168848125 0.8925294890625001 0.6357984296875 0.8938401046875001 0.632198953125 0.8774574046874999 0.6269633515625 0.872214940625 0.6243455499999999 0.8420707734375 0.6122382203125001 0.8152031453124999 0.60994764375 0.8420707734375 0.6040575921875 0.8486238531250001 0.6030759156250001 0.8571428578125 0.5965314140625 0.8597640890625 0.5922774875 0.825032765625 0.57853403125 0.7778505890625 0.57722513125 0.7621231984375 0.569044503125 0.7653997375 0.5638089 0.7824377453125 0.5572643984375001 0.7837483625 0.553664921875 0.7778505890625 0.553010471875 0.7555701171875 0.54581151875 0.7319790296875001 0.5327225125 0.7162516375 0.5301047125 0.667758846875 0.5202879578124999 0.6507208390625 0.51701570625 0.625819134375 0.51407068125 0.6199213625 0.5062172781250001 0.6212319796875 0.5006544500000001 0.614023590625 0.5022905765625 0.604193971875 0.507526178125 0.606815203125 0.5107984296875 0.5976408906249999 0.500981675 0.5910878109375 0.498363875 0.5779816515625 0.4901832453125 0.5969855828124999 0.4895287953125 0.6297509828125001 0.4865837703125 0.6356487546875 0.48462041874999995 0.62647444375 0.47709424062499994 0.6205766703125 0.475130890625 0.5891218874999999 0.4708769640625 0.5884665796874999 0.4669502625 0.5792922671875 0.4630235609375 0.5871559640624999 0.45876963281250005 0.579947575 0.45124345625 0.5321100921874999 0.4473167546875 0.5399737874999999 0.443390053125 0.5399737874999999 0.4361911 0.517693315625 0.42506544531249996 0.5137614671875 0.4185209421875 0.4993446921875 0.4080497375 0.49672345937499995 0.4015052359375 0.47182175624999995 0.39103403124999997 0.4678899078125 0.3871073296875 0.4534731328125 0.376636125 0.4442988203125 0.3730366484375 0.44888597656250007 0.375 0.4633027515625 0.384162303125 0.4921363046875 0.4018324609375 0.5052424640625001 0.40314136093749997 0.543250328125 0.40706806249999994 0.55897771875 0.4041230359375 0.5648754921875 0.39168848125 0.5701179546875 0.3867801046875 0.5602883359375 0.38939790625000004 0.55373525625 0.38939790625000004 0.5406290953124999 0.3799083765625 0.5399737874999999 0.3645287953125 0.569462646875 0.35863874375 0.5969855828124999 0.3645287953125 0.623197903125 0.368455496875 0.6612057671875 0.3772905765625 0.660550459375 0.3795811515625 0.6756225421875001 0.3795811515625 0.6834862390625001 0.375 0.69003931875 0.3736911 0.7503276546875 0.3763089 0.7778505890625 0.37434555 0.804062909375 0.36485602031250003 0.8152031453124999 0.3563481671875 0.8020969859375 0.3393324609375 0.7929226734375 0.3157722515625 0.7889908250000001 0.306609946875 0.7811271296875 0.29057591562499996 0.7201834859375 0.2912303671875 0.6965923984375 0.310863875 0.6271297515625001 0.3242801046875 0.606815203125 0.32657068125 0.5969855828124999 0.318717278125 0.53538663125 0.29744764375 0.526867628125 0.29188481718750003 0.5039318484375 0.289267015625 0.46461336875 0.2830497375 0.45085189999999997 0.273560209375 0.44888597656250007 0.2787958109375 0.43971166406249995 0.2794502625 0.42267365625000003 0.2840314140625 0.409567496875 0.29057591562499996 0.40039318437500004 0.29057591562499996 0.3584534734375 0.28763089062499997 0.3512450859375 0.2784685859375 0.34600262187499997 0.250981675 0.339449540625 0.23527486875 0.32765399687499996 0.2162958109375 0.3224115328125 0.21236910937500003 0.3106159890625 0.2084424078125 0.31716906875 0.195353403125 0.32372215 0.1753926703125 0.30733945 0.1760471203125 0.29947575312499997 0.187172775 0.27588466562499997 0.18586387499999998 0.2496723453125 0.194044503125 0.22018348593749998 0.209751309375 0.21887287031249997 0.2162958109375 0.22411533437500003 0.22578534062500002 0.2129750984375 0.227094240625 0.19724770625000002 0.2306937171875 0.188728703125 0.2372382203125 0.188728703125 0.243782721875 0.200524246875 0.2535994765625 0.17300131093749999 0.272578534375 0.1756225421875 0.38056282656249996 0.087811271875 0.3867801046875 0.071428571875 0.3720549734375 0.039318479687500005 0.3426047125 0.0052424640625 0.3301701578125 0.001310615625 0 0.0019659234375000003 0.000327225 0.9947575359374999 0.14299738281250002 0.9960681515625 0.1557591625 0.982306684375 0.1583769640625 0.9678899078125 0.1570680625 0.9547837484375 0.14136125625 0.9416775890625001 0.1348167546875 0.9193971171875001 0.13219895312500002 0.8971166453125001 0.13219895312500002 0.869593709375 0.1354712046875 0.8499344687500001 0.13219895312500002 0.8184796859375 0.132853403125 0.7844036703125 0.14201570624999998 0.7490170375 0.1348167546875 0.72280471875 0.14005235625 0.7070773265625 0.14136125625 0.6454783749999999 0.14528795781249998 0.6284403671875001 0.14136125625 0.6179554390625001 0.14136125625 0.6074705109375 0.1443062828125 0.596330275 0.14823298437500002 0.596330275 0.1573952875 0.6002621234375 0.1665575921875 0.6120576671875 0.1888089 0.5989515078125 0.2005890046875 0.5989515078125 0.2156413609375 0.609436434375 0.2205497375 0.62450851875 0.228403140625 0.634993446875 0.2290575921875 0.6690694625 0.23527486875 0.6815203140625 0.2401832453125 0.6834862390625001 0.23920157031249997 0.695937090625 0.2162958109375 0.7182175625 0.20320680625 0.73001310625 0.1855366484375 0.73001310625 0.17342931875 0.74639580625 0.17506544531249998 0.7562254265624999 0.1852094234375 0.7660550453125 0.1845549734375 0.7778505890625 0.19469895312500002 0.811271296875 0.2306937171875 0.8505897765625001 0.24607329843749998 0.8774574046874999 0.24738219843749998 0.8879423328125 0.24607329843749998 0.91546526875 0.2365837703125 0.9370904328125 0.2228403140625 0.9488859765625 0.2084424078125 0.9475753609374999 0.194044503125 0.9580602890625001 0.1904450265625 0.9665792921874999 0.195026178125 0.9770642203125 0.1888089 0.977719528125 0.1875 0.9829619921875 0.194044503125 0.9842726078125 0.196662303125 0.97903014375 0.20255235625 0.9908256874999999 0.210405759375 0.9960681515625 0.3301701578125 0.99737876875 0.33442408437500004 0.9901703796874999 0.336387434375 0.9574049796875 0.3448952875 0.9259501968749999 0.3570026171875 0.9069462640625 0.37532722500000004 0.9030144171875 0.39234293125 0.9108781125000001 0.39561518281249997 0.9043250328125 0.400196334375 0.9043250328125 0.40379581093750005 0.9115334203125001 0.4044502625 0.937745740625 0.399214659375 0.9665792921874999 0.4047774875 0.9934469203124999 0.45124345625 0.9960681515625 0.45746073281250005 0.982306684375 0.45418848125 0.9442988203124999 0.4492801046875 0.9252948890624999 0.4352094234375 0.9128440359375001 0.429319371875 0.8787680203124999 0.43651832500000004 0.8656618609375 0.43651832500000004 0.8446920046875 0.43946335156250005 0.8361730015625 0.45124345625 0.820445609375 0.4630235609375 0.81913499375 0.47382198906250006 0.8407601578125 0.47382198906250006 0.872214940625 0.4810209421875 0.904980340625 0.4734947640625 0.930537353125 0.46564136093749997 0.9266055046874999 0.461387434375 0.9403669718750001 0.460732984375 0.9875491484375001 0.48265706875000003 0.99737876875 0.5183246078125 0.996723459375 0.5297774875 0.9934469203124999 0.5448298421875 0.9829619921875