1 0.40859375 0.5953125 0.11015625 0.22578125
1 0.61875 0.44296875 0.08984375 0.11796875
1 0.30390625 0.06953125 0.0796875 0.11953125
1 0.08125 0.60234375 0.14296875 0.16875
1 0.03828125 0.134375 0.07578125 0.0796875
1 0.39296875 0.1640625 0.05234375 0.0875
1 0.52734375 0.12890625 0.06796875 0.115625
1 0.915625 0.12265625 0.11171875 0.08203125
1 0.790625 0.10546875 0.0640625 0.07890625
1 0.84296875 0.303125 0.14921875 0.18359375
1 0.57109375 0.2296875 0.0765625 0.08984375
1 0.11953125 0.1078125 0.03671875 0.06875
1 0.4765625 0.16015625 0.0359375 0.06015625
1 0.16171875 0.1890625 0.05546875 0.05703125
1 0.3875 0.24375 0.04609375 0.07421875
1 0.4515625 0.2421875 0.03671875 0.0765625
1 0.73046875 0.05390625 0.04921875 0.05
1 0.6234375 0.6515625 0.07421875 0.1109375
1 0.44375 0.025 0.0578125 0.05
1 0.7015625 0.12734375 0.07265625 0.07578125
1 0.85234375 0.1453125 0.08984375 0.0765625
1 0.28359375 0.26328125 0.04453125 0.06875
1 0.08359375 0.19921875 0.06640625 0.07109375
1 0.08984375 0.4828125 0.0625 0.07109375
1 0.25859375 0.60625 0.08046875 0.1046875
1 0.84453125 0.57734375 0.04296875 0.11484375
0 0.0041666671875 0.2122030234375 0.0080729171875 0.2073434125 0.0140625 0.2122030234375 0.0096354171875 0.22030237656249999 0.0205729171875 0.22030237656249999 0.02734375 0.22570194375 0.04296875 0.222462203125 0.04375 0.2132829375 0.03671875 0.1997840171875 0.0315104171875 0.1997840171875 0.029427082812499998 0.19546436250000002 0.0002604171875 0.192224621875 0.0005208328124999999 0.2359611234375 0.0067708328125 0.21976241875000002 0.0041666671875 0.2122030234375
0 0.6088541671875001 0.042656587499999996 0.60390625 0.0323974078125 0.6377604171875 0.0226781859375 0.65390625 0.0248380125 0.6591145828125 0.021598271875 0.6604166671875 0.0167386609375 0.6388020828125 0.0140388765625 0.63203125 0.0021598265625000002 0.6268229171875 0.0021598265625000002 0.60703125 0.0129589640625 0.60078125 0.0226781859375 0.5872395828125 0.0226781859375 0.5872395828125 0.0259179265625 0.5950520828125 0.028077753125 0.6015625 0.039416846875 0.5994791671875 0.045896328125000004 0.6 0.0664146875 0.6046875 0.0718142546875 0.6083333328125 0.06533477343750001 0.6088541671875001 0.042656587499999996
0 0.2627604171875 0.2311015125 0.27109375 0.22030237656249999 0.2815104171875 0.2213822890625 0.28671875 0.2267818578125 0.2916666671875 0.21976241875000002 0.27890625 0.217062634375 0.27265625 0.20626349843749997 0.25078125 0.20626349843749997 0.24713541718749998 0.198704103125 0.23932291718749998 0.1997840171875 0.23151041718749998 0.21382289375000002 0.2192708328125 0.21652267812499998 0.21875 0.21976241875000002 0.22786458281250002 0.23434125312499998 0.2364583328125 0.241360690625 0.2513020828125 0.23002159843749997 0.2627604171875 0.2311015125
0 0.9770833328125 0.0869330453125 0.9721354171875 0.0928725703125 0.9690104171874999 0.07343412499999999 0.9611979171874999 0.0723542109375 0.9580729171875 0.06479481718749999 0.9424479171875 0.047516198437500004 0.93203125 0.04319654375 0.92578125 0.0723542109375 0.9221354171874999 0.061555075 0.9059895828125001 0.06263498906250001 0.90234375 0.05831533437500001 0.9005208328125001 0.064254859375 0.90234375 0.0691144703125 0.91796875 0.070194384375 0.9205729171874999 0.07451403906250001 0.9544270828125001 0.07451403906250001 0.9588541671874999 0.082613390625 0.959375 0.0901727859375 0.9723958328125001 0.1290496765625 0.9770833328125 0.1322894171875 0.9786458328125001 0.1236501078125 0.9770833328125 0.0869330453125
0 0.3557291671875 0.58585313125 0.35546875 0.576673865625 0.33984375 0.56695464375 0.3278645828125 0.5723542109374999 0.32578125 0.576673865625 0.3213541671875 0.5674946000000001 0.3192708328125 0.5545356375 0.3143229171875 0.5485961125000001 0.30078125 0.5485961125000001 0.2932291671875 0.5534557234374999 0.29375 0.5620950328125 0.2971354171875 0.5701943843749999 0.3106770828125 0.5745140390625 0.33515625 0.595032396875 0.3458333328125 0.62257019375 0.3494791671875 0.618250540625 0.3557291671875 0.58585313125
0 0.653125 0.1895248375 0.65625 0.15604751562500002 0.6614583328125 0.1322894171875 0.66796875 0.12850971875 0.6802083328124999 0.106371490625 0.6817708328125 0.08909287187500001 0.67890625 0.0777537796875 0.6747395828125 0.07343412499999999 0.6690104171875 0.08855291562499999 0.6307291671875 0.11501079843749999 0.6315104171875 0.1231101515625 0.63984375 0.1241900640625 0.6432291671875 0.1301295890625 0.6484375 0.154967603125 0.6328125 0.173326134375 0.625 0.19492440625000002 0.6268229171875 0.1997840171875 0.6296875 0.1992440609375 0.6486979171875 0.19546436250000002 0.653125 0.1895248375
0 1 0.34179265625 0.9971354171875 0.338012959375 0.9638020828125 0.34125269999999996 0.9611979171874999 0.350971921875 0.9575520828125 0.350971921875 0.9567708328125001 0.3428725703125 0.9533854171874999 0.33909287187500003 0.8932291671874999 0.3428725703125 0.8940104171875 0.350971921875 0.90546875 0.3552915765625 0.9091145828125 0.3617710578125 0.9216145828125001 0.3606911453125 0.9278645828125001 0.35313175 0.9393229171874999 0.3520518359375 0.9440104171874999 0.35313175 0.94921875 0.3617710578125 0.9611979171874999 0.3606911453125 0.9731770828125 0.393088553125 0.9861979171874999 0.3941684671875 0.99453125 0.40928725625 1 0.41198704062499997 1 0.34179265625
0 0.7643229171875 0.51835853125 0.7690104171875001 0.51187905 0.78046875 0.508639309375 0.7841145828125 0.49460043125 0.8044270828125001 0.48164146875 0.803125 0.472462203125 0.79609375 0.4654427640625 0.7924479171875001 0.46760259218750005 0.78984375 0.4589632828125 0.78046875 0.453563715625 0.7768229171875001 0.4589632828125 0.76484375 0.45788336875 0.7609375 0.4713822890625 0.7609375 0.4811015125 0.7528645828125 0.49460043125 0.7450520828125 0.49460043125 0.74140625 0.484881209375 0.7372395828125 0.48380129531250005 0.7348958328124999 0.49190064843750003 0.7338541671875001 0.515658746875 0.7252604171875 0.5161987046875 0.7213541671875 0.521058315625 0.7247395828125 0.5291576671875 0.7299479171875001 0.53023758125 0.73671875 0.545356371875 0.7520833328125 0.55561555 0.7572916671875001 0.5534557234374999 0.7643229171875 0.51835853125
0 0.92421875 0.46652267812500003 0.9260416671874999 0.4411447078125 0.93046875 0.4341252703125 0.9388020828125001 0.4319654421875 0.9395833328125001 0.41522678125 0.9174479171875 0.4157667390625 0.9075520828125001 0.42008639375 0.89453125 0.40388768906249994 0.88671875 0.40172786250000003 0.8822916671875 0.405507559375 0.8807291671874999 0.42386609062499997 0.8833333328125 0.43142548593749996 0.8825520828125001 0.44708423281250004 0.8760416671875 0.43898488125 0.8747395828125001 0.429805615625 0.87265625 0.43952483750000004 0.8549479171875 0.44816414687500006 0.8505208328125 0.45842332656250007 0.8515625 0.472462203125 0.8580729171874999 0.4805615546875 0.8684895828125001 0.46652267812500003 0.87421875 0.4654427640625 0.8919270828125001 0.4794816421875 0.90625 0.4811015125 0.9143229171874999 0.4708423328125 0.92421875 0.46652267812500003
0 0.17578125 0.2397408203125 0.19192708281249998 0.23002159843749997 0.20546875 0.21274298125 0.2169270828125 0.2084233265625 0.2192708328125 0.198164146875 0.21979166718749998 0.1603671703125 0.2260416671875 0.1506479484375 0.23020833281250003 0.1290496765625 0.23515625 0.1231101515625 0.2494791671875 0.12257019375 0.23515625 0.1220302375 0.23151041718749998 0.11771058281249999 0.22682291718749997 0.12850971875 0.22005208281250002 0.131749459375 0.21067708281250003 0.155507559375 0.20390625 0.1598272140625 0.1888020828125 0.155507559375 0.1846354171875 0.143628509375 0.1736979171875 0.13714902812500002 0.16848958281249998 0.1295896328125 0.15546875 0.13822894218749998 0.16484375 0.155507559375 0.1705729171875 0.15766738593750002 0.1799479171875 0.1717062640625 0.19088541718750002 0.179265659375 0.1921875 0.188444925 0.1877604171875 0.2116630671875 0.1638020828125 0.22570194375 0.1533854171875 0.2386609078125 0.14921875 0.2386609078125 0.13828125 0.22570194375 0.12734375 0.22030237656249999 0.12578125 0.2073434125 0.121875 0.21976241875000002 0.1234375 0.2359611234375 0.14140625 0.2667386609375 0.1442708328125 0.2661987046875 0.16796875 0.2548596109375 0.17578125 0.2397408203125
0 0.3278645828125 0.161987040625 0.3419270828125 0.161987040625 0.34427083281250004 0.154967603125 0.3450520828125 0.13066954687500001 0.3578125 0.131209503125 0.35703125 0.13714902812500002 0.3533854171875 0.1360691140625 0.3479166671875 0.1420086390625 0.346875 0.1484881203125 0.3486979171875 0.15874729999999998 0.35598958281250004 0.155507559375 0.3596354171875 0.13822894218749998 0.36484375 0.1533477328125 0.3734375 0.1387688984375 0.37552083281250004 0.1236501078125 0.37447916718749996 0.11069114531249999 0.38046875 0.10043196562500001 0.3924479171875 0.093952484375 0.4018229171875 0.09503239687500001 0.40546875 0.0982721375 0.40807291718750005 0.10691144687500001 0.41510416718750004 0.088012959375 0.4166666671875 0.0566954640625 0.40442708281249995 0.0313174953125 0.3763020828125 0.033477321875 0.3721354171875 0.03023758125 0.3575520828125 0.036717062499999994 0.34140625 0.036717062499999994 0.3401041671875 0.0415766734375 0.3447916671875 0.069654428125 0.34322916718749996 0.10745140312499998 0.3361979171875 0.12850971875 0.3135416671875 0.1603671703125 0.3114583328125 0.1787257015625 0.3145833328125 0.1808855296875 0.3174479171875 0.17062634999999998 0.3278645828125 0.161987040625
0 0.49114583281249996 0.0988120953125 0.49427083281249995 0.0772138234375 0.49817708281249995 0.070194384375 0.50546875 0.07343412499999999 0.5127604171875 0.06263498906250001 0.5174479171875 0.07127429843750001 0.5315104171875 0.070194384375 0.55234375 0.0777537796875 0.5690104171875 0.0777537796875 0.5736979171875001 0.0809935203125 0.58046875 0.097192225 0.5924479171875 0.09071274375 0.59375 0.0739740828125 0.58828125 0.07451403906250001 0.5825520828124999 0.059395248437500006 0.5705729171875 0.051835853125 0.565625 0.032937365625 0.5731770828125 0.0194384453125 0.5856770828125 0.021598271875 0.5869791671875 0.0048596109375 0.590625 0.0005399562499999999 0.53203125 0.0010799140625 0.5247395828125 0.009719221875 0.51640625 0.011879049999999999 0.51015625 0.0248380125 0.5002604171875 0.0248380125 0.49635416718750003 0.0404967609375 0.4984375 0.050215982812500004 0.4984375 0.06101511875 0.4966145828125 0.06479481718749999 0.46953125 0.0604751625 0.46770833281249996 0.06533477343750001 0.4671875 0.09125269999999999 0.4578125 0.0988120953125 0.459375 0.118250540625 0.4622395828125 0.1241900640625 0.47161458281249996 0.1209503234375 0.4921875 0.137688984375 0.49375 0.1268898484375 0.49114583281249996 0.0988120953125
0 0.43046875 0.417926565625 0.44895833281249997 0.41522678125 0.44713541718750005 0.40820734375 0.43984375 0.40388768906249994 0.4359375 0.3893088546875 0.43671875 0.3250539953125 0.4486979171875 0.3185745140625 0.45130208281249995 0.30885529218749996 0.45703125 0.30669546406250003 0.46119791718750003 0.30885529218749996 0.46380208281249996 0.3185745140625 0.47473958281249995 0.33477321875 0.48671875 0.33477321875 0.49322916718750004 0.3158747296875 0.49036458281249995 0.301295896875 0.48255208281249995 0.302375809375 0.48229166718750005 0.2975161984375 0.4966145828125 0.27429805625000003 0.50234375 0.2699784015625 0.51015625 0.28185745156249997 0.51796875 0.28617710625 0.5252604171875 0.284017278125 0.5294270828125 0.277537796875 0.5307291671875001 0.2856371484375 0.5377604171875 0.295896328125 0.5455729171875 0.2969762421875 0.5458333328125 0.27591792656249997 0.54375 0.26295896406249997 0.53828125 0.2602591796875 0.53359375 0.2721382296875 0.5315104171875 0.271058315625 0.5291666671875 0.25539956875000003 0.5302083328125 0.22408207343750003 0.5158854171875 0.22030237656249999 0.5161458328124999 0.19600432031249998 0.5065104171875 0.19438445 0.50234375 0.1879049671875 0.4830729171875 0.22570194375 0.4703125 0.2251619875 0.47083333281249995 0.2726781859375 0.46588541718750004 0.28725701875 0.45130208281249995 0.2915766734375 0.43932291718750005 0.28617710625 0.4263020828125 0.27429805625000003 0.42161458281249997 0.2753779703125 0.41588541718750005 0.28509719218749996 0.40807291718750005 0.28509719218749996 0.40807291718750005 0.295896328125 0.41484375 0.29373650156250003 0.41588541718750005 0.28617710625 0.4203125 0.3093952484375 0.4309895828125 0.3250539953125 0.43333333281249997 0.3331533484375 0.42109375 0.35313175 0.40911458281249996 0.357451403125 0.409375 0.368790496875 0.40520833281249996 0.39038876875 0.4057291671875 0.4065874734375 0.3971354171875 0.40820734375 0.3942708328125 0.41414686874999995 0.41302083281249996 0.42062635000000004 0.42369791718750005 0.414686825 0.43046875 0.417926565625
0 0.6567708328124999 0.5448164140625 0.6549479171875 0.5410367171875 0.6434895828125 0.538876890625 0.63984375 0.5172786171875 0.62734375 0.5194384453125 0.6127604171875001 0.51187905 0.6080729171875 0.5043196546875001 0.5872395828125 0.490280778125 0.5731770828125 0.48812095 0.5713541671875 0.48542116562500004 0.5713541671875 0.45950323906249996 0.5690104171875 0.44924406093749997 0.5528645828125 0.44816414687500006 0.5455729171875 0.4341252703125 0.53125 0.42170626406249995 0.5302083328125 0.40334773281249997 0.53359375 0.3887688984375 0.54453125 0.3887688984375 0.54921875 0.39740820781249997 0.55546875 0.39740820781249997 0.5640625 0.39038876875 0.5640625 0.3720302375 0.5609375 0.35259179218750003 0.5596354171875 0.35853131718750003 0.55546875 0.35961123125 0.5463541671875001 0.350431965625 0.54921875 0.344492440625 0.5533854171875 0.344492440625 0.55859375 0.338012959375 0.5591145828124999 0.3315334765625 0.5528645828125 0.3272138234375 0.54296875 0.33477321875 0.5263020828125 0.33477321875 0.5145833328125 0.34071274375 0.5125 0.350431965625 0.5161458328124999 0.362311015625 0.5151041671875001 0.380669546875 0.51015625 0.3887688984375 0.5020833328125 0.39146868281249997 0.5174479171875 0.39740820781249997 0.5208333328125 0.41522678125 0.51015625 0.4168466515625 0.5052083328125 0.42278617656249995 0.5046875 0.435745140625 0.5083333328124999 0.44762419062500003 0.5015625 0.45194384374999996 0.5005208328124999 0.4713822890625 0.4966145828125 0.48164146875 0.51328125 0.48380129531250005 0.53203125 0.5 0.54140625 0.4989200859375 0.54921875 0.48812095 0.5575520828125 0.48380129531250005 0.5653645828125 0.484881209375 0.5716145828125 0.48920086406249996 0.5770833328125 0.503779696875 0.578125 0.5253779703125 0.575 0.545896328125 0.58046875 0.5604751625 0.5856770828125 0.5507559390625001 0.5940104171875 0.5496760265625 0.6216145828124999 0.5658747296875 0.6552083328125 0.5772138234375 0.6578125 0.564254859375 0.6567708328124999 0.5448164140625
0 0.2635416671875 0.09125269999999999 0.2666666671875 0.0469762421875 0.2645833328125 0.0404967609375 0.2627604171875 0 0.2567708328125 0.0005399562499999999 0.2619791671875 0.0167386609375 0.2549479171875 0.0248380125 0.2513020828125 0.0248380125 0.23984375 0.0043196546875 0.22005208281250002 0.011879049999999999 0.21770833281250002 0.0167386609375 0.21614583281250002 0.039416846875 0.21119791718749997 0.042116631249999995 0.19609375 0.038876890625 0.1872395828125 0.03023758125 0.1822916671875 0.0102591796875 0.17734375 0 0.03046875 0.0010799140625 0.028125 0.003779696875 0.0263020828125 0.0172786171875 0.0158854171875 0.0205183578125 0.014583332812499999 0.02429805625 0.02734375 0.029157667187500003 0.03125 0.048056156249999996 0.03984375 0.057235421875000005 0.062239582812500006 0.06479481718749999 0.08671875 0.0658747296875 0.1471354171875 0.06263498906250001 0.1494791671875 0.06101511875 0.14791666718750002 0.039416846875 0.15 0.032937365625 0.1611979171875 0.03023758125 0.1661458328125 0.039416846875 0.1625 0.04913606875 0.1619791671875 0.0674946 0.1643229171875 0.076673865625 0.1690104171875 0.07451403906250001 0.17109375 0.06479481718749999 0.20026041718749998 0.059395248437500006 0.2153645828125 0.076673865625 0.2192708328125 0.0955723546875 0.22291666718749997 0.0966522671875 0.25078125 0.0896328296875 0.2635416671875 0.09125269999999999
0 0.29453125 0.478401728125 0.28463541718749996 0.471922246875 0.2822916671875 0.46382289375 0.2848958328125 0.4562634984375 0.2848958328125 0.44762419062500003 0.2901041671875 0.4335853125 0.30703125 0.399568034375 0.3143229171875 0.39524837968750004 0.3278645828125 0.402807775 0.334375 0.4249460046875 0.33645833281250004 0.4713822890625 0.34140625 0.4805615546875 0.34817708281250004 0.4805615546875 0.3572916671875 0.46490280781250004 0.3567708328125 0.45842332656250007 0.3494791671875 0.44870410312500003 0.3515625 0.43142548593749996 0.3635416671875 0.41414686874999995 0.37057291718749996 0.3855291578125 0.38333333281250004 0.37850971875 0.3864583328125 0.34395248437500003 0.3809895828125 0.33909287187500003 0.36171875 0.33585313125 0.3544270828125 0.320734340625 0.34140625 0.3153347734375 0.33359375 0.29913606875 0.3278645828125 0.2969762421875 0.3114583328125 0.3007559390625 0.3135416671875 0.30831533437499997 0.3125 0.3342332609375 0.3138020828125 0.338012959375 0.3184895828125 0.338012959375 0.3216145828125 0.332613390625 0.3229166671875 0.3396328296875 0.3216145828125 0.344492440625 0.3153645828125 0.3466522671875 0.30859375 0.344492440625 0.3078125 0.33099352031249996 0.30546875 0.32613390937500003 0.29244791718749996 0.319654428125 0.26796875 0.319654428125 0.2549479171875 0.32613390937500003 0.2403645828125 0.3185745140625 0.22786458281250002 0.32289416875 0.2260416671875 0.34071274375 0.2208333328125 0.3579913609375 0.22786458281250002 0.3650107984375 0.23671875 0.3660907125 0.23958333281250002 0.375269978125 0.23567708281250002 0.3822894171875 0.2247395828125 0.38444924375 0.2203125 0.3893088546875 0.2244791671875 0.4076673859375 0.22291666718749997 0.42278617656249995 0.2166666671875 0.4411447078125 0.2260416671875 0.4562634984375 0.2322916671875 0.4800215984375 0.23515625 0.48380129531250005 0.2549479171875 0.490280778125 0.2669270828125 0.503239740625 0.290625 0.509179265625 0.2979166671875 0.48758099374999997 0.29453125 0.478401728125
0 0.4713541671875 0.6592872562500001 0.4703125 0.640928725 0.4760416671875 0.619330453125 0.471875 0.5955723546875 0.47239583281249997 0.5782937359375 0.46979166718750004 0.569654428125 0.4692708328125 0.545896328125 0.4739583328125 0.497300215625 0.4828125 0.4886609078125 0.47838541718750005 0.478401728125 0.4700520828125 0.4708423328125 0.46875 0.4616630671875 0.47239583281249997 0.41522678125 0.4799479171875 0.4006479484375 0.49244791718750003 0.399568034375 0.4953125 0.39146868281249997 0.4888020828125 0.38444924375 0.47109375 0.3887688984375 0.4622395828125 0.39740820781249997 0.45989583281249996 0.4065874734375 0.46197916718750004 0.41522678125 0.45677083281249997 0.42386609062499997 0.45729166718750003 0.43142548593749996 0.4640625 0.4411447078125 0.46302083281249995 0.46706263437500006 0.465625 0.4713822890625 0.4609375 0.47894168437499995 0.4614583328125 0.5134989203125 0.459375 0.527537796875 0.4609375 0.53725701875 0.4583333328125 0.569654428125 0.4583333328125 0.5815334765625 0.4604166671875 0.5869330453125 0.4505208328125 0.6355291578125 0.4505208328125 0.643088553125 0.4536458328125 0.6517278625 0.45104166718750005 0.667926565625 0.45625 0.676565875 0.46328125 0.673866090625 0.4713541671875 0.6592872562500001
0 0.64765625 0.5529157671875 0.6434895828125 0.5485961125000001 0.6393229171875 0.5561555078125 0.6278645828125 0.5475161984375 0.6286458328125 0.5286177109375 0.6263020828125 0.5205183578125 0.6122395828125 0.5140388765624999 0.6044270828125 0.503239740625 0.5919270828125 0.5 0.5768229171875 0.48920086406249996 0.571875 0.482181425 0.5713541671875 0.45842332656250007 0.5690104171875 0.44816414687500006 0.5653645828125 0.4514038875 0.5544270828125 0.44816414687500006 0.5466145828125 0.436285096875 0.53125 0.42278617656249995 0.5291666671875 0.4163066953125 0.5291666671875 0.4044276453125 0.5341145828125 0.38984881250000003 0.5419270828125 0.387688984375 0.5528645828125 0.399568034375 0.5596354171875 0.39524837968750004 0.5619791671875001 0.3839092875 0.5606770828125 0.3639308859375 0.54921875 0.36825054062499996 0.5432291671875 0.3515118796875 0.5463541671875001 0.34179265625 0.5450520828125 0.33909287187500003 0.52421875 0.3369330453125 0.5145833328125 0.3428725703125 0.5119791671875 0.350431965625 0.5166666671875 0.362311015625 0.5171875 0.3741900640625 0.5138020828125 0.3822894171875 0.5091145828125 0.3822894171875 0.5065104171875 0.3887688984375 0.5 0.39146868281249997 0.5190104171875001 0.39740820781249997 0.5208333328125 0.41522678125 0.50859375 0.417926565625 0.5041666671875 0.42386609062499997 0.5041666671875 0.43898488125 0.509375 0.44870410312500003 0.5059895828125 0.45032397343749997 0.50234375 0.44600432031250004 0.5 0.4681425484375 0.49036458281249995 0.4794816421875 0.4908854171875 0.4827213828125 0.5127604171875 0.48596112343750003 0.52265625 0.4978401734375 0.5330729171875 0.503239740625 0.5419270828125 0.5021598265625 0.5528645828125 0.48812095 0.5643229171875 0.48596112343750003 0.5708333328124999 0.4983801296875 0.5739583328125 0.51241900625 0.5713541671875 0.5383369328125001 0.5768229171875 0.561555075 0.58046875 0.5507559390625001 0.58828125 0.5475161984375 0.6247395828125 0.5485961125000001 0.6265625 0.552375809375 0.6255208328124999 0.5631749453125 0.6278645828125 0.5680345578125 0.6393229171875 0.5691144703125001 0.64296875 0.5745140390625 0.6552083328125 0.5772138234375 0.6549479171875 0.5529157671875 0.64765625 0.5529157671875
0 0.4859375 0.838552915625 0.4869791671875 0.8547516203125 0.4877604171875 0.8369330453125 0.4859375 0.838552915625
0 0.8177083328125001 0.8828293734375 0.8197916671875 0.862311015625 0.8171875 0.838552915625 0.8239583328125001 0.8245140390625 0.8359375 0.776997840625 0.8466145828125 0.7602591796875 0.85703125 0.771058315625 0.8640625 0.765118790625 0.8557291671874999 0.7240820734375 0.8578125 0.6906047515625 0.8526041671875 0.6798056156250001 0.8513020828125001 0.6695464359375001 0.8315104171875 0.6933045359375 0.82734375 0.685745140625 0.8208333328125 0.691684665625 0.8299479171874999 0.6954643625 0.8359375 0.7154427640625001 0.8296875 0.7305615546875 0.8302083328125001 0.740280778125 0.82734375 0.7451403890625 0.80859375 0.753779696875 0.78515625 0.7570194390625 0.7817708328124999 0.76187905 0.7838541671875 0.778077753125 0.7888020828125 0.7904967609375 0.7947916671875 0.7975161984375 0.7989583328125 0.8126349890625001 0.7994791671875 0.8374730015624999 0.8026041671874999 0.8482721375000001 0.7984375 0.8601511875 0.7963541671875001 0.8860691140625001 0.8002604171875 0.893088553125 0.8052083328125 0.892548596875 0.81484375 0.8898488125 0.8177083328125001 0.8828293734375