1 0.76796875 0.6515625 0.109375 0.12578125
1 0.91953125 0.57734375 0.075 0.0796875
1 0.95078125 0.52890625 0.05703125 0.0671875
1 0.96875 0.640625 0.06171875 0.1
1 0.984375 0.56015625 0.03046875 0.05390625
1 0.6890625 0.52890625 0.0921875 0.0984375
1 0.78984375 0.5109375 0.090625 0.08359375
1 0.40703125 0.51484375 0.06953125 0.0734375
1 0.3 0.4421875 0.08125 0.07578125
1 0.365625 0.36171875 0.059375 0.05859375
1 0.4171875 0.35703125 0.03671875 0.05390625
1 0.16328125 0.328125 0.0296875 0.04140625
1 0.103125 0.37578125 0.03203125 0.04453125
1 0.05390625 0.3734375 0.02734375 0.04609375
1 0.82890625 0.40078125 0.0765625 0.07578125
1 0.93984375 0.44296875 0.0640625 0.06328125
1 0.6984375 0.44375 0.0859375 0.090625
1 0.51328125 0.44140625 0.05390625 0.0671875
1 0.50078125 0.51015625 0.06640625 0.0734375
1 0.171875 0.18125 0.04375 0.075
1 0.75703125 0.35078125 0.0703125 0.06875
1 0.4859375 0.25 0.0671875 0.05
1 0.27734375 0.26171875 0.1140625 0.05234375
1 0.25546875 0.3734375 0.03828125 0.03203125
1 0.35859375 0.41640625 0.053125 0.05390625
1 0.41328125 0.40546875 0.03515625 0.03125
1 0.4453125 0.40078125 0.0234375 0.0296875
1 0.57734375 0.365625 0.04140625 0.04609375
1 0.20625 0.52578125 0.26640625 0.0625
1 0.02890625 0.52265625 0.05703125 0.0609375
1 0.02578125 0.434375 0.0515625 0.05390625
1 0.1953125 0.36796875 0.0609375 0.0359375
1 0.41328125 0.4421875 0.08203125 0.065625
0 0.8890918578125 0.9613947703125 0.8812630484374999 0.9626401 0.8713465546875 0.952677459375 0.8682150312499999 0.9414694890625 0.8520354906250001 0.9165628890624999 0.8348121078125 0.89912826875 0.821242171875 0.86799501875 0.800887265625 0.8356164390625 0.784707725 0.8293897890625 0.7732254703125 0.8132004984375 0.76435281875 0.7845579078125 0.7528705640625 0.7783312578125 0.7377348640625 0.745952678125 0.7225991656249999 0.7384806968750001 0.7137265140625 0.7185554171875 0.6907620046875 0.69738480625 0.6839770359374999 0.682440846875 0.66936325625 0.6650062265625001 0.6526617953125 0.6276463265625 0.6437891437500001 0.62266500625 0.635960334375 0.6114570359375 0.6315240078125 0.5983810703125 0.6234342374999999 0.5417185546875001 0.603601253125 0.5491905359375 0.5962943625 0.5404732250000001 0.593684759375 0.552926525 0.5795929015625 0.5554171859375 0.5336638828125 0.5491905359375 0.5289665968749999 0.5554171859375 0.5258350734375 0.5516811953125 0.5133089765625 0.552926525 0.5060020875 0.5466998750000001 0.495563675 0.5616438359375 0.4788622125 0.5554171859375 0.4715553234375 0.5429638859375 0.4543319421875 0.544209215625 0.4433716078125 0.5516811953125 0.4151878921875 0.5516811953125 0.4042275578125 0.5579078453124999 0.391179540625 0.5579078453124999 0.37969728593749996 0.56662515625 0.370563675 0.559775840625 0.3653444671875 0.54358655 0.3653444671875 0.53113325 0.3609081421875 0.5205479453125 0.359603340625 0.5298879203125 0.3611691015625 0.54358655 0.35829853906250003 0.5516811953125 0.3541231734375 0.5516811953125 0.3489039671875 0.544209215625 0.34107515624999996 0.559153175 0.32698329843749996 0.5653798250000001 0.31393528125 0.559153175 0.3092379953125 0.5641344953125 0.285751565625 0.562889165625 0.2758350734375 0.57285180625 0.2231210859375 0.569115815625 0.2132045921875 0.5765877953125 0.18449895624999998 0.569115815625 0.173538621875 0.5740971359375 0.16414405 0.5716064750000001 0.12969728593750002 0.577833125 0.076461378125 0.575342465625 0.0467119 0.5803237859375 0.0404488515625 0.58530510625 0 0.5821917812499999 0.0002609609375 0.9950186796875 0.9050104390625 0.996886675 0.9133611687500001 0.993150684375 0.8890918578125 0.9613947703125
0 0.35020876875 0.452677459375 0.357254696875 0.4420921546875 0.3575156578125 0.43524283906249994 0.34577244218750003 0.430884184375 0.3379436328125 0.43337484374999996 0.3361169109375 0.44022415937500003 0.340814196875 0.458904109375 0.334029228125 0.477584059375 0.3382045921875 0.4788293890625 0.347860125 0.478206725 0.35020876875 0.452677459375
0 0.5889874734375 0.2789539234375 0.568110646875 0.2714819421875 0.5571503124999999 0.27023661250000003 0.55427975 0.2808219171875 0.5571503124999999 0.2876712328125 0.5691544890625 0.2876712328125 0.5759394578125 0.29514321250000003 0.589248434375 0.2970112078125 0.5965553234375001 0.2907845578125 0.5889874734375 0.2789539234375
0 0.14535490625 0.387297634375 0.1417014609375 0.40224159375 0.13335073125000002 0.3985056046875 0.126826721875 0.38418430937500003 0.12630480156249999 0.37422166875 0.12891440468749998 0.365504359375 0.1255219203125 0.362391034375 0.12317327812500001 0.38418430937500003 0.1169102296875 0.3916562890625 0.1153444671875 0.402864259375 0.1169102296875 0.4128268984375 0.145615865625 0.4227895390625 0.14979123125 0.39290161874999996 0.14535490625 0.387297634375
0 0.4697286015625 0.46014943906249994 0.47599165 0.4551681203125 0.478601253125 0.43524283906249994 0.4681628390625 0.42154420937500003 0.46711899843750004 0.409090909375 0.46398747343749996 0.40535491874999996 0.46659707656249994 0.3953922796875 0.46424843437499996 0.3823163140625 0.45537578281249996 0.38356164375 0.45511482187499996 0.41158156874999996 0.45250521875 0.43026151874999996 0.45824634687500004 0.4501868 0.45824634687500004 0.46762142031250004 0.46711899843750004 0.48132005 0.4697286015625 0.4726027390625 0.4697286015625 0.46014943906249994
0 0.7810542796875 0.3910336234375 0.7622651359375 0.3823163140625 0.7137265140625 0.374844334375 0.7113778703125 0.382938978125 0.72207724375 0.40846824374999996 0.7471294359375 0.4097135734375 0.7570459296875 0.3985056046875 0.7617432156249999 0.3985056046875 0.7727035484375 0.41095890468749996 0.78079331875 0.41033623906249994 0.78235908125 0.4041095890625 0.7810542796875 0.3910336234375
0 0.0923799578125 0.46886675 0.084029228125 0.46014943906249994 0.0829853859375 0.4265255296875 0.09786012499999999 0.40473225468749996 0.1033402921875 0.402864259375 0.08533402968750001 0.39352428437500003 0.0743736953125 0.42092154375 0.070459290625 0.41531755937500003 0.070459290625 0.402864259375 0.06706680625 0.3885429640625 0.056106471874999994 0.40224159375 0.05636743281249999 0.4202988796875 0.0657620046875 0.43150685 0.061064718750000004 0.44022415937500003 0.061064718750000004 0.4501868 0.06993736874999999 0.458904109375 0.060542796875000006 0.4863013703125 0.0631524015625 0.4950186796875 0.088465553125 0.478206725 0.0923799578125 0.46886675
0 0 0.402864259375 0.0039144046874999994 0.4009962640625 0.0099164921875 0.4066002484375 0.0294885171875 0.4034869234375 0.0344467640625 0.39414694843750003 0.033402923437499996 0.38418430937500003 0.044885178125 0.3530510578125 0.04592901875 0.3343711078125 0.0430584546875 0.31880448281249996 0.035751565624999995 0.317559153125 0.030010439062499998 0.3262764625 0.017484342187499998 0.3287671234375 0.012526095312499999 0.33686176875 0.01878914375 0.34433374843750003 0.0198329859375 0.364259028125 0.011743215625000001 0.37235367343750003 0 0.37422166875 0 0.402864259375
0 0.255741128125 0.41158156874999996 0.2638308984375 0.4009962640625 0.284185803125 0.3985056046875 0.2982776625 0.41095890468749996 0.3259394578125 0.41344956406250005 0.3288100203125 0.38667496875 0.32698329843749996 0.38107098437500003 0.3222860125 0.3885429640625 0.31445720312500003 0.38356164375 0.3126304796875 0.36176836875 0.30662839218750004 0.336239103125 0.297755740625 0.3374844328125 0.2904488515625 0.34744707343750003 0.287317328125 0.3374844328125 0.2810542796875 0.336239103125 0.2802713984375 0.36176836875 0.2690501046875 0.3823163140625 0.26278705625 0.387297634375 0.23564718125 0.3823163140625 0.2309498953125 0.3885429640625 0.22364300625000003 0.38978829375 0.21972860156250001 0.39663760937500003 0.22364300625000003 0.4259028640625 0.23147181562500002 0.42714819375 0.23408142031249998 0.43960149375 0.25156576249999996 0.44271481875 0.2536534453125 0.43773350000000005 0.255741128125 0.41158156874999996
0 0.643528184375 0.41905354843750003 0.6458768265625 0.412204234375 0.6568371609375 0.4072229140625 0.6628392484375001 0.39414694843750003 0.6570981203125 0.37422166875 0.6560542796875 0.35678704843750003 0.6437891437500001 0.34744707343750003 0.639613778125 0.33374844375 0.635960334375 0.330012453125 0.625 0.330012453125 0.6114300625 0.32129514375 0.6085594984375 0.3343711078125 0.61064718125 0.3605230390625 0.6090814203125 0.3754669984375 0.6127348640625 0.38418430937500003 0.6148225468749999 0.4066002484375 0.6143006265625 0.44645080937500004 0.6270876828125 0.46575342500000005 0.63178496875 0.46575342500000005 0.635960334375 0.453300125 0.641179540625 0.46824408437500004 0.65135699375 0.4738480703125 0.65292275625 0.46762142031250004 0.643528184375 0.41905354843750003
0 1 0.44645080937500004 0.98877870625 0.43960149375 0.9851252609375001 0.4171855546875 0.9699895609375 0.4196762140625 0.9665970765624999 0.43026151874999996 0.9686847593750001 0.43648816874999996 0.9671189984374999 0.45765877968749996 0.9621607515624999 0.46450809531250004 0.9298016703125 0.4582814453125 0.9026617953124999 0.4420921546875 0.9005741125 0.43462017499999994 0.8922233828125 0.42714819375 0.8718684765625 0.4445828140625 0.8629958249999999 0.44084682500000005 0.860386221875 0.4259028640625 0.8220250515625 0.43150685 0.8462943624999999 0.4582814453125 0.8635177453124999 0.45952677499999994 0.88335073125 0.474470734375 0.8864822546875001 0.474470734375 0.891179540625 0.46575342500000005 0.8984864296874999 0.4669987546875 0.909185803125 0.5136986296875 0.91414405 0.5155666250000001 0.9177974953125 0.5242839359375 0.9214509390625001 0.5242839359375 0.9282359078125 0.505603984375 0.9605949890625001 0.49564134531250004 0.9767745296875001 0.5080946453124999 0.988256784375 0.5305105859375 1 0.5361145703125 1 0.44645080937500004
0 0.9052713984375 0.9800747203125001 0.8864822546875001 0.9626401 0.8786534453125 0.9663760890624999 0.8635177453124999 0.933997509375 0.831680584375 0.8953922796875 0.8149791234375 0.8592777078125 0.8055845515625 0.8530510578125 0.7961899796874999 0.8368617687500001 0.785751565625 0.8343711078125 0.780532359375 0.8219178078124999 0.7690501046875 0.8156911578124999 0.7638308984375 0.7845579078125 0.7429540703125 0.777085928125 0.7361691015625 0.7484433375 0.7210334031250001 0.7447073468750001 0.7079853859374999 0.7110834374999999 0.6897181625 0.7048567875 0.6881524015625 0.6924034875 0.6662317328125 0.6650062265625001 0.65579331875 0.632627646875 0.646398746875 0.6276463265625 0.6443110640625 0.61643835625 0.6323068890625 0.5965130765625 0.626826721875 0.5747198 0.6242171187500001 0.5460772109375001 0.6213465546875 0.5429638859375 0.6124739046875 0.552926525 0.603601253125 0.552926525 0.5999478078125 0.5392278953125 0.5952505218749999 0.5367372359375 0.5895093953125 0.55417185625 0.5743736953125 0.5554171859375 0.535751565625 0.550435865625 0.5247912312499999 0.5554171859375 0.519572025 0.550435865625 0.5174843421875 0.5429638859375 0.516962421875 0.552926525 0.5117432156249999 0.552926525 0.5060020875 0.5454545453125 0.50234864375 0.55417185625 0.4903444671875 0.5579078453124999 0.476252609375 0.5554171859375 0.4715553234375 0.5404732250000001 0.46685803750000004 0.54794520625 0.4548538625 0.544209215625 0.450678496875 0.5491905359375 0.4418058453125 0.5516811953125 0.43554279687499997 0.54794520625 0.42771398749999995 0.55417185625 0.4151878921875 0.550435865625 0.40788100156249996 0.5417185546875001 0.4042275578125 0.55417185625 0.37239039687500003 0.5616438359375 0.3679540703125 0.5373599 0.3679540703125 0.5211706109375001 0.3721294359375 0.491282690625 0.36978079375 0.4819427140625 0.36664926875 0.480697384375 0.35307933125 0.48443337499999994 0.35020876875 0.5249066 0.344467640625 0.5398505609375001 0.3439457203125 0.5523038609375 0.3259394578125 0.5653798250000001 0.3222860125 0.56039850625 0.31758872656250003 0.562889165625 0.31393528125 0.556662515625 0.3102818375 0.562889165625 0.28992693125 0.5579078453124999 0.2784446765625 0.5716064750000001 0.24086638906250002 0.5703611453125 0.2199895609375 0.5765877953125 0.1881524015625 0.575342465625 0.18449895624999998 0.5716064750000001 0.1688413359375 0.575342465625 0.163100209375 0.5716064750000001 0.1385699375 0.577833125 0.078027140625 0.5740971359375 0.0597599171875 0.5803237859375 0.0472338203125 0.57907845625 0.040970771875 0.5865504359375 0.019572025 0.57907845625 0 0.5834371109375 0.0002609609375 0.9912826906250001 0.4010960328125 0.99377335 0.754436325 0.990037359375 0.9065761999999999 0.9956413453125 0.9081419625 0.990660025 0.9052713984375 0.9800747203125001