1 0.7703125 0.80625 0.07421875 0.078125
1 0.63046875 0.69765625 0.1 0.0765625
1 0.390625 0.35625 0.04296875 0.05
1 0.52890625 0.56484375 0.11484375 0.07265625
1 0.03828125 0.47734375 0.0765625 0.0671875
1 0.1703125 0.21171875 0.08828125 0.0515625
1 0.46328125 0.51796875 0.0578125 0.0484375
1 0.0640625 0.28828125 0.034375 0.0375
1 0.08515625 0.2140625 0.03984375 0.0234375
0 1 0.346582984375 0.940606571875 0.3333333328125 0.9102780125000001 0.31380753125 0.8976411125 0.29567642968749996 0.8883740515625 0.2900976296875 0.8243470937499999 0.276150628125 0.8184498734375 0.252440725 0.8091828140624999 0.246861925 0.7965459140625 0.248256625 0.7927548437499999 0.2405857734375 0.788963775 0.19246861875000001 0.7691659640624999 0.18898186875 0.7691659640624999 0.14574616406250002 0.7754844140625 0.1366806140625 0.785593934375 0.1366806140625 0.7927548437499999 0.1178521625 0.808340353125 0.09623430937500001 0.816764953125 0.09762900937499999 0.82013479375 0.089260809375 0.825189553125 0.087866109375 0.829401853125 0.09762900937499999 0.84119629375 0.1073919109375 0.854675653125 0.10041840937499999 0.877422071875 0.1059972109375 0.8866891328125 0.1018131109375 0.8959561921875 0.086471409375 0.9060657125 0.089260809375 0.9060657125 0.08089260781249999 0.8664700921874999 0.0711297078125 0.8555181125000001 0.0836820078125 0.84119629375 0.086471409375 0.808340353125 0.08089260781249999 0.7586352140625 0.0850767078125 0.753159225 0.06903765625 0.7569502953125 0.0516039046875 0.772957034375 0.0418410046875 0.8032855937500001 0.0432357046875 0.80960404375 0.05090655468750001 0.8125526531249999 0.06415620625 0.8155012640624999 0.060669456249999996 0.8171861843749999 0.0397489546875 0.8243470937499999 0.027894003125 0.8572030328125001 0.0446304046875 0.8698399328124999 0.0209205015625 0.8841617515625 0.0195258015625 0.894271271875 0.034867503125 0.9060657125 0.039051603125 0.9262847515624999 0.018131101562499998 0.94987363125 0.030683403124999998 0.9540859312500001 0.025104603125000003 0.9650379109375 0.025104603125000003 0.9671440609375 0.0160390515625 0.9734625109374999 0.009762901562499999 0.9995787703125 0.0055788 0.9995787703125 0 0.82013479375 0.0013947 0.781381634375 0.0139470015625 0.716512215625 0.0223152015625 0.7059814656250001 0.0397489546875 0.7068239265625 0.0495118546875 0.7173546749999999 0.05299860468749999 0.7224094359375 0.06555090625 0.72620050625 0.06624825625 0.72409435625 0.092050209375 0.7064026953125 0.09623430937500001 0.7021903953125 0.0836820078125 0.7013479359375 0.092050209375 0.6786015171875001 0.1073919109375 0.6508003375 0.1115760109375 0.6398483578125 0.11994421250000001 0.6196293171875 0.11854951250000001 0.616259478125 0.1115760109375 0.612047178125 0.11994421250000001 0.6044650375 0.12273361249999999 0.5960404375 0.1073919109375 0.5884582984375 0.11854951250000001 0.56908171875 0.1255230125 0.5614995781250001 0.1366806140625 0.5143218203125001 0.15620641562499998 0.5109519796875001 0.1673640171875 0.505054759375 0.1687587171875 0.48652064062499994 0.1687587171875 0.484414490625 0.156903765625 0.4755686609375 0.1436541140625 0.45534962031250004 0.1366806140625 0.4515585515625 0.10948396093749999 0.44776748125 0.1129707109375 0.4410278015625 0.1018131109375 0.41828138125000003 0.1018131109375 0.4081718625 0.11715481093749999 0.39932603125 0.1206415625 0.39890480156249997 0.1255230125 0.4039595625 0.1269177125 0.41996630156250003 0.152022315625 0.43091828125 0.13947001406249998 0.444397640625 0.1478382140625 0.45534962031250004 0.1380753140625 0.45914069062499996 0.16527196718749998 0.45534962031250004 0.17154811718750002 0.4410278015625 0.1687587171875 0.43302443124999995 0.1792189671875 0.43302443124999995 0.20153417031249998 0.413226621875 0.2078103203125 0.404802021875 0.2287308234375 0.38374052187499996 0.22733612343749998 0.373209771875 0.2336122734375 0.3723673125 0.25313807499999996 0.367312553125 0.2615062765625 0.36941870312499997 0.2677824265625 0.377422071875 0.2712691765625 0.3740522328125 0.30753138125 0.379949453125 0.3228730828125 0.3845829828125 0.3305439328125 0.4039595625 0.3333333328125 0.423757371875 0.3619246859375 0.42038753125 0.3842398890625 0.454928390625 0.4288702921875 0.46588037031249996 0.469316596875 0.46335299062499996 0.4818688984375 0.465459140625 0.49093444843749995 0.5109519796875001 0.49372385 0.5294861 0.525801953125 0.5454928390625 0.5230125515624999 0.5648694187500001 0.532775453125 0.5770850890625 0.5474198046875001 0.584667228125 0.56834030625 0.5779275484374999 0.590655509375 0.5686604890625 0.5976290093750001 0.574136478125 0.6178521625 0.58171861875 0.6192468625 0.5926705984375 0.6122733609375001 0.6044650375 0.6220362625 0.6297388374999999 0.6304044625 0.639005896875 0.656903765625 0.6566975562499999 0.6638772656249999 0.66933445625 0.6750348671874999 0.6781802859375 0.69107391875 0.6815501265624999 0.7078103203125 0.6773378265625001 0.721757321875 0.66301600625 0.7287308234375 0.6604886265625 0.748256625 0.6461668078125 0.7691771265625 0.6461668078125 0.80543933125 0.6364785171875 0.81171548125 0.6331086765625 0.8256624828125 0.6533277171874999 0.8270571828125 0.657961246875 0.81241283125 0.6554338671875 0.80543933125 0.6625947765625 0.8033472796875 0.6819713562499999 0.776847978125 0.6903959562499999 0.775453278125 0.7097725359375 0.7894002796875 0.7173546749999999 0.7866108781250001 0.7211457453125 0.7733612265625001 0.7160909859375 0.745467225 0.721566975 0.7280334734375 0.737573715625 0.7280334734375 0.7695871953125 0.7629009765625 0.772957034375 0.7531380750000001 0.7746419546875 0.7601115765625 0.77801179375 0.7601115765625 0.808340353125 0.725244071875 0.8487784328125001 0.722454671875 0.8580454921875 0.7266387734374999 0.8702611625 0.7649930265625 0.8668913234375 0.7998605296875 0.8807919125 0.8145048812500001 0.9153327718750001 0.8145048812500001 0.9532434703125 0.8563458859375 0.9721988203124999 0.900278940625 0.9730412812499999 0.9839609484375 0.98104465 0.9944212 1 0.9965132499999999 1 0.346582984375
0 0.4123841625 0.3891213390625 0.4208087609375 0.3905160390625 0.42038753125 0.3786610875 0.40732940156249997 0.3779637375 0.3845829828125 0.401673640625 0.381634371875 0.412133890625 0.3892165125 0.4163179921875 0.3845829828125 0.42398884218750005 0.3892165125 0.42329149218750006 0.39890480156249997 0.4142259421875 0.4123841625 0.3891213390625
0 0.4481887109375 0.5529986046875 0.44355518125 0.5760111578125 0.4418702609375 0.56345885625 0.43302443124999995 0.5599721062499999 0.4296545921875 0.536262203125 0.4157540015625 0.5160390515625 0.404802021875 0.5146443515625 0.3892165125 0.469316596875 0.375315921875 0.46164574687500004 0.373209771875 0.49581590000000003 0.38711036249999997 0.5118549515625 0.3909014328125 0.525104603125 0.379949453125 0.55578800625 0.377422071875 0.5781032078125 0.400589721875 0.5788005578125001 0.40690817187499995 0.5725244078125 0.40269587187500006 0.56555090625 0.40438079218749995 0.55578800625 0.41828138125000003 0.5467224546875 0.4254422921875 0.5516039046875 0.4254422921875 0.5781032078125 0.44060657187499996 0.586471409375 0.4515585515625 0.5725244078125 0.4481887109375 0.5529986046875
0 0.33698399375 0.399581590625 0.3310867734375 0.38563458906250003 0.3310867734375 0.3702928875 0.3268744734375 0.3647140859375 0.32603201406250004 0.336820084375 0.3070766640625 0.33193863281249997 0.30160067343749997 0.345188284375 0.30160067343749997 0.37168758749999997 0.29570345468750003 0.3842398890625 0.2973883734375 0.43026499375 0.310446503125 0.4504881453125 0.32266217343750003 0.460948396875 0.3352990734375 0.44142259375000004 0.33698399375 0.399581590625
0 0.53748946875 0.7468619249999999 0.5294861 0.7308228734375 0.5025273796875 0.716875871875 0.494945240625 0.725244071875 0.48736309999999994 0.723849371875 0.48315080000000005 0.716875871875 0.46461668125 0.722454671875 0.4557708515625 0.6771269171875 0.44776748125 0.6680613671875 0.4397641109375 0.6757322171875 0.43723673124999995 0.68688981875 0.4397641109375 0.7050209203125 0.4515585515625 0.7287308234375 0.4490311703125 0.7594142265625 0.45113732031250003 0.7991631796875 0.469671440625 0.7824267781249999 0.48399326093750006 0.7838214781249999 0.49073294062499995 0.7894002796875 0.513479359375 0.7921896796875 0.53580455 0.8193863312499999 0.532434709375 0.776150628125 0.53748946875 0.7468619249999999
0 0.5206402703124999 1 0.52906486875 0.99372385 0.5265374890625 0.9839609484375 0.52906486875 0.967224546875 0.53538331875 0.9581589953125 0.54380791875 0.9553695953125001 0.5610783484375 0.9225941421874999 0.5530749796875 0.9218967921875001 0.5484414484375 0.9156206421875 0.553496209375 0.910041840625 0.5484414484375 0.904463040625 0.5463352984375 0.850767084375 0.5379107000000001 0.8521617859375 0.536647009375 0.8570432359375 0.545071609375 0.8835425390625 0.5383319296875 0.93375174375 0.5311710187500001 0.9483960953125001 0.496630159375 0.973500696875 0.4460825609375 0.970711296875 0.43513058125 0.9567642953125001 0.42333614218750004 0.9511854953125001 0.419545071875 0.9421199437500001 0.4262847515625 0.9225941421874999 0.42038753125 0.9030683406250001 0.41828138125000003 0.8716875875 0.40311710156249997 0.8647140859375 0.379949453125 0.8905160390625 0.3782645328125 0.9030683406250001 0.385846671875 0.9156206421875 0.3909014328125 0.94072524375 0.373209771875 0.99372385 0.3761583828125 1 0.5206402703124999 1
0 0.24684077499999998 1 0.251053075 0.9965132499999999 0.2485256953125 0.9839609484375 0.2569502953125 0.9476987453125 0.25779275468749996 0.9142259421875 0.251053075 0.8960948390624999 0.2527379953125 0.8793584375 0.267902275 0.8640167359375001 0.261583825 0.8465829843750001 0.21609098593749998 0.8549511859375001 0.20513900624999998 0.8647140859375 0.1908171859375 0.8549511859375001 0.18239258593750002 0.8549511859375001 0.17186183593749998 0.8640167359375001 0.1655433859375 0.8870292890625 0.15543386718750002 0.8912133890625 0.15037910625 0.8912133890625 0.15248525625 0.8835425390625 0.1444818875 0.8772663875 0.10067396875000001 0.8828451890625001 0.095197978125 0.8891213390624999 0.10278011718749999 0.904463040625 0.103622578125 0.9309623437500001 0.09182813749999999 0.9811715484375 0.0947767484375 1 0.24684077499999998 1
0 0.69671440625 1 0.7181971359375 0.9986053 0.72620050625 0.9867503484375 0.7139848359375 0.9818688984374999 0.6983993265625 0.9574616453125 0.6992417859375 0.9225941421874999 0.6899747265625 0.9030683406250001 0.68828980625 0.8668061359375001 0.66301600625 0.8249651328125 0.6689132265625 0.8040446296875 0.6583824765624999 0.80474198125 0.6562763265625 0.8249651328125 0.6449031171875 0.8284518828125 0.6419545078125 0.8235704328125 0.6419545078125 0.80543933125 0.6322662171875 0.80474198125 0.6360572875 0.81241283125 0.6280539171874999 0.8103207812500001 0.6251053078125001 0.8193863312499999 0.6381634375 0.8340306828124999 0.6520640265625001 0.838912134375 0.6520640265625001 0.848675034375 0.6638584671875 0.8821478375 0.6638584671875 0.8933054390624999 0.65459140625 0.905857740625 0.653748946875 0.9156206421875 0.668491996875 0.93026499375 0.6731255265625 0.9421199437500001 0.67144060625 0.9574616453125 0.6575400171875 0.973500696875 0.649536646875 0.99372385 0.66512215625 1 0.69671440625 1
0 0.2674810453125 0.4811715484375 0.248104465625 0.4867503484375 0.23378264531249998 0.4811715484375 0.229149115625 0.48744769843749997 0.2388374046875 0.50069735 0.268744734375 0.5055788 0.27379949375 0.5 0.2674810453125 0.4811715484375