1 0.90859375 0.7546875 0.1828125 0.22265625
1 0.9359375 0.63671875 0.11328125 0.128125
1 0.83984375 0.51953125 0.08515625 0.07734375
1 0.79453125 0.48984375 0.071875 0.071875
1 0.73203125 0.60625 0.09609375 0.11328125
1 0.81015625 0.59609375 0.03359375 0.046875
1 0.6140625 0.3921875 0.09140625 0.07890625
1 0.74765625 0.32890625 0.05 0.05546875
1 0.8296875 0.30859375 0.084375 0.0625
1 0.92890625 0.425 0.1390625 0.1109375
1 0.96953125 0.32578125 0.0609375 0.09375
1 0.38046875 0.39609375 0.0859375 0.0890625
1 0.22578125 0.44765625 0.18125 0.12265625
1 0.0515625 0.4390625 0.10234375 0.1890625
1 0.50546875 0.3203125 0.10390625 0.1328125
1 0.64375 0.25625 0.09453125 0.08203125
1 0.1421875 0.24453125 0.03828125 0.04609375
1 0.52109375 0.19375 0.0375 0.0390625
1 0.5078125 0.0703125 0.05625 0.06015625
1 0.68046875 0.17265625 0.0609375 0.06328125
1 0.31796875 0.29921875 0.0546875 0.05546875
1 0.27734375 0.18203125 0.0421875 0.0578125
1 0.4203125 0.271875 0.06484375 0.0703125
1 0.5921875 0.315625 0.04609375 0.05390625
1 0.62578125 0.34296875 0.04921875 0.0390625
1 0.8015625 0.35859375 0.05625 0.0578125
1 0.59296875 0.77734375 0.35546875 0.44453125
1 0.4125 0.50625 0.13828125 0.1140625
0 0.9256933546875 0.9664705874999999 0.9246467812500001 0.9547058828124999 0.928833071875 0.9264705875000001 0.9385138671875 0.8988235296875 0.9489795921875 0.8870588234375001 0.9746206171875 0.90823529375 0.9843014125 0.93823529375 0.9848246984375001 0.9582352937499999 0.9871794875000001 0.9670588234374999 0.9992150703125 0.9588235296875001 1 0.8452941171875 0.9960753531250001 0.8435294125 0.9887493453125 0.8494117640625 0.977760334375 0.86823529375 0.969911040625 0.874117646875 0.9317111453125 0.86823529375 0.9024071171875001 0.8847058828125001 0.89665096875 0.8835294125 0.89089481875 0.8705882359375 0.8683935109375 0.8505882359375001 0.8636839343749999 0.8400000000000001 0.856357928125 0.8329411765625 0.8197278906250001 0.8188235296874999 0.7998430140624999 0.8058823531250001 0.7930402937500001 0.797647059375 0.783882784375 0.775882353125 0.7846677125 0.757647059375 0.7506541078125 0.7505882359375 0.7375719515625 0.7411764703125 0.73574045 0.7452941171874999 0.7352171640625 0.7511764703125 0.7433281 0.76823529375 0.7490842484375 0.7705882359375 0.760073259375 0.7894117640625 0.7789115640625 0.8105882359375001 0.781266353125 0.8194117640625 0.7804814234374999 0.8388235296875 0.7663526953125 0.8329411765625 0.7595499734375 0.8364705875 0.7490842484375 0.834117646875 0.747252746875 0.83823529375 0.7582417578125 0.855882353125 0.7558869703125 0.862352940625 0.750130821875 0.8635294124999999 0.7503924640624999 0.872352940625 0.757980115625 0.8788235296875 0.7629513343750001 0.8911764703125 0.7739403453125 0.9394117640624999 0.782312925 0.9605882359375 0.7846677125 0.9894117640625 0.7930402937500001 0.9941176468749999 0.8024594453124999 0.9882352937500001 0.8058608062499999 0.9794117640625 0.7980115125 0.9664705874999999 0.7974882265625001 0.9523529406250001 0.8050758765625 0.9435294125 0.8165881734375 0.9388235296874999 0.831763475 0.9564705874999999 0.8346415484374999 0.96176470625 0.8346415484374999 0.97 0.809523809375 0.987647059375 0.811878596875 0.9905882359374999 0.8202511781249999 0.9941176468749999 0.9272632125 0.9947058828124999 0.9319727890625 0.9888235296874999 0.9256933546875 0.9664705874999999
0 0.31449502812499996 0.9629411765624999 0.3205128203125 0.9564705874999999 0.503663003125 0.9564705874999999 0.5149136578125 0.9523529406250001 0.5128205125 0.9464705875 0.5133437984375 0.9347058828125 0.5073260078125 0.9211764703125 0.50261643125 0.917647059375 0.49581370937499997 0.9 0.47749869218749996 0.874117646875 0.474358975 0.8647058828124999 0.4476713765625 0.8447058828125 0.44479330156249997 0.8288235296875 0.44270015625000003 0.7817647062499999 0.43825222343750003 0.7729411765624999 0.428833071875 0.76823529375 0.4241234953125 0.76 0.41627420156249995 0.7352941171875 0.40005232812499997 0.7188235296875 0.3987441125 0.71 0.40423861875 0.7129411765625 0.405285190625 0.7047058828125 0.396389325 0.7070588234375 0.39377289375 0.7035294125 0.38854003125 0.685882353125 0.3788592359375 0.6711764703124999 0.3804290953125 0.6629411765625 0.37912087968749997 0.65176470625 0.3634222921875 0.6294117640625 0.3492935640625 0.5929411765625 0.34484563125 0.5888235296875 0.343537415625 0.5811764703125 0.330455259375 0.57176470625 0.3270538984375 0.5605882359375001 0.3296703296875 0.5417647062500001 0.3281004703125 0.527647059375 0.31004709531249997 0.49176470625 0.2870225015625 0.48470588281250004 0.247252746875 0.4894117640625 0.2273678703125 0.4964705875 0.216378859375 0.5141176468750001 0.1996337 0.5129411765625 0.190737834375 0.5211764703124999 0.1677132390625 0.5247058828125 0.13945578281249998 0.54 0.12166405 0.5435294125000001 0.0939298796875 0.5411764703124999 0.0405546828125 0.565882353125 0.0149136578125 0.5599999999999999 0 0.5664705875 0.00026164375 0.9941176468749999 0.30559916249999997 0.9947058828124999 0.312401884375 0.987647059375 0.31449502812499996 0.9629411765624999
0 0.54945055 0.5570588234375 0.5489272625 0.547647059375 0.5544217687499999 0.5447058828125 0.5627943484375 0.5494117640625 0.566195709375 0.5394117640625 0.56462585 0.5288235296875 0.57012035625 0.502352940625 0.5601779171875 0.49529411718749994 0.5345368921875 0.4894117640625 0.5266875984375 0.4705882359375 0.5177917328125 0.45999999999999996 0.5125588703124999 0.4447058828125 0.50758765 0.43823529375000003 0.498430140625 0.4070588234375 0.48691784374999997 0.402352940625 0.4827315546875 0.38823529375 0.46650968125 0.37176470625 0.4591836734375 0.36705882343749996 0.45604395625 0.3811764703125 0.439298796875 0.37176470625 0.43589743593749997 0.3747058828125 0.436420721875 0.39235294062500004 0.44322344375 0.4064705875 0.4421768703125 0.42529411718750004 0.45944531718750004 0.475882353125 0.46834118281250003 0.492352940625 0.47174254375 0.5094117640625 0.47854526406250003 0.5152941171875 0.498430140625 0.5152941171875 0.5031397171875 0.52 0.50758765 0.53 0.50497121875 0.547647059375 0.508895865625 0.554117646875 0.5146520140625 0.5529411765625001 0.52093145 0.5447058828125 0.5329670328125 0.5435294125000001 0.5397697546875 0.5694117640624999 0.5497121921875 0.582352940625 0.5578231296875 0.584117646875 0.5588697015624999 0.58176470625 0.54945055 0.5570588234375
0 1 0.512352940625 0.9835164828125 0.49764705937500003 0.9793301937500001 0.4870588234375 0.959968603125 0.4905882359375 0.9495028781249999 0.48470588281250004 0.9453165875 0.49529411718749994 0.9416535843749999 0.47529411718750003 0.93799058125 0.4870588234375 0.9324960750000001 0.4852941171875 0.9330193609374999 0.475882353125 0.9296180015625 0.4588235296875 0.926478284375 0.46235294062500004 0.9128728421875 0.4611764703125 0.9081632656249999 0.454117646875 0.89089481875 0.4447058828125 0.8838304546875 0.4511764703125 0.8812140234375001 0.475882353125 0.87833595 0.48235294062499995 0.8775510203125 0.4594117640625 0.8817373109375 0.45 0.8780743062499999 0.4464705875 0.8746729468750001 0.43294117656250003 0.8657770796875001 0.4364705875 0.856357928125 0.4247058828125 0.8411826265625001 0.422352940625 0.8367346937500001 0.4147058828125 0.835426478125 0.4 0.831763475 0.4 0.827577184375 0.4070588234375 0.8139717421875 0.4035294125 0.8084772375 0.4147058828125 0.8110936687500001 0.444117646875 0.80821559375 0.44941176406250005 0.8008895859375 0.44823529375 0.799058084375 0.4394117640625 0.8037676609375 0.4064705875 0.8037676609375 0.39470588281249996 0.8014128734374999 0.3894117640625 0.775771846875 0.38 0.768445840625 0.37176470625 0.7650444796875 0.3794117640625 0.765567765625 0.3970588234375 0.7629513343750001 0.41 0.7611198328125 0.414117646875 0.752747253125 0.41058823593750005 0.7464678171875 0.405882353125 0.7451596015625 0.39470588281249996 0.7456828890625 0.37 0.7524856093750001 0.35941176406249997 0.7339089484375 0.34823529375 0.7305075875 0.352352940625 0.73312401875 0.364117646875 0.7305075875 0.3852941171875 0.7208267921875 0.385882353125 0.7169021453125 0.3711764703125 0.7184720046875 0.352352940625 0.7231815796875 0.344117646875 0.7179487171875001 0.33588235312500003 0.7200418625 0.30882352968750004 0.716640503125 0.302352940625 0.690476190625 0.294117646875 0.67896389375 0.28470588281250003 0.6742543171875 0.28823529375 0.6713762421875 0.2770588234375 0.6679748828125 0.274117646875 0.6418105703125 0.27647058750000003 0.6368393515624999 0.2829411765625 0.638409209375 0.284117646875 0.638409209375 0.2935294125 0.6344845625 0.3 0.6316064890625 0.295882353125 0.6316064890625 0.2829411765625 0.6261119828124999 0.277647059375 0.603610675 0.27176470625000004 0.5999476718750001 0.28117647031250004 0.596023025 0.264117646875 0.5910518046875 0.2552941171875 0.5795395078125 0.2505882359375 0.576399790625 0.257647059375 0.5732600734375 0.24823529375 0.5709052859375 0.2547058828125 0.58058608125 0.28823529375 0.6004709578125 0.28352941249999997 0.607796965625 0.29176470625 0.6193092625000001 0.317647059375 0.6282051281250001 0.32 0.6355311359375 0.3035294125 0.6394557828125 0.3252941171875 0.6473050765624999 0.3394117640625 0.648874934375 0.3605882359375 0.6554160125 0.3835294125 0.659602303125 0.3847058828125 0.661957090625 0.3794117640625 0.6630036625 0.34764705937499996 0.6671899531250001 0.3511764703125 0.6640502359375 0.3711764703125 0.6677132390625 0.39823529375 0.6739926734374999 0.4064705875 0.6716378859375001 0.414117646875 0.6282051281250001 0.42823529374999997 0.6227106234375 0.4335294125 0.62428048125 0.44882352968749994 0.6391941390625 0.47294117656249995 0.6512297234375 0.46235294062500004 0.6575091578125 0.46235294062500004 0.6637885921875 0.477647059375 0.6705913140625 0.4788235296875 0.6729461015625 0.46529411718749997 0.666928309375 0.4670588234375 0.6653584515625 0.4588235296875 0.6753008890625 0.4588235296875 0.6784406062499999 0.44941176406250005 0.6936159078124999 0.4447058828125 0.705651490625 0.44941176406250005 0.717687075 0.4670588234375 0.7333856625 0.474117646875 0.7490842484375 0.49294117656249997 0.7548403984375 0.4905882359375 0.7571951859375 0.47705882343750006 0.76164311875 0.4705882359375 0.8040293046875 0.45058823593749997 0.8113553109374999 0.45294117656250005 0.83437990625 0.4788235296875 0.8526949234375 0.474117646875 0.8647305078124999 0.4870588234375 0.8746729468750001 0.4905882359375 0.8791208796875001 0.5029411765625 0.8827838828125 0.527647059375 0.8725798015624999 0.54 0.866300365625 0.5423529406250001 0.8608058609375 0.552352940625 0.8566195703125 0.5900000000000001 0.8592360015624999 0.61 0.8545264265625001 0.61823529375 0.8545264265625001 0.6347058828125001 0.8626373624999999 0.662352940625 0.8670852953124999 0.66176470625 0.8660387234375 0.6511764703125 0.8681318687499999 0.6347058828125001 0.8765044484375 0.627647059375 0.8775510203125 0.5994117640625001 0.879382521875 0.594117646875 0.9160125593749999 0.574117646875 0.9332810046875 0.5752941171875 0.9625850343750001 0.5964705875 0.96886446875 0.60823529375 0.975143903125 0.6035294125 0.9803767656250001 0.6188235296875 0.99241235 0.62823529375 0.9968602828125 0.66176470625 0.99215070625 0.67 0.9890109890625001 0.6970588234374999 1 0.6994117640625 1 0.512352940625
0 0.579277865625 0.33588235312500003 0.5698587125000001 0.327647059375 0.568550496875 0.31058823593749996 0.5591313453125 0.3164705875 0.552851909375 0.31058823593749996 0.550497121875 0.315882353125 0.5518053375 0.32823529375 0.5575614859375 0.3211764703125 0.5609628468750001 0.3288235296875 0.5648874937499999 0.36 0.5690737828125 0.35529411718750004 0.5716902140625 0.362352940625 0.57770800625 0.36176470625 0.5803244375000001 0.35 0.579277865625 0.33588235312500003
0 0.5968079546875 0.28352941249999997 0.597069596875 0.26529411718749996 0.592098378125 0.2529411765625 0.5826792249999999 0.24117647031249997 0.5706436421875 0.24705882343750002 0.5703819984375 0.25588235312499996 0.575091575 0.2629411765625 0.576661434375 0.2794117640625 0.5850340140625 0.2864705875 0.589481946875 0.282352940625 0.5968079546875 0.28352941249999997
0 0.7969649390625 0.4347058828125 0.79251700625 0.41058823593750005 0.788854003125 0.417647059375 0.786237571875 0.4164705875 0.7815279953125 0.405882353125 0.77734170625 0.40470588281250003 0.7762951328125001 0.397647059375 0.773155415625 0.3988235296875 0.7713239140625 0.3888235296875 0.7689691265625 0.3870588234375 0.768184196875 0.3994117640625 0.7718472000000001 0.40411764687499996 0.7718472000000001 0.41 0.768184196875 0.41352941249999997 0.7666143375 0.4347058828125 0.7624280484375 0.45 0.7647828359375 0.454117646875 0.773417059375 0.4535294125 0.7961800109375 0.45058823593749997 0.7969649390625 0.4347058828125
0 0.7844060703125 0.3064705875 0.7817896390625 0.3005882359375 0.7867608578125 0.2788235296875 0.795656725 0.274117646875 0.817111459375 0.27529411718749996 0.822605965625 0.25705882343750003 0.8231292515625 0.2452941171875 0.8267922546875001 0.24294117656249997 0.827577184375 0.2305882359375 0.8294086859375 0.2405882359375 0.8267922546875001 0.244117646875 0.8267922546875001 0.2511764703125 0.831763475 0.28117647031250004 0.8605442171875 0.29294117656249996 0.866300365625 0.2894117640625 0.8676085812500001 0.27823529375 0.8553113546875 0.2552941171875 0.8506017796875 0.2635294125 0.8453689171875001 0.26 0.840397696875 0.24764705937499998 0.8435374156250001 0.23823529375 0.8372579796874999 0.22999999999999998 0.848246990625 0.2029411765625 0.8437990578125 0.1964705875 0.8390894812499999 0.2 0.835426478125 0.1952941171875 0.8281004703124999 0.2047058828125 0.8233908953125001 0.2047058828125 0.8205128203125 0.212352940625 0.8205128203125 0.22647058750000001 0.8108320250000001 0.234117646875 0.80821559375 0.242352940625 0.7768184203125 0.24705882343750002 0.7671376249999999 0.23941176406250003 0.7749869171875 0.22999999999999998 0.770538984375 0.2247058828125 0.7454212453125 0.2247058828125 0.74071166875 0.22823529374999998 0.739926740625 0.23823529375 0.7443746734375 0.25176470625 0.7543171109375 0.2505882359375 0.7726321296875 0.257647059375 0.7755102046875 0.2629411765625 0.7749869171875 0.27352941249999996 0.770538984375 0.277647059375 0.7532705390625 0.2729411765625 0.7519623234374999 0.2911764703125 0.753793825 0.29764705937499997 0.7653061218749999 0.3 0.7768184203125 0.3235294125 0.781266353125 0.324117646875 0.7844060703125 0.31705882343749997 0.7844060703125 0.3064705875
0 1 0.53 0.9877027734375 0.5270588234375 0.9809000515624999 0.49411764687500004 0.978021978125 0.495882353125 0.9767137625 0.505882353125 0.973050759375 0.4964705875 0.96886446875 0.5188235296875 0.9646781796875 0.5164705875 0.9615384609375001 0.5247058828125 0.957352171875 0.5211764703124999 0.9526425953125001 0.5270588234375 0.9495028781249999 0.517647059375 0.9463631609375 0.525882353125 0.9411302984375001 0.52823529375 0.9356357921875 0.5229411765624999 0.9361590796874999 0.512352940625 0.9338042906249999 0.505882353125 0.92752485625 0.50823529375 0.9181057031250001 0.48470588281250004 0.9147043437500001 0.5052941171875001 0.9081632656249999 0.49764705937500003 0.9060701203124999 0.5129411765625 0.9047619046875001 0.50176470625 0.9073783359375 0.49352941250000004 0.902930403125 0.477647059375 0.89089481875 0.50823529375 0.8854003140625 0.5158823531250001 0.8848770281249999 0.5288235296875 0.8765044484375 0.555882353125 0.8749345890625 0.5794117640625001 0.8710099421875 0.5647058828125 0.868916796875 0.58 0.8628990062499999 0.58176470625 0.8613291468750001 0.5900000000000001 0.8628990062499999 0.61 0.8587127156250001 0.6252941171875 0.861590790625 0.6305882359375 0.8731030875 0.6270588234375001 0.875457875 0.5970588234374999 0.8788592359375 0.58823529375 0.8882783875 0.5835294125 0.8924646781250001 0.5752941171875 0.905546834375 0.574117646875 0.9102564109375001 0.5599999999999999 0.923338565625 0.557647059375 0.9338042906249999 0.5635294125 0.95316588125 0.5599999999999999 0.9555206703125 0.5652941171875 0.953427525 0.5735294125 0.9589220296875001 0.59176470625 0.973050759375 0.5952941171874999 0.9767137625 0.5894117640625 0.9803767656250001 0.5964705875 0.9850863421874999 0.5964705875 0.9879644171875 0.6205882359375 0.99450549375 0.62823529375 1 0.647647059375 1 0.53
0 0.7509157515625 0.4629411765625 0.7514390375 0.4394117640625 0.7482993203125 0.43235294062499996 0.74882260625 0.424117646875 0.742019884375 0.4147058828125 0.7414965984374999 0.39823529375 0.7430664578124999 0.3688235296875 0.749869178125 0.3605882359375 0.7459445312499999 0.3529411765625 0.74123495625 0.362352940625 0.737310309375 0.3570588234375 0.7362637359375 0.3747058828125 0.739926740625 0.38647058749999996 0.7404500265625 0.39823529375 0.7404500265625 0.4111764703125 0.7375719515625 0.42117647031249994 0.7352171640625 0.41 0.736787021875 0.39823529375 0.73547880625 0.3835294125 0.7333856625 0.382352940625 0.731554159375 0.387647059375 0.7297226578125 0.4070588234375 0.7182103609375 0.402352940625 0.7169021453125 0.3970588234375 0.7158555734375 0.3629411765625 0.718995290625 0.344117646875 0.7174254312499999 0.3264705875 0.7195185765625001 0.31235294062499996 0.72553636875 0.31176470625 0.729199371875 0.3 0.7260596546875 0.29764705937499997 0.7223966515625 0.30823529375000003 0.7192569328125 0.30823529375000003 0.7150706437500001 0.3 0.7061747781250001 0.302352940625 0.7019884875 0.2964705875 0.687859759375 0.29176470625 0.6784406062499999 0.2964705875 0.674777603125 0.2905882359375 0.6705913140625 0.314117646875 0.6692830984375 0.2994117640625 0.6718995296875 0.28176470625 0.6700680265625001 0.27647058750000003 0.6234955515625 0.2788235296875 0.6083202515624999 0.2705882359375 0.6028257453125 0.2747058828125 0.6017791734375 0.2829411765625 0.6083202515624999 0.29176470625 0.61669283125 0.3129411765625 0.6282051281250001 0.3211764703125 0.63186813125 0.3094117640625 0.6355311359375 0.31176470625 0.6378859234375 0.3252941171875 0.6483516484375 0.34176470625 0.6509680796875 0.3629411765625 0.6585557296875 0.3835294125 0.6614338046875 0.3735294125 0.6614338046875 0.3264705875 0.66326530625 0.3164705875 0.6650968078124999 0.3194117640625 0.6677132390625 0.3605882359375 0.6661433796875 0.39 0.6690214546875 0.3988235296875 0.67870225 0.4064705875 0.6771323921875 0.42882352968750004 0.6705913140625 0.44117647031249996 0.6590790156249999 0.437647059375 0.6554160125 0.4470588234375 0.64756671875 0.44000000000000006 0.6433804296875001 0.44117647031249996 0.6428571421875 0.45176470625 0.6606488749999999 0.45294117656250005 0.6674515953125 0.445882353125 0.674777603125 0.45294117656250005 0.6810570375 0.44352941250000005 0.6920460484375 0.437647059375 0.72030350625 0.457647059375 0.7281527999999999 0.46823529375 0.7333856625 0.4611764703125 0.737310309375 0.475882353125 0.7433281 0.48588235312499994 0.7514390375 0.48764705937499997 0.7545787546875 0.47705882343750006 0.7509157515625 0.4629411765625