1 0.5453125 0.66484375 0.14609375 0.1546875
1 0.23671875 0.68828125 0.1125 0.1296875
1 0.0796875 0.8578125 0.128125 0.16328125
1 0.0421875 0.74140625 0.07421875 0.0984375
1 0.10390625 0.715625 0.0484375 0.0828125
1 0.70390625 0.5875 0.12109375 0.11328125
1 0.19921875 0.3453125 0.13984375 0.23359375
1 0.26953125 0.309375 0.1546875 0.2625
1 0.340625 0.3125 0.07109375 0.14921875
1 0.45859375 0.503125 0.08828125 0.09921875
1 0.10546875 0.59375 0.0875 0.0984375
1 0.4125 0.8515625 0.18046875 0.2109375
1 0.7671875 0.946875 0.0671875 0.0953125
1 0.78203125 0.5203125 0.0828125 0.1078125
1 0.628125 0.3203125 0.0484375 0.0734375
1 0.725 0.1578125 0.23203125 0.11484375
1 0.87265625 0.33671875 0.0609375 0.07734375
1 0.45546875 0.31484375 0.040625 0.0453125
1 0.4828125 0.3546875 0.03671875 0.046875
1 0.5375 0.18828125 0.0609375 0.05
1 0.96015625 0.5046875 0.07265625 0.06796875
1 0.8703125 0.9109375 0.075 0.11171875
1 0.70234375 0.38203125 0.03671875 0.0625
1 0.58359375 0.259375 0.01875 0.05078125
1 0.446875 0.20703125 0.0328125 0.0390625
1 0.425 0.19921875 0.02578125 0.0328125
1 0.33046875 0.55703125 0.05546875 0.05546875
1 0.9015625 0.69140625 0.04375 0.07734375
1 0.96640625 0.31328125 0.05078125 0.06640625
0 0.89515615 0.7444751375 0.8868706187500001 0.7361878453124999 0.8671128109374999 0.7417127078125 0.8543658375 0.7306629828125 0.8483110265624999 0.707872928125 0.847036328125 0.687154696875 0.848948375 0.676104971875 0.8556405359375001 0.6726519343749999 0.855959209375 0.6664364640625 0.8550031875 0.662983425 0.8463989796875 0.6719613265625 0.848948375 0.647099446875 0.8661567874999999 0.595994475 0.8585086046875 0.5808011046875 0.8591459531250001 0.5725138125 0.8667941359375 0.5614640890625 0.864882090625 0.5531767953125 0.8671128109374999 0.5441988953125 0.876673040625 0.5400552484375 0.88655194375 0.51726519375 0.887826640625 0.44267955781249996 0.8906947093750001 0.43784530312500003 0.89228808125 0.4412983421875 0.893562778125 0.4854972375 0.8992989171874999 0.4910221 0.8992989171874999 0.49930939218750003 0.8929254296875 0.510359115625 0.8945188015625 0.5193370171875 0.9056724031250001 0.49378452968750003 0.9056724031250001 0.4854972375 0.89802421875 0.47720994531249994 0.9021669859375001 0.4654696125 0.9063097515624999 0.46477900625 0.9094964953125 0.4454419890625 0.9177820265625 0.434392265625 0.9161886546875 0.41160220937499997 0.89515615 0.4019337015625 0.8894200124999999 0.382596684375 0.8846398984375 0.3915745859375 0.8827278515625 0.4205801109375 0.8782664125 0.42472375625 0.8769917140624999 0.43715469687499997 0.8655194390625001 0.457872928125 0.8626513703124999 0.469613259375 0.8511790953125 0.4820441984375 0.8390694703125 0.48480662968750005 0.8317399625 0.49930939218750003 0.829827915625 0.5075966843749999 0.8311026125 0.5338397796875001 0.8352453796875 0.5207182328125 0.8435309109375 0.5193370171875 0.8438495859374999 0.5407458562499999 0.8397068203125 0.5455801109375 0.8275971953125 0.5359116015625001 0.8218610578125001 0.5414364640625 0.8199490125000001 0.5524861875 0.806883365625 0.5614640890625 0.8084767375 0.5662983421875001 0.8199490125000001 0.5704419890625 0.8234544296875 0.5780386734375 0.8189929890625001 0.602900553125 0.8129381765625 0.6104972375 0.79381771875 0.60773480625 0.7915869984375 0.6167127078125 0.7966857875 0.626381215625 0.7973231359375 0.6374309390625 0.8087954109375 0.6719613265625 0.8113448062499999 0.6926795578125 0.8164435953125 0.7023480656250001 0.8113448062499999 0.729972375 0.8123008281249999 0.748618784375 0.8186743156249999 0.743093921875 0.8231357546875 0.75 0.8352453796875 0.745856353125 0.8422562140625001 0.7582872921875 0.8511790953125 0.748618784375 0.8550031875 0.7596685078125 0.867750159375 0.7582872921875 0.87476099375 0.7679558015625 0.891013384375 0.770027625 0.9120458890625001 0.7479281765625 0.89515615 0.7444751375
0 0.684512428125 0.9412983421875 0.6867431484375001 0.9350828734375 0.6943913328125 0.95027624375 0.7058636078125 0.93922651875 0.7147864875 0.937845303125 0.731357553125 0.8867403312500001 0.7390057359375 0.8867403312500001 0.74729126875 0.9005524859375 0.754620778125 0.8832872921874999 0.7609942640625 0.763121546875 0.76449968125 0.7596685078125 0.766093053125 0.7645027625 0.76449968125 0.8411602203124999 0.766093053125 0.8059392265625 0.7692797953125 0.7990331484375 0.774378584375 0.765883978125 0.7737412359375 0.7479281765625 0.7667304015624999 0.731353590625 0.76449968125 0.6809392265625 0.7581261953125 0.6823204421875 0.7492033140625 0.7071823203125 0.7402804328125 0.7154696125 0.733906946875 0.7334254140625001 0.6739961765625 0.7099447515625 0.651051625 0.7292817671875 0.626513703125 0.729972375 0.62523900625 0.7575966843749999 0.63097514375 0.7727900546875001 0.6335245375 0.7907458562499999 0.63957935 0.801104971875 0.6459528359375 0.7817679562500001 0.6561504140625 0.7776243093749999 0.6822817078125001 0.7748618781250001 0.702039515625 0.7817679562500001 0.7042702359375 0.787983425 0.7029955390625 0.8059392265625 0.690567240625 0.8259668515625 0.6870618234375 0.8432320437499999 0.6797323140625 0.8508287296875 0.6711281078125 0.879143646875 0.658381134375 0.8998618781250001 0.6520076484375 0.9454419890624999 0.63639260625 0.9558011046875 0.6277884 0.95372928125 0.6277884 0.9813535906249999 0.6325685156249999 0.9903314921874999 0.63957935 0.9875690609375001 0.6459528359375 0.995856353125 0.6755895468750001 0.9979281765625 0.68323773125 0.9951657453125 0.684512428125 0.9412983421875
0 0.251434034375 0.9337016578125 0.2552581265625 0.93922651875 0.2731038875 0.912983425 0.283301465625 0.8867403312500001 0.2928616953125 0.8756906078125001 0.31453154843750003 0.8729281765625 0.3189929890625 0.867403315625 0.33173996250000004 0.827348065625 0.3565965578125 0.7983425421875 0.361695346875 0.7817679562500001 0.371892925 0.7734806625 0.3846398984375 0.745856353125 0.39165073281249996 0.743093921875 0.399936265625 0.7127071828125 0.43307839374999996 0.7099447515625 0.4598470359375 0.6754143640625 0.466539196875 0.6443370171875 0.4671765453125 0.6111878453124999 0.48725302812500004 0.5801104968749999 0.52613129375 0.55524861875 0.5458891015625 0.5276243093749999 0.5503505421875 0.5151933703125 0.56692160625 0.5055248625 0.5764818359375 0.4917127078125 0.5809432765625 0.475138121875 0.5895474828125 0.4689226515625 0.5930529 0.44198895 0.6007010828125 0.440607734375 0.6115360109375 0.4254143640625 0.6210962390625 0.4254143640625 0.6312938171875 0.43508287343749996 0.6434034421875 0.417127071875 0.655513065625 0.41022099375 0.6590184828125001 0.40124309374999995 0.6618865515625 0.3770718234375 0.684831103125 0.3660221 0.6918419375 0.33839779062500003 0.7192479281249999 0.335635359375 0.722434671875 0.33977900625 0.733906946875 0.33287292812499997 0.7335882734375 0.3280386734375 0.722434671875 0.3232044203125 0.7090503499999999 0.32734806562499996 0.6861058 0.3176795578125 0.6708094328125 0.3494475140625 0.6121733593750001 0.3522099453125 0.6083492671874999 0.36325966875 0.6038878265625 0.36325966875 0.5936902484375 0.3839779 0.588591459375 0.3743093921875 0.57839388125 0.3839779 0.5755258125 0.4095303875 0.5656469093750001 0.4254143640625 0.5592734218750001 0.41574585624999993 0.553537284375 0.4254143640625 0.5487571703125 0.4219613265625 0.5487571703125 0.4095303875 0.5573613765625 0.3991712703125 0.56118546875 0.4033149171875 0.5627788406249999 0.3915745859375 0.5471637984375 0.3770718234375 0.52613129375 0.3977900546875 0.5082855328125 0.3895027625 0.5060548125000001 0.40124309374999995 0.518801784375 0.4219613265625 0.5175270875 0.43715469687499997 0.5239005734375 0.44267955781249996 0.524537921875 0.457872928125 0.5296367109375 0.46754143593749997 0.5175270875 0.4785911609375 0.5140216703125 0.5027624312500001 0.5031867437499999 0.504143646875 0.486615678125 0.52624309375 0.48279158750000006 0.5372928171875 0.46813256875000003 0.5469613265625 0.428616953125 0.5441988953125 0.4282982796875 0.5890883984374999 0.4235181640625 0.5939226515625 0.420331421875 0.604972375 0.399936265625 0.60773480625 0.39260675625 0.6374309390625 0.3855959203125 0.6457182328125 0.3846398984375 0.6657458562499999 0.3830465265625 0.647099446875 0.3769917140625 0.640883978125 0.373486296875 0.6457182328125 0.373486296875 0.6609116015625001 0.370618228125 0.67127071875 0.3610579984375 0.6726519343749999 0.347673678125 0.6850828734375 0.34002549375 0.7058011046875 0.3260038234375 0.7140883984374999 0.3119821546875 0.7140883984374999 0.3100701078125 0.7527624312500001 0.3078393875 0.7493093921875 0.3072020390625 0.7230662984375 0.302421925 0.7113259671875001 0.2963671125 0.71477900625 0.300828553125 0.731353590625 0.297641809375 0.739640884375 0.297960484375 0.748618784375 0.2903123015625 0.7444751375 0.23550031875 0.7472375687499999 0.2361376671875 0.7527624312500001 0.23932441093749998 0.75 0.24474187343749998 0.76726519375 0.2421924796875 0.81698895 0.23932441093749998 0.8259668515625 0.22402804375000002 0.8411602203124999 0.184512428125 0.8176795578125 0.1736775015625 0.827348065625 0.1685787125 0.83977900625 0.15391969375 0.8411602203124999 0.151051625 0.84875690625 0.1516889734375 0.868093921875 0.137985978125 0.8812154703124999 0.132249840625 0.9019337015625 0.1258763546875 0.9060773484375 0.12364563437500001 0.9122928171875 0.12364563437500001 0.93024861875 0.11822817031249999 0.93922651875 0.08572339062499999 0.95027624375 0.079987253125 0.9585635359375001 0.0589547484375 0.9585635359375001 0.05481198281250001 0.952348065625 0.05353728437500001 0.93577348125 0.046207775 0.92127071875 0.028362014062500003 0.9143646406249999 0.0172084125 0.8625690609375001 0.0121096234375 0.8017955796875 0.0038240921875 0.7520718234375 0 0.7424033156250001 0.000318675 0.9972375687499999 0.115041428125 0.9972375687499999 0.139260675 0.9917127078125001 0.146908859375 0.995856353125 0.24155513125 0.9979281765625 0.2504780109375 0.9937845296875001 0.251434034375 0.9337016578125
0 0.82249840625 0.30524861875 0.81676226875 0.29972375625000003 0.79381771875 0.30110497187499996 0.774697259375 0.2928176796875 0.7683237734375 0.30524861875 0.7638623328125 0.2859116015625 0.7565328234375001 0.2810773484375 0.7552581265625 0.29765193437500004 0.7651370296875 0.31491712656250004 0.768961121875 0.31077348125 0.809432759375 0.33494475156250003 0.8138942 0.3308011046875 0.82249840625 0.30524861875
0 0.35882727812500004 0.7465469609375 0.3757170171875 0.743093921875 0.376673040625 0.7244475140625 0.38081580625 0.7251381218749999 0.38113448125 0.71477900625 0.3725302734375 0.7044198890625 0.34576163125 0.7113259671875001 0.341618865625 0.7769337015625 0.3597833015625 0.7748618781250001 0.35882727812500004 0.7465469609375
0 0.9741873812499999 0.4240331484375 0.9595283625000001 0.4240331484375 0.9531548750000001 0.4185082875 0.9480560859375 0.4240331484375 0.9416826 0.41160220937499997 0.9247928609375 0.4164364640625 0.925748884375 0.4364640890625 0.942957296875 0.43508287343749996 0.9455066921874999 0.42817679531249997 0.9525175265625 0.44337016562500003 0.9729126828125001 0.4364640890625 0.9770554499999999 0.4440607734375 0.981198215625 0.469613259375 1 0.4854972375 0.9996813250000001 0.412983425 0.9741873812499999 0.4240331484375
0 0.9544295734375 0.26381215468749997 0.9384958578125 0.26243093906250003 0.9225621421874999 0.2707182328125 0.8938814531249999 0.272099446875 0.876354365625 0.28245856406250003 0.876673040625 0.2941988953125 0.8830465265624999 0.2872928171875 0.8945188015625 0.30524861875 0.9053537281249999 0.31077348125 0.914276609375 0.30524861875 0.9181007015624999 0.30801105 0.9219247921875 0.2941988953125 0.9235181640624999 0.32527624374999997 0.934353090625 0.3280386734375 0.9439133203125 0.28660220937499997 0.9544295734375 0.26381215468749997
0 0.0226258765625 0.9185082875000001 0.015296367187500002 0.9122928171875 0.012746971874999999 0.81422651875 0.0079668578125 0.7983425421875 0.0031867437499999997 0.8004143640624999 0.0070108343749999994 0.79627071875 0.0070108343749999994 0.7838397796875001 0.000318675 0.7776243093749999 0 0.957872928125 0.0035054171874999997 0.9640883984374999 0.013065646875 0.966850828125 0.014659018749999999 0.95372928125 0.020713829687499997 0.95027624375 0.02581261875 0.9544198890625 0.0280433390625 0.9661602203124999 0.0280433390625 0.93577348125 0.0226258765625 0.9185082875000001
0 0 0.5504143640625 0.0035054171874999997 0.55524861875 0.0226258765625 0.5524861875 0.040152964062500004 0.5587016578124999 0.0576800515625 0.556629834375 0.06405353750000001 0.5345303875 0.0777565328125 0.518646409375 0.07488846406250001 0.5124309390625 0.0615041421875 0.5151933703125 0.0532186109375 0.5110497234375 0.052899935937499996 0.518646409375 0.04939451875 0.5193370171875 0.0442957296875 0.506906078125 0.014977692187499999 0.5096685078125 0 0.518646409375 0 0.5504143640625
0 0.8578712562499999 0.5794198890625 0.8591459531250001 0.56975138125 0.864882090625 0.5600828734375 0.8683875078125001 0.5428176796875 0.8773103890625 0.5386740328124999 0.88655194375 0.518646409375 0.887826640625 0.4412983421875 0.8900573609375 0.4364640890625 0.8929254296875 0.4412983421875 0.893562778125 0.4854972375 0.89834289375 0.48756906093749997 0.9021669859375001 0.501381215625 0.9050350546875 0.492403315625 0.89802421875 0.47720994531249994 0.899936265625 0.46754143593749997 0.9165073296875 0.434392265625 0.91555130625 0.414364640625 0.8964308484375 0.3991712703125 0.8906947093750001 0.382596684375 0.8859145953124999 0.3901933703125 0.8833652000000001 0.40676795625000006 0.8852772468750001 0.452348065625 0.879541109375 0.4785911609375 0.8785850859375 0.4240331484375 0.8776290625 0.43577348125000004 0.8655194390625001 0.457872928125 0.8610579984375001 0.4744475140625 0.8591459531250001 0.4965469609375 0.856277884375 0.5027624312500001 0.8438495859374999 0.5089779 0.847036328125 0.53522099375 0.8438495859374999 0.5573204421875 0.8362014015625 0.5614640890625 0.837157425 0.5676795578125 0.8438495859374999 0.56698895 0.8451242828125001 0.5973756906250001 0.8432122375000001 0.6042817671875 0.855959209375 0.6222375687499999 0.8610579984375001 0.6042817671875 0.8578712562499999 0.5794198890625
0 0.23199490156250002 0.904005525 0.2361376671875 0.8839779 0.24314850156249998 0.8895027625 0.2463352453125 0.882596684375 0.2523900578125 0.8915745859375 0.2539834296875 0.912983425 0.26481835625 0.912983425 0.2670490765625 0.904005525 0.2654557046875 0.882596684375 0.2794773734375 0.882596684375 0.2941363921875 0.8687845296875001 0.2963671125 0.8598066296875 0.294773740625 0.8494475140625 0.31230082812500004 0.841850828125 0.312619503125 0.81077348125 0.3266411734375 0.8135359109375001 0.34002549375 0.80801105 0.34289356249999997 0.8004143640624999 0.341618865625 0.786602209375 0.3374761 0.7928176796875 0.329827915625 0.7928176796875 0.3307839390625 0.7824585640625 0.3260038234375 0.7734806625 0.297960484375 0.780386740625 0.2970044609375 0.8017955796875 0.29955385625000003 0.8073204421875 0.280752071875 0.8149171265625 0.2782026765625 0.8439226515625 0.266093053125 0.8439226515625 0.2651370296875 0.8377071828125 0.26736775 0.832872928125 0.25844486875 0.8301104968749999 0.254620778125 0.8356353593750001 0.251434034375 0.8301104968749999 0.2501593375 0.8453038671875 0.23550031875 0.8466850828125001 0.23263224999999998 0.8501381218749999 0.2304015296875 0.8660221 0.219566603125 0.8660221 0.21701720781249997 0.8494475140625 0.2029955390625 0.8480662984375 0.2001274703125 0.8584254140625 0.19949012187499998 0.8957182328125001 0.1883365203125 0.8964088390624999 0.187380496875 0.9053867406249999 0.1883365203125 0.91022099375 0.1966220515625 0.9074585640624999 0.20458890937500002 0.9150552484375 0.22530274062500003 0.911602209375 0.23199490156250002 0.904005525
0 0.1453154875 0.5020718234375 0.1532823453125 0.49585635312500004 0.1692160609375 0.49585635312500004 0.1806883359375 0.5082872921875 0.1908859140625 0.504143646875 0.20044614374999997 0.4917127078125 0.22084130000000002 0.49861878437499996 0.22402804375000002 0.49033149218750005 0.23550031875 0.5027624312500001 0.23932441093749998 0.493093921875 0.24697259374999997 0.4889502765625 0.26290630937500004 0.49723756874999997 0.2651370296875 0.4758287296875 0.26736775 0.469613259375 0.27119184218750003 0.469613259375 0.2794773734375 0.470994475 0.28362014062499996 0.486878453125 0.2896749515625 0.4944751375 0.312619503125 0.5 0.34384958593750004 0.4889502765625 0.344805609375 0.47720994531249994 0.34034416875 0.46477900625 0.3390694703125 0.43991712656250004 0.327278521875 0.43508287343749996 0.2801147234375 0.44613259687499995 0.26418100624999996 0.45994475156250003 0.22657743749999998 0.466850828125 0.2112810703125 0.475138121875 0.1864244734375 0.4765193375 0.17750159375000002 0.4834254140625 0.173040153125 0.4834254140625 0.167304015625 0.47375690625000005 0.1405353734375 0.475138121875 0.1347992359375 0.4820441984375 0.120458890625 0.4854972375 0.13097514375 0.4889502765625 0.131931165625 0.49378452968750003 0.129700446875 0.49723756874999997 0.120777565625 0.4944751375 0.11822817031249999 0.48756906093749997 0.1144040796875 0.49585635312500004 0.106118546875 0.4917127078125 0.108986615625 0.49930939218750003 0.106118546875 0.5124309390625 0.10165710624999999 0.5138121546875001 0.093371575 0.5055248625 0.0847673671875 0.51726519375 0.10229445468750001 0.530386740625 0.1156787765625 0.5234806625 0.138304653125 0.5338397796875001 0.1446781390625 0.51726519375 0.1453154875 0.5020718234375
0 0.402485659375 0.7085635359375 0.4356277890625 0.7071823203125 0.4544295734375 0.676104971875 0.4588910140625 0.655386740625 0.46398980312500004 0.6457182328125 0.469407265625 0.6035911609375 0.4821542390625 0.58977900625 0.4878903765625 0.5773480656250001 0.5254939453125 0.55524861875 0.5516252390624999 0.5165745859374999 0.5688336515625 0.504143646875 0.581580625 0.4765193375 0.5895474828125 0.47030386718750006 0.5908221796875 0.455110496875 0.5949649453125 0.44337016562500003 0.60197578125 0.440607734375 0.6108986609375 0.42679557968750004 0.6223709375 0.42817679531249997 0.6274697265625 0.43784530312500003 0.6325685156249999 0.4364640890625 0.6434034421875 0.42127071875000005 0.6548757171874999 0.414364640625 0.6622052265625 0.39986187812499996 0.6663479921875 0.382596684375 0.68291905625 0.3701657453125 0.6924792859375 0.3522099453125 0.7173358828125 0.34116022031250004 0.7230720203125001 0.3439226515625 0.7335882734375 0.3308011046875 0.731357553125 0.3232044203125 0.725621415625 0.32734806562499996 0.7217973234375 0.3218232046875 0.71797323125 0.33977900625 0.7026768640625 0.3232044203125 0.6867431484375001 0.3190607734375 0.68291905625 0.3204419890625 0.6708094328125 0.3466850828125 0.6580624609375 0.3466850828125 0.6459528359375 0.3535911609375 0.6121733593750001 0.3508287296875 0.6083492671874999 0.337016575 0.603250478125 0.337016575 0.600382409375 0.3404696125 0.6022944546875 0.3653314921875 0.5962396437499999 0.3743093921875 0.5879541109375 0.3729281765625 0.5809432765625 0.3812154703125 0.5764818359375 0.3743093921875 0.5312300828125001 0.3743093921875 0.5293180375000001 0.388121546875 0.5254939453125 0.3743093921875 0.52294455 0.39226519375 0.5063734859375 0.3812154703125 0.500318675 0.408149171875 0.5015933718750001 0.41781767968750005 0.512746971875 0.41574585624999993 0.5178457609375 0.42127071875000005 0.5181644359375001 0.44267955781249996 0.521988528125 0.460635359375 0.527724665625 0.4689226515625 0.5184831109375 0.47375690625000005 0.5140216703125 0.49723756874999997 0.5019120453125 0.504143646875 0.4745060546875 0.5428176796875 0.466857871875 0.5483425421875 0.4292543015625 0.5441988953125 0.43180369687500003 0.56077348125 0.437858509375 0.5614640890625 0.43148502187500004 0.56422651875 0.426067559375 0.609116021875 0.41300191249999996 0.6125690609375 0.41778202656249996 0.6298342546875 0.4324410453125 0.6325966843749999 0.4356277890625 0.6284530390625 0.4359464625 0.6374309390625 0.3887826640625 0.647099446875 0.38687061875 0.7216850828125 0.3887826640625 0.7410221 0.391013384375 0.7140883984374999 0.402485659375 0.7085635359375
0 0.600382409375 0.31422651875 0.5991077125000001 0.31008287343749996 0.5962396437499999 0.303867403125 0.588591459375 0.30110497187499996 0.582855321875 0.2859116015625 0.57010835 0.26933701718749997 0.5446144046875 0.26381215468749997 0.5388782671875 0.24861878437499998 0.53218610625 0.2465469609375 0.53760356875 0.2444751375 0.5388782671875 0.2361878453125 0.5216698531249999 0.2361878453125 0.5140216703125 0.2265193375 0.507010834375 0.2265193375 0.504461440625 0.21823204375 0.498406628125 0.21339779062500003 0.49872530312499996 0.20303867343749998 0.4904397703125 0.2140883984375 0.486615678125 0.2071823203125 0.48374760937500005 0.21063535937500003 0.4843849578125 0.22168508281250002 0.4904397703125 0.2389502765625 0.5057361375 0.25 0.512746971875 0.24861878437499998 0.5178457609375 0.2665745859375 0.533779478125 0.283149171875 0.542065009375 0.28176795625 0.557998725 0.31077348125 0.5732950921875 0.30801105 0.593371575 0.33494475156250003 0.5971956656249999 0.3308011046875 0.600382409375 0.31422651875
0 0.1456341625 0.21961325937499998 0.1532823453125 0.21546961250000002 0.15296367187499998 0.20372928125 0.1571064375 0.20165745781250002 0.1606118546875 0.187154696875 0.152644996875 0.17679557968749998 0.14499681250000002 0.1533149171875 0.13989802499999998 0.1519337015625 0.1258763546875 0.1187845296875 0.12205226250000001 0.1270718234375 0.1185468453125 0.10704419843749999 0.11344805625000001 0.1056629828125 0.11344805625000001 0.09461325937500001 0.106118546875 0.0939226515625 0.104525175 0.0766574578125 0.10101975781250001 0.07320442031249999 0.09847036406250001 0.07734806562499999 0.083173996875 0.0414364640625 0.0777565328125 0.03522099375 0.0761631609375 0.022099446875 0.08444869375 0.022099446875 0.10484385 0.0662983421875 0.14117272187500002 0.12569060781250002 0.1704907578125 0.18508287343750002 0.18897386875 0.20580110468749999 0.19279796093749998 0.20580110468749999 0.1956660296875 0.187154696875 0.2029955390625 0.17679557968749998 0.213830465625 0.1685082875 0.222115996875 0.169889503125 0.228489484375 0.1519337015625 0.23932441093749998 0.1533149171875 0.24314850156249998 0.1464088390625 0.2476099421875 0.1477900546875 0.2523900578125 0.15953038749999998 0.2622689609375 0.20580110468749999 0.274697259375 0.2009668515625 0.2785213515625 0.187154696875 0.2785213515625 0.1650552484375 0.28648820937499997 0.143646409375 0.29859783281249996 0.143646409375 0.3033779484375 0.15124309375 0.30847673750000004 0.1705801109375 0.30465264531249997 0.1940607734375 0.3081580625 0.20027624375 0.36998087968750004 0.190607734375 0.37476099375 0.18577348124999998 0.376354365625 0.1754143640625 0.3891013390625 0.16574585625 0.4005736140625 0.1685082875 0.40376035625 0.17679557968749998 0.4254302109375 0.16574585625 0.4553855953125 0.17955801093749998 0.4525175265625 0.1622928171875 0.45379222500000005 0.11947513750000001 0.46430847656249996 0.09944751406249999 0.4710006375 0.10290055312499999 0.4748247296875 0.1415745859375 0.47833014687500003 0.15055248593749998 0.4980879546875 0.145027625 0.5197578078125 0.1533149171875 0.533142128125 0.1464088390625 0.539515615625 0.135359115625 0.5720203953125 0.1298342546875 0.5879541109375 0.12154696093749999 0.60771191875 0.12292817656249999 0.6121733593750001 0.11740331562499999 0.6580624609375 0.10220994531250001 0.7555767999999999 0.088397790625 0.7638623328125 0.07872928125 0.766093053125 0.068370165625 0.772147865625 0.059392265624999996 0.7880815812499999 0.060773481250000004 0.7963671125 0.07872928125 0.8078393875 0.07872928125 0.8358827281250001 0.06491712656250001 0.8919694078125 0.0635359109375 0.9104525171875 0.0469613265625 0.9181007015624999 0.059392265624999996 0.9263862328125001 0.060773481250000004 0.9410452515625 0.0469613265625 0.9537922249999999 0.0469613265625 0.9754620781250001 0.034530387499999995 0.9850223078125 0.034530387499999995 0.986615678125 0.0255524859375 0.9805608671874999 0 0.178776290625 0.001381215625 0.12651370312500002 0.0110497234375 0.0850860421875 0.0124309390625 0.07488846406250001 0.0193370171875 0.0353728484375 0.017955801562500002 0.033779478125 0.031077348437500003 0.040152964062500004 0.0435082875 0.040471637500000004 0.0524861875 0.0315487578125 0.060773481250000004 0.029955385937500002 0.037983425 0.027087317187499998 0.033149171875 0.02581261875 0.0524861875 0.0073295093749999995 0.05524861875 0 0.061464089062500005 0.0009560234375000001 0.09944751406249999 0.027724665625 0.10359116093750001 0.033779478125 0.11809392187500001 0.030911407812500003 0.138121546875 0.019439132812500003 0.1491712703125 0.000318675 0.15055248593749998 0.000318675 0.18508287343750002 0.0079668578125 0.187845303125 0.044933078125 0.17679557968749998 0.0557680046875 0.17955801093749998 0.0908221796875 0.15883977968750002 0.106118546875 0.1685082875 0.117909496875 0.2175414359375 0.131931165625 0.22582872968749998 0.1373486296875 0.2140883984375 0.1456341625 0.21961325937499998