1 0.33203125 0.603125 0.17890625 0.25
1 0.55078125 0.52734375 0.2203125 0.23203125
1 0.6640625 0.3484375 0.325 0.33828125
1 0.53359375 0.10078125 0.2375 0.18046875
1 0.246875 0.3921875 0.09765625 0.19296875
1 0.42265625 0.29296875 0.07265625 0.09140625
1 0.16015625 0.1484375 0.10625 0.1046875
0 0.2896358546875 0.8064320390624999 0.29019607812500003 0.79793689375 0.2845938375 0.7688106796875 0.286834734375 0.739684465625 0.29383753437500004 0.73543689375 0.309243696875 0.7141990296875 0.263305321875 0.597694175 0.25910364218750004 0.5958737859375 0.2512605046875 0.5788834953124999 0.248179271875 0.5782766984375 0.248179271875 0.5612864078124999 0.24145658281250001 0.5442961171875 0.2392156859375 0.510315534375 0.24117647031249997 0.5036407765625001 0.25910364218750004 0.49514563125000005 0.26302520937499996 0.487864078125 0.2820728296875 0.48543689375000004 0.286554621875 0.476941746875 0.29019607812500003 0.47633495156250005 0.282633053125 0.472087378125 0.2663865546875 0.4757281546875 0.26302520937499996 0.483009709375 0.251820728125 0.48422330156250004 0.2473389359375 0.4915048546875 0.2260504203125 0.492718446875 0.21960784375000003 0.515169903125 0.22072829062500002 0.569781553125 0.2274509796875 0.5782766984375 0.22492997187500002 0.587378640625 0.22044817968750002 0.5885922328125 0.2184873953125 0.5940533984374999 0.21960784375000003 0.6231796109375 0.22352941249999997 0.6583737859375 0.22577030781250002 0.7129854375 0.23249299687499997 0.7311893203125 0.2313725484375 0.75303398125 0.23305322187500002 0.7736650484375 0.251820728125 0.8264563109375 0.261064425 0.829490290625 0.2725490203125 0.81553398125 0.2896358546875 0.8064320390624999
0 0 0.9957524265625001 0.075070028125 0.99696601875 0.209803921875 0.99514563125 0.21624649843750002 0.9787621359375 0.21680672343750002 0.95206310625 0.1974789921875 0.94538835 0.1927170875 0.9217233015625 0.18039215625 0.9010922328125 0.179271709375 0.87803398125 0.18039215625 0.8683252421875001 0.18851540625000002 0.8531553390625 0.217647059375 0.8276699031250001 0.22408963593750003 0.81735436875 0.21960784375000003 0.8003640781250001 0.22072829062500002 0.7760922328125 0.215686275 0.744538834375 0.1966386546875 0.685072815625 0.18851540625000002 0.6686893203125 0.186274509375 0.672330096875 0.18123249375 0.667475728125 0.167226890625 0.6711165046875001 0.148179271875 0.660194175 0.13417366875 0.657766990625 0.1179271703125 0.6638349515625 0.1028011203125 0.648058253125 0.0952380953125 0.62196601875 0.09635854375 0.61225728125 0.101960784375 0.60254854375 0.1008403359375 0.57706310625 0.0761904765625 0.5091019421875 0.07338935625000001 0.47633495156250005 0.0507002796875 0.4186893203125 0.0372549015625 0.4089805828125 0.0316526609375 0.387135921875 0.0277310921875 0.39563106718749996 0.0159663859375 0.39077669843749996 0.0078431375 0.40716019374999995 0.009523809375000001 0.4168689328125 0 0.430218446875 0 0.9957524265625001
0 0.4619047625 0.4550970875 0.46694677812499996 0.462378640625 0.467226890625 0.456917475 0.47226890781249997 0.45084951406249996 0.470868346875 0.44174757343750004 0.5140056015625001 0.43932038906250004 0.5154061624999999 0.4265776703125 0.5235294125000001 0.4186893203125 0.5263305328125 0.4186893203125 0.5302521015624999 0.43325242656249996 0.5392156859375 0.43567961093749996 0.5448179265624999 0.42961165 0.5537815125 0.42961165 0.5633053218749999 0.4199029125 0.5739495796875 0.4186893203125 0.578991596875 0.4114077671875 0.5907563031249999 0.4089805828125 0.590476190625 0.399878640625 0.5845938375 0.39077669843749996 0.58067226875 0.391990290625 0.5705882359375 0.3737864078125 0.552100840625 0.3665048546875 0.5487394953125 0.35436893281250004 0.5375350140624999 0.339805825 0.521288515625 0.33495145625 0.51512605 0.317961165625 0.505602240625 0.30582524218749996 0.5005602234375 0.30582524218749996 0.49971988749999996 0.331917475 0.5028011203125 0.337378640625 0.5145658265625 0.339805825 0.5154061624999999 0.347694175 0.5221288515625 0.3561893203125 0.5232493 0.374393203125 0.5179271703125 0.38956310625 0.509243696875 0.3913834953125 0.5140056015625001 0.4004854375 0.501680671875 0.402912621875 0.49775910312500005 0.39927184531250004 0.463025209375 0.407766990625 0.45798319374999996 0.412621359375 0.45546218437499997 0.4168689328125 0.45658263281250006 0.425364078125 0.4532212890625 0.4459951453125 0.4470588234375 0.45934466093750004 0.4473389359375 0.4635922328125 0.452100840625 0.465412621875 0.4551820734375 0.45873786406250006 0.4619047625 0.4550970875
0 1 0.8513349515625 0.9722689078125001 0.84466019375 0.9644257703125 0.8325242718749999 0.9582633046875 0.8300970875000001 0.9529411765625 0.7991504859375 0.944257703125 0.792475728125 0.9414565828124999 0.7815533984374999 0.93501400625 0.7736650484375 0.93445378125 0.765169903125 0.9305322125 0.75788835 0.9305322125 0.7481796109375 0.9260504203125001 0.739684465625 0.9201680671875 0.7135922328125 0.9170868343749999 0.7141990296875 0.9182072828125 0.722694175 0.9151260499999999 0.7257281546875001 0.9011204484374999 0.7135922328125 0.89187675 0.7287621359374999 0.890196078125 0.80764563125 0.8826330531250001 0.8143203890624999 0.88067226875 0.8246359218749999 0.875350140625 0.8313106796874999 0.8613445375 0.82524271875 0.8683473390625001 0.8161407765625001 0.8591036421875 0.8143203890624999 0.8582633046874999 0.82706310625 0.8512605046875 0.8410194171875001 0.8425770312499999 0.8246359218749999 0.8436974796875001 0.814927184375 0.8397759109375 0.8088592234374999 0.8386554625 0.8003640781250001 0.8260504203125001 0.7912621359374999 0.825210084375 0.78216019375 0.8193277312499999 0.766990290625 0.8109243703125 0.766990290625 0.8008403359375 0.777912621875 0.7949579828125 0.7991504859375 0.7955182078124999 0.8088592234374999 0.7921568625 0.8161407765625001 0.7938375343749999 0.8234223296875 0.7921568625 0.829490290625 0.7885154062499999 0.8385922328125 0.7764705875 0.850121359375 0.7759103640625 0.8586165046875 0.769187675 0.86711165 0.767507003125 0.8901699031250001 0.7571428578125 0.9004854375000001 0.756022409375 0.910194175 0.7464986 0.9283980578125 0.7414565828125 0.9308252421875001 0.7394957984375 0.935072815625 0.7428571421875 0.9435679609375001 0.7417366953125 0.9496359218749999 0.7336134453125001 0.9587378640625 0.7257703078125 0.9514563109375 0.7218487390625 0.9635922328125 0.7179271703125 0.964805825 0.7159663859375 0.9605582531250001 0.7114845937500001 0.9156553390625 0.70420168125 0.8938106796874999 0.7008403359375001 0.8610436890625 0.7014005609375 0.8331310671875001 0.698319328125 0.8216019421875 0.693837534375 0.8264563109375 0.689915965625 0.81553398125 0.6865546218749999 0.8240291265625 0.682633053125 0.81553398125 0.679271709375 0.8276699031250001 0.6739495796875 0.8331310671875001 0.6756302515625 0.850121359375 0.6795518203124999 0.8586165046875 0.675070028125 0.86711165 0.678991596875 0.8743932031250001 0.678991596875 0.8925970875000001 0.667787115625 0.9010922328125 0.667787115625 0.918082525 0.671148459375 0.9265776703125 0.663025209375 0.93446601875 0.66162465 0.9459951453125001 0.6708683468750001 0.99514563125 0.9635854343749999 0.99696601875 1 0.9957524265625001 1 0.8513349515625
0 0 0.994538834375 0.048179271875 0.99696601875 0.148179271875 0.9915048546874999 0.177310925 0.99514563125 0.1801120453125 0.98543689375 0.1879551828125 0.99514563125 0.19299719843750002 0.99514563125 0.2008403359375 0.9902912625000001 0.20420168125 0.983009709375 0.20812325 0.98543689375 0.21624649843750002 0.975121359375 0.21624649843750002 0.9654126218749999 0.21092437031250003 0.9514563109375 0.20252100781250001 0.9514563109375 0.2002801125 0.9660194171875001 0.19635854375 0.962378640625 0.1927170875 0.9411407765625001 0.1871148453125 0.9375 0.1854341734375 0.918082525 0.178711484375 0.9132281546875 0.1781512609375 0.9010922328125 0.1742296921875 0.8925970875000001 0.1770308125 0.885315534375 0.1781512609375 0.8634708734375 0.1879551828125 0.84466019375 0.20812325 0.8325242718749999 0.2120448171875 0.8106796109375001 0.21624649843750002 0.81735436875 0.21624649843750002 0.8027912625000001 0.2120448171875 0.8033980578125 0.21064425781249999 0.7991504859375 0.21624649843750002 0.7882281546875001 0.21456582656249998 0.7481796109375 0.2033613453125 0.729975728125 0.2005602234375 0.710558253125 0.186274509375 0.688106796875 0.1845938375 0.67961165 0.178711484375 0.685072815625 0.17310924375 0.7057038828125 0.1736694671875 0.7190533984374999 0.178711484375 0.7311893203125 0.17675069999999998 0.7415048546875 0.1725490203125 0.725121359375 0.171428571875 0.6838592234374999 0.1694677875 0.6783980578125 0.1380952375 0.672330096875 0.1336134453125 0.662621359375 0.1263305328125 0.662621359375 0.12464985937499999 0.6699029125 0.11680672343750001 0.6735436890625001 0.11120448125 0.662621359375 0.1028011203125 0.662621359375 0.10028011249999999 0.6462378640625001 0.093837534375 0.6407766984375 0.09187675 0.63288835 0.0913165265625 0.6183252421875001 0.0952380953125 0.6037621359374999 0.09579831875 0.5807038828125 0.090756303125 0.5588592234374999 0.08431372499999999 0.55461165 0.0585434171875 0.572815534375 0.0551820734375 0.5800970875 0.0512605046875 0.5764563109374999 0.048459384375 0.587378640625 0.0355742296875 0.5885922328125 0.0316526609375 0.59466019375 0.0277310921875 0.5934466015625001 0.0238095234375 0.6043689328124999 0.0198879546875 0.5995145625 0.0159663859375 0.605582525 0.01148459375 0.6043689328124999 0.00812325 0.612864078125 0.00364145625 0.608009709375 0 0.614684465625 0 0.994538834375
0 1 0.3064320390625 0.9963585437500001 0.30582524218749996 0.992436975 0.313106796875 0.9896358546874999 0.30582524218749996 0.9795518203125001 0.30582524218749996 0.9837535015625001 0.31735436875 0.98067226875 0.322815534375 0.9742296921875001 0.3234223296875 0.9887955187499999 0.340412621875 0.9728291312499999 0.34466019375 0.971428571875 0.3489077671875 0.9845938375 0.35922330156250004 0.9879551828125 0.35436893281250004 0.99187675 0.35922330156250004 0.9963585437500001 0.355582525 0.9941176468749999 0.3713592234375 0.9901960781250001 0.3713592234375 0.98851540625 0.3640776703125 0.9868347343749999 0.367718446875 0.961064425 0.372572815625 0.9414565828124999 0.3616504859375 0.93473389375 0.372572815625 0.9179271703125 0.3737864078125 0.906162465625 0.38956310625 0.8971988796874999 0.39077669843749996 0.8921568625 0.4016990296875 0.8697478984375 0.407766990625 0.8669467781250001 0.4199029125 0.8627450984375 0.42172330156250004 0.8616246500000001 0.435072815625 0.855742296875 0.4538834953125 0.848459384375 0.43567961093749996 0.8310924375000001 0.442961165625 0.8064425765625 0.4635922328125 0.7823529406249999 0.4757281546875 0.7739495796875 0.48665048593750004 0.761064425 0.4915048546875 0.7571428578125 0.4987864078125 0.7526610640625 0.49635922343749994 0.7487394953125001 0.502427184375 0.73473389375 0.507281553125 0.7257703078125 0.527912621875 0.6871148453125 0.502427184375 0.6770308125 0.4902912625 0.6719887953125 0.4757281546875 0.66526610625 0.4733009703125 0.6554621843749999 0.4933252421875 0.6537815124999999 0.527305825 0.6585434171875 0.535194175 0.67338935625 0.5442961171875 0.6756302515625 0.5612864078124999 0.6708683468750001 0.57524271875 0.6591036421875 0.5716019421875 0.6551820734375 0.55461165 0.6462184875 0.5667475734375 0.6316526609374999 0.563106796875 0.6238095234375 0.567961165625 0.6159663859375 0.5606796109375 0.6014005609375 0.57524271875 0.5879551828125 0.577669903125 0.5873949578125 0.587378640625 0.5649859937499999 0.5934466015625001 0.559943978125 0.6043689328124999 0.5358543421874999 0.6116504859375 0.54229691875 0.6292475734375 0.5333333328125 0.6486650484375 0.53445378125 0.6632281546875001 0.5257703078125 0.688106796875 0.517647059375 0.6717233015625 0.5170868343749999 0.6608009703125 0.5100840343749999 0.6456310671875001 0.5005602234375 0.6383495140625 0.4966386546875 0.627427184375 0.479271709375 0.6043689328124999 0.474789915625 0.5934466015625001 0.46974789843750003 0.5910194171875001 0.46694677812499996 0.5813106796875 0.45182072812499996 0.5740291265625 0.43837535 0.57524271875 0.436414565625 0.569781553125 0.43585434218749997 0.53216019375 0.44341736718749997 0.5291262140625 0.444257703125 0.5236650484375 0.43837535 0.5242718453124999 0.43585434218749997 0.5188106796875 0.43753501406249995 0.510315534375 0.43557422968750004 0.5012135921875001 0.4336134453125 0.5091019421875 0.4352941171875 0.5188106796875 0.43025210156249993 0.527305825 0.4352941171875 0.5358009703125 0.43333333281249997 0.537621359375 0.4238095234375 0.535194175 0.4198879546875 0.5266990296875 0.41540616249999995 0.53033980625 0.4047619046875 0.523058253125 0.39635854375 0.5254854375 0.4 0.5467233015625 0.40504201718750005 0.5588592234374999 0.4078431375 0.5867718453124999 0.41344537812500004 0.5989077671875 0.415686275 0.6365291265625 0.42352941250000004 0.6438106796875 0.42240896406250006 0.68264563125 0.41932773125 0.6941747578124999 0.40812324999999994 0.6966019421875 0.40364145625000003 0.7063106796875 0.38515406093750004 0.70995145625 0.3739495796875 0.7257281546875001 0.3605042015625 0.7281553390625 0.3585434171875 0.739684465625 0.361064425 0.7718446609375 0.3817927171875 0.7609223296875001 0.38795518281249997 0.7487864078124999 0.42941176406250003 0.7233009703125 0.45126050468749995 0.7014563109374999 0.4551820734375 0.7038834953124999 0.45966386562499995 0.6966019421875 0.49047619062500003 0.67961165 0.498319328125 0.6686893203125 0.5014005609375001 0.6717233015625 0.5014005609375001 0.680218446875 0.49775910312500005 0.688106796875 0.463585434375 0.712378640625 0.45126050468749995 0.7257281546875001 0.417647059375 0.74514563125 0.3974789921875 0.762135921875 0.3845938375 0.76456310625 0.36022408906250003 0.7906553390625 0.359943978125 0.8082524265625001 0.37338935625 0.8131067968749999 0.38151260468750003 0.8222087374999999 0.3837535015625 0.8416262140624999 0.38879551874999996 0.8489077671875 0.39243697499999997 0.8640776703125 0.3971988796875 0.86711165 0.40560224062500005 0.9035194171875001 0.40560224062500005 0.9095873781250001 0.390476190625 0.95206310625 0.389915965625 0.9605582531250001 0.38123249375 0.9684466015625001 0.3759103640625 0.9884708734375 0.378431371875 0.99514563125 0.39579831875 0.997572815625 0.4913165265625 0.99696601875 0.5145658265625 0.99514563125 0.5165266109375 0.96783980625 0.5288515406250001 0.9338592234374999 0.5350140062500001 0.9265776703125 0.5296918765624999 0.9138349515625 0.513445378125 0.910194175 0.509803921875 0.8913834953125 0.5142857140625 0.880461165625 0.51932773125 0.850121359375 0.5260504203124999 0.8367718453125 0.5254901953125 0.8246359218749999 0.54201680625 0.802184465625 0.5537815125 0.7949029125 0.590196078125 0.807038834375 0.60420168125 0.7985436890625001 0.6103641453125 0.7985436890625001 0.6120448171875 0.8033980578125 0.6159663859375 0.7985436890625001 0.632773109375 0.7961165046875001 0.6434173671875 0.742718446875 0.6473389359375 0.74514563125 0.6512605046875 0.73543689375 0.6551820734375 0.7342233015625 0.6571428578125 0.7481796109375 0.663025209375 0.7609223296875001 0.6705882359374999 0.7566747578124999 0.67282913125 0.7481796109375 0.6672268906250001 0.7129854375 0.6708683468750001 0.69053398125 0.6759103640624999 0.692961165625 0.68039215625 0.6893203890625 0.6927170874999999 0.662621359375 0.698319328125 0.662621359375 0.705602240625 0.6735436890625001 0.7134453781250001 0.672330096875 0.7336134453125001 0.644417475 0.7375350140625 0.6432038828125 0.7476190468749999 0.65533980625 0.7666666671875 0.662621359375 0.7680672265624999 0.6717233015625 0.77282913125 0.6735436890625001 0.7845938375 0.7050970875 0.79579831875 0.69053398125 0.8106442578124999 0.654733009375 0.8159663859374999 0.59466019375 0.83501400625 0.58495145625 0.8428571421875001 0.5716019421875 0.859943978125 0.569781553125 0.8512605046875 0.561893203125 0.8473389359375 0.567961165625 0.8473389359375 0.5606796109375 0.8831932765625 0.5533980578125 0.8859943984375 0.5436893203125 0.9067226890625 0.537621359375 0.9086834734375 0.510315534375 0.925210084375 0.472087378125 0.9296918765625 0.46966019374999995 0.940336134375 0.47815533906249996 0.9532212890625 0.47087378593749996 0.9616246500000001 0.472087378125 0.967787115625 0.4757281546875 0.9689075624999999 0.480582525 0.971148459375 0.4757281546875 0.986274509375 0.46844660156250006 0.98851540625 0.4563106796875 0.9963585437500001 0.4563106796875 1 0.4387135921875 1 0.3064320390625
0 0.3857142859375 0.502427184375 0.3876750703125 0.4933252421875 0.3689075625 0.464805825 0.36162465 0.447815534375 0.3142857140625 0.47633495156250005 0.3179271703125 0.48543689375000004 0.321288515625 0.480582525 0.33137254843749997 0.483009709375 0.3375350140625 0.4987864078125 0.34537815156249996 0.49393203906250005 0.347899159375 0.5018203890625 0.3456582640625 0.515169903125 0.3414565828125 0.51456310625 0.340616246875 0.5188106796875 0.3507002796875 0.5188106796875 0.37563025156249996 0.5036407765625001 0.3857142859375 0.502427184375
0 0.847619046875 0.0940533984375 0.8512605046875 0.087378640625 0.8543417359375001 0.0940533984375 0.8551820734375 0.1140776703125 0.8591036421875 0.1092233015625 0.8596638656250001 0.117718446875 0.8708683468749999 0.11893203906250001 0.8750700281249999 0.10376213593750001 0.8722689078125001 0.085558253125 0.8767507 0.07706310625 0.8761904765624999 0.06735436875 0.8546218484375 0.061893203125 0.8333333328125001 0.08495145625 0.8296918765625 0.0940533984375 0.8336134453125 0.10254854375 0.83473389375 0.11953883437499999 0.836414565625 0.1207524265625 0.845938375 0.109830096875 0.847619046875 0.0940533984375
0 0.8319327734374999 0.1959951453125 0.832492996875 0.18264563125 0.838935575 0.1699029125 0.8288515406249999 0.1638349515625 0.8120448171874999 0.1638349515625 0.8081232500000001 0.172330096875 0.7974789921875 0.1783980578125 0.792436975 0.188106796875 0.7845938375 0.18446601875 0.7812324937499999 0.16504854375 0.767787115625 0.1662621359375 0.76526610625 0.170509709375 0.767787115625 0.177184465625 0.774789915625 0.1814320390625 0.7778711484375 0.20024271875 0.7845938375 0.20024271875 0.8019607843750001 0.2160194171875 0.8067226890624999 0.21298543749999999 0.809523809375 0.1838592234375 0.8159663859374999 0.17961164999999998 0.8140056015624999 0.21298543749999999 0.8207282906250001 0.2214805828125 0.8212885156249999 0.21298543749999999 0.8319327734374999 0.1959951453125
0 1 0.1207524265625 0.989915965625 0.21662621406250002 0.98851540625 0.2233009703125 0.9845938375 0.2233009703125 0.984313725 0.210558253125 0.989915965625 0.17172330156249999 0.9910364140624999 0.1365291265625 0.993837534375 0.12682038906249998 0.9801120453125 0.0934466015625 0.9689075624999999 0.092233009375 0.96498599375 0.0837378640625 0.9408963578125 0.087378640625 0.9352941171875001 0.07524271875 0.9316526609375 0.07706310625 0.9305322125 0.09283980625 0.9268907562500001 0.0934466015625 0.9232492999999999 0.0685679609375 0.9238095234375001 0.0588592234375 0.9277310921874999 0.052791262500000005 0.9257703078124999 0.04975728125 0.9212885156249999 0.050970873437499994 0.9193277312499999 0.0588592234375 0.921008403125 0.085558253125 0.9179271703125 0.0995145625 0.902240896875 0.082524271875 0.8943977593750001 0.08980582499999999 0.890476190625 0.08495145625 0.8826330531250001 0.0861650484375 0.88123249375 0.11225728125000001 0.8778711484375 0.12803398125 0.8826330531250001 0.1347087375 0.8949579828124999 0.10558252500000001 0.902240896875 0.10194174687499999 0.9103641453125 0.13288835000000002 0.91148459375 0.1535194171875 0.9092436968750001 0.164441746875 0.9028011203125 0.177184465625 0.8949579828124999 0.1783980578125 0.8859943984375 0.177184465625 0.8826330531250001 0.167475728125 0.878711484375 0.16504854375 0.871428571875 0.1759708734375 0.8669467781250001 0.172330096875 0.863025209375 0.1759708734375 0.8551820734375 0.1662621359375 0.8509803921874999 0.1887135921875 0.8481792718750001 0.2408980578125 0.8585434171875 0.2487864078125 0.8663865546875 0.24514563125 0.874789915625 0.24757281562500003 0.8831932765625 0.25485436875 0.886554621875 0.269417475 0.8988795515625 0.2718446609375 0.9005602234375001 0.2815533984375 0.9078431374999999 0.27912621406250004 0.9100840343750001 0.27063106718749996 0.9179271703125 0.285194175 0.9257703078124999 0.287621359375 0.933053221875 0.25485436875 0.9459383750000001 0.2597087375 0.9535014 0.27245145625 0.9507002796874999 0.2906553390625 0.9574229687500001 0.314927184375 0.9574229687500001 0.331917475 0.9613445374999999 0.3258495140625 0.9680672265625001 0.2639563109375 0.9722689078125001 0.2512135921875 0.9759103640625 0.255461165625 0.9764705875 0.2615291265625 0.9728291312499999 0.2815533984375 0.98067226875 0.2815533984375 0.9845938375 0.2864077671875 0.994677871875 0.2839805828125 1 0.29186893281250004 1 0.1207524265625