1 0.66796875 0.4265625 0.11328125 0.24140625
1 0.4125 0.51796875 0.09765625 0.09921875
1 0.7125 0.69453125 0.16484375 0.19296875
1 0.4515625 0.62421875 0.0765625 0.1078125
1 0.44453125 0.340625 0.08359375 0.14375
1 0.90546875 0.86328125 0.1890625 0.27265625
1 0.884375 0.1609375 0.12890625 0.1015625
1 0.70390625 0.03046875 0.0609375 0.059375
1 0.60859375 0.0546875 0.05625 0.05625
1 0.540625 0.51953125 0.10078125 0.12890625
1 0.79453125 0.0984375 0.0984375 0.09453125
1 0.45 0.45703125 0.0640625 0.10078125
1 0.57734375 0.40078125 0.05 0.121875
1 0.65390625 0.0390625 0.0546875 0.0640625
1 0.45625 0.24453125 0.065625 0.078125
1 0.97265625 0.25078125 0.0546875 0.0984375
1 0.9390625 0.32265625 0.10390625 0.13125
1 0.92109375 0.4453125 0.12890625 0.11328125
1 0.4421875 0.0859375 0.0484375 0.07109375
1 0.50078125 0.08046875 0.0515625 0.06171875
1 0.94296875 0.0875 0.0640625 0.05390625
1 0.43828125 0.49140625 0.09375 0.11796875
1 0.59140625 0.19140625 0.09921875 0.11796875
1 0.3078125 0.290625 0.0765625 0.08046875
1 0.3453125 0.14375 0.134375 0.140625
1 0.84375 0.3453125 0.10234375 0.0796875
1 0.7203125 0.15546875 0.0515625 0.07578125
1 0.55234375 0.0671875 0.05 0.05625
1 0.59375 0.3046875 0.0625 0.06328125
1 0.54375 0.2546875 0.0484375 0.05
1 0.44296875 0.1921875 0.0328125 0.03125
0 0 0.9970726000000001 0.424121934375 0.9994145203125001 0.428098078125 0.992388759375 0.428098078125 0.9818501171875 0.4234592453125 0.9642857140625001 0.4234592453125 0.9455503515625001 0.42611000624999995 0.9139344265625 0.4310801859375 0.8992974234375 0.459575878125 0.8969555031249999 0.4655400921875 0.887587821875 0.48475811718750006 0.8747072593749999 0.49867461874999996 0.878220140625 0.5076209406250001 0.862412178125 0.5009940359375 0.827283371875 0.487077534375 0.7968384078125 0.4831013921875 0.7792740046875 0.47481775937500004 0.7763466046875 0.46752816406250003 0.7868852453125 0.4469847578125 0.7857142859375 0.43969516249999996 0.7892271656250001 0.43571901874999996 0.7997658078125001 0.415838303125 0.8079625296874999 0.407554671875 0.830796253125 0.40291583906249995 0.8647540984375001 0.392312790625 0.88583138125 0.3873426109375 0.9086651046875 0.3740888 0.9250585484375 0.36149768125000004 0.919203746875 0.354208084375 0.9086651046875 0.3339960234375 0.8518735359375 0.33863485781249997 0.827283371875 0.34526176249999996 0.8144028109375 0.3495692515625 0.8126463703125 0.35288270312500003 0.8185011703124999 0.355533465625 0.8173302109374999 0.3591782640625 0.7968384078125 0.36348575156249996 0.7892271656250001 0.37276341875 0.784543325 0.3737574546875 0.776932084375 0.3571901921875 0.7663934421875 0.3449304171875 0.721311475 0.336315440625 0.720140515625 0.32041086875 0.7318501171875 0.3104705109375 0.73067915625 0.2975480453125 0.704332553125 0.2909211390625 0.6855971890625 0.285619615625 0.6481264640625 0.2948972828125 0.6141686187500001 0.29854208125000004 0.5878220140625 0.2620941015625 0.6053864171875001 0.2495029828125 0.6030444968750001 0.24453280312499998 0.5895784546875 0.243207421875 0.546252928125 0.24718356562500002 0.534543325 0.24917163750000001 0.511124121875 0.2385685890625 0.47482435624999997 0.23790589843749999 0.4584309140625 0.24784625624999998 0.4326697890625 0.249834328125 0.3788056203125 0.24784625624999998 0.35538641718749997 0.236249171875 0.359484778125 0.232273028125 0.3489461359375 0.2223326703125 0.3395784546875 0.189860834375 0.3302107734375 0.181577203125 0.3190866515625 0.180251821875 0.30386416875 0.176607025 0.2950819671875 0.155400928125 0.29391100625 0.13121272343749998 0.28512880625000003 0.1338634859375 0.25936768125 0.1338634859375 0.20901639374999997 0.139165009375 0.194964871875 0.14115308124999998 0.1750585484375 0.1259112 0.1387587828125 0.12193505625 0.10714285781249999 0.10768720937500001 0.088992975 0.099403578125 0.06967213125 0.0941020546875 0.0497658078125 0.0934393640625 0.0216627640625 0.09045725624999999 0.012880562500000001 0.060636182812499995 0.0011709609375000001 0.0003313453125 0.0011709609375000001 0 0.276932084375 0.003313453125 0.30269320781250003 0 0.3190866515625 0 0.9970726000000001