1 0.08984375 0.5078125 0.1796875 0.184375
1 0.2640625 0.40625 0.11640625 0.10625
1 0.39609375 0.4703125 0.15078125 0.1796875
1 0.11953125 0.3796875 0.125 0.11015625
1 0.0796875 0.28671875 0.159375 0.1234375
1 0.23125 0.2625 0.13984375 0.08984375
1 0.82265625 0.42421875 0.11484375 0.1328125
1 0.8984375 0.4015625 0.11484375 0.11640625
1 0.6421875 0.29375 0.08984375 0.0953125
1 0.8109375 0.29375 0.08515625 0.07265625
1 0.7109375 0.24765625 0.0953125 0.0546875
1 0.9703125 0.27890625 0.05859375 0.08828125
1 0.5296875 0.2234375 0.0515625 0.05546875
1 0.1125 0.07734375 0.03671875 0.06484375
1 0.40859375 0.10234375 0.03671875 0.0671875
0 0.3653645828125 0.37938844843749997 0.37447916718749996 0.36636466562500003 0.3747395828125 0.3556058890625 0.3770833328125 0.3550396375 0.37838541718749996 0.3691959234375 0.3903645828125 0.375990940625 0.3986979171875 0.3680634203125 0.4 0.35843714531250004 0.3919270828125 0.3454133640625 0.38828125 0.3329558328125 0.3825520828125 0.3284258203125 0.3799479171875 0.3284258203125 0.3731770828125 0.348810871875 0.3690104171875 0.3250283125 0.36484375 0.32729331875 0.35703125 0.3091732734375 0.353125 0.30747451875 0.3572916671875 0.3040770109375 0.35885416718749996 0.2768969421875 0.35703125 0.2706681765625 0.3447916671875 0.2644394109375 0.3447916671875 0.23839184531250002 0.34036458281250004 0.22763306874999997 0.3330729171875 0.22763306874999997 0.3299479171875 0.2321630796875 0.3263020828125 0.22536806406249998 0.3106770828125 0.214043034375 0.2971354171875 0.2129105328125 0.2947916671875 0.223669309375 0.3005208328125 0.24745186874999997 0.2997395828125 0.26953567343749996 0.29348958281250004 0.2797282 0.27421875 0.2797282 0.2627604171875 0.28765571875 0.2502604171875 0.289920725 0.2440104171875 0.2967157421875 0.23932291718749998 0.33748584375 0.23177083281250002 0.3357870890625 0.23020833281250003 0.309739525 0.22734375 0.298980746875 0.22005208281250002 0.301245753125 0.2182291671875 0.30747451875 0.21979166718749998 0.3505096265625 0.22369791718749998 0.3544733859375 0.2596354171875 0.3544733859375 0.2736979171875 0.346545865625 0.2903645828125 0.35220838125 0.2921875 0.341449603125 0.296875 0.33465458593749997 0.2981770828125 0.3216308046875 0.3028645828125 0.3295583234375 0.3127604171875 0.33069082656250004 0.3166666671875 0.3267270671875 0.3192708328125 0.29728199375000003 0.31875 0.2904869765625 0.3140625 0.28369195937499997 0.3135416671875 0.271234428125 0.31796875 0.25594564062499997 0.3216145828125 0.25821064531250004 0.3260416671875 0.271234428125 0.325 0.308607021875 0.3294270828125 0.30011325 0.3341145828125 0.31257078125 0.3380208328125 0.3154020390625 0.334375 0.33238958125 0.334375 0.35164212968749997 0.3375 0.426387315625 0.3416666671875 0.4309173265625 0.3565104171875 0.40430351093750005 0.3653645828125 0.37938844843749997
0 0.20078125 0.701019253125 0.21067708281250003 0.68742921875 0.234375 0.623442809375 0.23541666718749998 0.6143827859375001 0.24322916718749998 0.5928652328124999 0.26119791718749996 0.5730464328125 0.265625 0.5634201578125 0.2666666671875 0.5532276328125 0.275 0.53737259375 0.2713541671875 0.4456398640625 0.2627604171875 0.4382785953125 0.2388020828125 0.4371460921875 0.2361979171875 0.43374858437499997 0.21015625 0.436013590625 0.2078125 0.4320498296875 0.2015625 0.391279728125 0.2114583328125 0.36636466562500003 0.2130208328125 0.356172140625 0.21197916718749998 0.3154020390625 0.20807291718749998 0.2978482453125 0.16744791718750002 0.2933182328125 0.11796875 0.3080407703125 0.1138020828125 0.31483578749999996 0.1091145828125 0.315968290625 0.0979166671875 0.333522084375 0.11328125 0.336353340625 0.11953125 0.3340883359375 0.12213541718750001 0.3284258203125 0.1502604171875 0.3295583234375 0.1559895828125 0.33748584375 0.17265625 0.3408833515625 0.1838541671875 0.356172140625 0.1848958328125 0.4093997734375 0.1729166671875 0.42751981875 0.17916666718750002 0.4467723671875 0.1822916671875 0.48527746250000003 0.1861979171875 0.4971687421875 0.2169270828125 0.5005662515625 0.24114583281250002 0.511325028125 0.2348958328125 0.5158550390625 0.23333333281250002 0.5351075875 0.2270833328125 0.5475651187499999 0.2244791671875 0.5634201578125 0.22005208281250002 0.5719139296875 0.20442708281250002 0.57984145 0.20052083281250002 0.6053227640625 0.1940104171875 0.6126840312499999 0.1848958328125 0.6392978484375 0.1799479171875 0.6443941109375 0.175 0.65741789375 0.175 0.6993204984375 0.17916666718750002 0.7321630796874999 0.1817708328125 0.7366930921875 0.1903645828125 0.7259343140625 0.20078125 0.701019253125
0 0.95234375 0.9716874296875 0.9372395828125001 0.96262740625 0.93046875 0.9501698749999999 0.9255208328125001 0.9473386187499999 0.9234375 0.9337485843750001 0.9098958328125001 0.9065685171875 0.9020833328125001 0.8793884484375001 0.9026041671874999 0.8533408828125 0.88671875 0.818799546875 0.86484375 0.7950169875 0.85859375 0.78029445 0.8346354171874999 0.7429218578125 0.8263020828125001 0.696489240625 0.81171875 0.6953567390625001 0.8036458328125 0.68233295625 0.7979166671875 0.6483578703124999 0.7984375 0.6404303515625 0.803125 0.6313703281249999 0.80234375 0.6228765578125001 0.7888020828125 0.6206115515625 0.7768229171875001 0.6058890140625001 0.7651041671875001 0.5804077015625 0.765625 0.571347678125 0.7716145828125 0.5628539078125 0.7872395828125 0.5628539078125 0.7966145828125 0.5707814265625 0.8026041671874999 0.550962628125 0.8153645828125 0.5232163078125 0.82265625 0.5152887875000001 0.8278645828125001 0.5152887875000001 0.8393229171875 0.5322763312500001 0.84765625 0.5232163078125 0.8549479171875 0.520951303125 0.86171875 0.52774631875 0.8705729171875 0.551528878125 0.8747395828125001 0.55266138125 0.8817708328125 0.5396375984375 0.8859375 0.521517553125 0.8859375 0.510192525 0.8778645828125 0.503963759375 0.8627604171875 0.4801812 0.8596354171874999 0.4892412234375 0.8158854171875 0.4903737265625 0.8122395828125001 0.47565118906250003 0.8033854171874999 0.47904869687499996 0.8 0.47508493749999997 0.79609375 0.45979615 0.7846354171875001 0.44960362343750004 0.7794270828125 0.4394110984375 0.7643229171875 0.42808607031249996 0.7651041671875001 0.3867497171875 0.7635416671875 0.376557190625 0.76875 0.36636466562500003 0.76875 0.35843714531250004 0.7614583328125 0.3493771234375 0.7661458328124999 0.341449603125 0.7645833328125 0.3244620609375 0.75234375 0.298980746875 0.7489583328125 0.2995469984375 0.7432291671875 0.33012457500000003 0.7388020828124999 0.3340883359375 0.70546875 0.3340883359375 0.6825520828125 0.32729331875 0.6802083328124999 0.35164212968749997 0.6838541671875 0.369762175 0.6825520828125 0.37485843750000003 0.6778645828125 0.37485843750000003 0.6747395828125 0.3816534546875 0.6682291671875 0.36749716875 0.6723958328124999 0.345979615625 0.66953125 0.3329558328125 0.6486979171875 0.32729331875 0.64296875 0.3318233296875 0.6153645828125 0.32729331875 0.6122395828125 0.326160815625 0.6080729171875 0.31257078125 0.6033854171875 0.3171007921875 0.5966145828125 0.3091732734375 0.5924479171875 0.3295583234375 0.5838541671875 0.33238958125 0.58046875 0.3578708953125 0.5770833328125 0.33238958125 0.57265625 0.3295583234375 0.56015625 0.36240090625 0.5565104171875 0.3646659109375 0.5533854171875 0.3567383921875 0.5481770828125 0.3567383921875 0.54453125 0.35107587812499996 0.5390625 0.35730464375 0.5372395828125 0.37259343125 0.534375 0.35843714531250004 0.5216145828125 0.3340883359375 0.50234375 0.32276330625 0.4966145828125 0.323895809375 0.49114583281249996 0.3493771234375 0.484375 0.35843714531250004 0.48255208281249995 0.37938844843749997 0.47734375 0.36693091718750004 0.47473958281249995 0.3646659109375 0.47057291718750005 0.3691959234375 0.46692708281249995 0.3567383921875 0.4622395828125 0.3567383921875 0.45625 0.3380520953125 0.45520833281249995 0.3244620609375 0.4518229171875 0.3182332953125 0.44713541718750005 0.323895809375 0.44348958281249995 0.32276330625 0.43984375 0.3408833515625 0.43567708281249995 0.3204983015625 0.42786458281249995 0.3193657984375 0.4234375 0.3244620609375 0.4244791671875 0.341449603125 0.4213541671875 0.35164212968749997 0.4213541671875 0.3618346546875 0.42890625 0.373725934375 0.45494791718750005 0.375990940625 0.45911458281249995 0.371460928125 0.46197916718750004 0.391279728125 0.4609375 0.41392978437499994 0.46328125 0.42129105312500004 0.4778645828125 0.42129105312500004 0.4817708328125 0.41166477968750004 0.4817708328125 0.401472253125 0.47864583281249995 0.39241223125 0.4828125 0.390147225 0.4828125 0.41959229843749996 0.4848958328125 0.42978482500000004 0.5020833328125 0.450169875 0.5010416671875 0.4954699890625 0.5036458328125 0.5249150625000001 0.50078125 0.5571913937499999 0.5127604171875 0.5617214046875 0.5544270828125 0.5571913937499999 0.56484375 0.5617214046875 0.61171875 0.5628539078125 0.6239583328125 0.58267270625 0.6356770828125 0.6217440546875 0.6591145828125 0.62740656875 0.66640625 0.638731596875 0.6786458328125 0.6744054359375 0.6770833328125 0.7004530015625 0.6822916671875 0.7253680640625 0.70234375 0.7497168750000001 0.7067708328125 0.7593431484375001 0.7098958328125 0.776330690625 0.7104166671875001 0.7955832390625 0.7083333328125 0.801245753125 0.709375 0.811438278125 0.7078125 0.8193657984374999 0.7098958328125 0.8420158546875 0.7088541671875 0.8793884484375001 0.7059895828125 0.890147225 0.70390625 0.889014721875 0.7018229171875 0.8720271796875 0.6981770828125 0.8822197062500001 0.6921875 0.88731596875 0.6989583328125 0.8952434874999999 0.6932291671875 0.9031710078125 0.6950520828125 0.9105322765625001 0.6981770828125 0.9127972812499999 0.6809895828125 0.9127972812499999 0.67890625 0.9082672703125001 0.67109375 0.906002265625 0.6627604171875 0.906002265625 0.65859375 0.913929784375 0.62421875 0.9161947906250001 0.55703125 0.9127972812499999 0.5544270828125 0.9093997734375 0.5408854171875 0.9127972812499999 0.5299479171875 0.9048697625000001 0.50234375 0.9082672703125001 0.46692708281249995 0.8969422421875001 0.45546875 0.8980747453125 0.43463541718750004 0.889014721875 0.40078125 0.8844847109374999 0.22578125 0.8799547000000001 0.22682291718749997 0.8754246890624999 0.23463541718749997 0.8720271796875 0.2609375 0.8703284265625 0.24453125 0.8640996609375 0.23567708281250002 0.8674971687499999 0.2328125 0.8624009062500001 0.23072916718749997 0.8476783687499999 0.2270833328125 0.8454133640625001 0.22786458281250002 0.8425821062500001 0.23151041718749998 0.841449603125 0.23463541718749997 0.8493771234375 0.24192708281250003 0.8505096265625 0.24348958281250002 0.8550396375 0.2455729171875 0.8471121171875 0.25078125 0.8516421296875001 0.2747395828125 0.8505096265625 0.2822916671875 0.8442808609375 0.25234375 0.83238958125 0.2388020828125 0.8380520953125 0.23463541718749997 0.8346545859375001 0.23203125 0.8255945640625001 0.2205729171875 0.818799546875 0.21119791718749997 0.8063420156250001 0.20442708281250002 0.8040770109375 0.1966145828125 0.8108720265624999 0.1924479171875 0.7995469984375 0.1846354171875 0.7916194796875 0.1822916671875 0.810305775 0.1854166671875 0.83975085 0.1848958328125 0.8624009062500001 0.1875 0.9043035109374999 0.1916666671875 0.9133635328124999 0.1916666671875 0.9212910531249999 0.1846354171875 0.9320498296874999 0.18046875 0.9241223109375 0.1658854171875 0.9218573046874999 0.1682291671875 0.9133635328124999 0.165625 0.9043035109374999 0.15859375 0.9014722531249999 0.1552083328125 0.9133635328124999 0.1575520828125 0.9195922984375 0.16328125 0.9218573046874999 0.14921875 0.9229898078125001 0.14505208281249998 0.9297848249999999 0.14114583281249998 0.92015855 0.1486979171875 0.91732729375 0.1533854171875 0.90260475625 0.1578125 0.898640996875 0.1546875 0.8805209515625 0.1565104171875 0.876557190625 0.16640625 0.8833522078125 0.17265625 0.9071347671875 0.18046875 0.9105322765625001 0.18125 0.9054360140625001 0.1796875 0.8759909406249999 0.1776041671875 0.8657984140625 0.1739583328125 0.8624009062500001 0.1765625 0.8556058890625 0.1744791671875 0.8080407703124999 0.1697916671875 0.7842582109375 0.1708333328125 0.7570781421875 0.1651041671875 0.6879954703125 0.1611979171875 0.6783691953125001 0.1544270828125 0.6828992078125 0.14010416718750002 0.7151755375 0.1395833328125 0.7457531140625 0.13515625 0.7644394109375 0.1216145828125 0.781426953125 0.11015625 0.7870894671875 0.10651041718750001 0.796149490625 0.08203125 0.796149490625 0.0802083328125 0.7933182328124999 0.08359375 0.783691959375 0.0731770828125 0.7746319359375 0.06015625 0.771234428125 0.0033854171875 0.7768969421875 0.0015625 0.7842582109375 0.009375 0.83748584375 0.010416667187500001 0.8590033968749999 0.014583332812499999 0.8782559453125 0.0171875 0.9133635328124999 0.0229166671875 0.9212910531249999 0.0203125 0.9337485843750001 0.0158854171875 0.93997735 0.0140625 0.9054360140625001 0.0098958328125 0.8895809734375 0.0052083328125 0.8533408828125 0.0002604171875 0.8369195921875001 0.0002604171875 0.9954699890625 0.0044270828125 0.9954699890625 0.0083333328125 0.9892412234375 0.01796875 0.9535673843750001 0.0315104171875 0.9479048703125 0.0419270828125 0.9343148359375 0.04765625 0.9365798421875 0.0515625 0.9473386187499999 0.0536458328125 0.9609286515625 0.053125 0.9892412234375 0.058072917187499996 0.9954699890625 0.07578125 0.990939978125 0.08984375 0.9954699890625 0.6658854171875 0.9920724796875 0.934375 0.9949037374999999 0.9583333328125001 0.9892412234375 0.95234375 0.9716874296875
0 0 0.401472253125 0.0028645828125 0.40770101875 0.0557291671875 0.4093997734375 0.061979167187499996 0.40260475625 0.0578125 0.3856172140625 0.05989583281250001 0.3720271796875 0.0830729171875 0.348810871875 0.0653645828125 0.3284258203125 0.06015625 0.3352208375 0.0393229171875 0.3420158546875 0.0361979171875 0.35107587812499996 0.0325520828125 0.3533408828125 0 0.35730464375 0 0.401472253125
0 0.96796875 0.4020385046875 0.9768229171874999 0.3929784828125 0.9846354171874999 0.375990940625 0.9924479171874999 0.371460928125 0.9997395828125001 0.3771234421875 1 0.3471121171875 0.9908854171874999 0.3352208375 0.9653645828125 0.3340883359375 0.95078125 0.32276330625 0.9403645828125 0.323895809375 0.93515625 0.3193657984375 0.9174479171875 0.3171007921875 0.9143229171874999 0.31257078125 0.9096354171875 0.326160815625 0.9072916671875 0.30747451875 0.9026041671874999 0.2995469984375 0.9026041671874999 0.2893544734375 0.8986979171874999 0.2853907140625 0.8958333328125001 0.29841449531249997 0.8872395828125 0.3171007921875 0.87890625 0.313703284375 0.8734375 0.2995469984375 0.8721354171875 0.28878822187500003 0.8546875 0.2893544734375 0.85546875 0.30011325 0.8591145828125001 0.298980746875 0.8671875 0.309739525 0.86484375 0.3171007921875 0.8533854171874999 0.3193657984375 0.8505208328125 0.3380520953125 0.8447916671875 0.3471121171875 0.8450520828125001 0.35220838125 0.8481770828125 0.3544733859375 0.85390625 0.346545865625 0.86484375 0.3454133640625 0.8705729171875 0.33861834687500003 0.8752604171874999 0.34767836875 0.8903645828125001 0.3544733859375 0.89765625 0.36240090625 0.90234375 0.36240090625 0.9059895828125001 0.3533408828125 0.9083333328125001 0.37542468906250004 0.9143229171874999 0.3918459796875 0.9216145828125001 0.3929784828125 0.9239583328125001 0.376557190625 0.93046875 0.3703284265625 0.9338541671874999 0.37542468906250004 0.9333333328125001 0.3980747453125 0.9572916671874999 0.42978482500000004 0.9619791671875 0.4229898078125 0.96796875 0.4020385046875
0 0.2705729171875 0.44847112187500004 0.2669270828125 0.44280860625 0.26484375 0.44960362343750004 0.26119791718749996 0.45073612656249995 0.2604166671875 0.4558323890625 0.2640625 0.46036240156249997 0.2627604171875 0.4654586640625 0.2559895828125 0.44960362343750004 0.25078125 0.4530011328125 0.23932291718749998 0.44733861875 0.23802083281250003 0.44337485781249997 0.23958333281250002 0.43544733906250005 0.23671875 0.43261608125000006 0.21953125 0.4382785953125 0.2169270828125 0.43374858437499997 0.21171875 0.436013590625 0.2088541671875 0.4309173265625 0.20625 0.4082672703125 0.2015625 0.3969422421875 0.20208333281250002 0.390147225 0.2125 0.3618346546875 0.21354166718749998 0.35164212968749997 0.21197916718749998 0.3142695359375 0.20703125 0.291053228125 0.20338541718749997 0.289920725 0.20182291718749998 0.2955832390625 0.1809895828125 0.2955832390625 0.16953125 0.291053228125 0.1471354171875 0.29445073593750004 0.11953125 0.303510759375 0.11223958281249999 0.313703284375 0.0979166671875 0.318799546875 0.0947916671875 0.33465458593749997 0.10078125 0.33975085 0.11796875 0.336353340625 0.12213541718750001 0.3295583234375 0.14453125 0.3295583234375 0.1502604171875 0.33069082656250004 0.15546875 0.33861834687500003 0.16848958281249998 0.33975085 0.1809895828125 0.3533408828125 0.1833333328125 0.35843714531250004 0.184375 0.4093997734375 0.1708333328125 0.42751981875 0.1796875 0.449037371875 0.1838541671875 0.490939978125 0.1888020828125 0.4971687421875 0.23151041718749998 0.49830124531250003 0.2377604171875 0.5050962625000001 0.2513020828125 0.506228765625 0.2580729171875 0.5266138171875 0.26328125 0.5254813140625 0.26510416718749996 0.5305775765625 0.2627604171875 0.5356738390625 0.2549479171875 0.531143828125 0.2479166671875 0.538505096875 0.25078125 0.54246885625 0.26328125 0.5402038499999999 0.2671875 0.5475651187499999 0.2723958328125 0.5294450734375 0.2705729171875 0.44847112187500004
0 0.3572916671875 0.401472253125 0.3596354171875 0.3907134765625 0.3739583328125 0.36749716875 0.3708333328125 0.3244620609375 0.35885416718749996 0.316534540625 0.35885416718749996 0.2757644390625 0.35703125 0.2684031703125 0.3458333328125 0.2644394109375 0.3453125 0.23839184531250002 0.34140625 0.2208380515625 0.33255208281250004 0.2231030578125 0.3294270828125 0.231030578125 0.32734375 0.22197055468750002 0.3122395828125 0.214043034375 0.3106770828125 0.2095130234375 0.2971354171875 0.2129105328125 0.2942708328125 0.223669309375 0.3005208328125 0.248584371875 0.29921875 0.26953567343749996 0.2940104171875 0.27859569687499997 0.2825520828125 0.276330690625 0.24348958281250002 0.291053228125 0.23932291718749998 0.3216308046875 0.23567708281250002 0.30237825625000003 0.234375 0.30634201562499996 0.23333333281250002 0.3255945640625 0.23697916718749998 0.33238958125 0.2361979171875 0.3352208375 0.23177083281250002 0.331257078125 0.23072916718749997 0.30747451875 0.22734375 0.2978482453125 0.22005208281250002 0.298980746875 0.21770833281250002 0.30747451875 0.21875 0.3505096265625 0.2231770828125 0.3578708953125 0.23151041718749998 0.3544733859375 0.25546875 0.3567383921875 0.2736979171875 0.348810871875 0.2903645828125 0.3556058890625 0.2927083328125 0.341449603125 0.29739583281250004 0.33465458593749997 0.2981770828125 0.31483578749999996 0.30234375 0.3318233296875 0.3182291671875 0.331257078125 0.3192708328125 0.2904869765625 0.3145833328125 0.28255945625 0.3140625 0.27236693125 0.31796875 0.2593431484375 0.3216145828125 0.2593431484375 0.3255208328125 0.27236693125 0.3234375 0.2893544734375 0.325 0.309739525 0.3299479171875 0.30011325 0.33541666718749996 0.316534540625 0.3338541671875 0.333522084375 0.33541666718749996 0.33918459843750004 0.3380208328125 0.4320498296875 0.34817708281250004 0.42015855 0.3572916671875 0.401472253125