1 0.90625 0.83984375 0.15234375 0.15
1 0.29921875 0.66328125 0.0828125 0.12421875
1 0.9453125 0.753125 0.109375 0.090625
1 0.646875 0.6 0.084375 0.10078125
1 0.8265625 0.65625 0.0484375 0.13203125
1 0.71484375 0.62890625 0.04609375 0.10234375
1 0.146875 0.34375 0.06875 0.0765625
1 0.315625 0.2796875 0.046875 0.03984375
1 0.86796875 0.4375 0.0453125 0.05078125
1 0.8828125 0.61796875 0.02890625 0.04375
1 0.97578125 0.6640625 0.0484375 0.03984375
0 0.5701058203125 0.9405370843749999 0.5648148140625 0.8932225062500001 0.5539021156249999 0.8644501281249999 0.5393518515625 0.85038363125 0.39252645468749997 0.818414321875 0.36937830625 0.8056265984375001 0.35681216875 0.7877237859374999 0.3455687828125 0.7800511515624999 0.2602513234375 0.7749360609375 0.25562169375 0.769820971875 0.23247354531250003 0.7672634265625 0.22850529062499997 0.7595907921875 0.2000661375 0.7595907921875 0.1954365078125 0.75319693125 0.1822089953125 0.7519181578125 0.16898148125 0.7416879796875 0.1640211640625 0.7295396421875 0.1640211640625 0.7205882359375 0.1676587296875 0.7135549875 0.1861772484375 0.7020460359375 0.20138888906250002 0.6662404093750001 0.1273148140625 0.6560102296875 0.11474867656250001 0.635549871875 0.0419973546875 0.6419437343750001 0.008928571875000001 0.6611253203125 0 0.671994884375 0.0003306875 0.9974424546874999 0.577380953125 0.9980818421875 0.5826719578125 0.9929667515625 0.5701058203125 0.9405370843749999
0 0.796957671875 0.6221227625 0.80026455 0.5888746796875 0.8108465609375 0.559462915625 0.8128306875 0.5402813296875 0.8048941796875001 0.505754475 0.8022486765625001 0.47634271093749997 0.79365079375 0.44693094687499996 0.797619046875 0.434143221875 0.796957671875 0.42135549843750003 0.78075396875 0.4104859328125 0.764880953125 0.406649615625 0.7605820109375 0.4124040921875 0.7566137562499999 0.431585678125 0.759920634375 0.455882353125 0.7566137562499999 0.48657289062500003 0.7612433859375 0.49680306874999997 0.7619047625 0.5095907921875 0.7589285718750001 0.5140664968750001 0.752976190625 0.50895140625 0.7490079359374999 0.51534526875 0.7251984125 0.51534526875 0.721891534375 0.516624040625 0.7208994703125 0.5236572890625 0.728174603125 0.54539641875 0.728835978125 0.5748081843749999 0.7390873015625 0.5818414328125 0.7414021156249999 0.5888746796875 0.7417328046875 0.6291560109375001 0.78174603125 0.6323529406249999 0.791335978125 0.6304347828125 0.796957671875 0.6221227625
0 0.24107142812500001 0.6176470593750001 0.2453703703125 0.6106138109375 0.24371693125 0.602301790625 0.2397486765625 0.602301790625 0.234457671875 0.6035805625 0.23115079375 0.611253196875 0.22123015937499999 0.5984654734375 0.18816137500000002 0.602301790625 0.18584656093750002 0.599104859375 0.1878306875 0.5875959078124999 0.19444444375 0.5837595906249999 0.1888227515625 0.5843989765625001 0.1832010578125 0.577365728125 0.2020502640625 0.5767263421875 0.2046957671875 0.5818414328125 0.2172619046875 0.5843989765625001 0.22387566093750003 0.5754475703125 0.24503968281250002 0.5767263421875 0.2523148140625 0.5677749359375001 0.2602513234375 0.565217390625 0.262896825 0.5690537078125 0.26521164062499997 0.5645780046875 0.26851851875 0.5006393859375 0.2678571421875 0.473785165625 0.26455026406250004 0.4622762140625 0.2678571421875 0.45460358125000006 0.2705026453125 0.3983375953125 0.2668650796875 0.367007671875 0.264880953125 0.373401534375 0.2523148140625 0.3759590796875 0.23511904687500002 0.3759590796875 0.23181216875000002 0.3708439890625 0.22916666718749998 0.3772378515625 0.1921296296875 0.3925831203125 0.165674603125 0.3925831203125 0.103505290625 0.406649615625 0.0796957671875 0.43989769843750004 0.071759259375 0.459079284375 0.038029099999999996 0.49872122812499997 0 0.553069053125 0.0003306875 0.571611253125 0.012896825 0.5741687984375 0.01951058125 0.5677749359375001 0.0241402109375 0.5690537078125 0.027116401562499996 0.5581841437499999 0.034722221875 0.54859335 0.0611772484375 0.5421994890625 0.0701058203125 0.5466751921874999 0.07043650781250001 0.57033248125 0.11078042343750001 0.572890025 0.1144179890625 0.5569053703125 0.1240079359375 0.5421994890625 0.1392195765625 0.5434782609375 0.1570767203125 0.5345268546875 0.1640211640625 0.5415601015625 0.16865079375 0.565856778125 0.174603175 0.577365728125 0.1699735453125 0.5914322249999999 0.1673280421875 0.61317135625 0.16898148125 0.6176470593750001 0.2007275125 0.6163682859375 0.2123015875 0.6221227625 0.21924603125000003 0.6163682859375 0.24107142812500001 0.6176470593750001
0 0.311838625 0.5895140671875 0.34027777812500004 0.5767263421875 0.3455687828125 0.5767263421875 0.3495370375 0.5831202046875 0.3581349203125 0.5754475703125 0.36805555624999997 0.5767263421875 0.3733465609375 0.5831202046875 0.3865740734375 0.57033248125 0.409060846875 0.57033248125 0.41898148125 0.540920715625 0.4269179890625 0.5434782609375 0.43551587343750003 0.5664961640625 0.44742063437499996 0.54603580625 0.459325396875 0.5434782609375 0.4738756609375 0.5268542203125001 0.48511904687499996 0.5268542203125001 0.5142195765625 0.5102301796875001 0.5367063484375 0.5191815859375 0.5519179890625 0.5127877234375 0.5737433859375 0.5115089515625 0.577711640625 0.5204603578125 0.58101851875 0.5204603578125 0.5955687828125 0.49744245468750004 0.608796296875 0.5 0.6160714281249999 0.49360613750000004 0.6200396828125 0.49360613750000004 0.622023809375 0.501278771875 0.6322751328125 0.513427109375 0.6263227515625001 0.5236572890625 0.627645503125 0.5313299234375 0.6200396828125 0.538363171875 0.6173941796875 0.5473145781250001 0.6240079359374999 0.5524296671875 0.627976190625 0.54603580625 0.640542328125 0.5549872125 0.6550925921874999 0.5498721234375 0.6709656078124999 0.553708440625 0.6772486765625 0.5338874687499999 0.6921296296875 0.5179028140625 0.6977513234375 0.5019181578125 0.690806878125 0.4961636828125 0.6878306875 0.4852941171875 0.6894841265625 0.47698209687500004 0.697089946875 0.47122762187499995 0.6984126984375 0.45460358125000006 0.690145503125 0.4386189265625 0.6742724875 0.43222506406249994 0.6696428578125 0.42455242968749995 0.6613756609375 0.4034526859375 0.659060846875 0.37851662343750003 0.621362434375 0.364450128125 0.6114417984375 0.3682864453125 0.58167989375 0.355498721875 0.515542328125 0.3478260875 0.48644179843749996 0.3350383625 0.462632275 0.3363171359375 0.45701058124999994 0.3420716109375 0.46031746093750003 0.3484654734375 0.4580026453125 0.3516624046875 0.42757936562500004 0.35677749375 0.415674603125 0.355498721875 0.4117063484375 0.349104859375 0.4117063484375 0.35677749375 0.40046296249999996 0.3593350390625 0.3429232796875 0.364450128125 0.2953042328125 0.3606138109375 0.28174603125000003 0.37020460312500003 0.2791005296875 0.45460358125000006 0.284391534375 0.505754475 0.2824074078125 0.577365728125 0.285052909375 0.5837595906249999 0.283730159375 0.592710996875 0.2870370375 0.5978260875 0.2986111109375 0.5843989765625001 0.311838625 0.5895140671875
0 0.046626984375 0.44117647031249996 0.0625 0.42838874687499995 0.07572751250000001 0.397698209375 0.096560846875 0.37148337656249997 0.0982142859375 0.35677749375 0.108796296875 0.3478260875 0.1299603171875 0.3132992328125 0.1484788359375 0.30051150937500004 0.16071428593749998 0.28324808125 0.16071428593749998 0.275575446875 0.1550925921875 0.2659846546875 0.133928571875 0.2659846546875 0.12202380937499999 0.27365728906250003 0.1144179890625 0.28196930937500003 0.11507936562500001 0.28964194375 0.112103175 0.29539641875 0.08630952343750001 0.32608695625 0.056547618749999994 0.35677749375 0.0505952375 0.35805626562500004 0.0320767203125 0.382352940625 0.0234788359375 0.3861892578125 0.0102513234375 0.4092071609375 0 0.41751918125 0.000661375 0.48273657343750004 0.0234788359375 0.47314577968749993 0.046626984375 0.44117647031249996
0 0.1613756609375 0.25 0.1577380953125 0.2416879796875 0.137896825 0.22250639374999998 0.108796296875 0.214833759375 0.10251322812500001 0.21803069062499997 0.108796296875 0.2378516625 0.1140873015625 0.23657289062500003 0.12136243437500001 0.2583120203125 0.1263227515625 0.25895140625 0.15376984062500001 0.25703324843750003 0.1613756609375 0.25
0 0.0479497359375 0.4386189265625 0.0611772484375 0.42966751875 0.06911375625 0.40792838906249995 0.084325396875 0.38746803124999996 0.0988756609375 0.35677749375 0.1167328046875 0.3299232734375 0.128637565625 0.3145780046875 0.1418650796875 0.3069053703125 0.1610449734375 0.2864450125 0.1613756609375 0.2704603578125 0.1451719578125 0.26342710937499997 0.12599206406250002 0.2672634265625 0.1144179890625 0.2806905375 0.112103175 0.29539641875 0.090277778125 0.3235294125 0.059193121875 0.355498721875 0.0492724875 0.3593350390625 0.031415343750000005 0.38363171406249996 0.015542328125 0.3938618921875 0.0102513234375 0.4092071609375 0 0.41751918125 0.000661375 0.4814578 0.0228174609375 0.4718670078125 0.0479497359375 0.4386189265625
0 0.778439153125 0.6758312015625 0.7695105812499999 0.6700767265625001 0.7410714281249999 0.672634271875 0.7387566140625 0.6809462921875 0.7380952375 0.7397698203124999 0.7321428578125 0.79859335 0.7357804234375 0.8056265984375001 0.7619047625 0.81393861875 0.771164021875 0.7704603578125 0.778439153125 0.6758312015625
0 0.7619047625 1 0.76851851875 0.995524296875 0.7645502640624999 0.94820971875 0.7728174609375 0.9424552421874999 0.7764550265625 0.931585678125 0.7771164015625 0.9047314578125001 0.765211640625 0.8957800515625 0.7638888890625 0.8753196937500001 0.7668650796875001 0.8644501281249999 0.7771164015625 0.8663682859374999 0.7744709000000001 0.8343989765625001 0.7609126984375 0.8222506390625 0.733796296875 0.818414321875 0.7298280421875 0.824808184375 0.7258597890625 0.8235294124999999 0.7228835984375 0.8292838874999999 0.73082010625 0.8343989765625001 0.7242063484375 0.8395140671875 0.71825396875 0.88682864375 0.7113095234375 0.895140665625 0.6980820109375 0.8976982093749999 0.6957671953125 0.9021739125 0.6951058203125 0.9405370843749999 0.6884920640625001 0.955882353125 0.6884920640625001 0.9763427109375 0.684523809375 0.994245525 0.6947751328125 1 0.7619047625 1
0 0.8267195765625001 0.3574168796875 0.827380953125 0.328005115625 0.8303571421875 0.3196930953125 0.8396164015625001 0.3120204609375 0.8382936515624999 0.30818414375000003 0.815145503125 0.30434782656250003 0.8058862437500001 0.31713555000000004 0.7986111109375 0.318414321875 0.796296296875 0.336956521875 0.7876984125 0.3561381078125 0.7916666671875 0.367647059375 0.7797619046875 0.3778772375 0.78075396875 0.38363171406249996 0.7893518515625 0.388746803125 0.8167989421874999 0.394501278125 0.8214285718750001 0.36892583125 0.8267195765625001 0.3574168796875
0 0.5558862437500001 0.294117646875 0.559854496875 0.2864450125 0.5982142859375 0.2813299234375 0.6081349203124999 0.2685422 0.6207010578125 0.2723785171875 0.6266534390625 0.2672634265625 0.6352513234375 0.27365728906250003 0.64384920625 0.2672634265625 0.6570767203125001 0.27109974375 0.6703042328125 0.2826086953125 0.686838625 0.285166240625 0.70601851875 0.2723785171875 0.71924603125 0.2723785171875 0.7268518515625 0.242327365625 0.7202380953125 0.233375959375 0.7179232796874999 0.223785165625 0.6941137562499999 0.22250639374999998 0.6917989421875 0.21419437343749997 0.69312169375 0.2065217390625 0.6987433859375 0.2007672640625 0.7020502640624999 0.2122762140625 0.7050264546875 0.1911764703125 0.7099867718749999 0.1854219953125 0.728505290625 0.1943734015625 0.735119046875 0.1930946296875 0.7394179890625 0.1758312015625 0.74371693125 0.1687979546875 0.752976190625 0.16751918125 0.7605820109375 0.1438618921875 0.7490079359374999 0.1381074171875 0.7457010578125 0.12531969375000002 0.71858465625 0.11508951406250001 0.7099867718749999 0.102301790625 0.702711640625 0.1010230171875 0.69973545 0.09271099687499999 0.7017195765625 0.077365728125 0.7073412703125 0.072890025 0.7099867718749999 0.078005115625 0.7179232796874999 0.078005115625 0.7179232796874999 0.0677749359375 0.7132936515625 0.071611253125 0.702711640625 0.06265984687500001 0.6941137562499999 0.06265984687500001 0.690806878125 0.05498721250000001 0.686838625 0.0613810734375 0.6789021156249999 0.0575447578125 0.6504629625 0.0601023015625 0.627976190625 0.0677749359375 0.6263227515625001 0.07608695625 0.6359126984375 0.07672634218749999 0.6392195765625 0.0831202046875 0.6504629625 0.078005115625 0.65575396875 0.0831202046875 0.6630290999999999 0.078005115625 0.671626984375 0.0818414328125 0.67526455 0.091432225 0.671626984375 0.095907928125 0.662367725 0.0920716109375 0.659060846875 0.08567775 0.646825396875 0.091432225 0.6703042328125 0.10869565156250001 0.68121693125 0.1285166234375 0.6825396828125 0.13746803125 0.6802248671875 0.1457800515625 0.6517857140625 0.16496163749999998 0.63062169375 0.1700767265625 0.6240079359374999 0.1777493609375 0.5995370375 0.184143221875 0.559193121875 0.207161125 0.54398148125 0.2109974421875 0.534060846875 0.223785165625 0.5248015875 0.214833759375 0.490410053125 0.2199488484375 0.47850529062499997 0.2250639390625 0.471230159375 0.2340153453125 0.46660052968750004 0.23017902812500002 0.4520502640625 0.2378516625 0.4236111109375 0.23273657343749998 0.4044312171875 0.2378516625 0.4007936515625 0.25 0.403769840625 0.25703324843750003 0.4295634921875 0.2647058828125 0.43948412656249997 0.278772378125 0.44411375625 0.2723785171875 0.4513888890625 0.27109974375 0.462632275 0.2915601015625 0.471891534375 0.2966751921875 0.484457671875 0.294117646875 0.490410053125 0.2979539640625 0.4996693125 0.285166240625 0.5135582015625 0.3069053703125 0.5423280421875 0.31265984687500004 0.5459656078124999 0.30051150937500004 0.5558862437500001 0.294117646875
0 0.8326719578124999 0.1668797953125 0.8389550265624999 0.15856777500000002 0.86937830625 0.16496163749999998 0.887896825 0.1611253203125 0.9004629625 0.150895140625 0.953373015625 0.1470588234375 0.9606481484374999 0.1342711 0.9890873015625001 0.1342711 0.9996693125 0.1291560109375 1 0.07097186718750001 0.9553571421875 0.0677749359375 0.9487433859375001 0.0741687984375 0.947420634375 0.0818414328125 0.9414682546875 0.07672634218749999 0.9388227515625 0.0843989765625 0.9355158734375 0.0843989765625 0.8290343921875 0.0575447578125 0.8260582015625 0.0466751921875 0.827711640625 0.031969309375 0.8515211640624999 0.024296675 0.8634259265625 0.0115089515625 0.875661375 0.0070332484375 0.872023809375 0.0025575453125000003 0.85681216875 0.001278771875 0.791335978125 0.001278771875 0.78075396875 0.0038363171874999996 0.7748015875 0.016624040625 0.7615740734374999 0.024296675 0.7271825390625 0.030690537499999997 0.724867725 0.0390025578125 0.7301587296875 0.04539641875 0.7324735453125 0.0588235296875 0.7361111109375 0.055626598437499994 0.73776455 0.0434782609375 0.7496693125 0.04859335 0.7513227515625001 0.0543478265625 0.74371693125 0.06393861875 0.7324735453125 0.06521739062500001 0.7298280421875 0.0601023015625 0.73082010625 0.07608695625 0.728505290625 0.0843989765625 0.7050264546875 0.09271099687499999 0.708664021875 0.11508951406250001 0.7139550265625 0.1074168796875 0.7205687828125 0.117647059375 0.7417328046875 0.120204603125 0.7490079359374999 0.1291560109375 0.7519841265625 0.13746803125 0.752976190625 0.16751918125 0.7569444437499999 0.1521739125 0.76884920625 0.1470588234375 0.771164021875 0.1604859328125 0.7767857140625 0.16751918125 0.784722221875 0.166240409375 0.7959656078124999 0.172634271875 0.8052248671875001 0.16751918125 0.815806878125 0.1803069046875 0.828042328125 0.1822250640625 0.8320105812499999 0.177109975 0.8326719578124999 0.1668797953125
0 0.7800925921874999 0.32608695625 0.7519841265625 0.31905370781250003 0.7509920640625001 0.32736572812500003 0.765542328125 0.349104859375 0.7731481484375 0.3510230171875 0.7824074078125001 0.3343989765625 0.7800925921874999 0.32608695625
0 0.7179232796874999 0.35421994843750004 0.733796296875 0.35421994843750004 0.7354497359375001 0.343350384375 0.7480158734375 0.3267263421875 0.7410714281249999 0.3196930953125 0.7251984125 0.32480818437500003 0.71858465625 0.31713555000000004 0.6987433859375 0.318414321875 0.6944444437499999 0.3267263421875 0.6951058203125 0.3343989765625 0.702380953125 0.354859334375 0.7099867718749999 0.349104859375 0.7179232796874999 0.35421994843750004
0 0.6888227515625001 0.32736572812500003 0.6884920640625001 0.3101023015625 0.6736111109375 0.31074168750000003 0.666335978125 0.3056265984375 0.6544312171875 0.31713555000000004 0.6471560843749999 0.3132992328125 0.64318783125 0.3350383625 0.63095238125 0.3407928390625 0.641203703125 0.35038363125 0.6640211640625 0.354859334375 0.6755952375 0.32480818437500003 0.6888227515625001 0.32736572812500003
0 0.811838625 0.37979539687499997 0.80687830625 0.3791560109375 0.8125 0.37851662343750003 0.8260582015625 0.3586956515625 0.828703703125 0.34974424531250004 0.828042328125 0.3267263421875 0.8389550265624999 0.309462915625 0.815806878125 0.30434782656250003 0.8058862437500001 0.31713555000000004 0.797619046875 0.31905370781250003 0.7956349203124999 0.3395140671875 0.7883597890625 0.3561381078125 0.79431216875 0.367647059375 0.79431216875 0.376598465625 0.7916666671875 0.3804347828125 0.796626984375 0.388746803125 0.8128306875 0.3893861890625 0.8141534390625 0.3842711 0.811838625 0.37979539687499997
0 0.8548280421875001 0.27749360625 0.8458994703125 0.2704603578125 0.849867725 0.25511508906249997 0.8475529093749999 0.24424552500000002 0.8429232796875 0.24936061406249999 0.8369709000000001 0.2340153453125 0.8270502640625 0.2378516625 0.811838625 0.2250639390625 0.803240740625 0.223785165625 0.80026455 0.22826087031250003 0.8035714281249999 0.2436061375 0.8085317453125 0.2519181578125 0.815806878125 0.245524296875 0.822089946875 0.257672634375 0.8201058203124999 0.2794117640625 0.8078703703125001 0.2890025578125 0.8303571421875 0.2979539640625 0.841269840625 0.297314578125 0.8571428578125 0.288363171875 0.8548280421875001 0.27749360625
0 0.5522486765625 0.288363171875 0.5505952375 0.2800511515625 0.5459656078124999 0.2902813296875 0.5363756609375 0.288363171875 0.5383597890625 0.28196930937500003 0.5370370375 0.273017903125 0.541335978125 0.2749360609375 0.54398148125 0.2685422 0.5611772484374999 0.2685422 0.5648148140625 0.273017903125 0.5575396828125 0.2806905375 0.5664682546875001 0.28388746875000004 0.58167989375 0.2813299234375 0.584325396875 0.276214834375 0.590939153125 0.278772378125 0.6015211640625 0.2672634265625 0.6200396828125 0.2672634265625 0.6233465609375 0.2595907921875 0.6266534390625 0.2672634265625 0.63128306875 0.2685422 0.65608465625 0.26534526875000003 0.6511243390625 0.2595907921875 0.6484788359375 0.26342710937499997 0.6392195765625 0.26342710937499997 0.6359126984375 0.25703324843750003 0.63128306875 0.260869565625 0.627976190625 0.2519181578125 0.6160714281249999 0.2621483375 0.612103175 0.25319693125 0.608796296875 0.26342710937499997 0.6001984125 0.2621483375 0.6011904765625 0.24488491093750003 0.6081349203124999 0.23657289062500003 0.612103175 0.24296675156249997 0.6200396828125 0.23273657343749998 0.624338625 0.23465473124999997 0.6240079359374999 0.2250639390625 0.6160714281249999 0.23017902812500002 0.612103175 0.221227621875 0.596891534375 0.2276214828125 0.6001984125 0.2378516625 0.5916005296875 0.23529411718749998 0.5882936515625 0.22890025625 0.5849867718749999 0.2378516625 0.5803571421875 0.23657289062500003 0.5763888890625 0.2416879796875 0.565145503125 0.23273657343749998 0.5621693125 0.235933503125 0.5615079359374999 0.2602301796875 0.5572089953125 0.2519181578125 0.5539021156249999 0.2647058828125 0.5515873015625 0.25895140625 0.5522486765625 0.2397698203125 0.5492724875 0.2314578 0.5456349203124999 0.2436061375 0.5453042328125 0.2621483375 0.541335978125 0.25703324843750003 0.5393518515625 0.2621483375 0.5363756609375 0.2602301796875 0.534722221875 0.24040920781250003 0.53141534375 0.2416879796875 0.5291005296875 0.2538363171875 0.5234788359375 0.2621483375 0.5198412703125 0.257672634375 0.51884920625 0.2416879796875 0.5142195765625 0.245524296875 0.5049603171875 0.23913043437499998 0.49933862500000004 0.2436061375 0.4983465609375 0.2583120203125 0.49437830624999995 0.2519181578125 0.490410053125 0.2583120203125 0.4890873015625 0.24040920781250003 0.484457671875 0.2416879796875 0.48247354531250003 0.24936061406249999 0.47850529062499997 0.2416879796875 0.459986771875 0.24296675156249997 0.46494709062500006 0.251278771875 0.459325396875 0.25703324843750003 0.45701058124999994 0.251278771875 0.45899470937500003 0.2436061375 0.45535714218749995 0.24040920781250003 0.4229497359375 0.23913043437499998 0.40542327968749997 0.2436061375 0.40542327968749997 0.251278771875 0.40839947031249996 0.254475703125 0.412367725 0.24424552500000002 0.415013228125 0.2506393859375 0.41964285781250005 0.245524296875 0.421957671875 0.25 0.4203042328125 0.2595907921875 0.43816137499999996 0.269820971875 0.4520502640625 0.2672634265625 0.4632936515625 0.2749360609375 0.465939153125 0.269820971875 0.47850529062499997 0.2672634265625 0.49768518593750005 0.2659846546875 0.5023148140625 0.27109974375 0.514880953125 0.2672634265625 0.5178571421875 0.2806905375 0.515542328125 0.2966751921875 0.5357142859375 0.2998721234375 0.5486111109375 0.2966751921875 0.5522486765625 0.288363171875