1 0.81171875 0.75234375 0.07109375 0.1046875
1 0.70703125 0.6453125 0.03046875 0.078125
1 0.7828125 0.82578125 0.06015625 0.1
1 0.30625 0.26640625 0.03828125 0.065625
1 0.0171875 0.596875 0.03125 0.08671875
1 0.03984375 0.37109375 0.040625 0.06328125
1 0.11953125 0.4984375 0.03828125 0.05546875
1 0.959375 0.8 0.06796875 0.1234375
1 0.878125 0.80859375 0.04296875 0.10859375
1 0.16640625 0.49765625 0.0234375 0.0453125
0 0.839325221875 0.7124842375 0.8429203546874999 0.70302648125 0.8512168140625 0.6261034046875 0.8512168140625 0.5554854984375 0.8556415921875 0.49747793125 0.8550884953125 0.4583858765625 0.8584070796875001 0.3877679703125 0.8570243359375 0.3820933171875 0.848174778125 0.3770491796875 0.8431969031250001 0.3820933171875 0.8227323015625 0.3820933171875 0.8136061953124999 0.40163934375 0.8119469031250001 0.41803278749999995 0.805309734375 0.43820933125000006 0.80088495625 0.4722572515625 0.793694690625 0.4924337953125 0.7914823015625 0.5277427484375 0.7831858406250001 0.546658259375 0.7831858406250001 0.5996216890625 0.7710176984375 0.647540984375 0.7665929203124999 0.68032786875 0.7679756640625001 0.699873896875 0.7762721234375001 0.711223203125 0.787057521875 0.7143757875000001 0.8160951328125 0.70996216875 0.839325221875 0.7124842375
0 0.6673119468750001 0.7049180328125 0.681692478125 0.70996216875 0.6883296453125001 0.7074401015625 0.690818584375 0.6992433796874999 0.6886061953125 0.6891551078125 0.6935840703125 0.6752837328125 0.6952433625000001 0.6336696093749999 0.69800885 0.6172761671875 0.7004977875 0.615384615625 0.70713495625 0.61412358125 0.724557521875 0.6286254734375001 0.7251106187499999 0.67150063125 0.7228982296875001 0.68032786875 0.72538716875 0.686002521875 0.7298119468750001 0.67591425 0.7331305312499999 0.6897856234375 0.7400442484374999 0.68032786875 0.7389380531249999 0.6488020171875 0.7511061953125 0.6097099625 0.7522123890625 0.5920554859375 0.7574668140624999 0.5926860031250001 0.76050885 0.58701135 0.7743362828125 0.5226986124999999 0.7829092921874999 0.5006305171875 0.7898230093749999 0.4924337953125 0.77986725625 0.4836065578125 0.79037610625 0.4041614125 0.7909292031249999 0.3852459015625 0.7889933625000001 0.375788146875 0.7806969031250001 0.3694829765625 0.7762721234375001 0.373266078125 0.7652101765625 0.3543505671875 0.7508296453125001 0.3467843625 0.733683628125 0.3455233296875 0.7287057515625001 0.3530895328125 0.7110066374999999 0.34426229531249997 0.6905420359375001 0.34426229531249997 0.6778207968750001 0.361916771875 0.66675885 0.3896595203125 0.66537610625 0.3839848671875 0.672566371875 0.35750315312500003 0.6706305312499999 0.3518285 0.6623340703125 0.348045396875 0.651825221875 0.3694829765625 0.641316371875 0.3770491796875 0.6241703546874999 0.3669609078125 0.60536504375 0.36822194218750004 0.5887721234375001 0.373266078125 0.5849004421874999 0.3820933171875 0.5738384953125 0.38335435 0.565818584375 0.394073140625 0.5702433625000001 0.41677175312500003 0.5702433625000001 0.44073140000000005 0.5572455749999999 0.47414880156250006 0.5495022125 0.471626734375 0.538440265625 0.480453971875 0.5353982296875001 0.49873896562500003 0.5276548671875 0.510088271875 0.525442478125 0.5189155109375 0.5276548671875 0.526481715625 0.525442478125 0.5554854984375 0.5282079640624999 0.5731399749999999 0.5412057515625001 0.57755359375 0.5528207968750001 0.59142496875 0.5633296453125001 0.5863808328125 0.5804756640625001 0.5952080703125 0.5849004421874999 0.5889029 0.5857300890625 0.6097099625 0.5940265484375 0.65762925625 0.6012168140624999 0.6740226984375 0.60536504375 0.6948297609375 0.6169800890625 0.697351828125 0.6274889375 0.7074401015625 0.6363384953125 0.7049180328125 0.65763274375 0.7131147546875 0.663440265625 0.7124842375 0.6673119468750001 0.7049180328125
0 0 0.994325346875 0.0035951328125 0.9962168984374999 0.12582964531250002 0.9924337953125001 0.16509955781250002 0.9962168984374999 0.6454646015625001 0.9955863812500001 0.8238384953125 0.9949558640625 0.8293694687500001 0.9936948296875 0.8368362828125001 0.9754098359375 0.8368362828125001 0.9564943250000001 0.827986725 0.9148802015624999 0.8094579640624999 0.8915510718749999 0.800055309375 0.8915510718749999 0.7939712390625 0.8978562421875 0.762444690625 0.8852459015624999 0.7508296453125001 0.8865069359375 0.7491703546874999 0.8133669609374999 0.737555309375 0.8146279953125 0.7298119468750001 0.8070617906249999 0.7176438046875 0.80580075625 0.7137721234375001 0.7994955859374999 0.7010508843750001 0.8007566203125001 0.6833517703124999 0.7868852453125 0.6623340703125 0.784363178125 0.6451880531249999 0.7679697359375 0.6404867249999999 0.7723833546875001 0.6404867249999999 0.7963430015624999 0.6327433625000001 0.8329129890625 0.6230641593749999 0.843631778125 0.607577434375 0.8348045390625 0.5876659296875 0.8310214374999999 0.5495022125 0.8486759140625001 0.546183628125 0.841109709375 0.5367809734375 0.8335435062500001 0.5331858406250001 0.8240857500000001 0.5315265484375 0.8127364437500001 0.53263274375 0.715636821875 0.526548671875 0.6891551078125 0.5152101765625 0.67591425 0.49944690312500006 0.68032786875 0.5027654874999999 0.70302648125 0.513827434375 0.7206809578125 0.5176991156249999 0.7572509453125 0.51161504375 0.813997478125 0.51050885 0.850567465625 0.5121681421875001 0.859394703125 0.5060840703125 0.8896595203125001 0.5005530968749999 0.8947036562499999 0.5027654874999999 0.9035308953125 0.498064159375 0.9142496843749999 0.48700221250000003 0.9243379578124999 0.48174778749999997 0.9211853718749999 0.484513275 0.912358134375 0.482577434375 0.8953341734375 0.4764933625 0.9104665828125 0.47013274374999997 0.9110970999999999 0.46709070781250006 0.8638083234374999 0.4618362828125 0.870744009375 0.46045353906250003 0.8877679703125001 0.45464601718750003 0.88587641875 0.455199115625 0.850567465625 0.452986725 0.8430012609374999 0.452986725 0.8215636828124999 0.44579646093749997 0.7938209328125 0.44413716875000003 0.752206809375 0.44192477812500003 0.7421185375 0.44358407031249997 0.7320302640625 0.44137168125 0.7257250953125001 0.43915929218749994 0.7219419921875 0.43722345156250003 0.7427490546875 0.423949115625 0.7578814625 0.410951328125 0.7421185375 0.41150442500000006 0.7320302640625 0.408185840625 0.715636821875 0.4040376109375 0.711223203125 0.39214601718750003 0.7131147546875 0.39048672500000003 0.7484237078125 0.38744469062500003 0.7629255984375 0.37693584062499996 0.7641866328125 0.37195796406250003 0.7780580078125 0.35149336249999996 0.7868852453125 0.32494469062500003 0.7793190421875 0.3141592921875 0.7635561156249999 0.3100110625 0.7389659515625 0.29784292031250004 0.7414880203124999 0.29286504375 0.7313997484375 0.2829092921875 0.7276166453124999 0.27212389375 0.7383354343749999 0.27212389375 0.7610340484375 0.2660398234375 0.7686002515625 0.26686946875 0.8045397218750001 0.27074115 0.784363178125 0.27931415937500004 0.7824716265625 0.27931415937500004 0.7963430015624999 0.27405973437500003 0.8070617906249999 0.27074115 0.8108448921875 0.266316371875 0.80580075625 0.26299778749999997 0.8234552328125 0.26050885 0.8102143765625 0.25138274374999997 0.7906683484375 0.24778761093749999 0.811475409375 0.249446903125 0.8316519546875 0.241426990625 0.8499369484375 0.2320243359375 0.85624211875 0.20049778749999997 0.8524590156249999 0.192754425 0.8499369484375 0.1891592921875 0.8341740234374999 0.18971238906250001 0.8240857500000001 0.19690265468749998 0.8051702390625 0.19634955781250002 0.7875157625 0.2021570796875 0.784363178125 0.2079646015625 0.7698612859375 0.20353982343750002 0.76229508125 0.202986725 0.754728878125 0.2040929203125 0.7421185375 0.2079646015625 0.7345523328125 0.202986725 0.7282471625 0.20049778749999997 0.7124842375 0.1800331859375 0.7124842375 0.17671460156250002 0.7263556109375 0.17394911562499998 0.7137452718749999 0.14076327500000002 0.70996216875 0.133573009375 0.6897856234375 0.1291482296875 0.6923076921875 0.125553096875 0.6878940734375 0.1238938046875 0.64375788125 0.119745575 0.6393442625 0.086559734375 0.6456494328125 0.08407079687499999 0.6614123578125 0.08462389375 0.68032786875 0.0804756640625 0.68726355625 0.077986725 0.679066834375 0.0757743359375 0.6286254734375001 0.0694137171875 0.6254728875 0.0633296453125 0.6305170234374999 0.0589048671875 0.6418663296875 0.05088495625 0.645018915625 0.051161504687500005 0.6897856234375 0.047013275 0.68032786875 0.04811946875 0.67150063125 0.0445243359375 0.6431273640625 0.0395464609375 0.638083228125 0.0229535390625 0.638083228125 0.01438053125 0.64375788125 0.013274335937500001 0.71689785625 0.0171460171875 0.75346784375 0.0121681421875 0.779949559375 0 0.7925598984375 0 0.994325346875
0 0.24751106250000002 0.7515762921875 0.26465707968749996 0.74653215625 0.2840154875 0.7263556109375 0.29037610625 0.7017654484375 0.29839601718750003 0.6431273640625 0.3100110625 0.626733921875 0.31554203593749997 0.624211853125 0.32162610625 0.624211853125 0.326327434375 0.6336696093749999 0.32909292031250004 0.537831021875 0.34762168125000004 0.5018915515625 0.3669800890625 0.49936948281250004 0.36946902656249997 0.4949558640625 0.36836283124999997 0.47477931875 0.375553096875 0.4218158890625 0.378318584375 0.4218158890625 0.3777654875 0.43947036562499997 0.38163716875000003 0.46343001250000004 0.37942477812500003 0.510088271875 0.3868915921875 0.5132408578125001 0.39850663750000004 0.47414880156250006 0.40071902656249997 0.47288776875 0.40459070781250006 0.4867591421875 0.41150442500000006 0.46595208125000004 0.40763274374999997 0.4495586375 0.40763274374999997 0.41803278749999995 0.4092920359375 0.41298864999999996 0.40763274374999997 0.405422446875 0.408185840625 0.35624211875 0.4098451328125 0.3499369484375 0.41233407031249997 0.348045396875 0.41952433593749994 0.37074400937499996 0.423949115625 0.37200504375 0.42699115 0.3953341734375 0.43224557499999994 0.4010088265625 0.43805309687499994 0.3877679703125 0.439435840625 0.37200504375 0.44386061874999994 0.3770491796875 0.44745575156250006 0.36759142499999997 0.44856194687500006 0.34489281250000003 0.451050884375 0.339218159375 0.45575221250000003 0.34237074375 0.45741150468749997 0.3259773015625 0.4535398234375 0.304539721875 0.45160398281249997 0.300126103125 0.4444137171875 0.302648171875 0.42560840781250003 0.2976040359375 0.40071902656249997 0.300126103125 0.3929756640625 0.3064312734375 0.388827434375 0.3158890296875 0.3791482296875 0.3518285 0.3714048671875 0.359394703125 0.3631084078125 0.3606557375 0.3570243359375 0.375788146875 0.3343473453125 0.39722572500000003 0.32936946875 0.40857503125 0.321073009375 0.41235813437499996 0.2972898234375 0.40353089531249997 0.29480088437499996 0.41677175312500003 0.29480088437499996 0.46595208125000004 0.2892699109375 0.47982345468750004 0.2887168140625 0.51134930625 0.28318584062499996 0.5416141234375 0.2790376109375 0.542244640625 0.26769911562500004 0.5163934421875 0.2632743359375 0.5012610343749999 0.26299778749999997 0.4892812109375 0.25884955781249996 0.4924337953125 0.261061946875 0.5012610343749999 0.25608407031249997 0.510088271875 0.24778761093749999 0.5933165203125 0.240320796875 0.5964691046875 0.23506637187499999 0.608448928125 0.2372787609375 0.6412358140625 0.22898230156250002 0.7005044140625001 0.216814159375 0.7143757875000001 0.21626106250000002 0.754728878125 0.2107300890625 0.7635561156249999 0.209070796875 0.7774274906249999 0.212942478125 0.779949559375 0.245298671875 0.7654476671875 0.24751106250000002 0.7515762921875
0 0.49253318593750006 0.6923076921875 0.4950221234375 0.6891551078125 0.49446902656249997 0.67150063125 0.486449115625 0.6469104671875 0.4847898234375 0.6696090796874999 0.48202433593749994 0.6696090796874999 0.47483407031249997 0.649432534375 0.4709623890625 0.6569987390625001 0.470685840625 0.6412358140625 0.473451328125 0.63493064375 0.46709070781250006 0.6204287515625 0.45049778749999997 0.6179066828125 0.4424778765625 0.6361916765625 0.4386061953125 0.68032786875 0.451050884375 0.6809583859375 0.45713495625 0.7049180328125 0.464048671875 0.7055485499999999 0.47981194687500006 0.6923076921875 0.49253318593750006 0.6923076921875
0 0.0992809734375 0.5485498109375 0.1025995578125 0.5384615390625 0.1108960171875 0.54098360625 0.1128318578125 0.5365699875 0.1103429203125 0.5334174015625 0.1025995578125 0.5346784359375001 0.0973451328125 0.510088271875 0.099004425 0.48234552343750003 0.10868362812500001 0.471626734375 0.12693584062500002 0.471626734375 0.1402101765625 0.48171500624999997 0.1460176984375 0.4924337953125 0.14546460156250002 0.5012610343749999 0.14961283125 0.5107187890625 0.1551438046875 0.4779319046875 0.1684181421875 0.4703657 0.1742256640625 0.45712484218749994 0.16980088437500002 0.43820933125000006 0.17311946875 0.4356872640625 0.1747787609375 0.41803278749999995 0.1722898234375 0.4136191671875 0.16565265468749998 0.42244640625 0.16122787656249998 0.4476670875 0.15625 0.44640605312500004 0.149059734375 0.45271122343750003 0.14740044218749998 0.44640605312500004 0.13938053125 0.43947036562499997 0.13938053125 0.40163934375 0.14131637187499999 0.39974779374999997 0.14574115 0.40857503125 0.15707964531250002 0.3852459015625 0.15707964531250002 0.3398486765625 0.160674778125 0.3177805796875 0.16399336250000002 0.3203026484375 0.16703539843749998 0.3310214375 0.16537610625000002 0.341109709375 0.1681415921875 0.36380832343749997 0.164823009375 0.368852459375 0.1684181421875 0.3694829765625 0.170077434375 0.3543505671875 0.18362831875000002 0.3486759140625 0.1877765484375 0.3190416140625 0.20243362812500001 0.3158890296875 0.2007743359375 0.295712484375 0.19413716875 0.28688524531250004 0.19247787656249998 0.2540983609375 0.1877765484375 0.252206809375 0.1794800890625 0.26229508125 0.17284292031249998 0.278688525 0.16509955781250002 0.26481715 0.14850663749999998 0.25346784375000003 0.1462942484375 0.24211853749999998 0.14159292031249998 0.2414880203125 0.14269911562499998 0.23392181562499997 0.13855088437500002 0.226986128125 0.11587389374999998 0.21689785625 0.112555309375 0.20807061718750003 0.1059181421875 0.20302648125 0.10176991093750001 0.20617906718749998 0.10398230156249999 0.2124842375 0.1020464609375 0.218158890625 0.0766039828125 0.229508196875 0.06996681406250001 0.226986128125 0.0666482296875 0.215636821875 0.0627765484375 0.2118537203125 0.0589048671875 0.22194199218750002 0.05143805312500001 0.22383354375 0.0589048671875 0.22446406093750002 0.061946903124999994 0.23266078124999998 0.05586283125 0.24401008750000003 0.059181415625 0.2515762921875 0.059181415625 0.259142496875 0.0647123890625 0.26923076875 0.053926990625000004 0.27238335468749997 0.051161504687500005 0.26481715 0.0439712390625 0.266078184375 0.04037610625 0.29697351875 0.0348451328125 0.3133669609375 0.0348451328125 0.3221942 0.038440265625 0.3329129890625 0.051161504687500005 0.339218159375 0.05586283125 0.34741487968749996 0.056969026562500004 0.3839848671875 0.047842920312499995 0.395964690625 0.027931415625 0.39722572500000003 0.022676990624999997 0.389029003125 0.02212389375 0.3764186640625 0.0182522125 0.368852459375 0.017699115625 0.35876418593750004 0.03263274375 0.3310214375 0.0287610625 0.293190415625 0.02986725625 0.2540983609375 0.020188053125 0.252206809375 0.015763275 0.24464060468749999 0.014933628125 0.2540983609375 0.018805309375000002 0.259142496875 0.012444690625000001 0.2610340484375 0.0074668140625 0.2459016390625 0.00027654843750000004 0.24337957187499998 0 0.46469104687499996 0.0011061953125 0.48486759218750003 0.0049778765625 0.4924337953125 0.0049778765625 0.5 0 0.5088272390624999 0.0016592921875 0.5441361921875 0 0.5643127359375 0.004701328124999999 0.5662042875 0.012444690625000001 0.5573770484375 0.024336282812500002 0.571878940625 0.06554203593749999 0.5662042875 0.0992809734375 0.5485498109375
0 0.1988384953125 0.45397225781249995 0.2159845125 0.44892812031249996 0.21847345156250003 0.441992434375 0.21653761093749999 0.43001261093750004 0.20851769843749998 0.4205548546875 0.207688053125 0.40479192968750005 0.2040929203125 0.41298864999999996 0.205199115625 0.391551071875 0.209070796875 0.3865069359375 0.209070796875 0.38020176562499997 0.20824115 0.3745271125 0.20049778749999997 0.36822194218750004 0.17782079687500002 0.384615384375 0.18086283125 0.3978562421875 0.17671460156250002 0.398486759375 0.173672565625 0.40668347968749996 0.1753318578125 0.4218158890625 0.17256637187499999 0.44829760468749996 0.1775442484375 0.4558638078125 0.17975663749999998 0.47982345468750004 0.1891592921875 0.4911727609375 0.198561946875 0.47477931875 0.1988384953125 0.45397225781249995
0 0.7657632750000001 0 0.75 0.0006305171874999999 0.7541482296875001 0.021437578125000002 0.7621681421875001 0.0245901640625 0.7654867249999999 0.019546028125 0.7657632750000001 0
0 0.6963495578125001 0.0006305171874999999 0.6974557515625001 0.0094577546875 0.7010508843750001 0.013871375 0.723174778125 0.0025220687499999997 0.72925885 0.0088272390625 0.7309181421875001 0.016393442187500003 0.736172565625 0.015762925 0.74336283125 0.0006305171874999999 0.6963495578125001 0.0006305171874999999
0 0.8199668140625 0 0.776548671875 0.0006305171874999999 0.7793141593749999 0.00441361875 0.7823561953125 0.021437578125000002 0.8039269906250001 0.013871375 0.810564159375 0.035308953125 0.8207964609375 0.037200504687500004 0.8246681421875 0.01828499375 0.8199668140625 0
0 0.9997234515625 0 0.9408185843749999 0.0006305171874999999 0.9408185843749999 0.0094577546875 0.9449668140625 0.025220681249999998 0.9493915921875 0.025220681249999998 0.953263275 0.013871375 0.96211283125 0.030264817187499998 0.9742809734375 0.0365699875 0.98036504375 0.0542244640625 0.9966814156250001 0.058638082812500006 1 0.04098360625 0.9997234515625 0
0 0.8617256640625 0.1796973515625 0.870575221875 0.12673392187500002 0.8694690265625 0.11160151250000001 0.8622787609375001 0.0952080703125 0.8617256640625 0.07755359375000001 0.8669800890625 0.060529634374999995 0.8722345125000001 0.054854981250000004 0.8586836281249999 0.0441361921875 0.8387721234375001 0.0365699875 0.8351769906250001 0.044766709375000005 0.8357300890625 0.054854981250000004 0.8396017703125 0.0624211859375 0.8368362828125001 0.0699873890625 0.837942478125 0.078814628125 0.84762168125 0.10592685937499999 0.8567477875 0.1078184109375 0.8559181421875 0.1172761671875 0.848174778125 0.11853720000000001 0.845685840625 0.12547288750000002 0.849557521875 0.1544766703125 0.8445796453125001 0.1847414875 0.8473451328125 0.20870113437499999 0.8434734515625 0.2717528375 0.848174778125 0.2686002515625 0.8517699109375 0.27301387187500004 0.8617256640625 0.23013871406250003 0.8617256640625 0.1796973515625
0 0.236449115625 0.16771752812500001 0.23838495625 0.1595208078125 0.2353429203125 0.1500630515625 0.244745575 0.1488020171875 0.25082964531249996 0.142496846875 0.25082964531249996 0.16267339218750002 0.255254425 0.15889029062499999 0.266316371875 0.1689785625 0.2829092921875 0.16519546093749998 0.2848451328125 0.162042875 0.28042035468750004 0.151954603125 0.28512168125000004 0.1488020171875 0.3100110625 0.14627995 0.31332964531249996 0.1513240859375 0.329922565625 0.1513240859375 0.3318584078125 0.14312736406249998 0.32964601718750003 0.12168978593749999 0.32605088437499996 0.12358133593750001 0.3246681421875 0.11790668281250001 0.32964601718750003 0.1103404796875 0.32688053125 0.06368221874999999 0.32217920312500004 0.05674653281249999 0.2823561953125 0.0542244640625 0.2787610625 0.0359394703125 0.27986725625000003 0.0094577546875 0.26576327499999997 0.0063051703124999995 0.2522123890625 0.0712484234375 0.25138274374999997 0.132408575 0.22428097343750003 0.12358133593750001 0.2159845125 0.10718789375 0.204922565625 0.1008827234375 0.19717920312499998 0.09962168906249999 0.191924778125 0.1065573765625 0.19247787656249998 0.135561159375 0.18418141562499998 0.162042875 0.18528761093749999 0.172131146875 0.2079646015625 0.17591425 0.2237278765625 0.16519546093749998 0.236449115625 0.16771752812500001
0 0.38855088437499996 0 0.38219026562499997 0.010718789062500001 0.37942477812500003 0.02711223125 0.38163716875000003 0.0346784359375 0.38108407031249997 0.054854981250000004 0.3772123890625 0.0813366953125 0.4012721234375 0.08701135 0.4112278765625 0.09836065625 0.4131637171875 0.11790668281250001 0.4092920359375 0.135561159375 0.42754424843749994 0.1443883984375 0.43030973437500003 0.172131146875 0.42699115 0.1796973515625 0.43030973437500003 0.186002521875 0.431692478125 0.1979823453125 0.439435840625 0.192938209375 0.443307521875 0.2005044140625 0.451050884375 0.204287515625 0.4535398234375 0.19735182812500002 0.452433628125 0.1796973515625 0.454922565625 0.1727616640625 0.4610066375 0.1740226984375 0.46349557499999994 0.1796973515625 0.46349557499999994 0.1595208078125 0.4662610625 0.1532156375 0.46709070781250006 0.14123581406250002 0.470685840625 0.20617906718749998 0.47870575156250006 0.2131147546875 0.482577434375 0.20933165156250003 0.4853429203125 0.22068095781250002 0.49612831875 0.22005044062499998 0.5027654874999999 0.2150063046875 0.5011061953125 0.1897856234375 0.507190265625 0.174653215625 0.50663716875 0.162042875 0.5005530968749999 0.1532156375 0.5019358406250001 0.14375788125 0.505807521875 0.1488020171875 0.5077433625000001 0.140605296875 0.5038716812499999 0.08890289999999999 0.5157632750000001 0.0819672125 0.5182522125 0.0725094578125 0.513827434375 0.06368221874999999 0.5132743359374999 0.0359394703125 0.5271017703124999 0.02711223125 0.5212942484374999 0.0088272390625 0.5179756640625001 0.0050441359375 0.5141039828125 0.0075662046875 0.5113384953125 0 0.38855088437499996 0
0 0.7137721234375001 0.3013871375 0.7223451328125 0.304539721875 0.7256637171875 0.2263556109375 0.731194690625 0.2150063046875 0.7262168140624999 0.20617906718749998 0.72787610625 0.1708701140625 0.733683628125 0.16519546093749998 0.74336283125 0.14312736406249998 0.7414269906250001 0.1374527109375 0.737555309375 0.1374527109375 0.7334070796875001 0.12168978593749999 0.72538716875 0.10718789375 0.7104535390625 0.110970996875 0.699944690625 0.12105926874999999 0.69800885 0.1343001265625 0.7002212390625 0.1443883984375 0.6977323015625 0.14754098437500002 0.6894358406250001 0.14754098437500002 0.6745022125 0.1361916765625 0.6590154874999999 0.1374527109375 0.6537610625 0.1696090796875 0.6426991156249999 0.1796973515625 0.6327433625000001 0.2150063046875 0.632190265625 0.225094578125 0.6274889375 0.229508196875 0.6241703546874999 0.21941992500000002 0.6200221234375001 0.23266078124999998 0.6194690265625 0.2515762921875 0.6238938046875 0.25031525781249997 0.621681415625 0.2540983609375 0.6211283187500001 0.26923076875 0.6247234515625 0.279949559375 0.6363384953125 0.26733921875 0.6474004421874999 0.2698612859375 0.6559734515625 0.28688524531250004 0.659568584375 0.3064312734375 0.6745022125 0.31273644375 0.7002212390625 0.3146279953125 0.7093473453125 0.313997478125 0.7137721234375001 0.3013871375
0 0.5807522125 0.249054225 0.5851769906250001 0.22005044062499998 0.5851769906250001 0.20491803281249998 0.589048671875 0.188524590625 0.5793694687500001 0.18032786875 0.5757743359374999 0.1822194203125 0.576327434375 0.20870113437499999 0.5735619468750001 0.22383354375 0.5752212390625 0.25031525781249997 0.5735619468750001 0.280580075 0.577433628125 0.3032786890625 0.5807522125 0.280580075 0.5807522125 0.249054225
0 0.8266039828125 0.3329129890625 0.8335176984375 0.3310214375 0.8396017703125 0.304539721875 0.8401548671875 0.2641866328125 0.8431969031250001 0.24085750312499998 0.8238384953125 0.23959646874999999 0.8205199109375 0.252206809375 0.8083517703125 0.2471626734375 0.8050331859375 0.2585119796875 0.796183628125 0.254728878125 0.79286504375 0.26355611562500003 0.7829092921874999 0.2610340484375 0.7762721234375001 0.2484237078125 0.7699115046875 0.2679697359375 0.7729535390625 0.2698612859375 0.7748893812500001 0.2780580078125 0.7748893812500001 0.2881462796875 0.7724004421874999 0.2950819671875 0.7607853984374999 0.29634300156250004 0.7497234515625 0.277427490625 0.7444690265625 0.295712484375 0.742809734375 0.318411096875 0.7389380531249999 0.3221942 0.745298671875 0.3203026484375 0.7497234515625 0.32534678437500003 0.7535951328125 0.3203026484375 0.784568584375 0.3341740234375 0.7889933625000001 0.3190416140625 0.7923119468750001 0.3341740234375 0.8083517703125 0.3341740234375 0.8166482296875 0.32660781875 0.8202433625 0.33480453906249996 0.8238384953125 0.32786885312499997 0.8266039828125 0.3329129890625