1 0.44140625 0.60859375 0.13671875 0.0828125
1 0.70078125 0.32734375 0.05078125 0.08828125
1 0.60390625 0.3546875 0.06875 0.07890625
1 0.77734375 0.41875 0.08125 0.08046875
1 0.1625 0.565625 0.109375 0.0921875
1 0.253125 0.7140625 0.14453125 0.11484375
1 0.64453125 0.671875 0.04140625 0.06875
1 0.15390625 0.38203125 0.05 0.0484375
1 0.2421875 0.2546875 0.07109375 0.0484375
1 0.428125 0.190625 0.215625 0.09609375
1 0.778125 0.1046875 0.11328125 0.0515625
1 0.70703125 0.17109375 0.11953125 0.075
1 0.96953125 0.265625 0.0609375 0.06875
1 0.865625 0.459375 0.0546875 0.0671875
1 0.90390625 0.51015625 0.0484375 0.053125
1 0.95390625 0.5203125 0.0375 0.04765625
1 0.83359375 0.6421875 0.06171875 0.05703125
1 0.88046875 0.5765625 0.0421875 0.05390625
1 0.55859375 0.49375 0.02265625 0.0421875
1 0.51328125 0.5359375 0.07734375 0.0859375
1 0.51640625 0.93828125 0.0640625 0.07265625
1 0.2609375 0.96875 0.03984375 0.04453125
1 0.7078125 0.40078125 0.0609375 0.0578125
1 0.34453125 0.3625 0.04375 0.05
1 0.425 0.3359375 0.0296875 0.03203125
1 0.45859375 0.32734375 0.0390625 0.03828125
1 0.9421875 0.1109375 0.05703125 0.03984375
1 0.94375 0.47109375 0.040625 0.034375
1 0.296875 0.3125 0.0265625 0.05703125
0 0.846100278125 0.51253298125 0.8422701953124999 0.5052770453125001 0.824860725 0.4986807390625 0.81928969375 0.4894459109375 0.8081476328124999 0.4881266484375 0.803969359375 0.496042215625 0.7949164343749999 0.496042215625 0.787952646875 0.4920844328125 0.7802924796874999 0.473614775 0.7712395546875 0.473614775 0.759052925 0.48350923437500004 0.76149025 0.49340369375000004 0.7740250703125 0.502638521875 0.7802924796874999 0.5145118734375 0.785863509375 0.5145118734375 0.7970055703125001 0.5013192609375 0.8053621171875 0.5079155671875 0.8081476328124999 0.515831134375 0.8241643453125 0.522427440625 0.8318245125000001 0.538258575 0.83983286875 0.5375989453125001 0.8426183843749999 0.5349604218749999 0.846100278125 0.51253298125
0 0.29422005625000003 0.7849604218749999 0.3116295265625 0.7849604218749999 0.31928969375 0.791556728125 0.322075209375 0.8007915562499999 0.32625348125000003 0.8007915562499999 0.339136490625 0.779023746875 0.33739554374999997 0.7744063328124999 0.3297353765625 0.7796833765625 0.322075209375 0.7704485484375 0.309540390625 0.771767809375 0.29979108593750003 0.7651715046875001 0.26149025 0.7572559359375 0.2217966578125 0.7546174140625 0.2092618390625 0.7480211078125001 0.1873259046875 0.7513192609375 0.2002089140625 0.7875989453125001 0.2197075203125 0.7612137203125 0.24199164374999999 0.7704485484375 0.2576601671875 0.79485488125 0.2576601671875 0.8067282328125 0.250696378125 0.8251978890625 0.251740946875 0.8311345640625 0.25557103125 0.830474934375 0.2775069640625 0.7981530343750001 0.29422005625000003 0.7849604218749999
0 0.5999303625 0.740105540625 0.6270891359374999 0.73746701875 0.6354456828124999 0.744063325 0.651810584375 0.7354881265625 0.6389275765625 0.7348284953124999 0.6333565453125 0.728232190625 0.5992339828125 0.726912928125 0.5926183843749999 0.6932717671875 0.5954039 0.67348285 0.5999303625 0.6649076515625 0.6093314765625 0.6616094984374999 0.6075905296874999 0.656992084375 0.5964484671875 0.65963060625 0.5933147625 0.6536939312500001 0.5954039 0.6325857515625 0.610724234375 0.5943271765625 0.6089832875 0.5844327171875 0.5999303625 0.5897097625 0.5974930359374999 0.579815303125 0.600626740625 0.5699208437500001 0.6072423390624999 0.5653034296875 0.60793871875 0.5481530343750001 0.6246518109375 0.5244063328124999 0.6246518109375 0.44656992031250003 0.6295264625 0.44656992031250003 0.630222840625 0.4887862796875 0.6361420609375 0.49340369375000004 0.6396239546875 0.5052770453125001 0.641364903125 0.4887862796875 0.63509749375 0.4755936671875 0.6441504171875 0.44920844375 0.6525069640625001 0.438654353125 0.651810584375 0.4281002640625 0.6486768796875 0.42348284999999997 0.6319637890625 0.41424802187500004 0.6236072421875 0.41160949843749994 0.6211699171875 0.4188654359375 0.6225626734375 0.4676781 0.617688021875 0.4755936671875 0.617688021875 0.49802110781250003 0.61490250625 0.49802110781250003 0.6155988859375 0.47691292812499997 0.6117688015625 0.4564643796875 0.6075905296874999 0.46833773125 0.5954039 0.48350923437500004 0.5922701953125 0.49472295468749994 0.5790389968749999 0.5 0.5689415046875 0.5204485484375 0.5713788296875 0.529023746875 0.5769498609375 0.5263852250000001 0.583565459375 0.5349604218749999 0.5804317546875 0.5527704484375 0.5727715875 0.554089709375 0.5685933140625 0.540897096875 0.5581476328125 0.5646438 0.5473537609375 0.5653034296875 0.5456128140625001 0.587071240625 0.5546657374999999 0.5751978890625 0.5612813375 0.5784960421875 0.5626740953125 0.5956464375 0.5591922 0.60883905 0.553969359375 0.6187335093749999 0.5456128140625001 0.6187335093749999 0.5421309187500001 0.6108179421875 0.5313370468749999 0.6167546171875 0.5320334265625 0.6273087078125 0.54874651875 0.6682058046875 0.5543175484375 0.6932717671875 0.5612813375 0.6998680734375 0.561977715625 0.709102903125 0.5577994421875 0.7236147749999999 0.5591922 0.7381266484375 0.5623259046875 0.740105540625 0.5651114203125001 0.7308707125 0.566504178125 0.744063325 0.5905292484375 0.746042215625 0.5964484671875 0.7361477578125 0.5999303625 0.740105540625
0 0.428969359375 0.9505277046874999 0.4314066859375 0.9459102906249999 0.4453342625 0.9498680734375 0.45926183906249995 0.9393139843749999 0.4752785515625 0.89182058125 0.4864206125 0.8878627968749999 0.494777159375 0.8984168859375 0.5013927578125 0.8832453828125001 0.5020891359374999 0.7803430078125 0.5066155984375 0.766490765625 0.5135793875 0.7823219 0.5194986078125 0.7618733515625 0.509749303125 0.7381266484375 0.509749303125 0.7196569921875 0.5024373265625 0.683377309375 0.49651810625000004 0.7064643796875 0.48920612812500003 0.7150395781250001 0.47945682500000003 0.73746701875 0.47110027812500005 0.7453825859375 0.4042479109375 0.7361477578125 0.38614206093750003 0.755936675 0.3610724234375 0.759894459375 0.358635096875 0.78166226875 0.36490250625 0.7961741421874999 0.3683844015625 0.817282321875 0.37291086406249996 0.8232189968749999 0.38335654531249996 0.8021108171875 0.4181754875 0.791556728125 0.43558495781250006 0.7955145124999999 0.4387186625 0.7895778359375 0.43976323125 0.7704485484375 0.4529944296875 0.7678100265625 0.456128134375 0.78166226875 0.4296657375 0.8555408968749999 0.3997214484375 0.9215039578124999 0.3927576609375 0.9505277046874999 0.37778551562499996 0.9762532984375 0.37151810625000004 0.98021108125 0.3513231203125 0.970976253125 0.338091921875 0.973614775 0.33530640625 0.9656992078125001 0.3269498609375 0.9656992078125001 0.3293871859375 0.97427440625 0.324860725 0.9788918203125 0.314066853125 0.9755936671875001 0.3234679671875 0.970976253125 0.324860725 0.9656992078125001 0.30605849531249996 0.9630606859374999 0.298398328125 0.9656992078125001 0.2952646234375 0.9782321906250001 0.286908078125 0.9887862796875 0.29004178281250004 0.99340369375 0.319986071875 0.9907651718749999 0.3360027859375 0.9960422156250001 0.34435933125 0.9920844328125 0.3457520890625 0.9854881265625 0.352715878125 0.99340369375 0.36873259062499997 0.9894459109374999 0.37291086406249996 0.9960422156250001 0.38057103125 0.997361478125 0.384749303125 0.99340369375 0.39101671250000003 0.997361478125 0.42827298125 0.996701846875 0.43105849531249996 0.9624010546875 0.428969359375 0.9505277046874999
0 1 0.57717678125 0.9850278546875 0.5593667546875001 0.9564763234375 0.5593667546875001 0.9300139281250001 0.542216359375 0.9133008359374999 0.542216359375 0.8854456828125 0.5303430078125 0.8715181062499999 0.5145118734375 0.8673398328124999 0.503957784375 0.8513231203125 0.5052770453125001 0.8474930359374999 0.5138522421875 0.8499303625 0.5435356203125 0.875 0.5488126656250001 0.9007660171874999 0.5633245375 0.916434540625 0.5956464375 0.9063370468749999 0.6306068609375 0.8962395546874999 0.6325857515625 0.894846796875 0.6774406328125 0.890320334375 0.70580475 0.8878830078125001 0.69195250625 0.8885793874999999 0.6655672828125 0.8784818937500001 0.663588390625 0.8767409468749999 0.669525065625 0.8791782734375 0.6754617421875 0.8833565453125001 0.6754617421875 0.885793871875 0.6840369390625 0.885793871875 0.707783640625 0.880222840625 0.7222955140625 0.8795264625 0.8054089703124999 0.886838440625 0.8232189968749999 0.8899721453125 0.797493403125 0.8885793874999999 0.772427440625 0.8913649031249999 0.765831134375 0.89206128125 0.7381266484375 0.8944986078125 0.7308707125 0.8976323125000001 0.7354881265625 0.8990250703125 0.78166226875 0.894846796875 0.79485488125 0.89206128125 0.830474934375 0.89206128125 0.8924802109375 0.902158775 0.90369393125 0.92165738125 0.907651715625 0.92618384375 0.9215039578124999 0.9282729812499999 0.9439313984375 0.9387186625 0.9478891828125 0.941504178125 0.9399736140625 0.9428969359374999 0.8832453828125001 0.9373259046875001 0.8542216359375001 0.954038996875 0.8568601578124999 0.9484679671875 0.8832453828125001 0.9491643453125 0.9241424796875 0.9529944296874999 0.9313984171874999 0.9578690812499999 0.9248021109375 0.9704039 0.9234828500000001 0.9777158781249999 0.913588390625 0.9686629531250001 0.89775725625 0.96935933125 0.8317941953125001 0.9787604453125001 0.8205804750000001 1 0.8186015828125001 0.9996518109375 0.7823219 0.9766713093750001 0.7810026390625 0.9634401109375 0.7704485484375 0.9568245125000001 0.759234828125 0.9575208906249999 0.71833773125 0.9623955437499999 0.6840369390625 0.973189415625 0.65963060625 0.9853760453125 0.651055409375 0.9878133703125 0.6226912921875 1 0.6193931390625 1 0.57717678125
0 0 0.9637203171875001 0.0048746515625 0.9637203171875001 0.012534818750000001 0.9465699203125 0.015320334375 0.9215039578124999 0.0309888578125 0.89182058125 0.0456128140625 0.8799472296875 0.0776462390625 0.8284960421875001 0.0908774375 0.8166226906249999 0.102715878125 0.7796833765625 0.134052925 0.77572559375 0.1681754875 0.7414248015625 0.1740947078125 0.676121371875 0.17722841250000002 0.6649076515625 0.2009052921875 0.63456464375 0.24408077968750003 0.6015831140625 0.266364903125 0.5646438 0.2809888578125 0.5567282328125 0.28516713125000004 0.5369393140625001 0.2973537609375 0.528364115625 0.299442896875 0.5204485484375 0.2980501390625 0.505936675 0.308495821875 0.49934036875 0.313022284375 0.4749340375 0.3227715875 0.473614775 0.3297353765625 0.464379946875 0.3332172703125 0.46965699218749996 0.3548050140625 0.470976253125 0.3600278546875 0.4624010546875 0.359679665625 0.445910290625 0.38126740937500003 0.439313984375 0.3844011140625 0.42150395781250005 0.3774373265625 0.40831134531249996 0.3774373265625 0.40039577812499993 0.3746518109375 0.4017150390625 0.374303621875 0.41029023750000004 0.3457520890625 0.41029023750000004 0.3429665734375 0.3997361484375 0.3332172703125 0.397097625 0.3276462390625 0.41160949843749994 0.3213788296875 0.41160949843749994 0.31023676875 0.43271767812500006 0.3018802234375 0.43007915625 0.29665738125 0.43601583125000004 0.2931754875 0.4571240109375 0.290389971875 0.4597625328125 0.29665738125 0.465039578125 0.29630919218749996 0.4749340375 0.2907381609375 0.47625329843750003 0.2844707515625 0.46965699218749996 0.2782033421875 0.477572559375 0.2747214484375 0.47229551406250003 0.2677576609375 0.4854881265625 0.25139275781250003 0.47691292812499997 0.26601671250000003 0.4637203171875 0.26601671250000003 0.44525065937499997 0.2635793875 0.4406332453125 0.251740946875 0.4406332453125 0.2364206125 0.4498680734375 0.2322423390625 0.45778364062500004 0.2190111421875 0.45118733437499997 0.22040389999999999 0.46569920781249996 0.23189415000000002 0.47163588437500004 0.234679665625 0.5112137203125 0.240947075 0.5204485484375 0.23990250624999998 0.529023746875 0.23189415000000002 0.5349604218749999 0.2259749296875 0.5567282328125 0.2127437328125 0.560686015625 0.1981197765625 0.585751978125 0.17026462343749998 0.6094986812500001 0.1298746515625 0.6094986812500001 0.130222840625 0.656332453125 0.127785515625 0.6622691296875 0.10550139218750001 0.6688654359374999 0.09435933125 0.6609498687500001 0.09192200625 0.6721635890625001 0.0974930359375 0.6853562 0.09018105781249999 0.708443271875 0.0814763234375 0.7130606859374999 0.079038996875 0.7321899734375 0.07486072499999999 0.7124010546874999 0.06720055781249999 0.71108179375 0.06441504218750001 0.73746701875 0.0588440109375 0.73746701875 0.0546657375 0.7480211078125001 0.0456128140625 0.753298153125 0.016364903125 0.7955145124999999 0 0.8001319265625 0 0.9637203171875001
0 0.44394150468750004 0.385224275 0.45926183906249995 0.3759894453125 0.46866295312500006 0.3634564640625 0.46935933125 0.355540896875 0.44394150468750004 0.3548812671875 0.4362813375 0.36147757187499996 0.42374651874999997 0.36147757187499996 0.4077298046875 0.3548812671875 0.4052924796875 0.362137203125 0.4052924796875 0.38192612187499997 0.398328690625 0.38852242812500004 0.40877437343749995 0.4017150390625 0.42374651874999997 0.385224275 0.44394150468750004 0.385224275
0 0.7513927578125 0.3832453828125 0.7587047359375 0.374670184375 0.7823816156250001 0.3733509234375 0.7848189421875 0.3660949875 0.783426184375 0.3542216359375 0.76706128125 0.349604221875 0.7503481890625 0.3337730875 0.735724234375 0.3284960421875 0.7339832875 0.335751978125 0.7360724234375 0.3502638515625 0.733635096875 0.3548812671875 0.722144846875 0.3568601578125 0.73189415 0.368733509375 0.738161559375 0.387203165625 0.7374651812499999 0.40831134531249996 0.7416434546875 0.40831134531249996 0.749303621875 0.3951187328125 0.7513927578125 0.3832453828125
0 0.6747910859374999 0.304089709375 0.680013928125 0.29419525 0.6862813375 0.2928759890625 0.6901114203125001 0.2829815296875 0.6883704734375 0.27836411562499996 0.6124651812499999 0.2955145125 0.5974930359374999 0.3133245375 0.597841225 0.320580475 0.604108634375 0.3245382578125 0.6173398328124999 0.320580475 0.6354456828124999 0.336411609375 0.640320334375 0.336411609375 0.643802228125 0.32717678125 0.6479805015625 0.3284960421875 0.652158775 0.34696569843749997 0.6622562671875001 0.3476253296875 0.6713091921875 0.342348284375 0.6747910859374999 0.304089709375
0 0.7816852375 0.2810026390625 0.769846796875 0.2823219 0.7667130921875 0.27638522499999996 0.7674094703125001 0.2671503953125 0.7935236765625 0.2651715046875 0.8060584953125 0.2519788921875 0.8123259046875001 0.253298153125 0.81476323125 0.246042215625 0.8074512531250001 0.2229551453125 0.8025766015625001 0.2229551453125 0.7970055703125001 0.2348284953125 0.7823816156250001 0.24010554062499997 0.75800835625 0.2348284953125 0.729456825 0.24010554062499997 0.7190111421875 0.2612137203125 0.70577994375 0.266490765625 0.7026462390625 0.272427440625 0.7043871859374999 0.28364116093749997 0.7190111421875 0.2902374671875 0.7214484671875 0.2869393140625 0.7224930359374999 0.266490765625 0.74895543125 0.266490765625 0.7538300828125 0.28759894531249997 0.7945682453125 0.292216359375 0.8050139281250001 0.28957783593749997 0.7816852375 0.2810026390625
0 0.8161559890625 0.50065963125 0.8203342625 0.49802110781250003 0.8123259046875001 0.47625329843750003 0.7802924796874999 0.470976253125 0.773328690625 0.4630606859375 0.757311978125 0.46042216406250003 0.7405988859375 0.44722955156250005 0.739206128125 0.41029023750000004 0.70577994375 0.426121371875 0.675139275 0.412928759375 0.6591225625 0.4155672828125 0.65564066875 0.43007915625 0.652855153125 0.41424802187500004 0.636838440625 0.41424802187500004 0.6236072421875 0.3891820578125 0.615947075 0.39182058125 0.609679665625 0.385224275 0.58739554375 0.3825857515625 0.571030640625 0.355540896875 0.582520890625 0.3324538265625 0.5957520890625 0.320580475 0.5950557109375 0.31398416875 0.581128134375 0.316622690625 0.5734679671875 0.3258575203125 0.557451253125 0.3218997359375 0.520543175 0.3258575203125 0.48990250625 0.320580475 0.48398328749999997 0.32915567343749996 0.48711699218750004 0.35092348281249997 0.5038300828125 0.3482849609375 0.5135793875 0.3548812671875 0.5302924796874999 0.35620052812499997 0.535863509375 0.36543535625 0.5525766015625 0.36807387812500003 0.5644150421874999 0.381266490625 0.57834261875 0.3825857515625 0.6075905296874999 0.40369393125 0.6155988859375 0.43337730937499996 0.6058495828125 0.4531662265625 0.6030640671875 0.46899736093750005 0.61699164375 0.47295514531249994 0.6201253484375 0.509234828125 0.62395543125 0.5072559359375 0.62604456875 0.49406332500000005 0.6253481890625 0.4637203171875 0.6277855156250001 0.44722955156250005 0.630222840625 0.4861477578125 0.6326601671875001 0.490765171875 0.63649025 0.4755936671875 0.6444986078125 0.46569920781249996 0.65564066875 0.4406332453125 0.6660863515625 0.4498680734375 0.6841922 0.4445910296875 0.689066853125 0.4538258578125 0.6946378828124999 0.445910290625 0.7078690812499999 0.4406332453125 0.7144846796875 0.451846965625 0.7183147625 0.470976253125 0.735724234375 0.48284960468750004 0.757311978125 0.4881266484375 0.7621866296875 0.5 0.773328690625 0.503957784375 0.778899721875 0.515831134375 0.7851671312499999 0.51846965625 0.8018802234375 0.5079155671875 0.8081476328124999 0.5171503953125 0.8133704734375 0.5178100265625 0.8168523671875001 0.51253298125 0.8161559890625 0.50065963125
0 0.0003481890625 0 0 0.2064643796875 0.0045264625 0.20712401093750002 0.00557103125 0.2170184703125 0.0038300828125 0.2189973609375 0 0.2104221640625 0 0.26319261250000003 0.020891365624999998 0.2645118734375 0.0470055703125 0.2612137203125 0.0445682453125 0.25 0.0518802234375 0.2480211078125 0.059540390624999995 0.23746701875 0.082520890625 0.244063325 0.0866991640625 0.2387862796875 0.10341225624999999 0.2348284953125 0.1382311984375 0.23614775781250003 0.1399721453125 0.1866754625 0.152855153125 0.1662269125 0.163649025 0.17875989375 0.1660863515625 0.2044854875 0.1723537609375 0.208443271875 0.2134401109375 0.208443271875 0.2545264625 0.1899736140625 0.2719359328125 0.1873350921875 0.278899721875 0.18073878593749998 0.3123259046875 0.18073878593749998 0.32625348125000003 0.1715039578125 0.35341225625 0.163588390625 0.47458217343750003 0.13720316562499998 0.480153203125 0.131926121875 0.4905988859375 0.1068601578125 0.50800835625 0.1068601578125 0.514275765625 0.1240105546875 0.538649025 0.12137203125 0.5410863515625 0.1193931390625 0.541434540625 0.1068601578125 0.560933146875 0.114775725 0.5651114203125001 0.1226912921875 0.5776462390625 0.1108179421875 0.615947075 0.1068601578125 0.6277855156250001 0.09498680781249999 0.6465877437499999 0.10026385156249999 0.6563370468749999 0.0910290234375 0.6807103062500001 0.0883905015625 0.692548746875 0.07915567343749999 0.726671309375 0.0751978890625 0.73189415 0.067941953125 0.733635096875 0.0395778359375 0.734679665625 0.067941953125 0.7378133703125 0.0725593671875 0.74895543125 0.060686015625 0.7628830078125 0.060686015625 0.7795961 0.0778364109375 0.810933146875 0.073878628125 0.81476323125 0.067941953125 0.8158078 0.04485488125 0.8189415046875 0.05079155625 0.8199860718749999 0.073878628125 0.8715181062499999 0.05804749375 0.8777855156250001 0.054089709374999996 0.8809192203125 0.0455145125 0.8736072421875001 0.035620053125 0.8485376046875001 0.029023746875 0.8447075203125 0.023087071875 0.8485376046875001 0.0131926125 0.82625348125 0.002638521875 0.79770195 0.019788918750000002 0.692548746875 0 0.0003481890625 0