1 0.05546875 0.94140625 0.1046875 0.1171875
1 0.27421875 0.48671875 0.096875 0.0796875
1 0.84296875 0.90390625 0.159375 0.13359375
1 0.52578125 0.41875 0.0578125 0.10546875
1 0.765625 0.7875 0.12890625 0.18671875
1 0.55 0.509375 0.1015625 0.059375
1 0.628125 0.2921875 0.0546875 0.05078125
1 0.48984375 0.22421875 0.03125 0.04140625
1 0.60859375 0.1875 0.04765625 0.04609375
1 0.5703125 0.2109375 0.04296875 0.028125
0 0.2728208640625 0.8703030296875 0.28105696562500004 0.8666666671875 0.2906657515625 0.8424242421875 0.3050789296875 0.835151515625 0.320864790625 0.8400000000000001 0.333905284375 0.8593939390625 0.3414550453125 0.8496969703125 0.3490048046875 0.8521212125 0.356897734375 0.8454545453125 0.3589567609375 0.8006060609375 0.3630748109375 0.77393939375 0.3589567609375 0.7472727265625 0.3520933421875 0.7327272734375 0.3575840765625 0.704848484375 0.3644474953125 0.6927272734375001 0.364790665625 0.6775757578125 0.368222375 0.6933333328125 0.38057652656249996 0.690909090625 0.38435140625 0.7 0.3829787234375 0.7084848484374999 0.38743994531250003 0.7163636359375001 0.3929306796875 0.715151515625 0.41626630000000003 0.6921212125 0.43342484531250003 0.6921212125 0.46225120156250005 0.7115151515625 0.47117364375 0.7103030296874999 0.475634865625 0.704848484375 0.47700755 0.69393939375 0.471516815625 0.6599999999999999 0.4708304734375 0.5921212125 0.47872340468749996 0.5793939390625 0.48352779687499997 0.5793939390625 0.48695950625 0.598787878125 0.49656829062499996 0.6024242421875 0.4996568296875 0.59818181875 0.4996568296875 0.57393939375 0.5037748796875 0.563030303125 0.5037748796875 0.541212121875 0.49553877812499997 0.54606060625 0.498627315625 0.5624242421875 0.49450926562499997 0.5624242421875 0.4941660953125 0.556969696875 0.48695950625 0.549090909375 0.4797529171875 0.5472727265625 0.4818119421875 0.5254545453125 0.48798901875 0.52181818125 0.48730267656250004 0.504848484375 0.47117364375 0.5006060609375 0.462594371875 0.5133333328125 0.46396705625 0.5193939390625 0.460535346875 0.5266666671875 0.46945779062500004 0.54 0.463623884375 0.549090909375 0.4409746046875 0.536969696875 0.4358270421875 0.5193939390625 0.44371997187499995 0.5115151515624999 0.4519560734375 0.5103030296875 0.4529855875 0.49878787812500003 0.439601921875 0.4933333328125 0.4344543578125 0.484242425 0.4282772828125 0.4575757578125 0.4131777625 0.436969696875 0.40356897812500003 0.4103030296875 0.4063143453125 0.38121212187500003 0.42141386406250003 0.3533333328125 0.42141386406250003 0.338787878125 0.41866849687499996 0.3206060609375 0.42072752187500007 0.284242425 0.416609471875 0.2478787875 0.416609471875 0.24060606093749998 0.42004118124999995 0.235757575 0.4179821546875 0.2321212125 0.41866849687499996 0.21515151562499998 0.409746053125 0.18 0.40768702812499996 0.13999999999999999 0.41043239531250003 0.123030303125 0.41386410468749996 0.11818181875 0.414550446875 0.10484848437500001 0.40768702812499996 0.0915151515625 0.405628003125 0.028484848437499998 0.40219629375 0.015151515625 0.3963623890625 0.010909090625 0.39327385000000004 0.030909090625000003 0.3960192171875 0.1424242421875 0.39361702187500003 0.1515151515625 0.38435140625 0.1533333328125 0.384694578125 0.161212121875 0.39327385000000004 0.15818181874999998 0.3919011671875 0.1727272734375 0.385724090625 0.181212121875 0.38366506562499997 0.19696969687500002 0.38435140625 0.221212121875 0.39258750781249996 0.235757575 0.38949897031249997 0.24363636406250003 0.38023335625 0.2503030296875 0.376801646875 0.283030303125 0.37817433125 0.301212121875 0.3761153046875 0.315757575 0.3730267671875 0.32 0.3671928625 0.3145454546875 0.367879203125 0.304848484375 0.363761153125 0.298787878125 0.3644474953125 0.2903030296875 0.3486616328125 0.276969696875 0.3500343171875 0.2527272734375 0.34557309531249997 0.22181818125000002 0.34317089843750004 0.2224242421875 0.34454358281249997 0.22969697031249997 0.3414550453125 0.24 0.3294440625 0.24666666718750002 0.3294440625 0.2515151515625 0.3345916265625 0.25212121249999997 0.3390528484375 0.26484848437499997 0.3273850375 0.276969696875 0.32532601250000004 0.3121212125 0.316746740625 0.3163636359375 0.310912834375 0.3 0.310912834375 0.26606060625 0.3170899109375 0.24303030312499999 0.31640356875000003 0.221212121875 0.3191489359375 0.2115151515625 0.3270418671875 0.20484848437499997 0.3359643109375 0.2133333328125 0.33836650625 0.20909090937500002 0.3380233359375 0.19393939375 0.35827041875 0.184848484375 0.3596431015625 0.1496969703125 0.35724090625 0.144242425 0.3524365140625 0.14666666718750002 0.345916265625 0.13878787812499999 0.34934797500000003 0.12181818124999999 0.35827041875 0.11454545468749999 0.3596431015625 0.10242424218749999 0.35724090625 0.0933333328125 0.3030199046875 0.0763636359375 0.2234042546875 0.078787878125 0.19183253281249998 0.07272727343749999 0.165065203125 0.0775757578125 0.154083734375 0.0715151515625 0.1410432390625 0.0715151515625 0.1355525046875 0.0775757578125 0.11976664374999998 0.081212121875 0.062800275 0.081212121875 0.052505146875 0.084848484375 0.0003431703125 0.078787878125 0 0.3533333328125 0.0202470828125 0.3503030296875 0.034317090625000005 0.36787878749999997 0.029512696875 0.375151515625 0.03191489375 0.3806060609375 0.043239532812499995 0.38121212187500003 0.0435827046875 0.389090909375 0.029855868749999997 0.3866666671875 0.025394646875 0.390909090625 0.0257378171875 0.3963636359375 0.035346603125 0.401212121875 0.0387783109375 0.40969697031249996 0.047014412500000005 0.41575757500000005 0.059368565625 0.410909090625 0.05902539531249999 0.4236363640625 0.06142759062499999 0.4266666671875 0.0895676046875 0.4303030296875 0.09746053593750001 0.4478787875 0.09746053593750001 0.470909090625 0.09986273125 0.4763636359375 0.12182566875 0.4715151515625 0.1307481125 0.47393939375 0.13761153125 0.48484848437499994 0.1410432390625 0.478787878125 0.16575154375 0.4715151515625 0.176046671875 0.444848484375 0.18771448125 0.44000000000000006 0.192175703125 0.4296969703125 0.190116678125 0.39575757500000003 0.192518875 0.3866666671875 0.1475634859375 0.38121212187500003 0.18359643125 0.370909090625 0.1842827734375 0.3672727265625 0.176046671875 0.36606060625 0.1729581328125 0.36060606093750003 0.1884008234375 0.343030303125 0.19869595 0.3466666671875 0.21654083750000003 0.344242425 0.2182566921875 0.3484848484375 0.21585449531249998 0.36969697031250004 0.2412491421875 0.37333333281250003 0.247083046875 0.38 0.20384351406249998 0.3884848484375 0.2117364453125 0.404848484375 0.22512010937500002 0.41636363593750003 0.2271791359375 0.4454545453125 0.23164035625 0.4521212125 0.23644474999999998 0.4472727265625 0.27350720625 0.450909090625 0.278997940625 0.44242424218750004 0.2851750171875 0.4436363640625 0.2906657515625 0.45454545468749996 0.30645161249999997 0.4484848484375 0.31846259374999997 0.4503030296875 0.319835278125 0.46606060625 0.3170899109375 0.5060606062499999 0.3146877140625 0.5103030296875 0.3050789296875 0.5115151515624999 0.2927247765625 0.503030303125 0.2882635546875 0.5133333328125 0.288949896875 0.5266666671875 0.28654769999999996 0.5345454546874999 0.2741935484375 0.5115151515624999 0.2707618390625 0.5103030296875 0.2642415921875 0.5133333328125 0.2711050109375 0.51818181875 0.26733012968750003 0.5272727265625 0.2632120796875 0.5296969703125 0.2584076875 0.5236363640625 0.2556623203125 0.5296969703125 0.23987645781250003 0.530909090625 0.2374742625 0.5266666671875 0.236101578125 0.5024242421875 0.24021962968750002 0.48303030312499995 0.23164035625 0.4763636359375 0.22992450312499998 0.4927272734375 0.23472889531250002 0.5036363640625 0.23164035625 0.5115151515624999 0.2268359640625 0.49696969687500003 0.2083047359375 0.49090909062500004 0.2059025390625 0.5 0.21757035 0.5484848484375 0.2059025390625 0.5593939390625 0.19663692500000002 0.595151515625 0.192175703125 0.5896969703125 0.1928620453125 0.5812121218749999 0.1894303359375 0.5690909093750001 0.18359643125 0.5599999999999999 0.16884008281250001 0.556969696875 0.16884008281250001 0.523030303125 0.16575154375 0.52 0.1530542203125 0.5303030296875 0.148593 0.555151515625 0.13486616406250002 0.5624242421875 0.103294440625 0.55393939375 0.09883321875 0.5363636359374999 0.094371996875 0.5333333328125 0.09471516875 0.5545454546874999 0.0851063828125 0.5678787875 0.089224434375 0.5775757578125 0.089910775 0.5884848484375 0.1060398078125 0.616969696875 0.11839396093750001 0.6133333328125 0.1249142078125 0.621212121875 0.127659575 0.6333333328124999 0.12079615625 0.6684848484375 0.1225120109375 0.6727272734375 0.1259437203125 0.6666666671875 0.1297186 0.6806060609375 0.1369251890625 0.6872727265624999 0.148593 0.681212121875 0.1609471515625 0.68606060625 0.1708991078125 0.683030303125 0.17158545 0.6721212125 0.1750171578125 0.6660606062500001 0.170212765625 0.6454545453125 0.16540837343749998 0.63818181875 0.16334934843749999 0.6236363640625 0.1767330125 0.6121212125 0.18153740625 0.6157575750000001 0.18668496875 0.6284848484375 0.18050789218750002 0.6563636359375 0.1894303359375 0.6793939390625 0.1859986265625 0.6866666671874999 0.189087165625 0.695757575 0.19663692500000002 0.6933333328125 0.200068634375 0.6872727265624999 0.20384351406249998 0.6890909093750001 0.20418668437499998 0.69818181875 0.2069320515625 0.690909090625 0.2203157171875 0.6915151515625 0.2168840078125 0.6806060609375 0.2203157171875 0.6660606062500001 0.21894303437499998 0.658787878125 0.208991078125 0.6521212125 0.1976664375 0.6515151515625 0.1993822921875 0.6496969703125 0.2247769390625 0.6484848484375 0.24742621874999998 0.6533333328125 0.2491420734375 0.6321212125 0.259094028125 0.6206060609375 0.2652711046875 0.6266666671875 0.2707618390625 0.623030303125 0.280027453125 0.630909090625 0.277968428125 0.65393939375 0.27041866875 0.6696969703125 0.2711050109375 0.683030303125 0.2666437890625 0.696969696875 0.2608098828125 0.6890909093750001 0.259094028125 0.669090909375 0.24742621874999998 0.6921212125 0.23472889531250002 0.69393939375 0.2443376796875 0.7133333328125 0.24021962968750002 0.724242425 0.24227865468749998 0.7351515156249999 0.23541523749999999 0.7436363640625 0.24811255937499999 0.7478787875 0.2498284140625 0.74 0.2443376796875 0.7351515156249999 0.24673987656250002 0.730909090625 0.259094028125 0.7345454546875 0.2608098828125 0.7424242421875 0.257035003125 0.7575757578125 0.2357584078125 0.7587878781249999 0.23404255312500002 0.77393939375 0.22786547656249997 0.7824242421875 0.24571036406250002 0.7896969703125001 0.2491420734375 0.804242425 0.24571036406250002 0.8284848484375 0.2433081671875 0.8315151515625001 0.23164035625 0.8266666671875 0.224090596875 0.83393939375 0.219972546875 0.8315151515625001 0.21551132499999998 0.8515151515625 0.22134522968749998 0.863030303125 0.23164035625 0.86181818125 0.24262182499999999 0.8800000000000001 0.2594372 0.8818181812500001 0.2707618390625 0.8775757578125001 0.2728208640625 0.8703030296875
0 0 0.8733333328124999 0.020933425 0.8678787874999999 0.016472203125 0.8515151515625 0.021962937499999998 0.8248484843749999 0.0312285515625 0.8121212124999999 0.0422100203125 0.8084848484375 0.053877831249999994 0.8157575749999999 0.051475634375 0.795757575 0.062800275 0.789090909375 0.0665751546875 0.796969696875 0.0679478375 0.8248484843749999 0.0641729578125 0.8290909093750001 0.05181880625 0.8278787875000001 0.0480439265625 0.8539393937499999 0.059368565625 0.856969696875 0.0610844203125 0.8733333328124999 0.0655456421875 0.8812121218750001 0.084420040625 0.8903030296875001 0.094371996875 0.8812121218750001 0.1074124921875 0.8836363640625 0.11118737187500001 0.8672727265625 0.12422786562499999 0.8393939390625 0.1290322578125 0.8078787875 0.13761153125 0.8 0.1458476328125 0.77818181875 0.1640356890625 0.76181818125 0.16540837343749998 0.7412121218750001 0.161290321875 0.7278787875 0.16369251875 0.715151515625 0.1739876453125 0.7115151515625 0.2004118046875 0.723030303125 0.203157171875 0.6927272734375001 0.1884008234375 0.68606060625 0.1808510640625 0.669090909375 0.1726149625 0.67393939375 0.17433081718750001 0.664848484375 0.17158545 0.6503030296875 0.16266300625000002 0.6284848484375 0.1643788609375 0.6193939390625001 0.17158545 0.6163636359375 0.172271790625 0.5921212125 0.177762525 0.5824242421875 0.1767330125 0.5696969703125 0.17536032968749998 0.576969696875 0.1719286203125 0.576969696875 0.17124227812499998 0.5672727265625 0.1623198359375 0.5624242421875 0.1245710359375 0.5624242421875 0.10947151718749999 0.5563636359374999 0.0806451609375 0.5599999999999999 0.07892930625 0.5618181812499999 0.0830473578125 0.5666666671875 0.0885380921875 0.5933333328125 0.0775566234375 0.603030303125 0.0710363765625 0.6351515156249999 0.06726149687500001 0.630909090625 0.06074124843749999 0.6072727265625 0.0477007546875 0.6 0.0401509953125 0.5830303031249999 0.035346603125 0.584242425 0.03191489375 0.5915151515625 0.027796842187499997 0.5915151515625 0.0236787921875 0.584242425 0.0205902546875 0.5872727265625 0.013726835937500001 0.6103030296874999 0.01201098125 0.6351515156249999 0.0061770765625 0.6139393937500001 0 0.6054545453125 0 0.8078787875 0.006520246875000001 0.80606060625 0.01407000625 0.8121212124999999 0.0161290328125 0.7927272734375 0.018531228125 0.8248484843749999 0 0.8272727265625001 0 0.8733333328124999
0 0.74742621875 0.9545454546875 0.7676733015625 0.9478787875 0.7728208640625 0.941212121875 0.7687028140625001 0.9230303031249999 0.754975978125 0.9072727265625 0.7577213453125 0.9024242421875 0.757378175 0.8727272734374999 0.75154426875 0.8806060609375 0.7512010984375 0.8872727265625 0.7453671921875 0.889090909375 0.7415923125 0.915151515625 0.7357584078125 0.9109090906249999 0.7333562109375 0.896969696875 0.7278654765625 0.89818181875 0.7206588875 0.889090909375 0.7185998625 0.858787878125 0.7137954703125 0.849090909375 0.70967741875 0.8260606062500001 0.6956074125 0.8193939390624999 0.6870281406250001 0.8078787875 0.683253259375 0.7745454546875 0.6746739875000001 0.7775757578125 0.6726149625 0.8345454546875001 0.6674673984374999 0.838787878125 0.6626630062500001 0.835151515625 0.6575154421875 0.844242425 0.6626630062500001 0.8484848484375 0.66678105625 0.8400000000000001 0.6708991078125 0.8400000000000001 0.6767330125 0.8563636359375 0.6753603296875 0.89393939375 0.6705559375 0.901212121875 0.6705559375 0.9109090906249999 0.6578586140625 0.9175757578124999 0.648593 0.9072727265625 0.6506520250000001 0.89393939375 0.648249828125 0.8884848484375001 0.6386410437500001 0.8884848484375001 0.6314344546874999 0.8830303031250001 0.6307481125 0.8696969703124999 0.6355525046875 0.8527272734375 0.61976664375 0.8248484843749999 0.6180507890625 0.7793939390625 0.6125600546875 0.7745454546875 0.5981468765625 0.776969696875 0.5885380921875 0.7721212125 0.57687028125 0.7515151515625 0.5466712421875 0.761212121875 0.5391214828125 0.761212121875 0.5336307484375 0.75393939375 0.5322580640625 0.76606060625 0.5236787921875 0.769090909375 0.5260809890625 0.7806060609375 0.5435827046874999 0.796969696875 0.5470144125 0.8127272734375 0.55593685625 0.8321212125 0.557309540625 0.858787878125 0.5765271109375 0.9036363640625 0.584420040625 0.918787878125 0.5868222375000001 0.8903030296875001 0.5905971171875 0.88606060625 0.5929993140625001 0.93393939375 0.611187371875 0.9660606062499999 0.6310912828124999 0.9903030296875001 0.63383665 0.998787878125 0.6794783796874999 0.99818181875 0.68153740625 0.9121212125 0.6829100890625 0.9024242421875 0.6866849687500001 0.8993939390625 0.68565545625 0.9957575750000001 0.7124227859375 0.9993939390625 0.742964996875 0.998787878125 0.74742621875 0.9545454546875
0 1 0.9266666671875001 0.9951956078125 0.9145454546874999 1 0.8915151515625 0.9989704875 0.8424242421875 0.99210706875 0.838787878125 0.980439259375 0.8206060609374999 0.97014413125 0.8157575749999999 0.9632807140624999 0.816969696875 0.9571036375 0.8266666671875 0.9529855875000001 0.8206060609374999 0.9581331499999999 0.8381818187500001 0.9564172953125001 0.8436363640625 0.9495538781249999 0.8472727265625 0.9399450921874999 0.8400000000000001 0.9337680171875 0.8254545453125001 0.9179821546875001 0.8254545453125001 0.9131777624999999 0.8072727265624999 0.8984214140625 0.795757575 0.8984214140625 0.7836363640624999 0.8946465343750001 0.7745454546875 0.8750857921874999 0.76181818125 0.8754289640625 0.72606060625 0.8671928624999999 0.7236363640625 0.8575840765624999 0.7345454546875 0.822923815625 0.7351515156249999 0.8366506515625 0.7412121218750001 0.8294440625 0.7430303031250001 0.8270418671875 0.7484848484375 0.8311599171875 0.7703030296875 0.8311599171875 0.7884848484375 0.8393960187499999 0.796969696875 0.838709678125 0.8321212125 0.8356211390625001 0.8472727265625 0.8479752921875001 0.8496969703125 0.8630748109375 0.8666666671875 0.8946465343750001 0.8642424249999999 0.907687028125 0.8775757578125001 0.9227865484375 0.9078787875 0.938572409375 0.9054545453125 0.9450926562499999 0.915757575 0.9533287578125 0.9630303031249999 0.9773507203125 0.9812121218750001 0.9873026765624999 0.9721212124999999 0.9969114625 0.9733333328124999 1 0.969090909375 1 0.9266666671875001
0 0.55696636875 0.703030303125 0.5717227171875 0.7024242421875 0.583390528125 0.6745454546875 0.5847632125 0.643030303125 0.5885380921875 0.63393939375 0.6008922437499999 0.638787878125 0.6084420046875 0.6266666671875 0.6118737125 0.6266666671875 0.616334934375 0.64181818125 0.6170212765625 0.6575757578125 0.631777625 0.675151515625 0.6369251890625 0.63818181875 0.6444749484375001 0.618787878125 0.6389842140625 0.6006060609375 0.6358956765625 0.5963636359375 0.627659575 0.601212121875 0.611187371875 0.6 0.5981468765625 0.6084848484375 0.5748112562500001 0.601212121875 0.5700068640625 0.610909090625 0.5610844203124999 0.6133333328125 0.5566231984375001 0.6115151515624999 0.5531914890625 0.60181818125 0.5531914890625 0.5872727265625 0.5480439265625 0.58181818125 0.5435827046874999 0.5896969703125 0.5442690453125001 0.603030303125 0.5377487984375 0.616969696875 0.5267673296875001 0.6121212125 0.49107755624999994 0.6133333328125 0.4941660953125 0.6466666671875 0.49828414531250004 0.6515151515625 0.5072065890624999 0.684242425 0.50789293125 0.7072727265625 0.51407000625 0.7278787875 0.5226492796875 0.7430303031250001 0.52985586875 0.74606060625 0.54186685 0.7127272734375001 0.55696636875 0.703030303125
0 1 0.5812121218749999 0.90425531875 0.57818181875 0.8912148249999999 0.5806060609375 0.8864104328125 0.5890909093750001 0.8623884687500001 0.5878787875 0.839739190625 0.59393939375 0.8122855187500001 0.5890909093750001 0.7910089218749999 0.595151515625 0.77041866875 0.5878787875 0.757378175 0.5927272734375 0.729924503125 0.5890909093750001 0.7216884015625 0.595151515625 0.7185998625 0.6103030296874999 0.7185998625 0.630909090625 0.72752230625 0.6454545453125 0.72958133125 0.670909090625 0.7326698703125001 0.675151515625 0.7498284140625 0.6763636359375 0.7563486609375001 0.6854545453124999 0.7594372 0.703030303125 0.768016471875 0.7036363640625 0.7862045296875 0.6824242421875 0.799931365625 0.684848484375 0.808853809375 0.70181818125 0.8122855187500001 0.70181818125 0.8253260125 0.6884848484375 0.8589567609375001 0.681212121875 0.8599862734375 0.664848484375 0.8565545640625001 0.6563636359375 0.8630748109375 0.6303030296875 0.8719972546875001 0.6303030296875 0.8829787234375001 0.6496969703125 0.8946465343750001 0.6266666671875 0.9090597125000001 0.6145454546875 0.92210020625 0.623030303125 0.9516129031249999 0.6303030296875 0.9588194921875001 0.643030303125 0.961564859375 0.658787878125 0.9728894984374999 0.6715151515625 1 0.6515151515625 1 0.5812121218749999
0 0.11427590937500001 0.035151515625000004 0.11667810625 0.029696970312499998 0.1146190796875 0.015151515625 0.1297186 0.0006060609375 0.015442690625 0 0.0240219625 0.021212121875 0.0126973234375 0.0303030296875 0.00686341875 0.02606060625 0.0027453671874999998 0.0018181812499999997 0 0.0006060609375 0.0003431703125 0.0496969703125 0.01201098125 0.050909090625 0.027796842187499997 0.044848484375 0.07275223125 0.05151515156249999 0.10192175781249999 0.0363636359375 0.11427590937500001 0.035151515625000004
0 0.939601921875 0.055151515625 0.9454358265625 0.0375757578125 0.9571036375 0.0472727265625 0.9653397390625 0.032727273437499996 0.9776938921875 0.031515151562499996 0.9927934109375001 0.041212121875 0.9996568296874999 0.050909090625 1 0.0006060609375 0.635209334375 0 0.631777625 0.0036363640625 0.6269732328125001 0 0.5892244343749999 0.008484848437500001 0.5734385718749999 0.00606060625 0.571379546875 0 0.5676046671874999 0.0006060609375 0.568291009375 0.029696970312499998 0.5741249140625 0.0206060609375 0.5816746734375 0.02181818125 0.5916266296875 0.03818181875 0.593342484375 0.0496969703125 0.6159917640625 0.04 0.646190803125 0.038787878125 0.6516815375 0.0424242421875 0.6674673984374999 0.04 0.6729581328124999 0.0496969703125 0.6818805765625 0.0424242421875 0.7004118046875 0.04 0.7237474265625 0.0424242421875 0.7457103640625 0.0521212125 0.77247769375 0.0533333328125 0.7807137953125001 0.044848484375 0.803363075 0.0496969703125 0.7961564859375 0.0345454546875 0.8095401515624999 0.0254545453125 0.8170899109375 0.0254545453125 0.8280713796875 0.033939393750000005 0.8445435828125 0.023030303125000002 0.8507206593750001 0.033939393750000005 0.85621139375 0.032727273437499996 0.8665065203125 0.04 0.8747426218750001 0.0303030296875 0.8809196984375 0.029090909375 0.8864104328125 0.0424242421875 0.8905284828125 0.031515151562499996 0.90013726875 0.0266666671875 0.9059711734375 0.03818181875 0.904598490625 0.06363636406249999 0.906657515625 0.06606060625 0.9090597125000001 0.0533333328125 0.914550446875 0.0533333328125 0.9162663 0.0745454546875 0.930679478125 0.08181818125 0.939601921875 0.0721212125 0.939601921875 0.055151515625
0 0.5312285515624999 0.0345454546875 0.527453671875 0.023030303125000002 0.518531228125 0.015757575 0.5137268359375 0.004848484375 0.49656829062499996 0.0024242421875 0.48146877187500003 0.0096969703125 0.4783802328125 0.017575757812500002 0.48043925937500004 0.0345454546875 0.487645846875 0.0436363640625 0.4962251203125 0.043030303125 0.5260809890625 0.041212121875 0.5312285515624999 0.0345454546875