1 0.74375 0.8203125 0.2140625 0.19921875
1 0.33984375 0.65390625 0.128125 0.15625
1 0.403125 0.403125 0.075 0.0546875
1 0.57421875 0.58359375 0.0890625 0.10703125
1 0.60859375 0.43984375 0.18125 0.06484375
1 0.69375 0.35546875 0.16796875 0.07890625
1 0.39765625 0.3265625 0.09375 0.075
1 0.3671875 0.5 0.078125 0.13125
1 0.390625 0.2140625 0.0484375 0.059375
0 0.0209677421875 0.40126939375 0.023790321875 0.3709449921875 0.0350806453125 0.36812411875 0.0552419359375 0.380818053125 0.0681451609375 0.3709449921875 0.0786290328125 0.3709449921875 0.10322580625 0.3434414671875 0.10483870937499999 0.3279266578125 0.1125 0.3102961921875 0.136290321875 0.287023978125 0.14758064531249998 0.251763046875 0.15806451562499998 0.23342736249999999 0.15443548437500002 0.22425952031250002 0.1399193546875 0.22566995781250002 0.1306451609375 0.216502115625 0.129838709375 0.20239774375000003 0.1338709671875 0.1939351203125 0.133064515625 0.17700987343750002 0.136290321875 0.165726375 0.1447580640625 0.15796897031249998 0.1616935484375 0.16502115625 0.176209678125 0.1622002828125 0.1870967734375 0.1431593796875 0.195564515625 0.0888575453125 0.1665322578125 0.084626234375 0.135887096875 0.0550070515625 0 0.0613540203125 0.0008064515624999999 0.453455571875 0.025 0.43229901249999997 0.0209677421875 0.40126939375
0 0.6125 0 0.611290321875 0.0091678421875 0.6209677421875 0.0260930890625 0.6669354843749999 0.00070521875 0.6125 0
0 0.948790321875 0.014104371874999999 0.957661290625 0.018335684375 0.9616935484375 0.002820875 0.9729838703125001 0.019746121875 0.9810483874999999 0.0098730609375 0.9814516125000001 0.020451340625 0.9866935484375 0.022566995312499998 0.9891129031249999 0.0084626234375 0.992338709375 0.018335684375 0.9995967734375 0.021156557812499997 1 0.0035260937499999997 0.9842741937499999 0 0.9802419359375 0.007052185937499999 0.9729838703125001 0 0.691935484375 0.00070521875 0.7334677421875 0.0042313109375 0.7375 0.014104371874999999 0.745564515625 0.0042313109375 0.7463709671875 0.015514809374999999 0.7568548390625 0.022566995312499998 0.7633064515625 0.021156557812499997 0.7681451609375001 0.007052185937499999 0.7883064515625 0.0014104375 0.8358870968750001 0.0056417484375 0.8592741937499999 0.012693934374999999 0.873790321875 0.025387870312499998 0.911290321875 0.0303244 0.9399193546875001 0.026798307812499998 0.948790321875 0.014104371874999999
0 0 0.9936530328125001 0.0520161296875 0.9957686890625 0.051612903125 0.9767277859375 0.04677419375 0.9696756000000001 0.045161290625 0.9555712265625 0.047580645312499996 0.93582510625 0.0625 0.9196050781249999 0.0770161296875 0.9181946406250001 0.09677419375 0.947108603125 0.088709678125 0.9753173484375001 0.091935484375 0.9880112828125001 0.088709678125 0.9950634703125001 0.1129032265625 0.99647390625 0.12217741875000002 0.9873060656250001 0.1318548390625 0.9887165015624999 0.1350806453125 0.9957686890625 0.13467741875 0.9880112828125001 0.1375 0.985895628125 0.139112903125 0.9957686890625 0.1447580640625 0.9957686890625 0.1504032265625 0.9873060656250001 0.1665322578125 0.9929478140624999 0.1689516125 0.9873060656250001 0.20040322656249998 0.984485190625 0.2318548390625 0.985895628125 0.23588709687499998 0.9915373765625001 0.24072580625 0.9887165015624999 0.2431451609375 0.9957686890625 0.24637096718749998 0.9873060656250001 0.25040322656249997 0.9957686890625 0.2616935484375 0.9873060656250001 0.26733870937500004 0.9943582515625 0.270564515625 0.9873060656250001 0.2745967734375 0.9915373765625001 0.2866935484375 0.9830747531249999 0.29072580625 0.9915373765625001 0.2935483875 0.9880112828125001 0.28911290312500004 0.9746121296875 0.282661290625 0.97038081875 0.25362903281250004 0.9689703812499999 0.254838709375 0.954160790625 0.25927419375 0.953455571875 0.26209677343750004 0.947108603125 0.2600806453125 0.9449929484374999 0.251209678125 0.9421720734375001 0.248387096875 0.947108603125 0.25080645156250003 0.9668547249999999 0.2439516125 0.97038081875 0.23629032187500001 0.9668547249999999 0.2379032265625 0.954160790625 0.2431451609375 0.953455571875 0.24435483906250002 0.9456981671875001 0.23588709687499998 0.9407616359375 0.2322580640625 0.9612129765624999 0.23467741874999998 0.9668547249999999 0.22862903281250002 0.9689703812499999 0.22338709687499997 0.9668547249999999 0.23064516093749998 0.9626234124999999 0.22258064531250002 0.954160790625 0.22661290312500001 0.9456981671875001 0.21209677343750002 0.9400564171875001 0.21491935468749998 0.9322990125 0.22177419375000001 0.93441466875 0.2241935484375 0.9203102968750001 0.2177419359375 0.914668546875 0.2185483875 0.8977432999999999 0.22177419375000001 0.8921015515624999 0.2177419359375 0.8864598031250001 0.2185483875 0.8723554296874999 0.22822580625 0.86530324375 0.2072580640625 0.8582510578125 0.21572580624999999 0.8575458390625 0.2229838703125 0.8462623406249999 0.22782258125000002 0.8519040906249999 0.2310483875 0.8406205921875 0.23709677343750002 0.8511988718750001 0.23709677343750002 0.8441466859375 0.24193548437499998 0.8370945000000001 0.23629032187500001 0.8300423125 0.24233870937500002 0.8236953453125 0.216935484375 0.817348378125 0.23306451562500002 0.8088857546874999 0.24112903281250003 0.783497884375 0.23467741874999998 0.7750352609375 0.2354838703125 0.7693935125 0.23991935468749997 0.76727785625 0.2439516125 0.7729196046875 0.2491935484375 0.7637517625 0.254838709375 0.7411847671875 0.25282258125 0.7362482375 0.2084677421875 0.7348378 0.1834677421875 0.7418899859375 0.1745967734375 0.7390691109375 0.1729838703125 0.7277856140625001 0.1697580640625 0.7390691109375 0.1415322578125 0.7433004234375 0.1338709671875 0.7581100140625 0.1338709671875 0.7764456984375 0.123387096875 0.8258110015625 0.11653225781250001 0.8293370937500001 0.11370967812499999 0.815937940625 0.1290322578125 0.7637517625 0.133064515625 0.7595204515625 0.133064515625 0.7425952046875001 0.1395161296875 0.714386459375 0.1439516125 0.7094499296875 0.157661290625 0.7108603671875 0.1616935484375 0.7052186171875 0.16491935468750002 0.7150916781250001 0.17016129062500002 0.7073342734375 0.17016129062500002 0.66502115625 0.1689516125 0.6600846265625 0.1620967734375 0.6593794078124999 0.1677419359375 0.6466854718749999 0.166935484375 0.6241184765625001 0.1604838703125 0.6100141046875 0.166935484375 0.60014104375 0.1681451609375 0.5895627640625001 0.182661290625 0.5881523265624999 0.1935483875 0.5789844859375 0.1879032265625 0.5 0.173387096875 0.480253878125 0.17419354843749998 0.46755994375 0.1850806453125 0.45133991562500003 0.20443548437499998 0.4555712265625 0.20887096718749998 0.4407616359375 0.2197580640625 0.42736248281250006 0.23830645156250002 0.4386459796875 0.2447580640625 0.416078984375 0.2552419359375 0.41466854687500004 0.263709678125 0.42524682656249996 0.26532258125 0.4407616359375 0.273790321875 0.4456981671875 0.27661290312500003 0.453455571875 0.260887096875 0.45698166406249996 0.2572580640625 0.46614950625 0.25967741875 0.5973201687499999 0.25604838750000003 0.6036671375 0.25 0.5973201687499999 0.248387096875 0.453455571875 0.24233870937500002 0.452750353125 0.2274193546875 0.4746121296875 0.2274193546875 0.5112834984375 0.23387096718749997 0.587447109375 0.2302419359375 0.6107193234375 0.22177419375000001 0.5973201687499999 0.22338709687499997 0.5733427359375 0.2177419359375 0.48448519062499995 0.2084677421875 0.4682651625 0.2040322578125 0.46897038125 0.2024193546875 0.480253878125 0.1959677421875 0.4901269390625 0.1959677421875 0.5 0.2056451609375 0.5973201687499999 0.20040322656249998 0.6121297609374999 0.1915322578125 0.5937940765625 0.17580645156250002 0.619887165625 0.18104838750000002 0.685472496875 0.1875 0.6755994359375 0.2125 0.6784203109375 0.2310483875 0.6643159375 0.24072580625 0.6643159375 0.2552419359375 0.6417489421875 0.2661290328125 0.6325811 0.2556451609375 0.6241184765625001 0.257661290625 0.6093088859375 0.2866935484375 0.6036671375 0.2947580640625 0.6107193234375 0.3 0.5902679828124999 0.29435483906250004 0.583215796875 0.3 0.5719322984375 0.31330645156250003 0.5712270796875 0.3258064515625 0.550775740625 0.3290322578125 0.497179125 0.3258064515625 0.480253878125 0.326612903125 0.43935119843750003 0.3415322578125 0.43441466875 0.35322580625 0.41255289062499995 0.34838709687499997 0.40267983125000006 0.35 0.3716502109375 0.34435483906250003 0.351904090625 0.34677419375 0.33356840625 0.34435483906250003 0.3124118484375 0.34838709687499997 0.2898448515625 0.3584677421875 0.283497884375 0.361290321875 0.2757404796875 0.3572580640625 0.2545839203125 0.35967741875 0.24047954843750002 0.3556451609375 0.23483779999999999 0.358064515625 0.2108603671875 0.379838709375 0.1784203109375 0.379838709375 0.17136812343750002 0.3770161296875 0.1622002828125 0.3649193546875 0.16361071875 0.3620967734375 0.1586741890625 0.36532258125 0.15162200312500002 0.3616935484375 0.148095909375 0.35685483906250004 0.16502115625 0.3495967734375 0.15937940781249998 0.35161290312500004 0.15162200312500002 0.34838709687499997 0.1403385046875 0.35241935468749996 0.12200282031250001 0.345564515625 0.115655853125 0.3415322578125 0.1311706625 0.3379032265625 0.1248236953125 0.3379032265625 0.11071932343749999 0.332661290625 0.10296191875 0.3165322578125 0.1057827921875 0.3068548390625 0.09308885781250001 0.2975806453125 0.0980253875 0.2959677421875 0.06699576874999999 0.31532258125 0.0345557125 0.314112903125 0 0.2774193546875 0.00211565625 0.2814516125 0.0373765875 0.2758064515625 0.0585331453125 0.2685483875 0.06840620625 0.263709678125 0.0952045140625 0.251612903125 0.10930888593750002 0.2524193546875 0.13187588125 0.2459677421875 0.1600846265625 0.2395161296875 0.165726375 0.23427419375 0.18617771562500002 0.22661290312500001 0.1925246828125 0.2258064515625 0.2263751765625 0.2125 0.23272214375 0.2084677421875 0.248236953125 0.20040322656249998 0.22566995781250002 0.188709678125 0.24330042343749997 0.1790322578125 0.28138222812499997 0.188709678125 0.3095909734375 0.18104838750000002 0.313117065625 0.1770161296875 0.3215796890625 0.166935484375 0.32228490781249997 0.1661290328125 0.33638928125 0.160887096875 0.3385049359375 0.154838709375 0.3561354015625 0.161290321875 0.364598025 0.161290321875 0.37588152343750003 0.1536290328125 0.36671368125 0.141935484375 0.39703808125 0.1435483875 0.47179125468749994 0.1415322578125 0.4753173484375 0.1395161296875 0.46897038125 0.1395161296875 0.4435825109375 0.1334677421875 0.41325810937499996 0.1241935484375 0.44922425937500005 0.10967741875 0.48166431562499995 0.1072580640625 0.497179125 0.11733870937499999 0.50352609375 0.12258064531249999 0.514104371875 0.1185483875 0.546544428125 0.11008064531249999 0.5543018328125 0.0979838703125 0.551480959375 0.09475806406250001 0.5585331453125 0.0866935484375 0.551480959375 0.0834677421875 0.5543018328125 0.0741935484375 0.583215796875 0.062096773437499996 0.6043723546875001 0.0560483875 0.6318758812499999 0.045564515625 0.6375176296875 0.026209678125000004 0.63328631875 0.0116935484375 0.6586741890625001 0 0.6565585328125 0 0.9104372359375 0.0032258062499999998 0.918899859375 0 0.9259520453125001 0 0.9936530328125001
0 0 0.8977432999999999 0.0056451609375 0.918899859375 0 0.9428772921874999 0.0004032265625 0.9957686890625 0.0504032265625 0.9943582515625 0.052419354687499996 0.982369534375 0.045161290625 0.9598025390625 0.047580645312499996 0.93300423125 0.067338709375 0.9181946406250001 0.07540322656250001 0.9181946406250001 0.09596774218750001 0.947108603125 0.0895161296875 0.9950634703125001 0.0979838703125 0.997179125 0.676209678125 0.9985895625 0.6866935484375001 0.9901269390625 0.6899193546875 0.997179125 0.7649193546874999 0.9957686890625 0.7689516125 0.9915373765625001 0.7713709671875 0.997179125 0.8129032265625 0.99788434375 0.8221774187499999 0.9957686890625 0.8274193546875 0.9880112828125001 0.8217741937499999 0.9555712265625 0.8241935484375 0.9414668546874999 0.8161290328125 0.93300423125 0.8258064515625 0.9245416078125 0.8318548390625 0.8702397749999999 0.8379032265624999 0.879407615625 0.8379032265624999 0.9104372359375 0.8508064515625 0.9414668546874999 0.858064515625 0.9710860359375 0.8504032265625 0.9788434421875 0.8302419359375 0.9830747531249999 0.8282258062500001 0.9894217203125001 0.8310483874999999 0.9957686890625 1 0.9950634703125001 0.9995967734375 0.66854725 0.995161290625 0.67066290625 0.9931451609374999 0.6826516218750001 0.9875 0.6826516218750001 0.9826612906250001 0.6713681234375 0.9778225812500001 0.6713681234375 0.9689516125000001 0.6812411843749999 0.9560483874999999 0.6826516218750001 0.8947580640625 0.679830746875 0.8197580640625001 0.6911142453125 0.7689516125 0.6897038078125 0.7616935484375 0.7052186171875 0.7560483875 0.69957686875 0.7504032265625 0.7108603671875 0.67217741875 0.7136812406249999 0.6709677421875 0.7214386453125 0.6745967734375 0.7348378 0.6786290328125 0.72919605 0.6810483875 0.7348378 0.6866935484375001 0.7306064875 0.69072580625 0.7348378 0.698790321875 0.7263751765625 0.726209678125 0.716502115625 0.75282258125 0.72919605 0.7568548390625 0.7235543015625 0.7649193546874999 0.7249647390625 0.7689516125 0.7376586734374999 0.7770161296875 0.7404795484375 0.7850806453125 0.72919605 0.7959677421875 0.7284908328124999 0.7947580640624999 0.7221438640625 0.789112903125 0.7235543015625 0.789112903125 0.719322990625 0.7963709671875 0.719322990625 0.7967741937499999 0.7270803953125 0.8020161296874999 0.7306064875 0.8008064515625 0.718617771875 0.8036290328125 0.7136812406249999 0.80927419375 0.717912553125 0.8213709671875 0.7122708046875 0.8310483874999999 0.719322990625 0.8358870968750001 0.7136812406249999 0.839112903125 0.7221438640625 0.8443548390625001 0.7214386453125 0.8443548390625001 0.7581100140625 0.85 0.7750352609375 0.84677419375 0.779266571875 0.84677419375 0.7905500703125 0.85 0.79619181875 0.8508064515625 0.817348378125 0.8439516125000001 0.8420310296875 0.8161290328125 0.8441466859375 0.8193548390625001 0.8751763046875001 0.8129032265625 0.8921015515624999 0.8125 0.9026798312500001 0.789112903125 0.9097320171875 0.7689516125 0.9069111421875 0.7584677421875 0.912552890625 0.7213709671874999 0.912552890625 0.6963709671875 0.9252468265625 0.6786290328125 0.9181946406250001 0.6669354843749999 0.885049365625 0.6556451609375 0.8060648796875001 0.6491935484375 0.79619181875 0.6475806453125 0.779266571875 0.6342741937499999 0.77009873125 0.6306451609375 0.7623413265625001 0.64032258125 0.7411847671875 0.6459677421875 0.714386459375 0.629435484375 0.7066290546875 0.49395161249999997 0.717912553125 0.47217741875 0.72919605 0.4229838703125 0.7306064875 0.41975806406249994 0.7404795484375 0.41572580625000005 0.7277856140625001 0.34072580625 0.732016925 0.3125 0.7390691109375 0.28911290312500004 0.7390691109375 0.2689516125 0.732016925 0.2584677421875 0.7362482375 0.2556451609375 0.7566995765625 0.2520161296875 0.7616361078125 0.251612903125 0.7397743296875 0.248790321875 0.7334273625 0.1568548390625 0.7418899859375 0.14314516093750002 0.747531734375 0.13709677343749999 0.7566995765625 0.12379032187500001 0.83215796875 0.114112903125 0.8307475312499999 0.11008064531249999 0.813822284375 0.1068548390625 0.8222849078125 0.09072580625 0.813822284375 0.0883064515625 0.8025387875 0.0854838703125 0.8046544421874999 0.082661290625 0.8265162203124999 0.060887096875000005 0.8251057828125001 0.056451612500000005 0.815937940625 0.0645161296875 0.7990126937500001 0.0806451609375 0.7905500703125 0.0709677421875 0.782087446875 0.067338709375 0.7602256703125 0.064112903125 0.7715091671875001 0.0520161296875 0.7785613546875 0.039112903125 0.7757404796875 0.0350806453125 0.7827926656249999 0.007661290625 0.779971790625 0.004435484375 0.7898448515625 0 0.7919605078124999 0 0.8977432999999999
0 1 0.1643159375 0.9729838703125001 0.15937940781249998 0.9552419359375 0.1368124125 0.9383064515624999 0.129760225 0.9068548390625001 0.1311706625 0.9020161296874999 0.1255289140625 0.8165322578125 0.129760225 0.795564515625 0.12270803906250001 0.7294354843749999 0.12270803906250001 0.7302419359375001 0.129760225 0.7536290328125 0.1368124125 0.7661290328125 0.16290549999999998 0.7709677421875 0.18829337031249999 0.7854838703125 0.2094499296875 0.7850806453125 0.214386459375 0.7762096781250001 0.215796896875 0.773387096875 0.232016925 0.7689516125 0.23836389218749998 0.7221774187500001 0.22002820937499998 0.720564515625 0.25669957656250003 0.7060483875 0.2581100140625 0.7020161296875 0.2736248234375 0.6895161296875 0.2757404796875 0.7060483875 0.3088857546875 0.7181451609375 0.30465444218750004 0.7197580640625 0.3102961921875 0.745564515625 0.3088857546875 0.7568548390625 0.314527503125 0.763709678125 0.347672778125 0.7774193546875 0.3617771515625 0.77822580625 0.387165021875 0.7745967734375 0.40056417499999997 0.7161290328125001 0.4055007046875 0.7318548390624999 0.44710860312499995 0.75 0.44640338437500005 0.7495967734375 0.4555712265625 0.738709678125 0.4605077578125 0.7395161296875 0.49435825156249996 0.733064515625 0.5014104374999999 0.736290321875 0.5042313109375 0.7370967734375 0.519746121875 0.7520161296875 0.520451340625 0.7754032265624999 0.5430183359375 0.8334677421875 0.5444287734375 0.842338709375 0.5303244 0.8745967734375 0.5303244 0.8891129031249999 0.5345557125 0.8915322578125 0.5430183359375 0.89677419375 0.5451339921875 0.9100806453124999 0.5430183359375 0.9120967734375001 0.5282087453125001 0.90322580625 0.49435825156249996 0.883064515625 0.4605077578125 0.8842741937499999 0.4386459796875 0.8895161296874999 0.4407616359375 0.8939516125000001 0.45698166406249996 0.9100806453124999 0.4654442875 0.9197580640625 0.46121297656250004 0.9286290328125 0.43441466875 0.9520161296874999 0.43582510625 0.95927419375 0.4428772921875 0.9709677421875 0.46614950625 0.9649193546875001 0.4894217203125 0.9399193546875001 0.4894217203125 0.9302419359374999 0.47108603593750004 0.9213709671875 0.47390691093750004 0.9201612906250001 0.480253878125 0.929838709375 0.5098730609375 0.9411290328125 0.5239774328125 0.9443548390625001 0.5409026796874999 0.9504032265625 0.5444287734375 0.9770161296875 0.5430183359375 0.979838709375 0.5352609312500001 0.9729838703125001 0.5331452750000001 0.9693548390625001 0.5239774328125 0.9729838703125001 0.5105782796875 0.9770161296875 0.516220028125 0.9810483874999999 0.5091678421875 0.9883064515625 0.5091678421875 0.9907258062500001 0.516220028125 1 0.5211565578124999 1 0.44640338437500005 0.9794354843749999 0.43300423125 0.9822580640625 0.418194640625 0.9729838703125001 0.4118476734375 0.9709677421875 0.39844851875 0.9649193546875001 0.3892806765625 0.9512096781249999 0.383638928125 0.939112903125 0.40479548593750003 0.8979838703125 0.40761636093750003 0.8745967734375 0.3779971796875 0.8560483874999999 0.3723554296875 0.8508064515625 0.364598025 0.8524193546875001 0.347672778125 0.8568548390625 0.34414668593750003 0.8592741937499999 0.351198871875 0.8633064515625 0.346967559375 0.863709678125 0.33638928125 0.8677419359374999 0.32933709375000003 0.8620967734375 0.2559943578125 0.867338709375 0.24118476718749998 0.873790321875 0.23695345625000003 0.9504032265625 0.22990126875 0.99717741875 0.212976021875 1 0.20662905468749998 1 0.1643159375
0 0.8697580640625 0.6784203109375 0.873387096875 0.66925246875 0.870161290625 0.6424541609375 0.8725806453124999 0.6241184765625001 0.8693548390625001 0.617066290625 0.8834677421875 0.6008462625 0.8870967734375 0.60155148125 0.8935483874999999 0.6227080390624999 0.8911290328125 0.6565585328125 0.8931451609375 0.6770098734375 0.9770161296875 0.6741889984375 0.9810483874999999 0.679830746875 0.9907258062500001 0.6699576875 0.9995967734375 0.679830746875 1 0.553596615625 0.901209678125 0.5557122703124999 0.876209678125 0.579689703125 0.8310483874999999 0.5768688296875 0.8278225812500001 0.5881523265624999 0.8229838703125001 0.583921015625 0.8133064515624999 0.6078984484375 0.7770161296875 0.613540196875 0.7729838703125 0.6050775734375 0.7661290328125 0.6622002828125 0.7661290328125 0.683356840625 0.7681451609375001 0.6911142453125 0.7709677421875 0.6904090265625 0.7979838703125 0.6812411843749999 0.8697580640625 0.6784203109375
0 0.7104838703125 0.28138222812499997 0.7133064515624999 0.2750352609375 0.7181451609375 0.2764456984375 0.7209677421875 0.26586741875 0.7189516125 0.253878703125 0.7020161296875 0.2595204515625 0.701612903125 0.247531734375 0.7181451609375 0.2440056421875 0.7221774187500001 0.252468265625 0.7241935484375001 0.22496473906249997 0.7137096781250001 0.165726375 0.7068548390625 0.1565585328125 0.6935483875 0.1544428765625 0.69032258125 0.120592384375 0.6858870968749999 0.11283497812500001 0.6447580640624999 0.11283497812500001 0.6076612906250001 0.1057827921875 0.539112903125 0.11424541562499999 0.5100806453125 0.11283497812500001 0.49475806406249995 0.1057827921875 0.445564515625 0.1086036671875 0.43629032187499994 0.117771509375 0.44475806406249996 0.12270803906250001 0.4520161296875 0.135401975 0.45685483906249996 0.117066290625 0.4604838703125 0.120592384375 0.45967741875 0.13187588125 0.4689516125 0.1368124125 0.4697580640625 0.1452750359375 0.4850806453125 0.1452750359375 0.48870967812500005 0.1558533140625 0.4870967734375 0.185472496875 0.5060483875 0.1875881515625 0.510887096875 0.20874471093750002 0.5302419359375 0.20310296249999998 0.5560483875 0.20874471093750002 0.56572580625 0.217207334375 0.5729838703125 0.20874471093750002 0.5866935484375 0.20592383593750002 0.6229838703125 0.20592383593750002 0.6286290328125 0.2101551484375 0.6306451609375 0.215091678125 0.62782258125 0.23695345625000003 0.62217741875 0.23977432968749998 0.6197580640625 0.23413258125 0.5943548390625 0.246121296875 0.6088709671875 0.2743300421875 0.6068548390624999 0.28490832187500004 0.5931451609375 0.28772919531249996 0.5947580640625 0.2933709453125 0.6245967734375 0.2933709453125 0.6274193546875 0.28843441406250003 0.62782258125 0.2693935125 0.6302419359375 0.28490832187500004 0.69072580625 0.282087446875 0.695564515625 0.2947813828125 0.7056451609375001 0.298307475 0.711290321875 0.2954866015625 0.7104838703125 0.28138222812499997
0 0.4439516125 0.184767278125 0.4560483875 0.184767278125 0.4604838703125 0.179830746875 0.4604838703125 0.1586741890625 0.4665322578125 0.1452750359375 0.482661290625 0.146685471875 0.483064515625 0.13328631875000002 0.4681451609375 0.1325811 0.467338709375 0.11283497812500001 0.4520161296875 0.1057827921875 0.420564515625 0.1114245421875 0.41653225781250003 0.117066290625 0.41169354843750006 0.11283497812500001 0.366935484375 0.116361071875 0.3616935484375 0.20310296249999998 0.3697580640625 0.20028208749999998 0.37217741875 0.1904090265625 0.3834677421875 0.18053596562500002 0.4125 0.1791255296875 0.41532258125 0.184062059375 0.41572580625000005 0.2045133984375 0.43709677343750003 0.2094499296875 0.44435483906249995 0.19534555781250001 0.4439516125 0.184767278125
0 0.51532258125 0.39139633281249997 0.5181451609375001 0.383638928125 0.523387096875 0.39139633281249997 0.5225806453125 0.39844851875 0.526612903125 0.39844851875 0.525 0.3660084625 0.5290322578125 0.347672778125 0.5427419359375001 0.3265162203125 0.5475806453125001 0.3095909734375 0.5415322578125 0.2933709453125 0.5209677421875 0.28420310312499997 0.52217741875 0.2722143859375 0.53427419375 0.27080395 0.53427419375 0.2651622 0.50282258125 0.25669957656250003 0.44637096718749997 0.2637517625 0.44354838750000003 0.247531734375 0.448387096875 0.24188998593750002 0.448387096875 0.22496473906249997 0.45927419374999995 0.20733427343750002 0.46532258125 0.20662905468749998 0.45766129062500005 0.20592383593750002 0.44879032187499995 0.1946403390625 0.4229838703125 0.1918194640625 0.41975806406249994 0.19746121249999998 0.41572580625000005 0.1918194640625 0.41572580625000005 0.20733427343750002 0.4318548390625 0.2115655859375 0.43790322656249997 0.22214386406250003 0.4334677421875 0.22990126875 0.42217741875000003 0.22849083281250002 0.404435484375 0.23977432968749998 0.37580645156250003 0.2447108609375 0.3770161296875 0.27785613593749997 0.38104838750000003 0.2722143859375 0.38427419375 0.282087446875 0.3963709671875 0.286318759375 0.4350806453125 0.2891396328125 0.44112903281250004 0.3236953453125 0.4395161296875 0.33074753125 0.44637096718749997 0.33709449999999996 0.44435483906249995 0.2997179125 0.46411290312500003 0.28490832187500004 0.48024193593750003 0.286318759375 0.4875 0.30183356875 0.4979838703125 0.30324400625000003 0.5040322578125 0.316643159375 0.5024193546875 0.33921015468750004 0.4770161296875 0.34132581093750003 0.475 0.35049365312499997 0.4866935484375 0.3455571234375 0.49879032187499994 0.352609309375 0.50322580625 0.3617771515625 0.504838709375 0.37870239843750003 0.5145161296875 0.40126939375 0.5177419359375001 0.39844851875 0.51532258125 0.39139633281249997
0 0.551209678125 0.5359661499999999 0.5875 0.547249646875 0.59072580625 0.520451340625 0.6197580640625 0.5260930890625 0.6479838703125 0.519040903125 0.6625 0.5232722140625 0.6697580640624999 0.5359661499999999 0.673790321875 0.5359661499999999 0.6770161296875 0.514809590625 0.7052419359375001 0.514809590625 0.7104838703125 0.5084626234375 0.7064516125 0.5014104374999999 0.7068548390625 0.49365303281250006 0.7213709671874999 0.49365303281250006 0.7225806453125 0.4605077578125 0.6858870968749999 0.45698166406249996 0.5350806453125 0.4654442875 0.5205645156250001 0.45980253906249996 0.514112903125 0.4287729203125 0.5116935484375 0.4400564171875 0.504435484375 0.4287729203125 0.49475806406249995 0.43018335625 0.49072580625000006 0.43723554375000007 0.4866935484375 0.43018335625 0.445564515625 0.4400564171875 0.42217741875000003 0.43723554375000007 0.42217741875000003 0.44851904062500003 0.408064515625 0.453455571875 0.4318548390625 0.4583921015625 0.451209678125 0.44710860312499995 0.46330645156249994 0.46403385 0.48427419374999997 0.4724964734375 0.4899193546875 0.49365303281250006 0.49959677343750003 0.49365303281250006 0.5104838703125 0.5042313109375 0.50967741875 0.5352609312500001 0.5145161296875 0.5423131171875 0.51532258125 0.5578279265625 0.52822580625 0.5606488015625 0.5350806453125 0.547249646875 0.551209678125 0.5359661499999999
0 0.426612903125 0.7073342734375 0.4241935484375 0.7002820875 0.42822580625000006 0.6875881515625 0.425 0.6791255296875 0.42620967812500005 0.665726375 0.43225806406249995 0.6664315937499999 0.4350806453125 0.6826516218750001 0.4399193546875 0.6727785609375 0.448387096875 0.6763046546875 0.45322580625000003 0.7002820875 0.448387096875 0.7073342734375 0.4504032265625 0.7094499296875 0.45927419374999995 0.7066290546875 0.48427419374999997 0.7122708046875 0.5883064515624999 0.7009873062499999 0.595161290625 0.6777150921875 0.595161290625 0.6537376593750001 0.59072580625 0.6403385046875 0.576209678125 0.63610719375 0.5495967734375 0.6389280671875001 0.53427419375 0.647390690625 0.529838709375 0.5902679828124999 0.5270161296875 0.583921015625 0.5036290328125 0.5881523265624999 0.4875 0.586741890625 0.4786290328125 0.5782792671875 0.46008064531250004 0.5782792671875 0.44193548437499997 0.5944992953125 0.439112903125 0.6248236953124999 0.4310483875 0.6064880109375 0.4064516125 0.6114245421875 0.4056451609375 0.6325811 0.3935483875 0.6622002828125 0.3943548390625 0.696050775 0.3895161296875 0.7129760218750001 0.39233870937500004 0.719322990625 0.4024193546875 0.720028209375 0.420564515625 0.7150916781250001 0.426612903125 0.7073342734375