1 0.83828125 0.6609375 0.24296875 0.33046875
1 0.27890625 0.53515625 0.209375 0.3234375
1 0.80546875 0.1296875 0.125 0.10703125
1 0.42421875 0.290625 0.0890625 0.10234375
1 0.709375 0.20234375 0.10234375 0.10703125
1 0.34921875 0.21328125 0.046875 0.09453125
1 0.4046875 0.93125 0.171875 0.12734375
1 0.12109375 0.29375 0.0671875 0.09609375
1 0.06796875 0.278125 0.05703125 0.08984375
1 0.68828125 0.1125 0.10390625 0.0765625
1 0.9296875 0.9234375 0.13984375 0.153125
1 0.5125 0.4515625 0.12734375 0.184375
1 0.07421875 0.6890625 0.1484375 0.43515625
1 0.740625 0.34453125 0.090625 0.0984375
1 0.08984375 0.2140625 0.0546875 0.06953125
1 0.57421875 0.30859375 0.10546875 0.0765625
1 0.65 0.3875 0.09765625 0.103125
1 0.16875 0.64609375 0.1546875 0.2625
1 0.18046875 0.27265625 0.04609375 0.08046875
1 0.28359375 0.2421875 0.04453125 0.06796875
1 0.49765625 0.15234375 0.0734375 0.0859375
1 0.61328125 0.21640625 0.0734375 0.08046875
1 0.66875 0.27421875 0.0859375 0.08046875
1 0.57421875 0.41328125 0.09140625 0.121875
1 0.55703125 0.12734375 0.0671875 0.06953125
1 0.30859375 0.19453125 0.034375 0.04609375
1 0.2890625 0.178125 0.04140625 0.0421875
1 0.0515625 0.1546875 0.04609375 0.04140625
1 0.0875 0.13046875 0.0296875 0.03984375
0 0 0.9945322000000001 0.00200114375 0.9963548 0.281017725 0.9951397328124999 0.2824471125 0.9738760624999999 0.2887364203125 0.9678007296875 0.288164665625 0.95078979375 0.2927387078125 0.9337788578125 0.28987993125 0.8329283109375 0.2941680953125 0.82989064375 0.306460834375 0.8584447140625 0.3110348765625 0.92284325625 0.3147512859375 0.942891859375 0.31818181874999996 0.942891859375 0.3247570046875 0.9216281890625 0.3324757 0.9100850546875 0.34162378437499996 0.9088699874999999 0.3542024015625 0.9222357234375 0.419954259375 0.86512758125 0.467981703125 0.933171325 0.47341337968749997 0.9483596593750001 0.47341337968749997 0.9702308625 0.4582618640625 0.9927095984375001 0.5328759296875 0.9957472656249999 0.5671812468749999 0.992102065625 0.5606060609375 0.9756986640624999 0.546312178125 0.958687728125 0.53716409375 0.9599027953125001 0.531446540625 0.933171325 0.51829616875 0.9258809234375001 0.5137221265624999 0.9088699874999999 0.5014293875 0.8985419203125 0.49771297812500004 0.879708384375 0.455117209375 0.8159173750000001 0.45540308749999997 0.8031591734375001 0.46397941718749997 0.80194410625 0.466552315625 0.7952612390625 0.4676958265625 0.7600243015625 0.46598056093749995 0.7381530984375 0.4508290453125 0.7010935593750001 0.4362492859375 0.693195625 0.44053745 0.6755771562499999 0.4505431671875 0.6676792218750001 0.44997141249999995 0.6494532203125 0.45254431093749997 0.6415552859375 0.4582618640625 0.6391251515625 0.46683819375 0.64398541875 0.47198399062499996 0.6342648843750001 0.4805603203125 0.6330498171875 0.486849628125 0.6476306203125 0.4951400796875 0.6530984203125 0.4951400796875 0.6616038875 0.4859919953125 0.6822600249999999 0.48141795312499996 0.7004860265625 0.47627215625 0.7308626968749999 0.47627215625 0.7758201703125 0.4797026875 0.794046171875 0.48656375 0.8013365734375 0.48484848437499994 0.806196840625 0.4859919953125 0.8171324421874999 0.49085191562499997 0.8250303765625 0.49285305937499996 0.8183475093749999 0.49399656875 0.7345078984375 0.502287021875 0.7168894296875 0.5248713546875 0.693195625 0.5231560890625 0.6336573515625 0.51143510625 0.6172539484375 0.4954259578125 0.6099635484375 0.4957118359375 0.5959902796875001 0.50343053125 0.5820170109375 0.5148656375 0.5808019437499999 0.5257289875 0.555285540625 0.5343053171875 0.5601458078125 0.553744996875 0.5504252734375 0.5608919375 0.5607533421875 0.56146369375 0.5923450796874999 0.5660377359375001 0.61057108125 0.566609490625 0.6239368171875 0.56289308125 0.6306196843749999 0.5491709546875 0.626974484375 0.5417381359375 0.6306196843749999 0.5351629499999999 0.6421628187499999 0.5328759296875 0.7284325640625 0.5391652375 0.7490886999999999 0.5397369921874999 0.76123936875 0.5377358484375 0.7715674359375 0.5337335624999999 0.772782503125 0.5257289875 0.7654921015625 0.5180102921875 0.7770352375 0.5157232703125 0.8620899156249999 0.531446540625 0.88942891875 0.5846197828124999 0.9574726609375 0.588907946875 0.9422843249999999 0.5920526015625 0.8590522484375 0.598341909375 0.8590522484375 0.5991995421875 0.8669501828125 0.59519725625 0.87910085 0.5957690109375 0.9277035234375001 0.6086335046875 0.9137302546875 0.611778159375 0.9021871203125 0.6089193828125 0.8390036453124999 0.5940537453125 0.7952612390625 0.5946255 0.7843256375000001 0.6023441968750001 0.77035236875 0.6355060031249999 0.7618469015625 0.6406518015625 0.7654921015625 0.6469411093749999 0.784933171875 0.6526586625 0.788578371875 0.7109777015625001 0.7934386390625 0.725271584375 0.7873633046874999 0.7392795890625 0.7673147015625 0.7392795890625 0.7588092343749999 0.7275586046875 0.7363304984375 0.7126929671875 0.7253948968749999 0.68582046875 0.6925880921875 0.67495711875 0.6865127578125 0.6715265859375 0.678007290625 0.6629502578124999 0.6755771562499999 0.65608919375 0.6646415546875 0.64665523125 0.6579586875000001 0.641509434375 0.6336573515625 0.64665523125 0.6239368171875 0.6480846203125 0.60510328125 0.6518010296875001 0.6057108140625 0.6500857640625 0.616646415625 0.6518010296875001 0.6251518828125 0.6589479703125 0.6354799515625 0.6755288734375 0.6318347515625 0.678673528125 0.6190765484375 0.678673528125 0.5522478734375 0.6663807890625 0.5346294046875 0.6512292734375 0.5267314703125 0.6552315609375 0.509720534375 0.6623785015625 0.4981774 0.6738136078125 0.49574726562500004 0.6812464265625 0.47995139687500005 0.689251 0.47387606250000003 0.7075471703125 0.4775212640625 0.7124070890625 0.48420413125 0.7129788453125 0.49270959843749995 0.7072612921875 0.5085054671875 0.7106918234374999 0.5255164031249999 0.7106918234374999 0.5388821390625 0.6932532874999999 0.5504252734375 0.6889651234375 0.5656136093749999 0.689536878125 0.63851761875 0.6906803890625001 0.6494532203125 0.6943967984375 0.6549210203125 0.696969696875 0.6421628187499999 0.69525443125 0.6093560140625 0.7021154953125001 0.6008505468750001 0.696969696875 0.5911300125000001 0.696969696875 0.58262454375 0.7032590046875 0.5753341437499999 0.70268725 0.5607533421875 0.7069754140625 0.5443499390625 0.7184105203125 0.5443499390625 0.7218410515625 0.5528554078125001 0.723270440625 0.549817740625 0.7272727265625 0.5352369375 0.7284162375000001 0.490279465625 0.732418525 0.49270959843749995 0.730131503125 0.5522478734375 0.7332761578125 0.5601458078125 0.7738707828125 0.5249088703125 0.7847341343750001 0.523693803125 0.7887364203125 0.5164034015625 0.79731275 0.5151883359375 0.8010291593750001 0.5012150671875 0.7987421390625 0.45868772812499997 0.8001715265625 0.42891859062500004 0.8127501421875 0.43134872343749997 0.81818181875 0.442891859375 0.8170383078125001 0.46719319531250003 0.81417953125 0.474483596875 0.81417953125 0.48663426562499995 0.8176100625 0.5 0.8078902234375 0.51944106875 0.8073184671875 0.5364520046875 0.8093196109375 0.543134871875 0.816180675 0.5528554078125001 0.8430531734375 0.5698663421875 0.8487707265625 0.5795868765625001 0.8762149796875001 0.5965978125 0.9105202968749999 0.626974484375 0.923384790625 0.6251518828125 0.918524871875 0.6075334140625 0.9005145796875 0.588699878125 0.8970840484375 0.5680437421875 0.88993710625 0.5492102062499999 0.8756432249999999 0.539489671875 0.8687821609374999 0.5285540703125 0.8630646078125 0.5297691375 0.8447684390625 0.5139732687499999 0.8321898234375 0.5091130015625 0.82161235 0.49635480000000004 0.823327615625 0.48055893125000004 0.827044025 0.4775212640625 0.8413379078125001 0.48116646406249997 0.8579188109375 0.4945322 0.8610634640624999 0.49149453281250005 0.8639222406249999 0.433171325 0.8684962828125 0.3942891859375 0.8670668953125 0.38760631874999996 0.8384791312500001 0.393681653125 0.8207547171874999 0.4046172546875 0.8061749578124999 0.4003645203125 0.8276157796874999 0.3900364515625 0.8316180671875 0.37545565000000003 0.8481989703125 0.3584447140625 0.8576329328125001 0.3347509109375 0.856489421875 0.317739975 0.8493424812500001 0.3134872421875 0.8041738140625 0.3365735109375 0.7887364203125 0.3353584453125 0.7844482562499999 0.3432563796875 0.7838765015625 0.355407046875 0.776729559375 0.37910085 0.7715837624999999 0.3742405828125 0.758433390625 0.3888213859375 0.74528301875 0.38274605156249997 0.7372784453125 0.39125151874999997 0.7218410515625 0.39489671875 0.702401371875 0.38760631874999996 0.700971984375 0.4100850546875 0.6869639796875 0.42648845625 0.67495711875 0.42891859062500004 0.6555174390625 0.4459295265625 0.60806175 0.4678007296875 0.6029159515625 0.476306196875 0.5571755281249999 0.5054678 0.5285877640625001 0.5321992703125 0.4971412234375 0.5346294046875 0.49170954843750003 0.5425273390625 0.49285305937499996 0.549817740625 0.49028015937499997 0.5565006078125 0.479416809375 0.555285540625 0.4696969703125 0.5601458078125 0.44396798125 0.5795868765625001 0.43882218437500004 0.57715674375 0.4296741 0.586877278125 0.39765580312500004 0.6038882140624999 0.3856489421875 0.614823815625 0.38050314531249996 0.62818955 0.36335048593749997 0.6330498171875 0.3610634640625 0.64398541875 0.353058890625 0.64034021875 0.3256146375 0.6609963546875 0.297598628125 0.6755771562499999 0.2944539734375 0.6822600249999999 0.2941680953125 0.693803159375 0.292166953125 0.6919805593749999 0.2924528296875 0.6828675578125 0.2833047453125 0.6865127578125 0.2798742140625 0.6925880921875 0.252429959375 0.693803159375 0.243281875 0.7023086265625 0.2387078328125 0.7168894296875 0.2295597484375 0.7253948968749999 0.1809605484375 0.7496962328125 0.17009719843749999 0.7618469015625 0.15465980625 0.7691373031250001 0.133504859375 0.7873633046874999 0.10205831875 0.8055893078125 0.085477415625 0.82260024375 0.062035448437499995 0.8359659781250001 0.0606060609375 0.8426488453125 0.06346483750000001 0.8657351156249999 0.06089193750000001 0.8760631828125 0.044311034375 0.8930741187500001 0.031732418750000005 0.8942891859375001 0.011149228125 0.9125151890625001 0 0.9106925875 0 0.9945322000000001
0 0.916523728125 0.49635480000000004 0.917953115625 0.4714459296875 0.9413950828125 0.47387606250000003 0.9439679812499999 0.4684082625 0.9439679812499999 0.450182259375 0.9365351625 0.440461725 0.9359634078125 0.42466585625000003 0.9313893656250001 0.4125151890625 0.9302458546875 0.4003645203125 0.923956546875 0.3942891859375 0.921955403125 0.381530984375 0.8950829046875001 0.3766707171875 0.8790737562500001 0.38274605156249997 0.875357346875 0.3918590515625 0.8770726124999999 0.4015795875 0.8747855921875001 0.427095990625 0.877358490625 0.4374240578125 0.883361921875 0.44167679218749994 0.8839336765624999 0.44896719375 0.879359634375 0.509720534375 0.8979416812500001 0.5224787359375 0.9045168671875 0.521871203125 0.9070897656250001 0.52126366875 0.916523728125 0.49635480000000004
0 0.1217838765625 0.474483596875 0.11606632343750001 0.450182259375 0.10606060625 0.4301336578125 0.10205831875 0.4277035234375 0.089479703125 0.434993925 0.074614065625 0.42891859062500004 0.0714694109375 0.433171325 0.0711835328125 0.44957472656249997 0.06689536874999999 0.43681652499999996 0.064608346875 0.450182259375 0.0737564328125 0.46719319531250003 0.075757575 0.47873633125000004 0.0997712984375 0.48116646406249997 0.1140651796875 0.5091130015625 0.1189251 0.513365734375 0.12292738750000001 0.49756986562499994 0.1217838765625 0.474483596875
0 0.49085191562499997 0.527339003125 0.49485420312499995 0.5297691375 0.4957118359375 0.5255164031249999 0.49028015937499997 0.523693803125 0.48856489375 0.5151883359375 0.47827329843750005 0.49939246718749997 0.46283590625000004 0.48481166406250004 0.45483133281250004 0.48238153125 0.4485420234375 0.4714459296875 0.42109777031249995 0.47509112968749995 0.4156660953125 0.48420413125 0.4150943390625 0.49878493281249997 0.41194968593750003 0.504252734375 0.3987993140625 0.5018226 0.3947970265625 0.48967193125 0.3799313890625 0.49574726562500004 0.3779302453125 0.5 0.37907375625 0.549817740625 0.381360778125 0.5874848109374999 0.3853630640625 0.5947752125 0.47884505468749994 0.5334143375 0.49085191562499997 0.527339003125
0 0.37364208125 0.4374240578125 0.36906803906249996 0.434993925 0.36335048593749997 0.4398541921875 0.3364779875 0.444714459375 0.327329903125 0.43377885781250003 0.32361349375000004 0.418590521875 0.32418524843749996 0.4052247875 0.32961692343750004 0.3997569859375 0.3090337328125 0.3997569859375 0.2958833625 0.381530984375 0.2838765015625 0.3803159171875 0.27873070312500003 0.38760631874999996 0.274728415625 0.38396111718750003 0.27301315000000004 0.3888213859375 0.2615780453125 0.39125151874999997 0.2558604921875 0.38396111718750003 0.24671240781249998 0.38760631874999996 0.238136078125 0.3803159171875 0.232704403125 0.36148238125 0.23584905625000002 0.3475091125 0.24728416250000002 0.33292831093749997 0.25986277812499997 0.3390036453125 0.2652944546875 0.32624544375000003 0.265866209375 0.317739975 0.2632933109375 0.31227217500000004 0.25471698125 0.3134872421875 0.24728416250000002 0.306196840625 0.24213836406250003 0.309842040625 0.23527730156249999 0.32928311093749996 0.22698685 0.32624544375000003 0.2278444828125 0.321992709375 0.2312750140625 0.32563790937500003 0.232704403125 0.32260024375 0.23241852500000001 0.3134872421875 0.2238421953125 0.3134872421875 0.2198399078125 0.308626975 0.170668953125 0.32442284374999997 0.1666666671875 0.3353584453125 0.148942253125 0.3438639125 0.133504859375 0.341433778125 0.10606060625 0.349939246875 0.0991995421875 0.3390036453125 0.09062321250000001 0.3353584453125 0.0880503140625 0.3420413125 0.0897655796875 0.3590522484375 0.0774728421875 0.365735115625 0.0748999421875 0.3784933171875 0.0694682671875 0.38760631874999996 0.0580331625 0.393681653125 0.0500285875 0.39125151874999997 0.0283018875 0.4046172546875 0.015723270312500003 0.40218712031250003 0.002287021875 0.442891859375 0.0065751859375 0.448359659375 0.012292739062499999 0.44714459218749997 0.015723270312500003 0.42527339062499997 0.0288736421875 0.42405832343750005 0.034019439062500004 0.416767921875 0.043167525 0.4155528546875 0.0471698109375 0.42648845625 0.049456832812500004 0.416767921875 0.059176671874999996 0.41798298906250003 0.061177815625 0.4088699875 0.066609490625 0.40218712031250003 0.089479703125 0.3985419203125 0.11177815937499999 0.38760631874999996 0.11749571249999999 0.3888213859375 0.12006861093750001 0.4003645203125 0.1289308171875 0.41798298906250003 0.137507146875 0.41919805625000006 0.148942253125 0.4301336578125 0.18153230468749998 0.4216281890625 0.2106918234375 0.3924665859375 0.2261292171875 0.38760631874999996 0.24213836406250003 0.393681653125 0.27873070312500003 0.39611178593749996 0.2815894796875 0.4058323203125 0.3073184671875 0.438639125 0.345626071875 0.48238153125 0.3539165234375 0.48663426562499995 0.37278444843749997 0.4732685296875 0.37364208125 0.4374240578125
0 0.31017724375 0.31227217500000004 0.31417953125000003 0.3049817734375 0.3261863921875 0.306196840625 0.34391080625 0.30012150625 0.357061178125 0.302551640625 0.36277873125000004 0.2916160390625 0.36963979375 0.2916160390625 0.3770726125 0.30012150625 0.37907375625 0.29465370625 0.3779302453125 0.2618469015625 0.3765008578125 0.2575941671875 0.3730703265625 0.26123936875 0.371355059375 0.2503037671875 0.3667810171875 0.2490887 0.34391080625 0.25880923437500003 0.33304745625 0.25880923437500003 0.326758146875 0.2855407046875 0.31017724375 0.29647630625 0.305031446875 0.278250303125 0.2907375640625 0.2806804375 0.2741566609375 0.27095990312499996 0.26929674062500003 0.2752126359375 0.27272727343750003 0.2800729046875 0.2741566609375 0.29040097187499997 0.27901658125 0.29222357187500003 0.26615208749999997 0.29040097187499997 0.2632933109375 0.2806804375 0.26129216718750004 0.3031591734375 0.2632933109375 0.3110571078125 0.2681532296875 0.31530984218749997 0.271297884375 0.33171324375 0.2761578046875 0.33353584375 0.2941680953125 0.32442284374999997 0.31017724375 0.31227217500000004
0 0.665237278125 0.164034021875 0.6926815328125 0.151883353125 0.69925671875 0.142770353125 0.676672384375 0.132442284375 0.659519725 0.1312272171875 0.65608919375 0.12272175 0.639508290625 0.1190765484375 0.6332189828125 0.11300121562500001 0.6275014296875 0.1190765484375 0.59262435625 0.1081409484375 0.588907946875 0.11239368125 0.5883361921875 0.1172539484375 0.59262435625 0.1275820171875 0.59662664375 0.12636695 0.5997712984375 0.1330498171875 0.5997712984375 0.1415552859375 0.5977701546875 0.148238153125 0.588907946875 0.15613608750000002 0.5860491703124999 0.1646415546875 0.5880503140625 0.1725394890625 0.5971983984375 0.1713244234375 0.6012006859375 0.1786148234375 0.6255002859375 0.1865127578125 0.6572327046875001 0.17375455625 0.665237278125 0.164034021875
0 0.43710691874999996 0.13851761875 0.4393939390625 0.12636695 0.4416809609375 0.1312272171875 0.44797026874999996 0.132442284375 0.45254431093749997 0.12272175 0.46569468281250004 0.1178614828125 0.47284162343749997 0.1002430140625 0.446255003125 0.0984204125 0.44339622656250005 0.10328067968750002 0.4176672390625 0.1020656140625 0.3839336765625 0.11057108125 0.36906803906249996 0.1190765484375 0.3610634640625 0.1178614828125 0.3556317890625 0.134264884375 0.3810749 0.136087484375 0.3873642078125 0.12879708437499998 0.399942825 0.13001215 0.408519153125 0.13851761875 0.41137792968750003 0.148238153125 0.41623785 0.150060753125 0.423384790625 0.14216281875 0.43710691874999996 0.13851761875
0 0.717838765625 0.057108140625000005 0.7152658656249999 0.0662211421875 0.7218410515625 0.07533414375 0.737564321875 0.07715674375 0.7372784453125 0.0583232078125 0.717838765625 0.057108140625000005
0 0.408519153125 0 0.407089765625 0.004252734375 0.40794739843750005 0.021871203125 0.41194968593750003 0.019441068750000002 0.42395654687500006 0.0267314703125 0.4393939390625 0.0267314703125 0.45425957656250004 0.0328068046875 0.463121784375 0.041919806250000004 0.46426529375000003 0.0249088703125 0.46683819375 0.018226003125 0.47884505468749994 0.002430134375 0.485420240625 0.0006075328125 0.468553459375 0 0.46683819375 0.0085054671875 0.45940537499999995 0 0.408519153125 0
0 0.7069754140625 0.0486026734375 0.6943967984375 0.0425273390625 0.6818181812499999 0.04374240625 0.6743853625 0.0546780078125 0.66695254375 0.0546780078125 0.659519725 0.0400972046875 0.6526586625 0.037667071875 0.6366495140625 0.018226003125 0.6200686109375 0.019441068750000002 0.6180674671874999 0.0334143375 0.6203544875 0.041919806250000004 0.6160663234375 0.0486026734375 0.6146369359375 0.027339003125 0.6120640359375 0.024301335937499998 0.5846197828124999 0.025516403124999996 0.5771869640625 0.0364520046875 0.561749571875 0.037667071875 0.553744996875 0.0267314703125 0.53316180625 0.025516403124999996 0.5257289875 0.006075334375 0.5154373921875 0.009720534375000001 0.51143510625 0.018226003125 0.5094339625 0.017618468749999998 0.5085763296875 0.009720534375000001 0.49428244687499995 0.0085054671875 0.49028015937499997 0.0036452 0.48827901718750005 0.007897934375 0.4934248140625 0.0164034015625 0.49228130312499996 0.041919806250000004 0.498284734375 0.0522478734375 0.5011435109375 0.04738760625 0.5142938828125 0.049817740625 0.528016009375 0.0546780078125 0.5337335624999999 0.063183475 0.546883934375 0.0583232078125 0.5514579765625001 0.063183475 0.600057175 0.0619684078125 0.6349342484375 0.069258809375 0.659519725 0.065613609375 0.704402515625 0.0722964765625 0.7112635796875 0.067436209375 0.7069754140625 0.0486026734375
0 0.0460263 0.3584447140625 0.0860491703125 0.3426488453125 0.086906803125 0.3347509109375 0.07861635156249999 0.3365735109375 0.070611778125 0.32442284374999997 0.0626072046875 0.3232077765625 0.059176671874999996 0.31227217500000004 0.0345911953125 0.3232077765625 0.023727843749999998 0.3232077765625 0.016866781249999997 0.3134872421875 0.007718696875 0.31713244218750003 0.00743281875 0.33353584375 0.0017152656249999998 0.3493317125 0 0.367557715625 0.0025728984375 0.373025515625 0.009148084375 0.3724179828125 0.0397369921875 0.365735115625 0.0460263 0.3584447140625