1 0.225 0.43515625 0.09765625 0.1515625
1 0.62265625 0.8921875 0.15625 0.16328125
1 0.61953125 0.5796875 0.13359375 0.17109375
1 0.6796875 0.78203125 0.15078125 0.09921875
1 0.95 0.771875 0.1 0.215625
1 0.9484375 0.040625 0.03203125 0.08125
1 0.584375 0.28828125 0.12109375 0.18046875
1 0.228125 0.659375 0.16015625 0.0796875
1 0.1921875 0.8640625 0.11875 0.1328125
1 0.6375 0.4140625 0.17734375 0.10546875
1 0.96640625 0.1859375 0.06640625 0.12578125
1 0.26875 0.05390625 0.10546875 0.1078125
1 0.95859375 0.490625 0.03828125 0.06953125
0 0.16235534375 0 0.15656909531250002 0.0167824078125 0.15690946249999999 0.025462962500000002 0.20558202812499998 0.0271990734375 0.2161334234375 0.026620370312500002 0.21919673281250002 0.0214120375 0.216814159375 0 0.16235534375 0
0 0.1463580671875 0.7019675921874999 0.150442478125 0.6521990734374999 0.144996596875 0.6475694437499999 0.1497617421875 0.6417824078125001 0.148740640625 0.6388888890625 0.1405718171875 0.63773148125 0.13478556875 0.640625 0.137508509375 0.6475694437499999 0.133764465625 0.6539351859375 0.1296800546875 0.6446759265625001 0.12729748125 0.6475694437499999 0.122532334375 0.6834490734374999 0.113342409375 0.6932870375 0.106194690625 0.7089120375 0.12287270312500001 0.7118055562500001 0.1296800546875 0.7175925921874999 0.1334240984375 0.730902778125 0.132062628125 0.7667824078125001 0.14567733125 0.7714120375 0.1518039484375 0.7170138890625 0.1463580671875 0.7019675921874999
0 0.20388019062499999 0.10648148125000001 0.2120490125 0.1076388890625 0.2164737921875 0.10011574062499999 0.215112321875 0.087384259375 0.20898570468750002 0.081597221875 0.209326071875 0.065972221875 0.152144315625 0.0636574078125 0.13682777343750002 0.0700231484375 0.1378488765625 0.1273148140625 0.1405718171875 0.1203703703125 0.1460176984375 0.11805555625 0.1535057859375 0.11921296249999999 0.15690946249999999 0.1296296296875 0.175970046875 0.1238425921875 0.185500340625 0.12847222187500001 0.18822328125 0.134259259375 0.192648059375 0.13368055625 0.2008168828125 0.12673611093749998 0.20388019062499999 0.10648148125000001
0 0.799863853125 0.956597221875 0.794417971875 0.8339120375 0.784887678125 0.7401620375 0.781484003125 0.6730324078125001 0.7695711375000001 0.66898148125 0.7597004765625 0.6822916671875 0.755616065625 0.7135416671875 0.7617426828125 0.7332175921874999 0.7603812109375 0.7540509265625001 0.7637848875000001 0.7598379625 0.7651463578125 0.7853009265625001 0.7699115046875 0.7991898140625 0.7787610625 0.850115740625 0.78420694375 0.9207175921875 0.792375765625 0.956597221875 0.792375765625 0.9820601859375 0.7995234859375 0.9861111109375 0.8015656906249999 0.9942129625 0.804629 0.993634259375 0.81347855625 0.9739583328125001 0.799863853125 0.956597221875
0 0.7678692984375 0.44733796249999996 0.773995915625 0.4230324078125 0.776038121875 0.4010416671875 0.7695711375000001 0.3923611109375 0.7253233484375 0.39351851875 0.7229407765625 0.40567129687500003 0.724302246875 0.421875 0.72157930625 0.462384259375 0.7191967328125 0.46527777812500004 0.69741320625 0.46527777812500004 0.694690265625 0.47453703750000004 0.6912865890625 0.4675925921875 0.68652144375 0.46643518593750005 0.6790333562499999 0.46527777812500004 0.6735874749999999 0.4699074078125 0.6518039484375 0.46643518593750005 0.648740640625 0.48668981406249995 0.6592920359375001 0.49305555625 0.6763104156249999 0.49305555625 0.692648059375 0.490740740625 0.702178353125 0.48379629687500003 0.7059223968749999 0.4890046296875 0.701837984375 0.493634259375 0.7096664390625 0.49652777812500004 0.7294077609375 0.490740740625 0.7389380531249999 0.49652777812500004 0.7641252546875 0.49305555625 0.7729748125 0.49652777812500004 0.7770592234375 0.4895833328125 0.781484003125 0.500578703125 0.781484003125 0.4519675921875 0.7678692984375 0.44733796249999996
0 0.7256637171875 0.987847221875 0.7253233484375 0.9942129625 0.73417290625 0.9942129625 0.7277059218749999 0.987847221875 0.733492171875 0.9826388890625 0.7423417296875 0.9861111109375 0.7494894484375 0.9820601859375 0.7467665078125 0.968171296875 0.7467665078125 0.8512731484374999 0.7454050375 0.8350694437499999 0.7402995234375 0.82523148125 0.7226004078125 0.83101851875 0.686181075 0.8339120375 0.6943498984375001 0.874421296875 0.696392103125 0.943865740625 0.703880190625 0.9589120375 0.70490129375 0.972222221875 0.7154526890625 0.96585648125 0.7154526890625 0.987847221875 0.7127297484375 0.993634259375 0.7195370999999999 0.9947916671874999 0.7219196734375 0.984953703125 0.7256637171875 0.987847221875
0 0.9646017703125 0.984375 0.9649421374999999 0.9490740734375 0.9703880187499999 0.9571759265625 0.9778761062499999 0.9571759265625 0.980599046875 0.96875 0.9986385296875 0.94039351875 0.9996596328124999 0.928240740625 0.9887678687499999 0.9351851859375 0.9829816203125 0.921875 0.988087134375 0.9131944437499999 0.973110959375 0.9131944437499999 0.9646017703125 0.9079861109375 0.9996596328124999 0.9039351859375 1 0.850115740625 0.990810075 0.859953703125 0.982641253125 0.858796296875 0.9771953703125 0.847222221875 0.969707284375 0.8541666671874999 0.956773315625 0.8506944437499999 0.95371000625 0.8605324078125 0.9543907421875 0.874421296875 0.9499659625 0.8796296296874999 0.905718175 0.8761574078125 0.8982300890625 0.8611111109375 0.893805309375 0.859375 0.8917631046875 0.8478009265625 0.893805309375 0.8350694437499999 0.8781484 0.8072916671874999 0.877467665625 0.7714120375 0.8754254593749999 0.7667824078125001 0.8791695031250001 0.7384259265625001 0.8825731796875 0.7361111109375 0.887338325 0.7430555562500001 0.89108236875 0.7424768515625 0.89108236875 0.7008101859375 0.8876786937500001 0.686921296875 0.893805309375 0.6521990734374999 0.9016337640625001 0.646990740625 0.9254594968750001 0.6516203703125 0.9377127296875001 0.6481481484375 0.9424778765624999 0.6574074078125001 0.9469026546875 0.6521990734374999 0.948264125 0.6336805562500001 0.94486045 0.6197916671875 0.9349897890625 0.609953703125 0.9285228046875 0.594328703125 0.9237576578125 0.5260416671875 0.9210347171875 0.5075231484375 0.9162695718749999 0.500578703125 0.9162695718749999 0.4797453703125 0.9217154531249999 0.46932870312499997 0.9155888359375 0.44733796249999996 0.9162695718749999 0.42766203750000004 0.9138869984375001 0.4236111109375 0.9070796453125001 0.4328703703125 0.9016337640625001 0.4328703703125 0.8951667796875 0.3987268515625 0.886657590625 0.3946759265625 0.886317221875 0.3883101859375 0.8767869296875 0.368634259375 0.8628318578125 0.35648148125 0.8536419328125 0.3385416671875 0.8468345812500001 0.31539351875 0.8481960515625 0.2864583328125 0.84513274375 0.2754629625 0.8076923078125 0.2766203703125 0.8022464265625 0.2800925921875 0.797821646875 0.2910879625 0.799863853125 0.4299768515625 0.805309734375 0.4542824078125 0.804629 0.4704861109375 0.8114363515624999 0.49942129687500003 0.8114363515624999 0.55960648125 0.8148400265625 0.59085648125 0.8196051734375001 0.600115740625 0.818243703125 0.62789351875 0.8216473796875 0.640625 0.82096664375 0.671875 0.8250510546875001 0.681134259375 0.8243703203124999 0.7077546296875 0.8284547312500001 0.7170138890625 0.8270932609375 0.737847221875 0.8284547312500001 0.7447916671875 0.832198775 0.75 0.83560245 0.7488425921874999 0.8400272296875 0.7598379625 0.8468345812500001 0.81539351875 0.842069434375 0.84085648125 0.842069434375 0.8674768515625001 0.83560245 0.878472221875 0.8308373046875 0.8773148140625 0.826412525 0.887152778125 0.8315180390625001 0.8923611109375 0.8396868625 0.8888888890625 0.844111640625 0.894097221875 0.8447923749999999 0.9149305562500001 0.8502382578125 0.931134259375 0.8464942140625 0.9479166671874999 0.83764465625 0.9490740734375 0.829475834375 0.9444444437499999 0.826412525 0.938078703125 0.826412525 0.912615740625 0.824029953125 0.902777778125 0.8216473796875 0.9288194437499999 0.8236895843750001 0.949652778125 0.8277739953125 0.9600694437499999 0.8243703203124999 0.9739583328125001 0.8281143640625 0.984953703125 0.8318584078125 0.9855324078125 0.8335602453125001 0.9942129625 0.8369639203125001 0.9942129625 0.8393464937499999 0.9866898140625 0.8359428187500001 0.9739583328125001 0.8437712734374999 0.959490740625 0.8447923749999999 0.9820601859375 0.8519400953125 0.9976851859375 0.921375084375 0.9942129625 0.93192648125 0.99710648125 0.9615384609375001 0.996527778125 0.9646017703125 0.984375
0 0.3788291359375 0 0.373723621875 0.0271990734375 0.3784887671875 0.0734953703125 0.380871340625 0.07638888906249999 0.38189244375000003 0.06770833281250001 0.388359428125 0.0625 0.4043567046875 0.063078703125 0.4040163375 0.071759259375 0.3944860453125 0.07291666718749999 0.3886997953125 0.0804398140625 0.390061265625 0.12789351875 0.3924438390625 0.13194444375 0.4053778078125 0.1331018515625 0.40980258750000004 0.15798611093749998 0.421375084375 0.1741898140625 0.42069435000000005 0.21932870312500002 0.3982300890625 0.2644675921875 0.397549353125 0.3072916671875 0.3784887671875 0.3234953703125 0.3784887671875 0.34085648125 0.3750850921875 0.34664351875 0.3764465625 0.359375 0.371681415625 0.3674768515625 0.3733832546875 0.3854166671875 0.3849557515625 0.396990740625 0.38938053125 0.39409722187499996 0.3886997953125 0.4010416671875 0.3934649421875 0.41840277812500004 0.390061265625 0.44039351875 0.39278420625 0.4612268515625 0.38904016406249997 0.4583333328125 0.3798502375 0.4739583328125 0.388359428125 0.47569444375 0.392103471875 0.4890046296875 0.388359428125 0.5081018515625 0.38019060625 0.5046296296875 0.3767869296875 0.5115740734374999 0.3692988421875 0.49421296249999996 0.3614703875 0.4982638890625 0.3594281828125 0.568865740625 0.37270251875 0.58101851875 0.3750850921875 0.5954861109375 0.3730428859375 0.609375 0.36725663750000004 0.6134259265625001 0.3665759015625 0.6203703703125 0.3601089171875 0.6209490734374999 0.360789653125 0.6336805562500001 0.355003403125 0.634259259375 0.349557521875 0.6226851859375 0.34513274374999997 0.6209490734374999 0.34206943437500004 0.6111111109375 0.331177671875 0.608796296875 0.33560245 0.600115740625 0.329475834375 0.5954861109375 0.33049693593749996 0.5856481484375 0.3396868625 0.5839120375 0.33934649375000003 0.5798611109375 0.332198775 0.574652778125 0.3339006125 0.5706018515625 0.3427501703125 0.5648148140625 0.349557521875 0.5729166671875 0.35262083125 0.561921296875 0.355343771875 0.5109953703125 0.351259359375 0.493634259375 0.3454731109375 0.4895833328125 0.3270932609375 0.49421296249999996 0.325731790625 0.5023148140625 0.31347855625 0.5011574078125001 0.3104152484375 0.46469907343749994 0.304629 0.46527777812500004 0.30088495625 0.47743055625 0.30088495625 0.5017361109375 0.2954390734375 0.53414351875 0.3002042203125 0.5665509265625001 0.29748127968750004 0.5896990734374999 0.2985023828125 0.5925925921874999 0.30258679375 0.5879629625 0.30428863125 0.594328703125 0.30258679375 0.6006944437499999 0.298162015625 0.5978009265625001 0.29611980937500004 0.6151620375 0.297821646875 0.621527778125 0.3087134109375 0.621527778125 0.31756296875 0.6145833328125 0.32845473125 0.6134259265625001 0.338665759375 0.621527778125 0.3417290671875 0.6359953703125 0.340367596875 0.6487268515625 0.3270932609375 0.6631944437499999 0.325731790625 0.66898148125 0.3196051734375 0.6666666671875 0.318243703125 0.671296296875 0.3141592921875 0.6643518515625 0.31381892499999997 0.6741898140625 0.36044928593750003 0.67476851875 0.3628318578125 0.6788194437499999 0.3628318578125 0.7008101859375 0.377127296875 0.750578703125 0.40061266093750003 0.790509259375 0.41184479218750003 0.8038194437499999 0.41456773281250003 0.8478009265625 0.3886997953125 0.90335648125 0.381211709375 0.90914351875 0.381211709375 0.9149305562500001 0.3941456765625 0.9461805562500001 0.387338325 0.9635416671874999 0.387338325 0.9774305562500001 0.39108236875 0.9826388890625 0.41422736562500007 0.98726851875 0.42035398281249997 0.996527778125 0.49217154531249996 0.9959490734375 0.49761742656249996 0.993634259375 0.50204220625 0.9583333328125001 0.54220558125 0.9606481484374999 0.5530973453125 0.959490740625 0.5568413890625 0.953125 0.5547991828125001 0.87210648125 0.5582028593749999 0.828125 0.54799183125 0.8200231484374999 0.5473110953125 0.8072916671874999 0.5500340375 0.7922453703125 0.5605854328125 0.7743055562500001 0.5776038125 0.7743055562500001 0.5891763109375 0.7824074078125001 0.5925799859375 0.7893518515625 0.6000680734375 0.7881944437499999 0.6051735875 0.793402778125 0.6082368953125 0.8136574078125 0.6092579984375 0.762152778125 0.6123213062499999 0.753472221875 0.6218516000000001 0.7488425921874999 0.6436351265625 0.75 0.663376446875 0.7326388890625 0.6987746765625 0.7256944437499999 0.7062627640625 0.7118055562500001 0.7113682781249999 0.7100694437499999 0.71749489375 0.69039351875 0.7062627640625 0.6701388890625 0.655207625 0.671296296875 0.650442478125 0.6898148140625 0.6354663031250001 0.6932870375 0.6245745406250001 0.709490740625 0.6184479234375 0.7083333328125 0.6068754249999999 0.6921296296875 0.5884955749999999 0.6898148140625 0.5833900609375 0.6984953703125 0.58475153125 0.719328703125 0.5772634437499999 0.7401620375 0.549012934375 0.7569444437499999 0.54050374375 0.7714120375 0.5391422734375 0.8200231484374999 0.5364193328125 0.828125 0.530633084375 0.8333333328125001 0.5217835265625 0.8298611109375 0.51837985 0.840277778125 0.51293396875 0.840277778125 0.5017018375 0.8535879625 0.50374404375 0.8396990734375 0.49965963281250003 0.8258101859375 0.498978896875 0.7737268515625 0.491490809375 0.74710648125 0.48434309062500003 0.7418981484375 0.4710687546875 0.7204861109375 0.47311095937500003 0.706597221875 0.47038801875 0.6973379625 0.48127978281250006 0.6672453703125 0.4792375765625 0.6603009265625001 0.48127978281250006 0.6545138890625 0.471409121875 0.6504629625 0.465963240625 0.640046296875 0.454050375 0.6348379625 0.451327434375 0.6012731484375 0.44043567031249997 0.5954861109375 0.4302246421875 0.5677083328125 0.42954390781249996 0.5515046296875 0.4499659625 0.5075231484375 0.46834581406250003 0.4855324078125 0.47038801875 0.41030092656250006 0.4765146359375 0.4010416671875 0.4799183125 0.3802083328125 0.4884275015625 0.3576388890625 0.49795779375000004 0.3483796296875 0.5061266171875001 0.3483796296875 0.510211028125 0.3553240734375 0.5153165421875 0.35590277812500004 0.5200816875000001 0.3697916671875 0.5217835265625 0.3888888890625 0.5285908781249999 0.38773148125 0.5401633765625 0.3946759265625 0.5425459499999999 0.3894675921875 0.5364193328125 0.3802083328125 0.5292716140625 0.3356481484375 0.5258679374999999 0.3414351859375 0.524846834375 0.3339120375 0.521102790625 0.3321759265625 0.517358746875 0.3339120375 0.5190605859375 0.3414351859375 0.49863852968750005 0.3460648140625 0.49455411875 0.334490740625 0.49046970781250004 0.33680555624999997 0.48672566406250006 0.3327546296875 0.482641253125 0.2945601859375 0.4765146359375 0.2829861109375 0.482641253125 0.2598379625 0.4741320625 0.2615740734375 0.47038801875 0.2540509265625 0.471409121875 0.25 0.4748127984375 0.25347222187499996 0.48093941406249996 0.2476851859375 0.4846834578125 0.2332175921875 0.4748127984375 0.2303240734375 0.471409121875 0.23726851875000002 0.469707284375 0.2297453703125 0.45473110937500005 0.20891203749999998 0.45541184531249995 0.17534722187500001 0.45915588906249993 0.1643518515625 0.4632403 0.17013888906250002 0.465963240625 0.16319444375 0.4707283859375 0.16898148125 0.491490809375 0.1672453703125 0.46460177031249994 0.1585648140625 0.46834581406250003 0.14756944375 0.4533696390625 0.12673611093749998 0.4506466984375 0.08854166718749999 0.45473110937500005 0.06770833281250001 0.45473110937500005 0.0237268515625 0.45745405000000006 0.0040509265624999995 0.4550714765625 0 0.3788291359375 0
0 0.7263444515625 0.105902778125 0.7202178359375 0.10011574062499999 0.7208985703125 0.0862268515625 0.7178352625 0.07638888906249999 0.714771953125 0.08506944375 0.7134104828125001 0.11863425937500001 0.7140912187499999 0.12673611093749998 0.7195370999999999 0.131365740625 0.7249829812499999 0.12673611093749998 0.7263444515625 0.105902778125
0 0.7229407765625 0.0271990734375 0.7283866578125 0.000578703125 0.707624234375 0 0.7059223968749999 0.0271990734375 0.7154526890625 0.053819443749999994 0.7181756296875 0.0700231484375 0.72157930625 0.063078703125 0.7229407765625 0.0271990734375
0 1 0.0353009265625 0.99455411875 0.034143518750000004 0.9904697078125 0.0144675921875 0.9867256640625 0.010416667187500001 0.967665078125 0.010416667187500001 0.9554118453125 0 0.953029271875 0.0167824078125 0.9543907421875 0.0422453703125 0.963921034375 0.053819443749999994 0.963921034375 0.094328703125 0.9700476515625001 0.094328703125 0.967665078125 0.10185185156250001 0.9581347859375 0.1041666671875 0.95371000625 0.11863425937500001 0.9489448609375 0.12094907343750001 0.9560925796875 0.125 0.971409121875 0.124421296875 0.9829816203125 0.1197916671875 0.9778761062499999 0.1145833328125 0.9703880187499999 0.1145833328125 0.9707283859375 0.1070601859375 0.9771953703125 0.1076388890625 0.982300884375 0.10243055625 0.9846834578125 0.065972221875 1 0.06423611093750001 1 0.0353009265625
0 0.6620149765625001 0.09953703750000001 0.6708645343749999 0.10185185156250001 0.6739278421875 0.09664351875 0.6766507828125 0.08391203750000001 0.6759700468750001 0.06539351875 0.6660993875 0.040509259375 0.65316541875 0.0393518515625 0.6477195375 0.0451388890625 0.6293396875 0.0486111109375 0.6082368953125 0.040509259375 0.602450646875 0.07233796249999999 0.602450646875 0.1070601859375 0.6177671890624999 0.11342592656249999 0.6266167453125 0.13888888906250002 0.64397549375 0.14409722187500001 0.6565690953125001 0.10300925937500001 0.6620149765625001 0.09953703750000001
0 0.33049693593749996 0 0.3233492171875 0.030671296874999997 0.31858407031249997 0.034143518750000004 0.31926480625 0.07233796249999999 0.323689584375 0.07523148125 0.32675289375 0.087384259375 0.333219878125 0.0949074078125 0.3454731109375 0.10532407343750001 0.3539823015625 0.1047453703125 0.368958475 0.10011574062499999 0.368958475 0.093171296875 0.3580667125 0.0734953703125 0.3580667125 0.061921296875 0.36385296093749997 0.0509259265625 0.3696392109375 0.0480324078125 0.3696392109375 0.02835648125 0.36521443124999997 0.021990740624999998 0.349557521875 0.0208333328125 0.346153846875 0 0.33049693593749996 0