1 0.5453125 0.9171875 0.25 0.165625
1 0.4234375 0.725 0.1359375 0.20078125
1 0.2640625 0.84609375 0.19765625 0.2375
1 0.09609375 0.4265625 0.1546875 0.16015625
1 0.946875 0.5015625 0.10546875 0.19453125
1 0.88125 0.36796875 0.18984375 0.165625
1 0.80078125 0.2796875 0.10078125 0.12109375
1 0.7546875 0.19609375 0.07890625 0.14140625
1 0.3859375 0.1375 0.1265625 0.11640625
1 0.20390625 0.1484375 0.09375 0.10390625
1 0.0921875 0.16171875 0.11953125 0.12578125
1 0.38671875 0.0515625 0.1484375 0.0875
1 0.39609375 0.50390625 0.27890625 0.17890625
1 0.11875 0.2765625 0.09453125 0.07734375
1 0.08125 0.71015625 0.109375 0.11171875
1 0.88203125 0.209375 0.08359375 0.06484375
1 0.98125 0.24765625 0.03125 0.04609375
0 1 0.8957373265624999 0.9846196875000001 0.866359446875 0.9795861296874999 0.8617511515625 0.96895973125 0.8364055296874999 0.9647650999999999 0.8346774187499999 0.9658836687499999 0.8496543781250001 0.98657718125 0.8888248843750001 0.9848993281249999 0.9130184328125001 0.9784675609375 0.9216589859375001 0.956096196875 0.923963134375 0.9460290828125 0.9101382484375 0.920861296875 0.85829493125 0.9049217 0.832373271875 0.9026845640625 0.8162442390625 0.905480984375 0.7966589859375001 0.9091163312500001 0.7914746546875 0.8867449671875001 0.7834101375 0.856823265625 0.7275345625 0.8587807609375 0.7027649765625 0.875559284375 0.7004608296875 0.8901006718750001 0.7119815671875 0.8959731546875 0.7114055296874999 0.8917785234375 0.7085253453125 0.8696868015625 0.6630184328125 0.8696868015625 0.65380184375 0.8758389265625001 0.6468894015625 0.8783557046875 0.6347926265625 0.9354026843750001 0.6232718890625 0.9449105140625 0.616359446875 0.9600111859375 0.6175115203125 0.967561521875 0.6065668203125 0.957214765625 0.5979262671875001 0.9454697984375 0.6036866359374999 0.916387025 0.6002304140625 0.903523490625 0.60829493125 0.8470357937499999 0.610599078125 0.8319351234375001 0.5887096781250001 0.8285794187500001 0.5887096781250001 0.8241051453124999 0.6013824890625 0.79949664375 0.6036866359374999 0.7944630874999999 0.599078340625 0.769015659375 0.5501152078125 0.7706935125000001 0.52822580625 0.77265100625 0.523041475 0.7832774046875 0.5161290328125 0.793903803125 0.5149769578125001 0.8039709171875 0.5241935484375 0.8118008953125001 0.5218894015625 0.8159955249999999 0.5074884796875 0.7961409390624999 0.5034562218749999 0.7941834453125 0.48905529999999997 0.780480984375 0.451612903125 0.773210290625 0.451612903125 0.7687360171875001 0.46658986249999995 0.7648210296875 0.4654377875 0.745246084375 0.42626728125 0.74272930625 0.42799539218750005 0.7449664421875 0.452188940625 0.741331096875 0.46082949375000004 0.7284675609375 0.4619815671875 0.7150447421874999 0.445852534375 0.710290828125 0.42684331875000003 0.6979865765625 0.4072580640625 0.69519015625 0.388824884375 0.7016219234375 0.38018433125 0.7116890375 0.38133640625 0.71895973125 0.3847926265625 0.7223154359375 0.3928571421875 0.72427293125 0.3876728109375 0.7237136468750001 0.375 0.718400446875 0.3652073734375 0.7100111859375 0.366359446875 0.7027404921875 0.354838709375 0.69826621875 0.3536866359375 0.68903803125 0.34043778750000003 0.686521253125 0.3248847921875 0.6826062640624999 0.349078340625 0.666946309375 0.3444700453125 0.65604026875 0.32315668125 0.655480984375 0.31278801875 0.6602349000000001 0.30069124375 0.664709171875 0.29723502343749997 0.670861296875 0.2995391703125 0.6733780765625 0.293202765625 0.671979865625 0.2880184328125 0.6624720359375 0.28917050624999996 0.6588366890625 0.2851382484375 0.6552013421875 0.2718894015625 0.6434563765625 0.28571428593750003 0.631711409375 0.2834101375 0.6275167781250001 0.27707373281250003 0.6241610734374999 0.2574884796875 0.6252796421875 0.23329493124999998 0.6222035796875 0.2292626734375 0.612136465625 0.23041474687500002 0.6015100671875 0.21889400937499998 0.6003914984375001 0.20967741874999998 0.596476509375 0.2315668203125 0.595637584375 0.20679723437500003 0.591442953125 0.1947004609375 0.5855704703125 0.1952764984375 0.5808165546875 0.23387096718749997 0.5822147656250001 0.1941244234375 0.5805369125000001 0.1779953921875 0.5827740484375 0.161866359375 0.57941834375 0.14228110624999998 0.5729865765625 0.1347926265625 0.5651566 0.1405529953125 0.559004475 0.1255760375 0.54949664375 0.122119815625 0.5453020140625 0.10080645156250001 0.5391498875 0.0892857140625 0.5391498875 0.07891705 0.5436241609375 0.065092165625 0.5338366890625 0.062211981250000006 0.5313199109375 0.0720046078125 0.5318791953125 0.088133640625 0.5251677859375 0.0973502296875 0.52796420625 0.105414746875 0.5251677859375 0.11578340937500001 0.5302013421875 0.12154377812499999 0.5302013421875 0.13076036875 0.5240492171875 0.1376728109375 0.5251677859375 0.16762672812499999 0.5223713640625001 0.18605990781249998 0.5246085015624999 0.2033410140625 0.5296420578125 0.218317971875 0.5441834453125 0.241359446875 0.54753915 0.2793778796875 0.5531319906250001 0.2908986171875 0.555369128125 0.3162442390625 0.5592841156249999 0.3254608296875 0.5620805375 0.3427419359375 0.560402684375 0.378456221875 0.548098434375 0.3957373265625 0.546979865625 0.41993087500000004 0.5581655484375 0.429147465625 0.5598434 0.44297234999999996 0.5581655484375 0.4763824890625 0.5693512296875001 0.4902073734375 0.6003914984375001 0.6071428578125 0.6034675609375 0.605414746875 0.6040268453125 0.5950460828125 0.6029082781249999 0.5385944703125001 0.609060403125 0.5213133640625001 0.6101789703125 0.4763824890625 0.60850111875 0.46025345624999997 0.6051454140625 0.452188940625 0.6101789703125 0.43605990781250004 0.6118568234375 0.3703917046875 0.6009507828125 0.3640553 0.6001118562500001 0.3565668203125 0.6129753921875001 0.3485023046875 0.614093959375 0.293202765625 0.6166107375000001 0.28456221249999997 0.6199664421875 0.28456221249999997 0.62304250625 0.2955069125 0.621364653125 0.30702765 0.6219239375 0.3485023046875 0.6331096203125 0.3565668203125 0.6311521250000001 0.3640553 0.6222035796875 0.36981566875 0.6196868015625 0.384216590625 0.6191275171874999 0.4383640546875 0.6236017890625 0.44527649843750006 0.6247203578125 0.4694700453125 0.62388143125 0.47580645156249995 0.6199664421875 0.46889400937500003 0.6180089484375 0.4775345625 0.6107382546875 0.6814516125 0.620246084375 0.69297235 0.6224832218749999 0.7091013828125 0.635906040625 0.7540322578125 0.6454138703125001 0.7978110593750001 0.6655480984375 0.8404377875 0.6655480984375 0.8646313359375 0.648210290625 0.877304146875 0.6510067109375 0.8991935484375 0.6630313203125 0.9412442390625 0.670861296875 0.9389400921875 0.6881991046875 0.9447004609375 0.7021812078125 0.996543778125 0.7751677859375 0.9982718890625 0.9997203578124999 0.9953917046875 1 0.8957373265624999
0 0.4801454140625 0 0.4770693515625 0.0120967734375 0.4770693515625 0.07430875625 0.48657718125000005 0.0973502296875 0.487136465625 0.1134792625 0.484060403125 0.11866359374999999 0.47818791875000005 0.11923963125 0.4776286359375 0.1457373265625 0.48238254999999997 0.150921659375 0.48685682343750003 0.1428571421875 0.49804250625 0.145161290625 0.5111856828125 0.161866359375 0.513982103125 0.1595622125 0.515100671875 0.1491935484375 0.51342281875 0.1296082953125 0.5167785234375 0.11693548437500001 0.5178970921875 0.0915898625 0.512863534375 0.0812211984375 0.5184563765625 0.07315668125 0.51342281875 0.06394009218749999 0.5240492171875 0.05702765 0.521252796875 0.048963134375 0.5223713640625001 0.03974654375 0.5153803124999999 0.0380184328125 0.5095078296875 0.0190092171875 0.5025167781250001 0.012672810937500001 0.49748322187499994 0 0.4801454140625 0
0 0.8157158843750001 0.9850230421875 0.8123601796875001 0.9838709671875 0.8050894859375 0.991935484375 0.8006152125 0.9850230421875 0.7922259515625 0.9850230421875 0.7874720359375 0.9775345625 0.79026845625 0.963709678125 0.787751678125 0.9562211984375001 0.7849552578125001 0.9527649765625 0.7760067109375 0.9562211984375001 0.7734899328125 0.9395161296874999 0.77880313125 0.9308755765625 0.7838366890625 0.9308755765625 0.78411633125 0.9372119812499999 0.786073825 0.9377880187500001 0.783557046875 0.9222350234375 0.7799216999999999 0.9193548390625 0.7765659953124999 0.923963134375 0.773210290625 0.91474654375 0.7662192390625 0.9130184328125001 0.773210290625 0.911290321875 0.7765659953124999 0.9055299546875 0.7866331093750001 0.9055299546875 0.783557046875 0.8888248843750001 0.78104026875 0.8847926265625 0.7765659953124999 0.89170506875 0.7698545859375 0.8847926265625 0.760906040625 0.8882488484375 0.75727069375 0.8807603687500001 0.7595078296875 0.8703917046875 0.763982103125 0.8646313359375 0.7541946312500001 0.8525345625 0.7491610734374999 0.8571428578125 0.7455257265624999 0.8485023046875 0.7486017890625 0.837557603125 0.7530760625 0.8444700453125 0.756711409375 0.8404377875 0.7513982109375 0.8214285718750001 0.745246084375 0.8225806453125 0.74272930625 0.8162442390625 0.753635346875 0.8099078343749999 0.7544742734375001 0.7955069124999999 0.7502796421875 0.7857142859375 0.745246084375 0.78917050625 0.7382550328125 0.783986175 0.741331096875 0.7799539171875 0.753635346875 0.781105990625 0.756711409375 0.775921659375 0.756711409375 0.7609447 0.7525167781250001 0.7557603687500001 0.741331096875 0.769585253125 0.7374161078125 0.7546082953125001 0.7337807609375 0.76670506875 0.737136465625 0.783986175 0.7295861296874999 0.79032258125 0.7276286359374999 0.783986175 0.7332214765625 0.7655529953125 0.7231543625 0.7517281109375 0.7295861296874999 0.7442396312499999 0.73350111875 0.7442396312499999 0.7374161078125 0.7511520734375 0.7491610734374999 0.7453917046874999 0.7525167781250001 0.75 0.7564317671875 0.7465437781250001 0.7648210296875 0.7488479265625 0.7706935125000001 0.74366359375 0.761465325 0.7373271890625 0.7575503359375 0.741935484375 0.7541946312500001 0.7384792625000001 0.7491610734374999 0.741935484375 0.7458053687499999 0.7373271890625 0.741331096875 0.7396313359375 0.7379753921875001 0.724654378125 0.7307046984375 0.726958525 0.725671140625 0.7373271890625 0.7200783000000001 0.724654378125 0.7125279640625 0.7194700453125 0.716442953125 0.7114055296874999 0.7150447421874999 0.7027649765625 0.7072147656250001 0.70391705 0.7069351234375 0.6952764984375001 0.70246085 0.69297235 0.70050335625 0.6705069124999999 0.6904362421875 0.6658986171875 0.6862416109375 0.67108295 0.6968680093749999 0.69297235 0.69742729375 0.7114055296874999 0.70357941875 0.7252304140625 0.7046979859375 0.735599078125 0.7108501125 0.74481566875 0.7136465328125 0.7678571421875 0.721476509375 0.783986175 0.7203579421875 0.792050690625 0.7332214765625 0.8220046078125 0.736017896875 0.838133640625 0.7404921703125 0.843894009375 0.7449664421875 0.871543778125 0.75 0.8853686640625 0.7491610734374999 0.8963133640625 0.7393736015625 0.8899769578125 0.7382550328125 0.8657834093749999 0.7315436234375 0.8485023046875 0.73042505625 0.838133640625 0.725671140625 0.8306451609375 0.721476509375 0.832373271875 0.7186800890625 0.8001152078124999 0.713926175 0.78917050625 0.7100111859375 0.8029953921875 0.708053690625 0.8001152078124999 0.7091722593750001 0.775921659375 0.7052572703125 0.7678571421875 0.6996644296875 0.7367511515625 0.69826621875 0.7338709671875 0.6943512296875001 0.7384792625000001 0.6893176734375001 0.724654378125 0.6823266218749999 0.7194700453125 0.686521253125 0.71082949375 0.6907158843750001 0.7125576031249999 0.6868008953125 0.6952764984375001 0.68288590625 0.6918202765625 0.6826062640624999 0.6854838703125 0.679250559375 0.7062211984375 0.6747762859375 0.69930875625 0.6694630874999999 0.7021889406249999 0.675055928125 0.7194700453125 0.67449664375 0.7275345625 0.6823266218749999 0.74481566875 0.6823266218749999 0.7505760375 0.6848434 0.7430875578125 0.6873601796875 0.74366359375 0.68903803125 0.7597926265625 0.6856823265624999 0.7690092171875 0.6929530203125001 0.8001152078124999 0.69826621875 0.8110599078125 0.703020134375 0.8081797234374999 0.7007829984375 0.8162442390625 0.704138703125 0.8369815671874999 0.7091722593750001 0.8415898625 0.7100111859375 0.8502304140625 0.7119686796875 0.8485023046875 0.712248321875 0.8398617515625 0.7197986578125 0.8404377875 0.71895973125 0.8594470046874999 0.7130872484374999 0.851958525 0.7136465328125 0.8657834093749999 0.7203579421875 0.8796082953125 0.7178411640625 0.89170506875 0.7063758390625 0.8657834093749999 0.70357941875 0.8404377875 0.69826621875 0.8306451609375 0.6943512296875001 0.83525345625 0.6918344515625 0.832373271875 0.689597315625 0.8220046078125 0.6907158843750001 0.80702765 0.6826062640624999 0.7822580640625 0.6806487703124999 0.8001152078124999 0.678691275 0.804147465625 0.6761744968750001 0.8001152078124999 0.6761744968750001 0.783986175 0.6795302015625 0.7736175109375 0.6733780765625 0.7678571421875 0.6756152125 0.7597926265625 0.6722595078125 0.7494239625 0.6717002234375 0.7344470046875 0.666946309375 0.7177419359375 0.6644295296875 0.7194700453125 0.662751678125 0.7309907828125 0.6616331093750001 0.7194700453125 0.6638702453125 0.71025345625 0.6577181203125 0.7033410140624999 0.6599552578125001 0.6952764984375001 0.655480984375 0.67569124375 0.6512863531249999 0.6716589859375001 0.6473713640625001 0.6751152078125 0.6434563765625 0.6555299546875 0.6398210296875 0.67569124375 0.6420581656250001 0.68721198125 0.640939596875 0.6918202765625 0.6356263984375 0.7004608296875 0.6311521250000001 0.6935483875 0.62695749375 0.7056451609375001 0.6277964203125 0.71082949375 0.6395413875 0.7062211984375 0.6428970921875 0.718894009375 0.6490492171875 0.7154377875 0.655480984375 0.7194700453125 0.65296420625 0.7292626734375001 0.6473713640625001 0.7315668203125 0.6434563765625 0.7200460828125 0.6395413875 0.7338709671875 0.634787471875 0.735599078125 0.6434563765625 0.740783409375 0.6473713640625001 0.736175115625 0.6552013421875 0.7384792625000001 0.6577181203125 0.752880184375 0.6549216999999999 0.7609447 0.652404921875 0.7649769578125001 0.6434563765625 0.763824884375 0.643176734375 0.7690092171875 0.6571588359375 0.7724654375 0.6588366890625 0.783986175 0.656599553125 0.8001152078124999 0.65911633125 0.8076036859375 0.6697427296875 0.80069124375 0.6733780765625 0.8047235015625 0.6733780765625 0.8807603687500001 0.6675055921874999 0.8928571421875 0.6607941828125 0.8847926265625 0.6582774046875 0.8888248843750001 0.65911633125 0.9020737328124999 0.67142058125 0.900921659375 0.6728187921875 0.9049539171875001 0.6739373609375 0.91417050625 0.670861296875 0.922811059375 0.666946309375 0.9205069124999999 0.6649888140625 0.929147465625 0.6876398203125 0.9331797234374999 0.6943512296875001 0.9447004609375 0.69826621875 0.9354838703125001 0.7021812078125 0.9354838703125001 0.7055369125000001 0.9423963140625 0.7156040265625 0.9377880187500001 0.72119686875 0.9447004609375 0.725671140625 0.9435483874999999 0.725671140625 0.9619815671874999 0.72119686875 0.94930875625 0.7172818796875 0.94930875625 0.713926175 0.9562211984375001 0.7027404921875 0.94930875625 0.6968680093749999 0.9614055296874999 0.7046979859375 0.9683179718750001 0.706096196875 0.9953917046875 0.7782438484374999 0.9953917046875 0.780480984375 0.991935484375 0.7832774046875 0.9953917046875 0.796979865625 0.9948156687499999 0.8193512296875 0.99366359375 0.8157158843750001 0.9850230421875
0 0.6552013421875 0 0.6532438484374999 0.0097926265625 0.6456935125000001 0.0207373265625 0.6283557046875 0.0276497703125 0.597595078125 0.025345621875000002 0.58780760625 0.0455069125 0.588926175 0.0754608296875 0.5959172265625 0.08755760312500001 0.5978747203125 0.06278801875 0.6009507828125 0.059907834375 0.6034675609375 0.065092165625 0.6043064874999999 0.1129032265625 0.6082214765625 0.0956221203125 0.6311521250000001 0.0841013828125 0.638982103125 0.08986175156250001 0.65911633125 0.088709678125 0.666946309375 0.0841013828125 0.6904362421875 0.08640552968750001 0.6929530203125001 0.082373271875 0.6943512296875001 0.0668202765625 0.70050335625 0.0806451609375 0.7072147656250001 0.0725806453125 0.714485459375 0.07373271875000001 0.7217561515625001 0.088709678125 0.726230425 0.08755760312500001 0.741331096875 0.0691244234375 0.7449664421875 0.07315668125 0.74804250625 0.08525345625 0.7508389265625001 0.08525345625 0.77265100625 0.076036865625 0.78104026875 0.081797234375 0.8084451906250001 0.0668202765625 0.8185123046875 0.07488479218750001 0.8598993281249999 0.076036865625 0.8705257265625 0.088709678125 0.882829978125 0.0944700453125 0.8889821031249999 0.10944700468749999 0.8979306484375 0.11866359374999999 0.9135906046875 0.1002304140625 0.9376398203124999 0.1002304140625 0.9574944078125001 0.122695853125 0.9552572703125 0.1457373265625 0.9583333328125001 0.156682028125 0.9700783 0.1658986171875 0.98965324375 0.16359447031250002 0.99272930625 0.16762672812499999 1 0.1595622125 0.9997203578124999 0 0.6552013421875 0