1 0.43359375 0.80078125 0.1734375 0.16171875
1 0.3 0.825 0.1 0.196875
1 0.1515625 0.84375 0.10546875 0.20234375
1 0.11328125 0.65625 0.10234375 0.084375
1 0.2265625 0.64609375 0.05625 0.0671875
1 0.29296875 0.66640625 0.05625 0.065625
1 0.54609375 0.75546875 0.084375 0.1390625
1 0.65703125 0.77578125 0.05859375 0.10859375
1 0.85078125 0.7265625 0.06328125 0.103125
1 0.78515625 0.7375 0.05390625 0.103125
1 0.73125 0.70546875 0.0546875 0.06875
1 0.40546875 0.6640625 0.07421875 0.06875
1 0.71796875 0.76171875 0.05 0.065625
1 0.62890625 0.68125 0.05390625 0.04609375
1 0.51015625 0.6578125 0.103125 0.05703125
1 0.66640625 0.6859375 0.02578125 0.040625
0 1 0.791532690625 0.9067976640625 0.7684887453125 0.8940520453125 0.7695605578125 0.8871481671874999 0.7781350484375 0.8351035578125 0.78242229375 0.8181094 0.7899249734375 0.8122676578125001 0.7888531624999999 0.8085501859375 0.7931404078125001 0.7490706312500001 0.8038585203125 0.745353159375 0.8070739546875 0.7416356875 0.8188638796875001 0.7363250125 0.8081457656250001 0.7294211359375 0.8135048234375001 0.68056293125 0.8210075031249999 0.665161975 0.8338692390625001 0.6396707375 0.832797428125 0.6237387140624999 0.8403001078125 0.600371746875 0.8424437296875 0.5924057359375 0.8478027859375 0.5297397765625 0.861736334375 0.5169941578125 0.8713826359375 0.503717471875 0.8681672031250001 0.49468932499999996 0.8756698828125 0.4511417953125 0.8842443734375 0.43998937812500005 0.8928188640625001 0.42724375937500003 0.8928188640625001 0.394317578125 0.9035369781249999 0.3757302171875 0.9013933546875 0.36882634062499997 0.9035369781249999 0.358736059375 0.914255090625 0.3417419015625 0.914255090625 0.32952735 0.9249732046875 0.297663303125 0.9335476953124999 0.29288369687500004 0.9389067531249999 0.279607009375 0.9431939984375 0.21959638906249998 0.94640943125 0.19994689375000002 0.9571275453125001 0.1914498140625 0.956055734375 0.18295273437499998 0.9624866031250001 0.1590547 0.9678456593749999 0.1186935734375 0.984994640625 0.086829528125 0.9828510187499999 0.0759426453125 0.9898177921875 0.0873605953125 0.9967845656250001 0.176579925 0.9978563765624999 0.9771641000000001 0.9983922828124999 0.9808815718749999 0.9962486609375001 0.9814126390625001 0.9812433015625001 0.9859267125000001 0.9657020359375 0.9944237921875001 0.9635584140625 1 0.9694533765625 1 0.791532690625