1 0.3703125 0.4734375 0.1578125 0.18984375
1 0.49921875 0.70078125 0.11015625 0.1375
1 0.203125 0.86484375 0.40625 0.26953125
1 0.065625 0.553125 0.13125 0.18125
1 0.35703125 0.3375 0.07421875 0.0765625
1 0.67421875 0.29296875 0.29140625 0.171875
1 0.921875 0.503125 0.15625 0.23828125
1 0.8359375 0.3203125 0.0875 0.0828125
1 0.91171875 0.303125 0.0921875 0.07109375
1 0.340625 0.27265625 0.06953125 0.0765625
1 0.13359375 0.13359375 0.140625 0.06796875
1 0.45703125 0.16640625 0.09609375 0.06796875
0 0.0229455703125 0.4832775921875 0.0277481328125 0.4598662203125 0.032283884375 0.4515050171875 0.041889007812500004 0.4425863984375 0.055229456249999996 0.4392419171875 0.07123799374999999 0.422519509375 0.12193169687500001 0.4292084734375 0.1254002140625 0.4152731328125 0.1331376734375 0.403567446875 0.14007470625000001 0.39910813749999996 0.1571504796875 0.403567446875 0.16088580624999999 0.387959865625 0.16462113125 0.396878484375 0.168890075 0.396878484375 0.17262539999999998 0.3913043484375 0.20144076875 0.3913043484375 0.22278548593749997 0.40579710156250004 0.22812166562499997 0.40579710156250004 0.2305229453125 0.394091415625 0.2283884734375 0.3851727984375 0.2289220921875 0.375139353125 0.235859125 0.32385730156250003 0.2363927421875 0.299331103125 0.22705442968749998 0.286510590625 0.20837780156250002 0.24637681093750002 0.19503735312499998 0.23188405781250002 0.192636071875 0.21683389062499997 0.18970117343749998 0.21181716874999998 0.176360725 0.2095875140625 0.1571504796875 0.1950947609375 0.142209178125 0.191750278125 0.06323372499999999 0.1939799328125 0.048826040625 0.188405796875 0.0442902875 0.1811594203125 0.0352187828125 0.1521739125 0.032283884375 0.13377926406250001 0.000266809375 0.1304347828125 0.0005336171875 0.492196209375 0.020010671875 0.4871794875 0.0229455703125 0.4832775921875
0 0.0514941296875 0.8394648828125 0.15234791875 0.7904124859375 0.19397011718749999 0.777034559375 0.263874065625 0.7435897437500001 0.2678762 0.7318840578125 0.2678762 0.71516165 0.26467449374999996 0.643812709375 0.25773745937500003 0.6148272015625 0.258271078125 0.6081382390625001 0.2628068296875 0.596432553125 0.27668089687499997 0.593088071875 0.28255069375 0.58528428125 0.29348986093749996 0.590301003125 0.2894877265625 0.60423634375 0.280949840625 0.6098104796875 0.27641408749999996 0.6226309921875 0.2812166484375 0.6861761421875 0.27961579531249997 0.7129319953125 0.28308431093749997 0.735785953125 0.3471184625 0.73132664375 0.3775346859375 0.7134894093749999 0.3820704375 0.7051282046875 0.38447171875 0.6889632109375 0.3978121671875 0.694537346875 0.4314300953125 0.678929765625 0.43783351093749995 0.6811594203125 0.451707578125 0.66109253125 0.479989328125 0.64882943125 0.48265741718750005 0.644370121875 0.49066168593750004 0.64548495 0.5173425828125 0.6321070234375 0.528014940625 0.637681159375 0.556830309375 0.6767001109375 0.59098185625 0.675585284375 0.642209178125 0.6878483828124999 0.6478121671875 0.6839464890625 0.6515474921875 0.65496098125 0.654482390625 0.6465997765625 0.6848986125 0.6265328875 0.6966382078125 0.6243032328125 0.701707578125 0.631549609375 0.7027748125 0.6393534 0.701707578125 0.677257525 0.70330843125 0.6884057968749999 0.6982390609375 0.69342251875 0.6945037359375 0.7034559640625 0.6902347921875001 0.7023411375 0.6856990390625 0.7140468234374999 0.6966382078125 0.720178371875 0.6982390609375 0.7302118171875 0.7041088578125 0.732441471875 0.7062433296874999 0.7380156078125 0.7227854859375 0.739130434375 0.73345784375 0.7458193984375 0.7369263609375001 0.751950946875 0.737459978125 0.7653288734375 0.7414621125 0.770345596875 0.742262540625 0.7541806015625 0.7451974390625 0.75027870625 0.7494663828125 0.7536231890625 0.7508004265625 0.7474916390625 0.750266809375 0.719620959375 0.7532017078125001 0.7134894093749999 0.7572038421875 0.7140468234374999 0.7529348984374999 0.71181716875 0.7508004265625 0.691750278125 0.7529348984374999 0.681716834375 0.7524012812499999 0.65496098125 0.7566702234375 0.647157190625 0.7550693703125 0.631549609375 0.7518676625 0.62374581875 0.7518676625 0.613712375 0.7569370328125 0.5908584171875 0.7612059765625 0.5886287625 0.7702774812500001 0.5942028984375 0.7726787625 0.61036789375 0.7766808968750001 0.6086956515625 0.778548559375 0.613712375 0.7772145140625 0.6176142703124999 0.7729455703125 0.6164994421875 0.766275346875 0.6426978812499999 0.760138740625 0.64882943125 0.7766808968750001 0.6521739125 0.7852187828125 0.6465997765625 0.79108858125 0.6544035671875 0.7953575234375 0.649944259375 0.798292421875 0.6527313265625 0.7993596578125 0.67391304375 0.8036286015625 0.68060200625 0.8017609390624999 0.683389075 0.784685165625 0.683389075 0.7809498406250001 0.6767001109375 0.7764140875 0.68060200625 0.7817502671875001 0.6861761421875 0.782283884375 0.6973244140625 0.7852187828125 0.70568561875 0.7953575234375 0.7068004453125 0.804429028125 0.7134894093749999 0.8086979718749999 0.7068004453125 0.8124332984375 0.7134894093749999 0.8199039484374999 0.7134894093749999 0.823639275 0.7179487171875001 0.827107790625 0.7051282046875 0.8244397015624999 0.6962095875000001 0.8292422625 0.6727982156250001 0.8287086453124999 0.62374581875 0.8199039484374999 0.618729096875 0.8145677687499999 0.6209587515625 0.8105656343750001 0.6159420296875 0.8121664890625 0.586956521875 0.8062966921875001 0.5891861765625 0.8038954109375 0.6176142703124999 0.79669156875 0.6181716828125 0.796424759375 0.64214046875 0.7892209171875 0.631549609375 0.790288153125 0.6148272015625 0.7961579515625 0.5992196203125 0.794557096875 0.590301003125 0.784151546875 0.5886287625 0.7812166484375 0.6036789296875 0.7772145140625 0.6053511703125001 0.774813234375 0.5992196203125 0.7758804703125 0.5880713484375 0.7734791890625 0.5830546265625001 0.76840981875 0.5824972125000001 0.7737459984374999 0.57580825 0.7689434359375 0.5657748046875 0.7729455703125 0.5562987734375 0.7769477046875 0.561315496875 0.7774813234375 0.5523968781249999 0.7726787625 0.54124860625 0.774813234375 0.523411371875 0.7812166484375 0.5122631 0.7897545359375 0.4832775921875 0.790288153125 0.47547380156249996 0.7860192109375 0.4676700109375 0.7865528281249999 0.45875139374999996 0.7942902875 0.43589743593749997 0.8038954109375 0.42697881875 0.8231056562499999 0.43032329999999996 0.8303094984375001 0.44091415781250004 0.8348452515625 0.460423634375 0.8391141937500001 0.4615384609375 0.8471184624999999 0.441471571875 0.8871398078125001 0.42697881875 0.8946104593750001 0.4024526203125 0.9063500531249999 0.404682275 0.914887940625 0.41806020000000005 0.92876200625 0.38907469375 0.9597118468750001 0.3790412484375 0.9703842046875 0.3823857296875 0.9847918890624999 0.3790412484375 0.989861259375 0.36845039062499996 0.9914621125 0.3428093640625 0.9885272140625 0.3333333328125 0.9813233718750001 0.3628762546875 0.9791888999999999 0.3617614265625 0.977588046875 0.352842809375 0.9823906078125001 0.322742475 0.9805229453125 0.3110367890625 0.9706510140625 0.3205128203125 0.9719850593749999 0.336677815625 0.9605122734375 0.3439241921875 0.9626467453125 0.3517279828125 0.9613127 0.362318840625 0.9586446109375 0.35451505 0.9314300953125001 0.35674470468749997 0.9196905015624999 0.3634336671875 0.910085378125 0.35674470468749997 0.9055496265625 0.36399108125 0.9071504796875001 0.3818283171875 0.9036819640625 0.3913043484375 0.8946104593750001 0.3913043484375 0.8834044828125001 0.384615384375 0.8794023484375 0.3695652171875 0.8799359656249999 0.36399108125 0.881803628125 0.35785953125000003 0.8887406609375 0.3612040140625 0.8890074703125 0.352842809375 0.87966915625 0.35117056875 0.8772678765625 0.35395763593749996 0.8772678765625 0.3628762546875 0.8748665953125 0.36900780312500003 0.8705976515625 0.37012263125 0.8668623265625 0.3612040140625 0.859391675 0.387959865625 0.85805763125 0.375139353125 0.8551227328125 0.3712374578125 0.84391675625 0.37681159375 0.843116328125 0.38628762499999997 0.8359124859374999 0.39464882968750004 0.8118996796875001 0.39910813749999996 0.8086979718749999 0.40579710156250004 0.788420490625 0.41137123750000004 0.7238527218749999 0.419175028125 0.6816969046875 0.419175028125 0.6555496265625 0.4124860640625 0.6510138734375001 0.4264214046875 0.6446104593750001 0.46878483906249996 0.6390074703125 0.47380156093750003 0.636606190625 0.46878483906249996 0.6358057625 0.45039018906250006 0.6339381000000001 0.4598662203125 0.6294023484375 0.46488294375 0.6270010671875 0.46321070156250005 0.62593383125 0.454292084375 0.6334044828125001 0.44425864062500003 0.6339381000000001 0.4264214046875 0.631803628125 0.409698996875 0.6339381000000001 0.3773690078125 0.6438100312499999 0.358974359375 0.6315368203125 0.3600891859375 0.6192636078125 0.350055740625 0.6152614734374999 0.3439241921875 0.6152614734374999 0.3327759203125 0.61179295625 0.32664437031250004 0.60992529375 0.3361204015625 0.6104589109375 0.352842809375 0.6163287093750001 0.36064660000000004 0.6152614734374999 0.37179487187500004 0.6021878328125 0.387959865625 0.5997865531250001 0.40078037968749997 0.5936499468750001 0.41471571875 0.5883137671875 0.415830546875 0.5840448234375 0.43589743593749997 0.5805763078124999 0.43311036718749996 0.5765741734375001 0.4091415828125 0.569103521875 0.3979933109375 0.5648345781249999 0.40579710156250004 0.561099253125 0.40579710156250004 0.558697971875 0.38963210625 0.54909285 0.37959866249999996 0.5514941296875 0.3600891859375 0.556830309375 0.35451505 0.57123799375 0.35674470468749997 0.574706509375 0.352842809375 0.5728388468750001 0.3255295421875 0.563233725 0.3311036796875 0.553094984375 0.32664437031250004 0.5290821765625 0.298773690625 0.51040555 0.31326644375 0.50613660625 0.327759196875 0.49973319062500005 0.3121516171875 0.4943970125 0.3110367890625 0.48612593437499996 0.29710145 0.4871931703125 0.27814938749999996 0.5 0.2536231890625 0.47918890000000003 0.24581939843749998 0.49012806875 0.23522853906250002 0.49813233749999997 0.23745819375 0.5034685171875 0.229654403125 0.5296157953125 0.22408026718750002 0.5296157953125 0.20289855 0.5261472781250001 0.20568561875000002 0.5253468515625 0.2129319953125 0.5173425828125 0.21181716874999998 0.5136072578124999 0.19955406874999998 0.4943970125 0.19286510625 0.4863927421875 0.1973244140625 0.48265741718750005 0.2062430328125 0.47411952968750004 0.20289855 0.4607790828125 0.2129319953125 0.4543756671875 0.21181716874999998 0.45090715000000003 0.2179487171875 0.45144076875000005 0.232441471875 0.44770544218749997 0.24916387968749998 0.44103521875 0.25195094687499997 0.4381003203125 0.24581939843749998 0.43383137656250004 0.2212932 0.42876200625000005 0.2129319953125 0.41648879375 0.20512820468749998 0.3999466375 0.1872909703125 0.3962113125 0.1783723515625 0.374332978125 0.1583054625 0.3711312703125 0.1482720171875 0.3647278546875 0.14046822812499998 0.3609925296875 0.14046822812499998 0.35458911406250004 0.131549609375 0.34498399218750003 0.1293199546875 0.343116328125 0.1399108140625 0.34525079999999997 0.1811594203125 0.35032017031249996 0.18060200625 0.357257203125 0.1962095875 0.3607257203125 0.1889632109375 0.3609925296875 0.1794871796875 0.36179295625 0.1889632109375 0.3660619 0.19565217343750002 0.3647278546875 0.21850613124999999 0.3588580578125 0.2207357859375 0.3569903953125 0.210144928125 0.35325506875 0.20903010000000002 0.35325506875 0.22463768125 0.357257203125 0.22408026718750002 0.3604589109375 0.238573021875 0.36526147343750004 0.23745819375 0.3689967984375 0.2285395765625 0.3807363921875 0.22408026718750002 0.38447171875 0.23634336718750001 0.38820704375 0.23522853906250002 0.390608325 0.2402452625 0.3911419421875 0.248049053125 0.3890074703125 0.254738015625 0.392209178125 0.26254180625 0.388473853125 0.2714604234375 0.39194236875 0.2820512828125 0.398879403125 0.2775919734375 0.40421558125 0.2630992203125 0.40901814375 0.2630992203125 0.41595517656250003 0.2720178375 0.4196905015625 0.260869565625 0.42182497343750003 0.279821628125 0.43569903906249996 0.279821628125 0.4381003203125 0.2837235234375 0.43916755625 0.31939799375 0.4375667015625 0.327201784375 0.41568836718749996 0.3361204015625 0.4140875140625 0.409698996875 0.41862326562499996 0.43032329999999996 0.448772678125 0.4676700109375 0.4482390609375 0.5167224078125 0.44450373593750003 0.533444815625 0.406883671875 0.5451505015625 0.40421558125 0.5496098109374999 0.3428495203125 0.5663322187500001 0.329509071875 0.5607580828125001 0.3257737453125 0.5529542921874999 0.3140341515625 0.555183946875 0.3100320171875 0.5501672234375 0.313233725 0.54124860625 0.31270010625 0.5323299890625 0.3057630734375 0.5089186171875 0.30522945625000003 0.492196209375 0.290288153125 0.454292084375 0.2868196375 0.4314381265625 0.25 0.44816053437500003 0.24919957343750002 0.4598662203125 0.254535753125 0.4710144921875 0.25613660625 0.48216276406249997 0.2556029875 0.49108138281249997 0.2505336171875 0.49832775937499996 0.24306296718749998 0.49832775937499996 0.2371931703125 0.4927536234375 0.23212380000000002 0.46655518437500004 0.22918889999999997 0.46376811562500003 0.1800960515625 0.47937569687500003 0.176627534375 0.48439241875 0.1814300953125 0.492196209375 0.1819637140625 0.5 0.17876200625 0.5055741359375 0.176627534375 0.52229654375 0.172358590625 0.525641025 0.17689434375 0.5250836125 0.184631803125 0.5356744703125 0.185165421875 0.5657748046875 0.1811632875 0.57302118125 0.168890075 0.5830546265625001 0.1496798296875 0.5908584171875 0.11979722500000001 0.615384615625 0.0578975453125 0.6432552953124999 0 0.659420290625 0.0010672359375 0.8612040140625 0.016275346875 0.8506131546875 0.0514941296875 0.8394648828125