1 0.39921875 0.49375 0.04921875 0.10546875
1 0.64375 0.484375 0.04453125 0.07578125
0 0.41745282968749997 0.666878171875 0.4150943390625 0.6300761421875001 0.418042453125 0.62119289375 0.42158018906250005 0.583121828125 0.42777122656250005 0.56091370625 0.43838443437499997 0.5761421312499999 0.45135613281250003 0.5736040609375 0.461674528125 0.5653553296875 0.46108490625 0.53997461875 0.45902122656250005 0.534263959375 0.4543042453125 0.5355329953125 0.44044811250000004 0.5234771578124999 0.443101415625 0.4987309640625 0.45607311250000004 0.49238578750000006 0.4596108484375 0.50380710625 0.463148584375 0.50380710625 0.46963443437499997 0.4746192890625 0.4755306609375 0.473350253125 0.5126768875 0.43781725937499993 0.5339033015625 0.43654822343750005 0.5504127359375001 0.45050761406250006 0.560141509375 0.4206852796875 0.5625 0.3914974625 0.57045990625 0.3718274109375 0.5910966984375 0.369289340625 0.604068396875 0.34517766562499996 0.6223466984375 0.34517766562499996 0.6300117921874999 0.3540609140625 0.6418042453125 0.3845177671875 0.655365565625 0.35659898437500004 0.688384434375 0.36675126874999997 0.70784198125 0.3845177671875 0.714917453125 0.3845177671875 0.72965801875 0.3743654828125 0.7373231125 0.3756345171875 0.746757075 0.3870558375 0.7517688671875 0.4041878171875 0.7567806609375001 0.40989847656249995 0.7600235843750001 0.388959390625 0.7691627359375001 0.3642131984375 0.8080778296875 0.3654822328125 0.8237028296875 0.32170050781250004 0.83284198125 0.3096446703125 0.846992925 0.322335025 0.8635023578125001 0.3540609140625 0.9106721703125 0.35659898437500004 0.9227594343750001 0.37246192968749997 0.9239386796875 0.399111675 0.9301297171874999 0.4124365484375 0.9436910375 0.41497461874999997 0.9501768875 0.42131979687500004 0.986733490625 0.413705584375 0.9997051890625 0.42385786875000003 1 0.11230964531250001 0.9377948109375 0.1142131984375 0.8747051890625 0.0977157359375 0.806898584375 0.1040609140625 0.7066627359375001 0.0977157359375 0.6736438671875 0.10279187812499999 0.572818396875 0.10532995 0.5356721703125 0.0964467 0.483785378125 0.0964467 0.455483490625 0.10279187812499999 0.29392688749999996 0.0964467 0.15477594374999998 0.098984771875 0.125589621875 0.10596446718750001 0.1267688671875 0.1402284265625 0.135023584375 0.20368020312500001 0.1497641515625 0.3978426390625 0.1565448109375 0.41497461874999997 0.1701061328125 0.41497461874999997 0.17659198125 0.42131979687500004 0.1810141515625 0.45114213124999997 0.18543632031249999 0.46319797031250004 0.2072523578125 0.4708121828125 0.224351415625 0.46700507656249995 0.232016509375 0.47208121875 0.23909198125 0.4885786796875 0.25501179218750003 0.4949238578125 0.2682783015625 0.4562182734375 0.26650943437499997 0.4206852796875 0.2750589625 0.40609137031250003 0.28213443437499997 0.4035533 0.2933372640625 0.3883248734375 0.30218160312500003 0.38324873125000003 0.3440448109375 0.376903553125 0.36409198125 0.3870558375 0.378242925 0.44796954375000003 0.40418632031249996 0.449238578125 0.41892688749999996 0.4644670046875 0.418632075 0.4866751265625 0.427476415625 0.498096446875 0.4310141515625 0.5285533 0.4310141515625 0.5412436546875 0.42777122656250005 0.55203045625 0.41774764218750005 0.550761421875 0.4124410375 0.5431472078125 0.40772405625 0.5469543140625001 0.40418632031249996 0.538071065625 0.40153301875 0.5412436546875 0.40182782968749997 0.550761421875 0.38885613281250003 0.5558375640625 0.37647405625 0.5532994921875 0.3688089625 0.5456852796875 0.36468160312500003 0.5634517765625 0.3511202828125 0.5799492390625 0.3449292453125 0.594543146875 0.34669811250000004 0.6440355328125 0.349351415625 0.6535533 0.3629127359375 0.65736040625 0.3723466984375 0.6484771578124999 0.3847287734375 0.6484771578124999 0.3965212265625 0.6637055843749999 0.40153301875 0.683375634375 0.40448113281250003 0.68591370625 0.41362028281249996 0.677664975 0.41745282968749997 0.666878171875
0 0.0981721703125 0.17258883281249998 0.11084905625000001 0.16941624375 0.11084905625000001 0.1364213203125 0.10229952812500001 0.1015228421875 0.0987617921875 0.1015228421875 0.0925707546875 0.11865482187500001 0.0896226421875 0.14403553281249998 0.08903301875 0.16941624375 0.0908018875 0.17322335 0.0940448109375 0.16497461875 0.0981721703125 0.17258883281249998
0 0.0356721703125 0.1763959390625 0.063089621875 0.16941624375 0.058962264062500006 0.1224619296875 0.0551297171875 0.10532995 0.039504717187499996 0.10977157343749999 0.034787735937499994 0.1275380703125 0.031839621875 0.155456853125 0.027712264062500002 0.1618020296875 0.0283018875 0.17703045625 0.030365565625 0.16878172656249998 0.0356721703125 0.1763959390625
0 0.11556603750000001 0.2265228421875 0.109375 0.223350253125 0.097582546875 0.2271573609375 0.0902122640625 0.303934009375 0.0981721703125 0.31091370625 0.130306603125 0.3153553296875 0.1308962265625 0.2950507609375 0.11556603750000001 0.2265228421875
0 0.13856132031249999 0.4067258890625 0.130306603125 0.36992385781250003 0.1252948109375 0.35913705625 0.11880896249999999 0.3642131984375 0.10465801875 0.3629441625 0.099056603125 0.37246192968749997 0.0949292453125 0.42195431406250006 0.0958136796875 0.4340101515625 0.13797169843749998 0.4422588828125 0.14150943437500002 0.43972081249999995 0.13856132031249999 0.4067258890625
0 0.0666273578125 0.3052030453125 0.056308962500000004 0.2271573609375 0.0380306609375 0.223350253125 0.0330188671875 0.2290609140625 0.018867925 0.2950507609375 0.0159198109375 0.32170050781250004 0.021226415625 0.32296954375000003 0.06338443437499999 0.31091370625 0.0666273578125 0.3052030453125
0 0.0660377359375 0.4206852796875 0.058962264062500006 0.37119289375000003 0.051002357812499996 0.3616751265625 0.027417453125 0.360406090625 0.0159198109375 0.40291878125 0.0094339625 0.43972081249999995 0.010318396875 0.45050761406250006 0.016509434375 0.45114213124999997 0.0627948109375 0.4327411171875 0.0660377359375 0.4206852796875
0 0.0218160375 0.10977157343749999 0.0185731125 0.1040609140625 0 0.10469543125 0.000589621875 0.47017766562499996 0.0206367921875 0.1402284265625 0.0218160375 0.10977157343749999
0 0.705483490625 0.5812182734375 0.7075471703125 0.57677665 0.706957546875 0.542512690625 0.6987028296875 0.5552030453125 0.69840801875 0.56852791875 0.6981132078125001 0.55647208125 0.6931014156249999 0.5469543140625001 0.6848466984375 0.5393401015625 0.6748231125 0.541878171875 0.6715801890625 0.5552030453125 0.67334905625 0.5843908625 0.6818985843750001 0.598984771875 0.6872051890625 0.5977157359375 0.69516509375 0.6085025374999999 0.6975235843750001 0.57677665 0.705483490625 0.5812182734375
0 0.659492925 0.6167512687500001 0.6650943390624999 0.5996192890625001 0.66096698125 0.5513959390625 0.655365565625 0.5393401015625 0.6471108484375 0.5368020296875 0.6403301890625 0.5450507609375 0.639740565625 0.5602791875 0.6356132078125001 0.574238578125 0.6385613203125 0.583121828125 0.6362028296875 0.6135786796875 0.639740565625 0.6224619296875 0.65477594375 0.6218274109374999 0.659492925 0.6167512687500001