1 0.421875 0.57578125 0.21171875 0.196875
1 0.69296875 0.66171875 0.05625 0.10859375
1 0.76875 0.86328125 0.175 0.2734375
1 0.9515625 0.73828125 0.096875 0.190625
1 0.9 0.75390625 0.03359375 0.08828125
1 0.2296875 0.85078125 0.253125 0.2984375
1 0.1078125 0.93515625 0.2125 0.1296875
1 0.2546875 0.47265625 0.1015625 0.11328125
1 0.14453125 0.40546875 0.11796875 0.10078125
1 0.4328125 0.334375 0.29765625 0.13515625
1 0.7734375 0.3765625 0.2 0.10078125
1 0.9375 0.44765625 0.125 0.125
1 0.11953125 0.2875 0.0546875 0.05546875
1 0.0796875 0.23125 0.115625 0.0765625
1 0.8515625 0.27734375 0.04140625 0.05078125
0 0.0662269125 0.8965952078124999 0.0825857515625 0.8726355609375 0.08627968281250001 0.8726355609375 0.085224275 0.8612862546875 0.077572559375 0.8530895328125 0.0759894453125 0.8341740234374999 0.08126649062499999 0.8215636828124999 0.08126649062499999 0.7824716265625 0.0865435359375 0.7471626734375 0.1021108171875 0.721311475 0.1137203171875 0.708701134375 0.117941953125 0.6935687265625 0.1274406328125 0.68726355625 0.143799471875 0.686002521875 0.148812665625 0.6752837328125 0.148812665625 0.658890290625 0.153298153125 0.6469104671875 0.1649076515625 0.62799495625 0.18073878593749998 0.6179066828125 0.20079155625 0.587641865625 0.20422163593749998 0.5731399749999999 0.20369393125 0.5617906687499999 0.2002638515625 0.55485498125 0.184960421875 0.5460277421875 0.17282321875 0.5485498109375 0.1480211078125 0.54098360625 0.13535619999999998 0.53215636875 0.123218996875 0.5346784359375001 0.0751978890625 0.517023959375 0.05514511875 0.5018915515625 0.0509234828125 0.4880201765625 0.0461741421875 0.4880201765625 0.039841689062500005 0.47919293749999997 0.035620053125 0.4640605296875 0.0182058046875 0.47919293749999997 0.0002638515625 0.47919293749999997 0 0.9640605296875 0.002638521875 0.9640605296875 0.0192612140625 0.9508196718749999 0.0662269125 0.8965952078124999
0 0.587862796875 0.9854981078125 0.61688654375 0.79003783125 0.619525065625 0.7496847421874999 0.612137203125 0.7320302640625 0.6126649078125 0.6651954609375 0.6145118734375 0.6595208078125 0.6166226906250001 0.6582597734375 0.62137203125 0.672131146875 0.628232190625 0.6784363171875001 0.6514511875 0.6822194203125 0.661741425 0.647540984375 0.666490765625 0.6122320296875 0.674670184375 0.602774275 0.7031662265625 0.6116015124999999 0.719525065625 0.6078184109375 0.7612137203125 0.6103404796875 0.7696569921874999 0.6179066828125 0.773614775 0.6097099625 0.7762532984375 0.5933165203125 0.7773087078125 0.5189155109375 0.7691292875 0.5119798234374999 0.751187334375 0.517023959375 0.7503957781249999 0.48486759218750003 0.7453825859375 0.46784363124999995 0.7445910296875 0.4911727609375 0.742216359375 0.5018915515625 0.732717678125 0.5006305171875 0.7258575203125 0.505674653125 0.721635884375 0.5018915515625 0.717941953125 0.505674653125 0.7131926125 0.5006305171875 0.706332453125 0.515762925 0.702638521875 0.4867591421875 0.693667546875 0.4867591421875 0.6868073875 0.4779319046875 0.6799472296875 0.482976040625 0.6662269125 0.480453971875 0.662796834375 0.4949558640625 0.6554089703125 0.5075662046875 0.6551451187499999 0.519546028125 0.6543535625 0.5075662046875 0.6509234828125 0.505674653125 0.6501319265625 0.5163934421875 0.6472295515625001 0.5233291296875 0.6424802109375001 0.5220680953125 0.6387862796875 0.5359394703125 0.6321899734375 0.512610340625 0.6332453828125 0.49621689843750005 0.6306068609375 0.4684741484375 0.632717678125 0.453341740625 0.6416886546875 0.43820933125000006 0.6406332453125 0.4041614125 0.6435356203125 0.395964690625 0.6551451187499999 0.3896595203125 0.6575197890625 0.3839848671875 0.6585751984375 0.33480453906249996 0.6567282328124999 0.2938209328125 0.629815303125 0.3051702390625 0.625329815625 0.3259773015625 0.626912928125 0.3499369484375 0.62348285 0.3606557375 0.6160949875 0.361916771875 0.6116094984375 0.35624211875 0.6087071234375 0.3430012609375 0.597097625 0.348045396875 0.602638521875 0.3385876421875 0.5944591031249999 0.336696090625 0.5957783640625001 0.36380832343749997 0.604749340625 0.366330390625 0.584960421875 0.395964690625 0.58021108125 0.3896595203125 0.5715039578125001 0.39281210624999996 0.56833773125 0.4218158890625 0.5688654359374999 0.4684741484375 0.5667546171875 0.4773013875 0.5672823218749999 0.48738965937499995 0.5649076515625 0.491803278125 0.5598944593749999 0.48738965937499995 0.556992084375 0.4249684734375 0.5369393140625001 0.4337957125 0.53007915625 0.4413619171875 0.5221635890625 0.4388398484375 0.5174142484375001 0.43001261093750004 0.5116094984374999 0.44514501875 0.5021108171875001 0.44892812031249996 0.4984168859375 0.46910466562500003 0.49498680781250004 0.46343001250000004 0.49393139843749995 0.450819671875 0.4846965703125 0.43631778125 0.48153034375 0.423707440625 0.47044854843749995 0.43127364375 0.46569920781249996 0.45271122343750003 0.462796834375 0.450819671875 0.45989445937499995 0.43505674687500007 0.454089709375 0.43001261093750004 0.44670184687500003 0.4110971 0.397097625 0.39722572500000003 0.3612137203125 0.3783102140625 0.3572559359375 0.4092055484375 0.34036939374999997 0.43190416093749995 0.3398416890625 0.48234552343750003 0.3416886546875 0.505674653125 0.3649076515625 0.48171500624999997 0.388654353125 0.482976040625 0.3910290234375 0.4773013875 0.3920844328125 0.450819671875 0.4002638515625 0.4476670875 0.4021108171875 0.450819671875 0.4031662265625 0.4810844890625 0.41503957812500003 0.49306431249999993 0.4678100265625 0.5069356875000001 0.471767809375 0.49873896562500003 0.47229551406250003 0.48486759218750003 0.478364115625 0.47919293749999997 0.48258575156249994 0.5132408578125001 0.5182058046875 0.52522068125 0.5182058046875 0.5491803281250001 0.5208443265625 0.563051703125 0.5208443265625 0.5907944515625 0.5182058046875 0.610970996875 0.49630606874999994 0.6658259765625 0.478364115625 0.6708701140625 0.4667546171875 0.6670870109375 0.46042216406250003 0.67339218125 0.4530343015625 0.67339218125 0.444063325 0.663303909375 0.40817941874999997 0.6481715 0.3897097625 0.6317780578125001 0.3200527703125 0.6090794453124999 0.3160949875 0.5920554859375 0.3155672828125 0.5441361921875 0.317941953125 0.5346784359375001 0.3308707125 0.5163934421875 0.3308707125 0.44829760468749996 0.3295514515625 0.4413619171875 0.3189973609375 0.4401008828125 0.31398416875 0.4344262296875 0.3134564640625 0.3827238328125 0.3102902375 0.36506935625 0.2978891828125 0.3543505671875 0.29419525 0.336696090625 0.2778364109375 0.33543505625000003 0.270976253125 0.32786885312499997 0.263588390625 0.32660781875 0.2583113453125 0.3316519546875 0.231926121875 0.3291298859375 0.23562005312499998 0.313997478125 0.2517150390625 0.30580075624999997 0.253298153125 0.2881462796875 0.25804749375 0.281841109375 0.25804749375 0.2717528375 0.2509234828125 0.26229508125 0.22928759843750002 0.26229508125 0.22691292812500002 0.2717528375 0.2274406328125 0.281841109375 0.2229551453125 0.2875157625 0.2176781 0.28625472812499997 0.21187335156249998 0.2698612859375 0.20079155625 0.274905421875 0.1881266484375 0.2736443890625 0.1846965703125 0.280580075 0.185751978125 0.2906683484375 0.18311345625 0.3007566203125 0.192348284375 0.302648171875 0.1984168859375 0.3146279953125 0.20052770468749997 0.32849936875 0.198944590625 0.35750315312500003 0.20817941874999998 0.42118537187499994 0.2200527703125 0.4117276171875 0.2221635890625 0.391551071875 0.2211081796875 0.3764186640625 0.22717678125 0.3669609078125 0.231926121875 0.3669609078125 0.2348284953125 0.3738965953125 0.2343007921875 0.394073140625 0.240897096875 0.40857503125 0.244063325 0.40983606562499997 0.24828496093750002 0.39974779374999997 0.2530343015625 0.398486759375 0.2593667546875 0.41235813437499996 0.263588390625 0.4148802015625 0.2659630609375 0.405422446875 0.266490765625 0.3738965953125 0.2704485484375 0.36822194218750004 0.27282321875000004 0.42433795781250006 0.2955145125 0.44073140000000005 0.2955145125 0.50252206875 0.28759894531249997 0.5239596468750001 0.2881266484375 0.5920554859375 0.2791556734375 0.6197982343749999 0.28047493437500004 0.62799495625 0.2854881265625 0.6336696093749999 0.28496042187500004 0.647540984375 0.2825857515625 0.6569987390625001 0.274670184375 0.6532156375 0.270976253125 0.663303909375 0.2530343015625 0.674653215625 0.2543535625 0.6866330390625001 0.2485488125 0.69419924375 0.2630606859375 0.697351828125 0.26622691249999997 0.7023959640624999 0.2715039578125 0.697351828125 0.27889182031250004 0.7187894078125 0.29050131874999996 0.720050440625 0.3021108171875 0.7301387140625 0.3100263859375 0.7263556109375 0.3163588390625 0.7313997484375 0.321635884375 0.7427490546875 0.3284960421875 0.74653215625 0.3369393140625 0.745271121875 0.345910290625 0.7313997484375 0.35751978906250004 0.7288776796875001 0.36306068593749996 0.743379571875 0.36464379999999996 0.7711223203124999 0.37519788906249996 0.7875157625 0.373087071875 0.8291298859375 0.35883905 0.8770491796875 0.3572559359375 0.8921815890625 0.34116095 0.9382093312500001 0.3258575203125 0.96595208125 0.315831134375 0.973518284375 0.31187335156249996 0.984237075 0.312137203125 0.9936948296875 0.5746701843750001 0.9955863812500001 0.583377309375 0.9949558640625 0.587862796875 0.9854981078125
0 0.6395778359375 0.3751576296875 0.6432717671875 0.36506935625 0.6387862796875 0.361916771875 0.635620053125 0.3669609078125 0.6321899734375 0.35624211875 0.635620053125 0.34930643125 0.6482849609375 0.34930643125 0.649604221875 0.35750315312500003 0.643799471875 0.366330390625 0.649604221875 0.3751576296875 0.643799471875 0.3852459015625 0.6551451187499999 0.38587641875 0.65224274375 0.3751576296875 0.656992084375 0.368852459375 0.65804749375 0.34489281250000003 0.6551451187499999 0.32156368281250003 0.6485488125 0.33480453906249996 0.6472295515625001 0.34426229531249997 0.6451187328125 0.3329129890625 0.6414248015624999 0.3329129890625 0.6387862796875 0.3404791921875 0.6324538265624999 0.32282471562500004 0.629023746875 0.3247162671875 0.6274406328125 0.3385876421875 0.6311345640625 0.35750315312500003 0.6295514515625 0.36759142499999997 0.6348284953125 0.3726355609375 0.6358839046875 0.3839848671875 0.6337730875 0.40163934375 0.6337730875 0.4218158890625 0.6358839046875 0.42686002500000003 0.6432717671875 0.3852459015625 0.6395778359375 0.3751576296875
0 0.057783640625 0.2925598984375 0.06569920781250001 0.291298865625 0.066490765625 0.281841109375 0.0620052765625 0.279949559375 0.0593667546875 0.2875157625 0.052506596875 0.2711223203125 0.04195250625 0.2711223203125 0.0361477578125 0.277427490625 0.028232190624999997 0.2698612859375 0.0192612140625 0.2711223203125 0.007651715625 0.2585119796875 0.0042216359375 0.2402269859375 0 0.23266078124999998 0.0002638515625 0.3165195453125 0.024010554687499998 0.32534678437500003 0.028496042187499997 0.318411096875 0.029551451562499997 0.3032786890625 0.0366754625 0.2925598984375 0.043799471875 0.33354350625 0.0519788921875 0.300126103125 0.057783640625 0.2925598984375
0 0.140105540625 0.3530895328125 0.15804749375 0.350567465625 0.17018469687499999 0.3606557375 0.18073878593749998 0.361916771875 0.18153034375 0.3360655734375 0.1778364109375 0.284363178125 0.17282321875 0.288776796875 0.16543535625 0.28499369531249996 0.1543535625 0.288776796875 0.15065963124999998 0.29886506874999996 0.1427440640625 0.302648171875 0.125329815625 0.3064312734375 0.0957783640625 0.30390920625 0.0928759890625 0.30832282499999997 0.095250659375 0.339218159375 0.10633245312499999 0.34174022656249997 0.10897097656250002 0.3303909203125 0.1126649078125 0.3303909203125 0.11556728281249999 0.3600252203125 0.11926121406250001 0.3625472890625 0.1321899734375 0.3455233296875 0.140105540625 0.3530895328125
0 0.3102902375 0.44073140000000005 0.3102902375 0.43190416093749995 0.30659630625 0.42433795781250006 0.309234828125 0.4041614125 0.30659630625 0.3953341734375 0.30659630625 0.3852459015625 0.3100263859375 0.3745271125 0.303957784375 0.3751576296875 0.305540896875 0.394073140625 0.3015831140625 0.398486759375 0.29656992031249996 0.39281210624999996 0.2978891828125 0.3745271125 0.2868073875 0.36822194218750004 0.2823219 0.37137452656250003 0.27968337656250003 0.352459015625 0.27651715 0.34741487968749996 0.27757255937499997 0.3373266078125 0.2751978890625 0.3329129890625 0.2646438 0.33543505625000003 0.26253298125 0.32786885312499997 0.25514511875 0.348045396875 0.2514511875 0.3341740234375 0.239313984375 0.337957125 0.23245382656250002 0.3329129890625 0.2250659625 0.33543505625000003 0.2237467015625 0.3310214375 0.2277044859375 0.32282471562500004 0.231926121875 0.32408575 0.2530343015625 0.3076923078125 0.25514511875 0.28625472812499997 0.25804749375 0.2881462796875 0.2575197890625 0.3007566203125 0.2620052765625 0.313997478125 0.26622691249999997 0.30390920625 0.27361477500000003 0.300126103125 0.27598944531249997 0.2641866328125 0.2741424796875 0.2585119796875 0.26253298125 0.2572509453125 0.25883905 0.26355611562500003 0.2514511875 0.2585119796875 0.22717678125 0.2610340484375 0.221635884375 0.2717528375 0.2245382578125 0.2736443890625 0.22638522499999997 0.281841109375 0.22084432656250003 0.2875157625 0.21688654375 0.281841109375 0.2189973609375 0.2717528375 0.2134564640625 0.26733921875 0.1836411609375 0.270491803125 0.1825857515625 0.304539721875 0.1844327171875 0.30895334218750004 0.1891820578125 0.30390920625 0.19630606875 0.3108448921875 0.197361478125 0.329760403125 0.1957783640625 0.3398486765625 0.1978891828125 0.34741487968749996 0.195250659375 0.366330390625 0.2 0.3726355609375 0.2 0.3865069359375 0.204749340625 0.3965952078125 0.207651715625 0.4186633046875 0.22348284999999998 0.4161412359375 0.22321899687500002 0.3751576296875 0.229815303125 0.3669609078125 0.2358839046875 0.3751576296875 0.236411609375 0.3852459015625 0.2337730875 0.394073140625 0.23852242812500002 0.40163934375 0.239313984375 0.4148802015625 0.2435356203125 0.4148802015625 0.2498680734375 0.398486759375 0.2535620046875 0.398486759375 0.261477571875 0.42244640625 0.2646438 0.42244640625 0.266490765625 0.40163934375 0.2659630609375 0.36506935625 0.2696569921875 0.354981084375 0.26833773125 0.350567465625 0.2630606859375 0.3518285 0.26015831093749997 0.34741487968749996 0.2630606859375 0.337957125 0.26992084375 0.3467843625 0.27546174218749997 0.36506935625 0.27229551406249997 0.3738965953125 0.27229551406249997 0.3978562421875 0.27546174218749997 0.4205548546875 0.2846965703125 0.4249684734375 0.29366754687499996 0.43631778125 0.29815303437499996 0.45712484218749994 0.3023746703125 0.46216897812499996 0.302902375 0.450819671875 0.3102902375 0.44073140000000005