1 0.64375 0.43828125 0.1203125 0.06875
1 0.57265625 0.3296875 0.07421875 0.03515625
1 0.62421875 0.36953125 0.08203125 0.046875
1 0.70234375 0.56953125 0.115625 0.0625
1 0.7125 0.70078125 0.15234375 0.1078125
0 0.0019230765625 0 0.000641025 0.029354207812499998 0.040384615624999995 0.02152641875 0.0480769234375 0.045009784375 0.0512820515625 0.0264187859375 0.055769231249999995 0.0254403125 0.0666666671875 0.053816046875 0.0666666671875 0.09882583125 0.0641025640625 0.11643835625000001 0.059615384375000004 0.1174168296875 0.0480769234375 0.06457925625 0.044230768749999996 0.0958904109375 0.0326923078125 0.084148728125 0.03076923125 0.09686888437499999 0.018589743750000002 0.10567514687499999 0.008974359375000001 0.100782778125 0.0051282046875 0.071428571875 0 0.075342465625 0 0.9970645796875001 0.646153846875 0.9970645796875001 0.6641025640625 0.9755381609375 0.6794871796875 0.9344422703124999 0.678205128125 0.90900195625 0.6666666671875 0.87964775 0.671794871875 0.8581213312499999 0.6653846156250001 0.8365949125000001 0.6705128203124999 0.8268101765625 0.6679487171875 0.79745596875 0.6730769234375 0.7661448140625 0.653205128125 0.7455968687500001 0.616025640625 0.739726028125 0.615384615625 0.7250489234375 0.6429487171875 0.70254403125 0.647435896875 0.6800391390625 0.6570512828124999 0.6731898234375 0.6673076921875001 0.6516634046875 0.7301282046875001 0.6536203515625 0.7326923078124999 0.6673189828125 0.7532051281250001 0.67710371875 0.7608974359375 0.65949119375 0.7666666671875 0.6702544031250001 0.7679487171875 0.644814090625 0.766025640625 0.6340508812500001 0.7416666671875001 0.6438356171875 0.7448717953124999 0.6350293546875 0.7333333328125 0.6291585125 0.73141025625 0.596868884375 0.64423076875 0.59882583125 0.6358974359375 0.5919765171875 0.6358974359375 0.5743639921875 0.6448717953124999 0.562622309375 0.646153846875 0.545009784375 0.6589743593749999 0.5313111546875 0.6576923078125 0.517612525 0.646153846875 0.5078277890625 0.6448717953124999 0.46868884531250005 0.596794871875 0.46966731875 0.5846153843749999 0.4628180046875 0.58076923125 0.4432485328125 0.5955128203125 0.4148727984375 0.6173076921875 0.40313111562500004 0.652564103125 0.4001956953125 0.646794871875 0.3913894328125 0.596794871875 0.39334637968749997 0.574358975 0.3845401171875 0.5891025640625001 0.35029354218750003 0.6301282046875001 0.35029354218750003 0.6333333328124999 0.3356164390625 0.6083333328125 0.3268101765625 0.600641025 0.3463796484375 0.5326923078125 0.3444227 0.525641025 0.333659490625 0.5307692312500001 0.3238747546875 0.515384615625 0.2925636015625 0.499358975 0.277886496875 0.42115384687499996 0.25048923749999996 0.349358975 0.2035225046875 0.3262820515625 0.2035225046875 0.31410256406250003 0.179060665625 0.308974359375 0.1536203515625 0.29679487187500003 0.1467710375 0.2929487171875 0.131115459375 0.278846153125 0.127201565625 0.271153846875 0.1369863015625 0.24807692343749999 0.1389432484375 0.253846153125 0.12035225000000001 0.2378205125 0.109589040625 0.2384615390625 0.09686888437499999 0.22756410312500003 0.0958904109375 0.21923076875 0.0812133078125 0.224358975 0.075342465625 0.22179487187500002 0.053816046875 0.216025640625 0.0743639921875 0.20512820468749998 0.059686889062500005 0.20897435937500003 0.01272015625 0.21217948749999999 0.0097847359375 0.225641025 0.032289628125 0.2365384609375 0.0743639921875 0.24551282031250002 0.0724070453125 0.2544871796875 0.0489236796875 0.278846153125 0.0704500984375 0.2884615390625 0.0616438359375 0.29679487187500003 0.0019569468749999997 0.209615384375 0 0.20833333281250002 0.0078277890625 0.20705128281250001 0 0.0019230765625 0
0 0.5891025640625001 0.1624266140625 0.5935897437500001 0.13992172187500002 0.583974359375 0.1291585125 0.5737179484375 0.1428571421875 0.559615384375 0.1409001953125 0.549358975 0.1213307234375 0.5339743593749999 0.13307240781250002 0.51858974375 0.13307240781250002 0.5057692312500001 0.127201565625 0.500641025 0.1154598828125 0.4852564109375 0.1115459875 0.48974358906250004 0.1262230921875 0.4871794875 0.157534246875 0.4948717953125 0.1634050875 0.5108974359375 0.15459882656249999 0.5891025640625001 0.1624266140625
0 0.3762820515625 0 0.3794871796875 0.0264187859375 0.3608974359375 0.045009784375 0.3416666671875 0.045009784375 0.32820512812499997 0.07338551875 0.3416666671875 0.09001956875 0.35641025625 0.0870841484375 0.3576923078125 0.09686888437499999 0.34423076875 0.0998043046875 0.34102564062499996 0.114481409375 0.3544871796875 0.12524461874999998 0.3583333328125 0.1369863015625 0.3980769234375 0.1350293546875 0.452564103125 0.157534246875 0.45641025625 0.13796477499999998 0.446153846875 0.11839530312499999 0.449358975 0.10371820000000001 0.47756410312500003 0.10371820000000001 0.47948717968750004 0.0851272015625 0.4878205125 0.07632093906250001 0.499358975 0.0782778859375 0.502564103125 0.09099804375000001 0.5121794875 0.09784735781250001 0.525641025 0.0831702546875 0.525641025 0.0675146765625 0.5384615390625 0.0440313109375 0.5358974359374999 0.014677103124999999 0.5570512828124999 0.0097847359375 0.5608974359375 0.017612525 0.5628205125 0.0009784734374999999 0.459615384375 0 0.4641025640625 0.0048923671875 0.4621794875 0.019569471875 0.449358975 0.0136986296875 0.40320512812500003 0.02152641875 0.3955128203125 0 0.3762820515625 0
0 0.774358975 0.6780821921875 0.772435896875 0.6223091968750001 0.7294871796875 0.6604696671875 0.734615384375 0.6702544031250001 0.7326923078124999 0.679060665625 0.7608974359375 0.6751467703125 0.7833333328125 0.6859099796875 0.7814102562499999 0.67710371875 0.774358975 0.6780821921875
0 0.8769230765625 0.71135029375 0.8730769234375 0.6780821921875 0.8858974359375 0.65068493125 0.8897435890625 0.60763209375 0.8801282046875001 0.5831702546875001 0.8628205124999999 0.5704500984374999 0.8602564109375 0.5508806265625 0.8820512828125 0.5215264187499999 0.8846153843750001 0.49608610625000005 0.878846153125 0.4755381609375 0.8512820515625 0.49804305312499997 0.8384615390624999 0.5273972609375 0.8358974359375001 0.5489236796875 0.821794871875 0.5645792562499999 0.83076923125 0.588062621875 0.828846153125 0.596868884375 0.8205128203125 0.5998043046875 0.824358975 0.6115459875 0.8166666671874999 0.6369863015624999 0.8044871796875 0.6457925640625 0.7948717953125 0.6291585125 0.802564103125 0.6115459875 0.802564103125 0.5900195687500001 0.8108974359375001 0.5870841484375 0.7903846156250001 0.59099804375 0.7794871796875 0.6291585125 0.7814102562499999 0.6712328765625 0.7865384609375 0.6516634046875 0.7980769234375 0.6516634046875 0.800641025 0.65949119375 0.8044871796875 0.6497064578125 0.8051282046875 0.6604696671875 0.8 0.6643835609375001 0.8108974359375001 0.6712328765625 0.824358975 0.6937377687499999 0.824358975 0.717221134375 0.8076923078125 0.730919765625 0.8230769234374999 0.7426614484375 0.8166666671874999 0.7504892375 0.815384615625 0.7915851265625 0.8198717953125 0.7984344421875 0.83076923125 0.79745596875 0.8576923078125 0.777886496875 0.8769230765625 0.71135029375
0 0.999358975 0.24266144843749998 0.8083333328125001 0.22896281875 0.7679487171875 0.23581213281250002 0.777564103125 0.2661448140625 0.8083333328125001 0.2876712328125 0.8237179484375 0.2896281796875 0.8621794875000001 0.252446184375 0.877564103125 0.25048923749999996 0.8878205124999999 0.2641878671875 0.9108974359375 0.273972603125 0.9230769234375 0.308219178125 0.9314102562500001 0.31702544062500004 0.9621794875 0.31115459843750004 0.977564103125 0.3268101765625 0.9871794875000001 0.325831703125 1 0.3199608609375 0.999358975 0.24266144843749998
0 0.6314102562499999 0.1428571421875 0.625641025 0.1692759296875 0.6352564109375 0.17808219218750002 0.6512820515625 0.179060665625 0.653846153125 0.1438356171875 0.6314102562499999 0.1428571421875