1 0.659375 0.72890625 0.35859375 0.5421875
1 0.153125 0.6015625 0.30625 0.490625
1 0.4578125 0.18125 0.1140625 0.1640625
1 0.2671875 0.14609375 0.2609375 0.10703125
1 0.709375 0.2125 0.09921875 0.12421875
1 0.6796875 0.3609375 0.06328125 0.19375
1 0.328125 0.34296875 0.14375 0.253125
1 0.12578125 0.30234375 0.2515625 0.15078125
1 0.5609375 0.06015625 0.07109375 0.059375
0 0.1088541671875 0.9884488453125 0.10625 0.936743675 0.10338541718750001 0.9350935093749999 0.09817708281250001 0.9207920796875 0.09453125 0.9196919687499999 0.07890625 0.9394939499999999 0.078125 0.926842684375 0.08046875 0.9196919687499999 0.06692708281250001 0.9130913093749999 0.059114582812500004 0.9042904296875 0.051302082812500004 0.9130913093749999 0.0489583328125 0.91144114375 0.0471354171875 0.8998899890625 0.0283854171875 0.8921892187499999 0.01640625 0.8965896593749999 0.01328125 0.8899889984374999 0 0.8861386140624999 0.0002604171875 0.99449945 0.0278645828125 0.9922992296875 0.059114582812500004 0.9977997796875 0.09635416718749999 0.997249725 0.1059895828125 0.9966996703125 0.1088541671875 0.9884488453125
0 1 0.824532453125 0.99609375 0.8580858078125001 0.9947916671874999 0.8201320125 0.9875 0.8036303625000001 0.9880208328125001 0.769526953125 0.9953125 0.755225521875 0.9901041671874999 0.7321232125 0.9921875 0.6870187015625 0.9890625 0.6595159515625 0.9768229171874999 0.653465346875 0.971875 0.64631463125 0.9708333328125001 0.62981298125 0.9651041671874999 0.61331133125 0.9651041671874999 0.5891089109375 0.9611979171874999 0.5808580859375 0.95546875 0.5764576453125 0.92890625 0.5731573156249999 0.92578125 0.5687568749999999 0.9143229171874999 0.5698569859375 0.8958333328125001 0.61331133125 0.9010416671874999 0.628712871875 0.9010416671874999 0.6419141921875 0.8981770828125001 0.6545654562500001 0.8747395828125001 0.6666666671875 0.8434895828125001 0.6666666671875 0.8390625 0.6716171609375 0.8364583328125 0.8113311328125 0.8375 0.852035203125 0.84140625 0.8624862484375001 0.84609375 0.865786578125 0.8580729171874999 0.88668866875 0.8627604171875 0.8888888890625 0.8640625 0.8619361937500001 0.8677083328125 0.8487348734375001 0.8661458328125 0.8036303625000001 0.8682291671875 0.7255225515625 0.8705729171875 0.7216721671874999 0.8825520828125001 0.7227722765625 0.92421875 0.7326732671875 0.9270833328125001 0.722222221875 0.9270833328125001 0.69581958125 0.9244791671874999 0.6716171609375 0.92890625 0.66006600625 0.9346354171875 0.6589658968750001 0.9380208328125 0.67381738125 0.95 0.81793179375 0.9552083328125001 0.85643564375 0.9614583328125 0.8817381734374999 0.9692708328125 0.9939493953125 0.990625 0.997249725 1 0.996149615625 1 0.824532453125
0 0.44635416718750004 0.986248625 0.4458333328125 0.969746975 0.45208333281249996 0.9532453249999999 0.4526041671875 0.92794279375 0.45130208281249995 0.9240924093749999 0.44036458281249996 0.9207920796875 0.42005208281249995 0.9218921890624999 0.4171875 0.9422442249999999 0.41588541718750005 0.9801980203125 0.4145833328125 0.9290429046875 0.41041666718750003 0.9202420234375 0.4135416671875 0.90044004375 0.41510416718750004 0.8509350937500001 0.41640625 0.8470847078125001 0.41979166718750005 0.8542354234375 0.4192708328125 0.8916391640624999 0.42369791718750005 0.9064906484374999 0.44296875 0.9075907593749999 0.4536458328125 0.8806380640624999 0.4609375 0.8696369640625001 0.46875 0.7794279421875 0.46875 0.7706270625 0.465625 0.7629262921875 0.4661458328125 0.755225521875 0.4984375 0.6683168312500001 0.5166666671875 0.6100110015625 0.521875 0.58030803125 0.53125 0.5561056109375 0.5296875 0.50550055 0.5234375 0.4977997796875 0.5203125 0.47689768906249996 0.5203125 0.4669967 0.5244791671875 0.44829482968749995 0.53359375 0.43674367500000005 0.5471354171875 0.43234323437500005 0.55234375 0.43564356406250004 0.5611979171875 0.4554455453125 0.56796875 0.45654565468749997 0.5708333328124999 0.44169416874999995 0.5796875 0.42299230000000004 0.5786458328124999 0.3954895484375 0.5861979171875 0.3806380640625 0.5924479171875 0.3751375140625 0.5966145828125 0.36193619374999997 0.6067708328125 0.3558855890625 0.6080729171875 0.3267326734375 0.6236979171875 0.34323432343750004 0.6325520828125 0.34543454375 0.63515625 0.35643564375 0.6424479171875 0.35973597343749997 0.6549479171875 0.360836084375 0.659375 0.34268426875 0.6630208328125 0.33938393906250003 0.6640625 0.3195819578125 0.6598958328125 0.3074807484375 0.6596354171875001 0.297029703125 0.65234375 0.2893289328125 0.6434895828125 0.2937293734375 0.6393229171875 0.2838283828125 0.6348958328125 0.28107810781250003 0.6348958328125 0.2678767875 0.6416666671875 0.23267326718749998 0.6205729171875001 0.2244224421875 0.61640625 0.21782178281250003 0.6091145828125 0.21452145156250002 0.6067708328125 0.208470846875 0.6078125 0.19856985625 0.6052083328125 0.18316831718749998 0.6083333328125 0.1776677671875 0.6098958328124999 0.1622662265625 0.6205729171875001 0.1375137515625 0.6317708328125 0.1248624859375 0.6369791671875 0.10836083593750001 0.6315104171875 0.10011001093750001 0.6231770828125 0.10011001093750001 0.6158854171875 0.10781078125000002 0.6127604171875001 0.10451045156250001 0.5924479171875 0.10671067031249999 0.5927083328125 0.1358635859375 0.584375 0.1666666671875 0.58125 0.2073707375 0.5768229171875 0.21452145156250002 0.56484375 0.222222221875 0.55390625 0.21342134218750003 0.54765625 0.21452145156250002 0.5450520828125 0.2244224421875 0.5385416671875001 0.23267326718749998 0.5390625 0.2491749171875 0.5299479171875 0.26402640312500003 0.5205729171875 0.25962596250000003 0.50234375 0.242024203125 0.5044270828124999 0.23212321249999998 0.49817708281249995 0.23212321249999998 0.49791666718750005 0.2546754671875 0.5020833328125 0.2700770078125 0.5104166671875 0.28217821718749997 0.5098958328125 0.28657865781249997 0.5059895828125 0.3003300328125 0.48723958281249996 0.3256325625 0.47239583281249997 0.354785478125 0.46067708281249997 0.39273927343750004 0.4526041671875 0.3987898796875 0.4515625 0.41639163906250004 0.4427083328125 0.42849285000000004 0.44427083281249996 0.43949395 0.44947916718750003 0.44719471874999994 0.4515625 0.45599559999999995 0.4515625 0.4636963703125 0.44765625 0.4730473046875 0.43515625 0.4774477453125 0.43072916718750004 0.47249725 0.43072916718750004 0.43619361874999996 0.42734375 0.42794279375000005 0.4203125 0.43179317968750003 0.4234375 0.45599559999999995 0.41588541718750005 0.46424642499999996 0.41171875 0.480748075 0.38828125 0.480748075 0.3846354171875 0.4895489546875 0.38125 0.4702970296875 0.37890625 0.46974697499999996 0.375 0.4911991203125 0.3734375 0.5550055 0.3674479171875 0.5687568749999999 0.3606770828125 0.5753575359374999 0.3565104171875 0.589658965625 0.3434895828125 0.600660065625 0.3372395828125 0.62156215625 0.30546875 0.625962596875 0.29609375 0.631463146875 0.2783854171875 0.6303630359375 0.2731770828125 0.6358635859375 0.25338541718749996 0.6677667765625 0.2453125 0.6870187015625 0.24583333281250003 0.722222221875 0.24088541718749998 0.739273928125 0.23151041718749998 0.744774478125 0.22005208281250002 0.744774478125 0.1971354171875 0.7590759078125 0.1627604171875 0.8228822875 0.14140625 0.8580858078125001 0.12578125 0.8767876781249999 0.121875 0.8905390531249999 0.1177083328125 0.8938393843749999 0.1177083328125 0.9334433437499999 0.1216145828125 0.9339934 0.1234375 0.9422442249999999 0.1197916671875 0.9532453249999999 0.12395833281249999 0.9609460953125 0.11927083281249999 0.969746975 0.12109375 0.995599559375 0.1268229171875 0.9911991203125 0.13359375 0.9977997796875 0.1424479171875 0.9977997796875 0.14921875 0.9889989 0.15286458281249998 0.9977997796875 0.4401041671875 0.997249725 0.4440104171875 0.99449945 0.44635416718750004 0.986248625