1 0.20625 0.5828125 0.12890625 0.09609375
1 0.44453125 0.9515625 0.04921875 0.0890625
1 0.37890625 0.9484375 0.0484375 0.0875
1 0.53828125 0.9421875 0.0640625 0.115625
1 0.27265625 0.50625 0.07578125 0.09140625
1 0.2859375 0.41328125 0.08515625 0.05546875
1 0.50546875 0.365625 0.06328125 0.10234375
1 0.35078125 0.30625 0.053125 0.0703125
1 0.42109375 0.32890625 0.096875 0.08359375
1 0.43359375 0.26640625 0.05625 0.078125
1 0.61484375 0.4421875 0.04453125 0.05703125
1 0.76875 0.75859375 0.05703125 0.06328125
1 0.72578125 0.7984375 0.05859375 0.109375
1 0.853125 0.84609375 0.15625 0.1015625
1 0.3953125 0.63203125 0.04140625 0.0671875
1 0.825 0.6453125 0.0484375 0.05703125
1 0.89375 0.64375 0.0515625 0.05546875
1 0.96484375 0.6359375 0.03671875 0.05390625
1 0.28828125 0.92265625 0.05625 0.071875
1 0.13515625 0.93203125 0.06875 0.09140625
1 0.59296875 0.503125 0.034375 0.05
1 0.6453125 0.39453125 0.03125 0.03203125
1 0.59609375 0.3953125 0.0203125 0.0421875
1 0.72734375 0.028125 0.05625 0.03671875
1 0.771875 0.64921875 0.0453125 0.0515625
1 0.8265625 0.64609375 0.046875 0.04296875
1 0.80390625 0.51640625 0.028125 0.05234375
0 1 0.545883940625 0.9960073703125 0.5465587046875 0.9923218671875 0.530364371875 0.9901719906249999 0.5431848859375 0.9920147421875001 0.5607287453125 0.9871007374999999 0.5688259109375 0.9871007374999999 0.612010796875 0.9886363640625 0.62348178125 0.9923218671875 0.6194331984375 0.99385749375 0.6228070171875 0.9993857500000001 0.656545209375 0.991400490625 0.6794871796875 0.9901719906249999 0.7078272609375 0.9923218671875 0.7179487171875001 1 0.7172739546875 1 0.545883940625
0 0.60626535625 0.7847503375 0.6007371 0.7766531718749999 0.5976658484375 0.7591093125 0.5807739562500001 0.759784075 0.578009828125 0.8184885296875001 0.6050368546875 0.8225371125000001 0.6074938578125 0.8117408906250001 0.60626535625 0.7847503375
0 0.3144963140625 0.2921727390625 0.303746928125 0.27530364375 0.290233415625 0.276653171875 0.27487715 0.2874493921875 0.2632063875 0.2887989203125 0.25644963125000003 0.2820512828125 0.2518427515625 0.2854251015625 0.252457003125 0.30161943281250003 0.2552211296875 0.30499325312500003 0.278562653125 0.3090418359375 0.2822481578125 0.3171390015625 0.290233415625 0.3157894734375 0.2951474203125 0.3063427796875 0.3114250609375 0.3191632921875 0.31081081093749996 0.3097165984375 0.3144963140625 0.2921727390625
0 0.7914619171874999 0.7219973015625001 0.79361179375 0.6862348171875 0.7890049140625 0.6815114703125 0.7484643734375 0.6855600546875 0.740786240625 0.6808367078125 0.740479115625 0.6990553312500001 0.7490786234375 0.7004048578125001 0.7539926296874999 0.70580296875 0.7613636359375 0.7260458843750001 0.7708845203125 0.729419703125 0.7840909093749999 0.7287449390625 0.7914619171874999 0.7219973015625001
0 0.40847665781250003 0.2462887984375 0.41369778906250004 0.2348178140625 0.41922604375 0.2321187578125 0.42045454531250004 0.2226720640625 0.4075552828125 0.2226720640625 0.3921990171875 0.238866396875 0.37561425000000004 0.240215925 0.359950859375 0.251686909375 0.359336609375 0.259784075 0.3645577390625 0.2699055328125 0.3921990171875 0.2712550609375 0.39312039374999996 0.2854251015625 0.3986486484375 0.28812415625 0.40479115468750004 0.2854251015625 0.40847665781250003 0.2462887984375
0 0.3768427515625 0.704453440625 0.38298525781250004 0.7098515515625 0.3894348890625 0.7051282046875 0.390663390625 0.6970310390625001 0.3878992625 0.688259109375 0.3547297296875 0.68690958125 0.346437346875 0.653846153125 0.3458230953125 0.6457489875 0.3510442265625 0.632928475 0.35964373437499997 0.6261808359375001 0.372542996875 0.631578946875 0.3731572484375 0.6194331984375 0.347358721875 0.6180836703125 0.3418304671875 0.6086369765625 0.3378378375 0.6201079625 0.3378378375 0.65519568125 0.3427518421875 0.6794871796875 0.3375307125 0.688259109375 0.32954545468749996 0.6923076921875 0.32678132656250003 0.7078272609375 0.33138820625 0.7098515515625 0.3375307125 0.7004048578125001 0.339987715625 0.7112010796875 0.346437346875 0.71187584375 0.3707002453125 0.7112010796875 0.3768427515625 0.704453440625
0 0.0918304671875 0.789473684375 0.1022727265625 0.805668015625 0.11240786250000001 0.783400809375 0.0955159703125 0.76923076875 0.0304054046875 0.7651821859375 0.015049140624999999 0.771929825 0.014434889062500001 0.7786774624999999 0.0368550375 0.8063427796875 0.039926290625 0.8346828609375001 0.0703316953125 0.7921727390625 0.0918304671875 0.789473684375
0 0.9871007374999999 0.5323886640625 0.9846437343750001 0.517543859375 0.9729729734375001 0.5067476390625 0.9699017203125001 0.48380566875 0.95608108125 0.4520917671875 0.9493243250000001 0.4750337375 0.9404176906249999 0.48380566875 0.9379606875000001 0.5188933875 0.9493243250000001 0.549257759375 0.9539312046875 0.5526315796875 0.9573095828125 0.5829959515625001 0.9763513515625 0.5802968953125001 0.98095823125 0.5850202421875 0.9871007374999999 0.5580296890625001 0.9871007374999999 0.5323886640625
0 0.7490786234375 0.488529015625 0.7521498765625 0.4642375171875 0.7589066343749999 0.4642375171875 0.7638206390625 0.476383265625 0.76873464375 0.476383265625 0.7761056515625 0.448043184375 0.7865479109375 0.448043184375 0.7914619171874999 0.442645075 0.796990171875 0.4466936578125 0.8043611796875 0.43994601875 0.8080466828124999 0.429149796875 0.8286240781249999 0.4230769234375 0.8243243250000001 0.4176788125 0.8234029484375001 0.4048583 0.8160319406250001 0.39811066093749997 0.796375921875 0.40215924375 0.7926904171875 0.41430499374999996 0.784705159375 0.4062078265625 0.7804054046875 0.41160593749999996 0.750307125 0.4183535765625 0.7490786234375 0.442645075 0.721130221875 0.46086369843749997 0.7199017203125 0.482456140625 0.7223587218749999 0.489203778125 0.7355651109375 0.476383265625 0.7490786234375 0.488529015625
0 0.5638820640625 0.4487179484375 0.5408476656250001 0.4197031046875 0.5297911546875 0.41430499374999996 0.5261056515625 0.431848853125 0.5205773953125 0.43319838125 0.5135135140625 0.4230769234375 0.5178132671875 0.41497975781249996 0.5138206390625 0.4089068828125 0.4984643734375 0.4089068828125 0.4947788703125 0.4170040484375 0.483722359375 0.4183535765625 0.478808353125 0.39946018906249997 0.47051597031250003 0.3947368421875 0.46652334218749997 0.358974359375 0.44133906562499997 0.37651821875 0.4075552828125 0.367071525 0.4007985265625 0.368421053125 0.3980343984375 0.378542509375 0.4007985265625 0.394062078125 0.4198402953125 0.3859649125 0.42536854999999996 0.39541160625 0.4394963140625 0.3819163296875 0.44379606875000005 0.38326585625 0.44963145000000004 0.3933873140625 0.4517813265625 0.4075573546875 0.46283783749999996 0.4197031046875 0.48617936093749997 0.4237516875 0.49416461875 0.441295546875 0.5076781328125 0.450742240625 0.5168918921875 0.442645075 0.5267199015624999 0.442645075 0.5334766578125001 0.45748987812499997 0.5457616703125 0.45883940624999997 0.549447175 0.469635628125 0.5577395578125001 0.470310390625 0.5608108109375001 0.4662618078125 0.5638820640625 0.4487179484375
0 0.9806511062500001 0.716599190625 0.9858722359375 0.691632928125 0.9858722359375 0.6781376515625 0.9806511062500001 0.66801619375 0.9591523343749999 0.6720647765625001 0.9425675671875 0.659919028125 0.9351965609375 0.68690958125 0.9143120390625 0.6909581640625 0.90632678125 0.678812415625 0.89342751875 0.6815114703125 0.8928132671875 0.6720647765625001 0.8768427515624999 0.67071525 0.8627149875000001 0.6504723343750001 0.8584152328125001 0.67071525 0.8473587218749999 0.6734143046875001 0.8402948406249999 0.682186234375 0.8427518421875 0.6983805671875001 0.8363022109375 0.704453440625 0.8335380828125001 0.7159244265625 0.8393734640625 0.7246963562500001 0.8590294843749999 0.7246963562500001 0.8657862406250001 0.713900134375 0.878071253125 0.7192982453125001 0.8928132671875 0.7125506078125 0.921683046875 0.713900134375 0.9259828015625 0.7233468281250001 0.934889434375 0.7267206484375001 0.9548525796874999 0.716599190625 0.9806511062500001 0.716599190625
0 0.33353808281249997 0.6497975703125001 0.33292383281250004 0.63900135 0.325552825 0.6295546562500001 0.3304668296875 0.57557355 0.3298525796875 0.5445344125 0.3353808359375 0.5445344125 0.3372235875 0.5782726046875 0.3445945953125 0.5823211875000001 0.34551597031250003 0.6045883937500001 0.359950859375 0.5512820515625 0.3578009828125 0.5438596484375 0.350429975 0.5452091765625 0.35012285 0.53508771875 0.35626535625 0.526990553125 0.35687960625000004 0.5053981109375 0.3602579859375 0.4993252359375 0.3645577390625 0.5006747640625 0.37162162187500003 0.4770580296875 0.3710073703125 0.41093117343749996 0.372542996875 0.4048583 0.3740786234375 0.4419703109375 0.3762285015625 0.4466936578125 0.384828009375 0.448043184375 0.3869778875 0.4406207828125 0.38144963125000003 0.4311740890625 0.383599509375 0.42105263125 0.38882063906250003 0.416329284375 0.3949631453125 0.38933873124999996 0.3928132671875 0.367071525 0.3768427515625 0.36437247031250003 0.3645577390625 0.35087719375000004 0.3605651109375 0.3663967609375 0.3605651109375 0.39878542499999997 0.3495086 0.4176788125 0.3449017203125 0.441295546875 0.327702703125 0.46018893437499997 0.3206388203125 0.482456140625 0.32156019687500004 0.4871794875 0.3252457 0.4817813765625 0.3332309578125 0.4871794875 0.334766584375 0.5067476390625 0.32585995156249997 0.514170040625 0.3172604421875 0.5101214578125 0.3126535625 0.517543859375 0.3114250609375 0.53508771875 0.31879606875 0.5512820515625 0.3132678125 0.5782726046875 0.309889434375 0.5829959515625001 0.296990171875 0.5802968953125001 0.2923832921875 0.5863697703125 0.296683046875 0.612010796875 0.3083538078125 0.63900135 0.3132678125 0.6619433203125 0.3200245703125 0.6700404859375 0.31695331718749997 0.6970310390625001 0.31818181874999996 0.7037786781250001 0.324938575 0.69298245625 0.33353808281249997 0.6497975703125001
0 0.203316953125 0.9493927125000001 0.20423832968750003 0.9419703109374999 0.2202088453125 0.9419703109374999 0.23249385781249998 0.9298245609375 0.2478501234375 0.8744939265625 0.258906634375 0.8717948718749999 0.2632063875 0.88259109375 0.2708845203125 0.8616734140625001 0.26842751875 0.8184885296875001 0.2702702703125 0.7753036437499999 0.2665847671875 0.7591093125 0.2696560203125 0.7550607281249999 0.271191646875 0.7422402156250001 0.2791769046875 0.7570850203124999 0.28132678125 0.7348178140625 0.2800982796875 0.7253711203125001 0.2739557734375 0.7159244265625 0.271498771875 0.6862348171875 0.2668918921875 0.6747638328125001 0.25644963125000003 0.68690958125 0.24938575 0.7037786781250001 0.2481572484375 0.7145748984375 0.240479115625 0.7246963562500001 0.17843980312500002 0.7219973015625001 0.16185503750000002 0.7462887984375 0.134520884375 0.7591093125 0.1382063875 0.7847503375 0.146498771875 0.8137651828125 0.166154790625 0.7921727390625 0.1882678125 0.7813765187499999 0.2140663390625 0.7854251015625 0.21928746875 0.7780026984374999 0.2232800984375 0.7584345484374999 0.22665847656250002 0.7591093125 0.225429975 0.7766531718749999 0.21867321875 0.7874493921875 0.21621621562499999 0.8103913625000001 0.2051597046875 0.83198380625 0.2014742015625 0.8535762484375 0.18058968125 0.9143049937500001 0.174447175 0.9453441296875 0.174447175 0.9655870453125001 0.1772113015625 0.973009446875 0.20085995156249997 0.9750337375000001 0.20638820624999998 0.9588394062500001 0.203316953125 0.9493927125000001
0 0.0359336609375 0.5748987859375 0.040233415625000005 0.561403509375 0.0549754296875 0.5506072875 0.06848894375 0.5168690953125 0.0767813265625 0.5067476390625 0.078009828125 0.482456140625 0.0875307125 0.4736842109375 0.09490172031250001 0.4534412953125 0.10780098281249999 0.450742240625 0.1170147421875 0.45883940624999997 0.121928746875 0.45748987812499997 0.12438575 0.448043184375 0.14342751874999998 0.4251012140625 0.1575552828125 0.384615384375 0.16861179375 0.3792172734375 0.1796683046875 0.35762483125 0.215909090625 0.33738191562500003 0.21683046718750001 0.3218623484375 0.209766584375 0.321187584375 0.1987100734375 0.32928475 0.16922604375 0.32388663906250004 0.15632678125 0.3549257765625 0.12561424999999998 0.37246963593750004 0.1016584765625 0.3697705796875 0.078316953125 0.3441295546875 0.0761670765625 0.3556005390625 0.0826167078125 0.37246963593750004 0.09398034375 0.3771929828125 0.0924447171875 0.384615384375 0.08599508593750001 0.38933873124999996 0.083845209375 0.403508771875 0.065417690625 0.41160593749999996 0.03101965625 0.4102564109375 0.021805896875 0.41430499374999996 0.019348893750000002 0.4237516875 0.014434889062500001 0.422402159375 0.0125921375 0.43319838125 0.00583538125 0.43994601875 0.000307125 0.43994601875 0 0.491902834375 0.003992629687500001 0.5074224015625 0.0135135140625 0.517543859375 0.0021498765625 0.5263157890625 0.00061425 0.5323886640625 0.0012285015625 0.618758434375 0.015049140624999999 0.6099865046875 0.0359336609375 0.5748987859375
0 0.9828009828125 0.23144399531249998 0.9883292390625 0.1842105265625 0.99385749375 0.1639676109375 0.9855651109375 0.15249662656250002 0.9726658484374999 0.15114709843750002 0.9548525796874999 0.1336032390625 0.8651719906249999 0.1322537109375 0.8485872234375 0.1430499328125 0.828316953125 0.16869095781250001 0.800061425 0.1767881234375 0.796990171875 0.18218623437499998 0.7840909093749999 0.1781376515625 0.7736486484375 0.18758434531249998 0.7533783781250001 0.18218623437499998 0.721744471875 0.2152496625 0.7300368546875 0.23751686875 0.7521498765625 0.245614034375 0.7730343984375 0.240215925 0.7804054046875 0.2537112015625 0.796375921875 0.257759784375 0.800061425 0.26585695 0.8209459453125 0.267206478125 0.8307739562500001 0.257759784375 0.84305896875 0.255060728125 0.8645577390625 0.273954115625 0.8673218671875 0.270580296875 0.871928746875 0.2442645078125 0.8792997546875 0.2429149796875 0.89312039375 0.2584345484375 0.8943488937499999 0.2678812421875 0.9011056515625 0.2773279359375 0.9026412781250001 0.295546559375 0.9112407859375 0.2982456140625 0.91799754375 0.27935222656250003 0.922297296875 0.27800269843750003 0.9376535625000001 0.286099865625 0.9474815718749999 0.3090418359375 0.9692874687499999 0.3137651828125 0.9858722359375 0.261133603125 0.9828009828125 0.23144399531249998
0 0.6572481578125 0.8103913625000001 0.6541769046875 0.7847503375 0.6507985265625 0.7759784078124999 0.6609336609375001 0.7766531718749999 0.659705159375 0.82928475 0.6630835375 0.8582995953125 0.6673832921875 0.8421052625 0.677825553125 0.8394062078125 0.683660934375 0.8279352234375 0.6759828015625 0.8218623484375 0.6738329234375 0.8103913625000001 0.6738329234375 0.7510121453124999 0.6772113015625 0.7422402156250001 0.6864250609375 0.735492578125 0.7257371 0.73414305 0.7377149875 0.7064777328125 0.733722359375 0.6950067468750001 0.6851965609375 0.6990553312500001 0.6621621625 0.6794871796875 0.6633906640625 0.6268556000000001 0.6664619171874999 0.599865046875 0.6759828015625 0.5762483125 0.690724815625 0.5735492578125 0.6861179359375 0.5593792171875 0.6861179359375 0.54723346875 0.6919533171875 0.5465587046875 0.7014742015625 0.52834008125 0.703009828125 0.5168690953125 0.714987715625 0.5121457484375 0.716216215625 0.46491228125 0.7140663390624999 0.46018893437499997 0.70608108125 0.4642375171875 0.699938575 0.4750337375 0.6894963140625 0.47773279375 0.6864250609375 0.48448043125 0.6784398031250001 0.479082321875 0.6397420140625 0.479082321875 0.6354422609375 0.4736842109375 0.5979729734375 0.46018893437499997 0.5924447171875 0.448043184375 0.5807739562500001 0.43724696406249997 0.56910319375 0.43724696406249997 0.5651105656250001 0.4473684203125 0.5666461921875 0.4750337375 0.590601965625 0.47773279375 0.6071867328125 0.4871794875 0.625307125 0.517543859375 0.6203931203125 0.5485829953125 0.616400490625 0.5560053984375 0.6108722359375001 0.5546558703125 0.608722359375 0.5607287453125 0.6081081078125 0.6255060734375 0.6047297296874999 0.6180836703125 0.60012285 0.6255060734375 0.6007371 0.637651821875 0.597051596875 0.653846153125 0.60012285 0.7199730093750001 0.5988943484375 0.7334682859375 0.6041154796875 0.7476383265625001 0.6056511062500001 0.7442645078125001 0.6074938578125 0.7159244265625 0.6056511062500001 0.7051282046875 0.608722359375 0.69298245625 0.609336609375 0.663292846875 0.6121007374999999 0.659919028125 0.614864865625 0.7091767875 0.6124078625 0.7253711203125001 0.6111793609375 0.8171390015625001 0.615171990625 0.8245614031249999 0.6385135140625 0.8299595140625 0.6418918921875 0.8427800265625001 0.6431203937500001 0.8711201078125 0.6535626531250001 0.8711201078125 0.65663390625 0.8616734140625001 0.6572481578125 0.8103913625000001
0 0.510135134375 0.219973009375 0.5122850125 0.2125506078125 0.5107493859375001 0.16734143125 0.50644963125 0.17543859687500002 0.5021498765625 0.1713900140625 0.49508599531249997 0.18151147031249998 0.503071253125 0.1909581640625 0.49877149843749996 0.213900134375 0.500307125 0.2213225375 0.503071253125 0.2219973015625 0.50644963125 0.2172739546875 0.510135134375 0.219973009375
0 0.4514742015625 0.2152496625 0.46283783749999996 0.20647773281249998 0.478808353125 0.2145748984375 0.48187960625 0.2226720640625 0.48495085937500004 0.2226720640625 0.48648648593750005 0.20445344062499998 0.490786240625 0.20850202499999998 0.4895577390625 0.19905533125 0.49324324375 0.18151147031249998 0.4867936125 0.16869095781250001 0.452395578125 0.1781376515625 0.4447174453125 0.213900134375 0.4394963140625 0.2145748984375 0.43488943437499994 0.22469635625 0.45761670781249997 0.23144399531249998 0.458845209375 0.223346828125 0.4514742015625 0.2152496625
0 0.000307125 0 0 0.1639676109375 0.0079852578125 0.1639676109375 0.034705159375 0.156545209375 0.0457616703125 0.1457489875 0.07463145 0.1457489875 0.099815725 0.128205128125 0.227579853125 0.08771929843750001 0.23218673281250002 0.0802968953125 0.234643734375 0.0641025640625 0.2380221125 0.0580296890625 0.25276412812500004 0.055330634375 0.25798525781250004 0.061403509375 0.259520884375 0.07287449375 0.2761056515625 0.07287449375 0.29760442187499997 0.064777328125 0.302518428125 0.0566801625 0.31418918906250004 0.0580296890625 0.33077395625 0.0499325234375 0.35288697812500003 0.04723346875 0.3645577390625 0.0337381921875 0.3731572484375 0.0404858296875 0.3768427515625 0.03508771875 0.38052825625 0.037786775 0.3860565109375 0.0323886640625 0.4081695328125 0.02834008125 0.4235257984375 0.0134952765625 0.4603808359375 0.010796221875000001 0.46498771562499996 0.0006747640625 0.452395578125 0 0.45116707656250005 0.0040485828125 0.44932432499999997 0 0.000307125 0