1 0.53359375 0.4734375 0.11796875 0.12109375
1 0.4046875 0.5890625 0.10703125 0.1203125
1 0.828125 0.565625 0.18828125 0.40390625
1 0.90625 0.36953125 0.08671875 0.1390625
1 0.7484375 0.3546875 0.15703125 0.11484375
1 0.6 0.4 0.09609375 0.09453125
1 0.7 0.2609375 0.07578125 0.078125
1 0.3546875 0.3140625 0.10078125 0.0890625
1 0.415625 0.2703125 0.08828125 0.08125
1 0.45390625 0.228125 0.09453125 0.08515625
1 0.5203125 0.19609375 0.04453125 0.05546875
1 0.07578125 0.54375 0.15078125 0.209375
1 0.11328125 0.4109375 0.16328125 0.12265625
1 0.1921875 0.29140625 0.13515625 0.12265625
1 0.1953125 0.1890625 0.1421875 0.08515625
1 0.31640625 0.18671875 0.03984375 0.0671875
1 0.3796875 0.1859375 0.0484375 0.06640625
1 0.5015625 0.78515625 0.29375 0.246875
1 0.125 0.9125 0.2421875 0.175
1 0.04140625 0.08359375 0.06953125 0.059375
1 0.590625 0.15625 0.05390625 0.0671875
1 0.72421875 0.175 0.07578125 0.06953125
1 0.9265625 0.13984375 0.03984375 0.05546875
0 0 0.9553472984375 0.0026055234375 0.9553472984375 0.013809275 0.9404630656249999 0.0164148 0.9316427781250001 0.0289213125 0.9228224921875 0.033090151562499996 0.9140022046875 0.0424700359375 0.9062844546875001 0.0471599796875 0.8952590953125 0.057582073437500006 0.8886438812499999 0.06331422656249999 0.8754134515625 0.0825951015625 0.857772878125 0.10083376718749999 0.83020948125 0.1237623765625 0.828004409375 0.1255862421875 0.8219404625 0.1255862421875 0.7778390296875 0.129494528125 0.7695700109375 0.1367899953125 0.766262403125 0.14356435625 0.77287761875 0.147993746875 0.7888643875 0.1485148515625 0.828555678125 0.145648775 0.83902976875 0.17639395468750002 0.861080484375 0.185773840625 0.8621830203125 0.1935904109375 0.87210584375 0.21651902031249998 0.8853362734375001 0.235278790625 0.8412348406250001 0.24778530468749999 0.8357221609375 0.25742574218750003 0.8472987875 0.25742574218750003 0.87596471875 0.2553413234375 0.8880926125 0.257165190625 0.890848953125 0.2628973421875 0.890848953125 0.2642001046875 0.8803748625000001 0.2707139140625 0.865490628125 0.282699321875 0.8566703421874999 0.285304846875 0.87210584375 0.2944241796875 0.8803748625000001 0.2944241796875 0.90463065 0.29937467500000003 0.9140022046875 0.32386659687499997 0.923925028125 0.3426263671875 0.9250275640625001 0.3452318921875 0.9316427781250001 0.3494007296875 0.9283351703125 0.3525273578125 0.93384785 0.360865034375 0.9316427781250001 0.3655549765625 0.93825799375 0.3694632625 0.9288864390624999 0.37154768125 0.9134509375000001 0.3686816046875 0.9095920625 0.36347055781250004 0.9106945968750001 0.3600833765625 0.90463065 0.367118290625 0.8996692390625001 0.3681605 0.8952590953125 0.328556540625 0.8897464171875 0.32386659687499997 0.8765159875 0.3189161015625 0.8726571109375 0.321782178125 0.8665931640625001 0.33038040625 0.8638368249999999 0.3256904640625 0.8550165375000001 0.326993225 0.8434399125 0.3337675875 0.8412348406250001 0.3384575296875 0.8456449828125001 0.3415841578125 0.83020948125 0.313444503125 0.828004409375 0.30979676875 0.8423373765625 0.30719124531249997 0.8291069453125001 0.2811360078125 0.8235942671875 0.2790515890625 0.8048511578124999 0.2681083890625 0.7971334062500001 0.2196456484375 0.78941565625 0.21938509687500002 0.778941565625 0.223553934375 0.7723263499999999 0.21599791562499998 0.7673649390625 0.2100052109375 0.7557883125 0.220166753125 0.7122381484375 0.2696717046875 0.6515986765624999 0.28634705625 0.64057331875 0.3400760296875 0.6507769171875 0.34042330781249996 0.6287395984375 0.3350703484375 0.5981256890625 0.3329859296875 0.589305403125 0.33486677187499997 0.5736462718750001 0.34042330781249996 0.574380865625 0.33903419375 0.5567509984375001 0.334172215625 0.5457323390625 0.331422615625 0.5 0.3337675875 0.49503858906250003 0.343668578125 0.493936053125 0.3480979671875 0.4988974640625 0.34966128125 0.5341786109375 0.3449713390625 0.5551267921874999 0.3449713390625 0.5694597578125 0.3514851484375 0.5777287765625 0.3582595109375 0.5733186328125 0.360865034375 0.5611907390625 0.38118811875 0.5402425578125001 0.385617509375 0.530871003125 0.3884835859375 0.514884234375 0.3947368421875 0.5259095921875 0.4056800421875 0.5281146640625 0.4150599265625 0.5446527015625 0.4270453359375 0.531422271875 0.44476289687500004 0.5347298781250001 0.45153725937500006 0.5589856671875 0.4614382484375 0.5633958109375 0.4650859828125 0.5733186328125 0.47498697187500005 0.581036384375 0.47733194375 0.5904079375 0.47733194375 0.622381478125 0.47446586718750006 0.633958103125 0.47238144843749996 0.6295479609375 0.45388222968749997 0.6312017640625001 0.4551849921875 0.6372657109375 0.47212089687500003 0.6389195156249999 0.4671704015625 0.6527012125 0.46300156406250004 0.6493936046875 0.46300156406250004 0.6582138921875 0.5041688375 0.67364939375 0.531266284375 0.6780595375 0.5375195421875001 0.6769570015624999 0.5411672750000001 0.6637265718750001 0.5468994265625 0.6582138921875 0.56670140625 0.654906284375 0.5781657109375 0.659316428125 0.5815528921875 0.6477398015625 0.579989578125 0.6047409046875 0.58441896875 0.6019845640625 0.5867639390625 0.6146637265625 0.586242834375 0.6576626234375 0.58858780625 0.6659316421875 0.593017196875 0.6642778390624999 0.59275664375 0.67364939375 0.5964043765625 0.675854465625 0.6021365296875001 0.667034178125 0.6115164140625 0.6615215 0.6250651375 0.6615215 0.6331422609375 0.6686879828125 0.6370505468750001 0.6912899671875 0.656331421875 0.68136714375 0.6625846796875 0.6714443218749999 0.6662324125 0.6791620734375 0.6745700890624999 0.6714443218749999 0.6787389265625 0.675854465625 0.6797811359375 0.6626240359375 0.671443459375 0.659316428125 0.6615424703125 0.6615215 0.65867639375 0.658765159375 0.65867639375 0.6521499453125 0.6667535171875001 0.6460859984375 0.6745700890624999 0.626240353125 0.6787389265625 0.6394707828125 0.68681605 0.6323043 0.68890046875 0.6080485109375 0.6956748312500001 0.5981256890625 0.6946326218750001 0.5815876515625 0.6961959359375001 0.5694597578125 0.705054715625 0.559536934375 0.707139134375 0.52094818125 0.7066180296875 0.502205071875 0.6980198015625 0.481808159375 0.69437206875 0.47960308749999997 0.6935904109375 0.49007717812499996 0.6896821265625 0.493936053125 0.6852527359375 0.48787210625000005 0.683689421875 0.47353914062499997 0.686555496875 0.465270121875 0.69437206875 0.468577728125 0.70323085 0.46416758593749996 0.7141740484375 0.468577728125 0.715997915625 0.4614112453125 0.7149557062499999 0.4415656015625 0.7196456484375 0.42502756406250003 0.71912454375 0.40738699062499995 0.7120896296875 0.402425578125 0.7100052109375 0.39581036406250003 0.710942675 0.3850516984375 0.6753517453125 0.3809261296875 0.672746221875 0.3732083796875 0.674830640625 0.341234840625 0.6831683171875 0.3235942671875 0.6849921828125 0.31201764062500004 0.69437206875 0.3087100328125 0.6951537265625001 0.30154355 0.698801459375 0.29933847812500003 0.69437206875 0.2987872109375 0.69020323125 0.3065049609375 0.6852527359375 0.3004410140625 0.6829077640625 0.2888643875 0.6750911937499999 0.29217199531250004 0.6657113078125 0.283351709375 0.6552892124999999 0.2546857765625 0.64356435625 0.2453142234375 0.6416381375 0.22649154999999999 0.6479989171875 0.2227799875 0.6539210140625 0.22092420625 0.6552370328125 0.23669829375 0.6594044421875 0.2343785765625 0.66203648125 0.22092420625 0.67168731875 0.21721267812499997 0.7151160796875 0.21953239687499998 0.7227928796875001 0.19865491875000002 0.6887956234375 0.19540732656249998 0.6857249000000001 0.1777774578125 0.67563539375 0.1717461953125 0.6714679859375 0.1787053484375 0.668177928125 0.1749938390625 0.66598455625 0.15458027968750002 0.6600624609375 0.15365240625 0.6623241265625001 0.19900771718750002 0.6578947375 0.20286659375 0.643612175 0.1944794359375 0.6425154890625 0.183344784375 0.646463546875 0.1717461953125 0.656553053125 0.1754577390625 0.65457903125 0.1652509953125 0.650850290625 0.160611559375 0.6458055453125 0.15921971562499998 0.6313183953125 0.1742006609375 0.6276706625 0.1708930546875 0.624022928125 0.1808158765625 0.61733365 0.1829602625 0.617555828125 0.18014057187500002 0.5880667015625 0.19955898593750002 0.5760812921875 0.1929437703125 0.5703491406250001 0.19845645 0.5646169875 0.1973539140625 0.5591453875 0.20672546875000003 0.55706096875 0.22657111406250002 0.553152684375 0.23594266875 0.54950495 0.22822491718750001 0.546638875 0.24751929375 0.5411672750000001 0.2557883125 0.5375195421875001 0.2557883125 0.5343929125 0.2657111359375 0.529181865625 0.2701212796875 0.5234497140625 0.283351709375 0.5187597703125 0.2866593171875 0.5135487234375 0.283351709375 0.5138092750000001 0.2739801546875 0.5101615421875 0.266262403125 0.5101615421875 0.26074972500000004 0.5057321515625001 0.26019845625000004 0.502344971875 0.266262403125 0.5028660765625 0.28941565625 0.4984366859375 0.297684675 0.49322563906249994 0.30319735468750003 0.48645127656250003 0.30319735468750003 0.48228243906249996 0.295479603125 0.4791558109375 0.29658213906249997 0.4809796765625 0.30595369375 0.4799374671875 0.3147739796875 0.47290255312499996 0.32635060625 0.46248045781249997 0.3274531421875 0.45101615468749995 0.3219404625 0.44215737343750006 0.328555678125 0.43955184999999997 0.3373759640625 0.4353830125 0.33186328593750003 0.43303804062499995 0.3401323046875 0.431735278125 0.36383682500000003 0.4283480984375 0.35777287812499997 0.428869203125 0.33902976875 0.41974987031250005 0.336273428125 0.4046378328125 0.35170893125 0.3470734875 0.3465050828125 0.34736898437499997 0.34615506093750004 0.3019801984375 0.3417861078125 0.29676915 0.3461962515625 0.2941636265625 0.3550165375 0.292860865625 0.3401323046875 0.2899947890625 0.332965821875 0.282699321875 0.336273428125 0.28087545625 0.332414553125 0.2793121421875 0.308158765625 0.27357998906250003 0.3004410140625 0.275143303125 0.282800440625 0.28087545625 0.2761852265625 0.29076172499999997 0.26950557656249996 0.290414446875 0.25407952031250003 0.27488275156249997 0.2557883125 0.2628973421875 0.24586549062500002 0.26159458125 0.2530319734375 0.25742574218750003 0.2574421171875 0.25586242812500004 0.2861080484375 0.264721209375 0.29933847812500003 0.2618551328125 0.30319735468750003 0.2582074 0.3042998890625 0.255080771875 0.29658213906249997 0.2467430953125 0.3087100328125 0.23267326718749998 0.3153252484375 0.2285044296875 0.32414553437500004 0.22277227656249998 0.3219404625 0.2133923921875 0.328555678125 0.19984366874999998 0.32524807031249997 0.1883793640625 0.33076075 0.18473163125 0.3274531421875 0.18056279375 0.33517089375000003 0.172746221875 0.3384785 0.1732673265625 0.3461962515625 0.18056279375 0.35170893125 0.1855132875 0.36328555625000003 0.1881188125 0.382028665625 0.19176654531249998 0.390848953125 0.19124544062499998 0.39966923906249996 0.1862949453125 0.41345093750000006 0.1829077640625 0.4162072765625 0.1808233453125 0.4305402421875 0.1722251171875 0.42778390312500003 0.164408546875 0.43109151093750003 0.1498176140625 0.4432194046875 0.13314226093749998 0.4476295484375 0.128712871875 0.4558985671875 0.128712871875 0.48897464218750003 0.1388744140625 0.49503858906250003 0.147993746875 0.523153253125 0.14069827968749998 0.5474090406250001 0.143824909375 0.589305403125 0.1409588328125 0.5964718859375 0.1378322046875 0.600882028125 0.133663365625 0.5964718859375 0.12480458593749999 0.6240352812500001 0.1112558625 0.6273428890625 0.10604481562500001 0.6328555671875 0.09405940625 0.6350606390625 0.07894736875 0.6273428890625 0.0471599796875 0.6251378171875001 0.030484628125000003 0.6317530312499999 0.0252735796875 0.65711135625 0.023449714062499998 0.6565600875000001 0.019541428125 0.638368246875 0.013548723437499998 0.6477398015625 0.01172485625 0.6560088203125 0 0.6598676953125 0 0.9553472984375
0 1 0.29272326406250004 0.9872329343749999 0.2734288859375 0.98697238125 0.266262403125 0.999739446875 0.2590959203125 1 0.2453142234375 0.9924439812499999 0.23925027499999998 0.9791558109375 0.2155457546875 0.9791558109375 0.19900771718750002 0.9812402296875 0.1912899671875 0.9799374671875001 0.18632855625 0.964304325 0.18191841250000002 0.957008859375 0.200661521875 0.953361125 0.1973539140625 0.9445023453125 0.20286659375 0.9418968218750001 0.1907386984375 0.9377279828124999 0.1973539140625 0.9369463265625001 0.1890848953125 0.93329859375 0.18357221562499998 0.9369463265625001 0.1681367140625 0.9346013546874999 0.16097023125 0.917926003125 0.155457553125 0.91558103125 0.1747519296875 0.9267847843749999 0.18412348437499998 0.9312141734375 0.19900771718750002 0.9301719640625 0.208930540625 0.9257425749999999 0.21719955937500002 0.9413757171875 0.2205071671875 0.9502344968750001 0.212789415625 0.9710786875 0.224917309375 0.979676915625 0.258544653125 0.9781136015625 0.29933847812500003 0.9726420015624999 0.297684675 0.9689942671875 0.305402425 0.9624804578124999 0.3070562296875 0.9671704015625 0.3147739796875 0.9729025531250001 0.33902976875 0.9729025531250001 0.3500551265625 0.9692548203125 0.3566703421875 0.9682126109375 0.365490628125 0.9676915062500001 0.3919514890625 0.9640437734375 0.39856670312500003 0.9723814484375 0.43164277812499996 0.9718603437500001 0.44707827968749997 0.9689942671875 0.4542447625 0.9585721734374999 0.45644983437500003 0.95674830625 0.46471885312500005 0.9671704015625 0.49007717812499996 0.9661281921875 0.5088202859375001 0.9729025531250001 0.5485115765625 0.9734236578125 0.5727673656250001 0.982542990625 0.581036384375 0.9927045343750001 0.599228225 0.9953100578124999 0.568357221875 1 0.563947078125 1 0.29272326406250004
0 0 0.2739801546875 0.010682646875 0.2734288859375 0.01719645625 0.28941565625 0.01719645625 0.2949283359375 0.0096404375 0.3142227125 0.0028660765625 0.3153252484375 0.001042209375 0.32579933906249997 0.004429390625 0.336273428125 0.01719645625 0.336824696875 0.020323084375 0.32579933906249997 0.018238665625 0.3191841234375 0.0190203234375 0.305402425 0.023710265624999997 0.307607496875 0.027357998437499996 0.2943770671875 0.058884835937500005 0.24972436562500003 0.058363731249999995 0.2353914 0.0513288171875 0.23042998906249998 0.047420531249999995 0.21664829062500002 0.0536737890625 0.20672546875000003 0.05497655 0.19955898593750002 0.06591975 0.191841234375 0.06774361718750001 0.18357221562499998 0.050807712500000005 0.1598676953125 0.043512245312499996 0.138919515625 0.032569046875 0.13230429999999999 0.0265763421875 0.133958103125 0.030224075 0.154906284375 0.0299635234375 0.17861080468749999 0.023710265624999997 0.18963616249999998 0.019541428125 0.18632855625 0.0158936953125 0.19404630625 0.0112037515625 0.1830209484375 0.00755601875 0.1830209484375 0.00208441875 0.1912899671875 0.012506514062499998 0.21664829062500002 0.01302761875 0.2243660421875 0.0096404375 0.23594266875 0 0.24200661562499998 0 0.2739801546875
0 0.658936946875 0.1543550171875 0.6646690984375 0.15766262343749998 0.6683168312500001 0.1455347296875 0.6787389265625 0.1477398015625 0.6938509640625 0.14002205 0.69854090625 0.14443219375 0.7058363734374999 0.13671444375 0.7084418968749999 0.1411245859375 0.7178217828125 0.14002205 0.7339760296875 0.12789415625 0.7430953625 0.10749724375 0.7386659718749999 0.101433296875 0.725638353125 0.101433296875 0.722251171875 0.10749724375 0.7217300671875 0.121830209375 0.719385096875 0.12568908437499998 0.717300678125 0.12017640624999999 0.712610734375 0.11907387031250001 0.7073996874999999 0.12127894218749999 0.7058363734374999 0.12789415625 0.7037519546875 0.12127894218749999 0.687076603125 0.113561190625 0.6745700890624999 0.1168687984375 0.6667535171875001 0.12789415625 0.6552892124999999 0.1334068359375 0.6388744140625 0.133958103125 0.6380927562500001 0.151047409375 0.6469515375 0.1642778390625 0.6526836890625 0.163175303125 0.655549765625 0.16703417812500002 0.6547681078124999 0.15766262343749998 0.658936946875 0.1543550171875
0 0.36190724375 0.2480705625 0.3642522140625 0.2409040796875 0.36190724375 0.231532525 0.3530484625 0.2227122375 0.3290776453125 0.23814773906250003 0.3170922359375 0.23814773906250003 0.3139656078125 0.2425578828125 0.3103178734375 0.2348401328125 0.3051068265625 0.24586549062500002 0.299114121875 0.24972436562500003 0.29859301718750003 0.26736493906250003 0.3064095890625 0.2783902984375 0.348879625 0.24917309843750002 0.36190724375 0.2480705625
0 0.8139656078125 0.28390297656249996 0.8155289218749999 0.27067254687500003 0.8032829593749999 0.266813671875 0.788170921875 0.2635060640625 0.7868681609375 0.2552370453125 0.780614903125 0.2431091515625 0.7816571125 0.22987872031249998 0.7926003125000001 0.2155457546875 0.7936425218750001 0.1912899671875 0.801198540625 0.18412348437499998 0.8025013031249999 0.1780595375 0.80015633125 0.1565600875 0.788170921875 0.1543550171875 0.7858259515625 0.15821389218749998 0.7868681609375 0.1747519296875 0.7772277234375 0.19955898593750002 0.7727983328125 0.2034178609375 0.7733194375 0.2243660421875 0.76576341875 0.2447629546875 0.7532569046875001 0.24586549062500002 0.7490880671875 0.2403528109375 0.7462219906249999 0.24200661562499998 0.7446586765625 0.258544653125 0.7574257421875 0.2590959203125 0.7576862953125 0.275082690625 0.75482021875 0.278941565625 0.7376237625 0.27673649375 0.73006774375 0.29933847812500003 0.734497134375 0.3087100328125 0.749609171875 0.3065049609375 0.755862428125 0.30981256875 0.761073475 0.305402425 0.764721209375 0.31201764062500004 0.7735799890624999 0.31201764062500004 0.7790515890624999 0.3070562296875 0.7769671703125 0.30154355 0.77540385625 0.2739801546875 0.779833246875 0.26791620781250003 0.790255340625 0.266813671875 0.79676915 0.2783902984375 0.79468473125 0.29933847812500003 0.7962480453125 0.3070562296875 0.80015633125 0.3153252484375 0.8071912453125 0.3147739796875 0.8082334546875 0.29933847812500003 0.8139656078125 0.28390297656249996