1 0.6421875 0.56171875 0.1421875 0.1578125
1 0.86796875 0.2703125 0.08359375 0.20703125
1 0.7109375 0.17734375 0.08125 0.078125
1 0.4 0.4671875 0.11875 0.1515625
1 0.134375 0.3125 0.1171875 0.15390625
1 0.33828125 0.2984375 0.05234375 0.115625
1 0.2140625 0.1265625 0.115625 0.078125
1 0.43046875 0.1109375 0.10625 0.084375
1 0.5359375 0.1265625 0.21796875 0.10859375
1 0.52734375 0.1859375 0.115625 0.08828125
1 0.96015625 0.33125 0.0796875 0.1671875
1 0.63203125 0.434375 0.10234375 0.090625
1 0.359375 0.084375 0.0546875 0.10078125
1 0.1796875 0.603125 0.03828125 0.06015625
1 0.30859375 0.4328125 0.0578125 0.1171875
1 0.128125 0.17890625 0.05 0.078125
1 0.709375 0.034375 0.065625 0.06875
1 0.7375 0.2328125 0.05703125 0.08125
0 1 0.42894736875 0.9913838125 0.42210526249999997 0.9684073109375 0.428421053125 0.9605744125 0.42210526249999997 0.9532637078124999 0.408421053125 0.9464751953125001 0.42000000000000004 0.94281984375 0.42000000000000004 0.9446475203125001 0.41315789531249997 0.94281984375 0.409473684375 0.9381201046875001 0.41263157968749997 0.9208877281250001 0.411578946875 0.8691905999999999 0.3821052625 0.8378590078125001 0.37894736875 0.8044386421875 0.368421053125 0.7960835515625 0.34947368437500004 0.7924281984375 0.35263157968750003 0.7809399484374999 0.3473684203125 0.7438642296875 0.34947368437500004 0.727154046875 0.3421052625 0.71879895625 0.3336842109375 0.717493471875 0.341578946875 0.7201044390625 0.3478947375 0.7190600515625001 0.3563157890625 0.7216710187500001 0.37842105312499996 0.7248041781250001 0.45842105312500003 0.7237597906250001 0.52894736875 0.7159268921875 0.560526315625 0.7091383812500001 0.6152631578125 0.7046997390625 0.6263157890625 0.6953002609375 0.6336842109374999 0.6890339421875 0.6326315796875 0.6869451703125 0.6368421046875 0.6838120109375 0.629473684375 0.679112271875 0.6284210531250001 0.6718015671875001 0.64105263125 0.6691906000000001 0.64105263125 0.6678851171875 0.6331578953125 0.6655352484375 0.6326315796875 0.6603133156250001 0.6473684203125 0.6561357703125 0.6336842109374999 0.6532637078125 0.639473684375 0.655091384375 0.6515789468750001 0.6603133156250001 0.649473684375 0.6616187984375 0.6531578953125 0.66005221875 0.7057894734375 0.6558746734375 0.7342105265625001 0.657441253125 0.7521052625 0.6553524796875 0.77 0.657963446875 0.7836842109375 0.6556135765625 0.789473684375 0.6472584859375 0.7842105265625 0.6412532640624999 0.79105263125 0.642558746875 0.8052631578125 0.6490861625 0.8057894734375 0.6446475203124999 0.8168421046875001 0.63994778125 0.8157894734375001 0.6394255875 0.8063157890625 0.6315926890625 0.8094736843750001 0.6190600515625 0.8063157890625 0.6112271546875 0.8168421046875001 0.57937336875 0.82 0.5704960828125001 0.830526315625 0.5548302875 0.8315789468749999 0.5490861625 0.8378947374999999 0.51775456875 0.8252631578124999 0.515665796875 0.8315789468749999 0.5052219328125 0.8378947374999999 0.48955613593749997 0.84105263125 0.448302871875 0.8631578953125001 0.423759790625 0.8673684203124999 0.42010443906250006 0.8789473687499999 0.4154047 0.8757894734375 0.36892950468749997 0.8821052625 0.36475195781249997 0.888421053125 0.360313315625 0.88894736875 0.35718015625 0.9173684203124999 0.3587467359375 0.9868421046875 0.36109660625 0.9957894734374999 0.3678851171875 0.9947368421875 0.3718015671875 0.9889473687500001 0.3749347265625 0.97 0.37650130625 0.939473684375 0.3913838125 0.9157894734375001 0.400261096875 0.9073684203125 0.40548302812500003 0.8957894734374999 0.4138381203125 0.889473684375 0.42428198437500003 0.89894736875 0.43524804218749996 0.90105263125 0.44595300312499997 0.9247368421875001 0.452219321875 0.95105263125 0.45430809375000003 0.9889473687500001 0.4592689296875 0.9968421046874999 0.5020887734375 0.9957894734374999 0.533942559375 0.9810526312500001 0.557963446875 0.9778947375 0.581462140625 0.9631578953125001 0.6352480421875 0.9484210531249999 0.6389033937499999 0.9463157890625 0.6433420359375 0.93 0.65143603125 0.9178947375 0.65718015625 0.9168421046875 0.66292428125 0.9263157890624999 0.673368146875 0.9168421046875 0.6838120109375 0.9147368421875001 0.6958224546875 0.9031578953125001 0.70234986875 0.8857894734375 0.70626631875 0.8821052625 0.71775456875 0.8831578953125 0.7255874671875 0.8947368421874999 0.7297650124999999 0.8957894734374999 0.7352480421875 0.8763157890625 0.7378590078125 0.780526315625 0.7383812015625 0.7742105265625 0.74177545625 0.7694736843750001 0.7467362921875 0.7752631578125 0.7472584859375 0.7815789468750001 0.7462140984375 0.8226315796874999 0.748302871875 0.8521052625 0.751174934375 0.8568421046875001 0.756919059375 0.8578947375 0.76109660625 0.869473684375 0.7678851171875001 0.8778947374999999 0.781462140625 0.8863157890625001 0.7898172328124999 0.9073684203125 0.802610965625 0.9184210531250001 0.803133159375 0.9436842109375 0.79660574375 0.9578947375 0.78511749375 0.9652631578124999 0.7770234984375 0.9815789468749999 0.7767624015625 0.9894736843749999 0.7919060046874999 0.9957894734374999 0.918015665625 0.9963157890625001 0.9261096609375 0.9821052625 0.9370757187500001 0.9852631578125 0.9412532640625001 0.9642105265625001 0.9511749343749999 0.969473684375 0.9610966062499999 0.9631578953125001 0.9809399484375 0.96105263125 1 0.9489473687500001 1 0.5426315796875001 0.9979112265625 0.538421053125 1 0.5363157890625 1 0.4973684203125 0.9924281984375 0.49368421093750003 0.9895561359375 0.479473684375 0.984334203125 0.47421052656249996 0.9838120109374999 0.46684210468750004 0.9887728453125 0.46105263125 1 0.47000000000000003 1 0.42894736875
0 0.312271540625 0.11947368437500001 0.3112271546875 0.1068421046875 0.3099216703125 0.1042105265625 0.3020887734375 0.1126315796875 0.2947780671875 0.0978947375 0.2801566578125 0.09052631562499999 0.27859007812500003 0.0852631578125 0.2772845953125 0.1078947375 0.278851175 0.1226315796875 0.2827676234375 0.12631578906250002 0.2932114875 0.12631578906250002 0.2986945171875 0.13421052656250002 0.3107049609375 0.13105263125 0.312271540625 0.11947368437500001
0 0.25483028750000003 0.5226315796875001 0.2462140984375 0.5021052625 0.23577023437500003 0.5021052625 0.2323759796875 0.5226315796875001 0.23655352500000001 0.5447368421875 0.251697128125 0.5636842109375 0.25587467343750003 0.5552631578125 0.25483028750000003 0.5226315796875001
0 0.21618798906249997 0.052105262500000006 0.21331592656249998 0.0463157890625 0.20443864218750002 0.0463157890625 0.200261096875 0.0368421046875 0.18798955625 0.038421053125 0.1874673625 0.0573684203125 0.1953002609375 0.0636842109375 0.1947780671875 0.0731578953125 0.1971279375 0.08105263124999999 0.20339425625000002 0.0873684203125 0.21618798906249997 0.0868421046875 0.2172323765625 0.06263157968750001 0.21618798906249997 0.052105262500000006
0 0.27258485625 0.0963157890625 0.2707571796875 0.09052631562499999 0.2663185375 0.09 0.26579634531249996 0.07947368437499999 0.26344647499999996 0.0747368421875 0.254046996875 0.0747368421875 0.24360313281249998 0.06105263125 0.223759790625 0.06 0.220887728125 0.0636842109375 0.221409921875 0.07947368437499999 0.223759790625 0.0873684203125 0.2279373375 0.0821052625 0.23838120156249998 0.07894736875 0.248302871875 0.0821052625 0.2647519578125 0.1152631578125 0.26684073124999996 0.13105263125 0.2715404703125 0.1331578953125 0.2736292421875 0.1226315796875 0.27258485625 0.0963157890625
0 0.1859007828125 0.6636842109375001 0.178590078125 0.6668421046875 0.1900783296875 0.6331578953125 0.187728459375 0.630526315625 0.175195821875 0.6326315796875 0.16788511718750002 0.64 0.1650130546875 0.658421053125 0.1493472578125 0.678421053125 0.1509138375 0.6878947375 0.1563968671875 0.6936842109375 0.1689295046875 0.690526315625 0.1720626625 0.6947368421875 0.179112271875 0.6942105265625 0.18798955625 0.68894736875 0.1859007828125 0.6636842109375001
0 0.7044386421875 0.40368421093749995 0.706005221875 0.3468421046875 0.703133159375 0.3157894734375 0.6890339421875 0.3221052625 0.68511749375 0.3331578953125 0.6856396859375 0.40368421093749995 0.68798955625 0.408421053125 0.6924281984375 0.40894736875 0.702610965625 0.4073684203125 0.7044386421875 0.40368421093749995
0 0.40548302812500003 0.15684210468749998 0.3919060046875 0.151578946875 0.38825065312499996 0.1421052625 0.3809399484375 0.13999999999999999 0.379112271875 0.13210526250000001 0.37310705 0.12315789531250002 0.36892950468749997 0.1273684203125 0.3443864234375 0.12631578906250002 0.3415143609375 0.13210526250000001 0.3532637078125 0.1768421046875 0.38981723281249997 0.1726315796875 0.399738903125 0.18315789531249999 0.4052219328125 0.1826315796875 0.40678851250000003 0.17105263125 0.40548302812500003 0.15684210468749998
0 0.34229765 0.5557894734375 0.356919059375 0.5463157890625 0.37258485625 0.5536842109375 0.3738903390625 0.5436842109375 0.3720626625 0.5378947375 0.36109660625 0.5378947375 0.356919059375 0.529473684375 0.345430809375 0.530526315625 0.3412532640625 0.5231578953125 0.333420365625 0.5189473687499999 0.327676240625 0.52105263125 0.3255874671875 0.5273684203125 0.31879895625 0.5189473687499999 0.30574412500000003 0.52105263125 0.2947780671875 0.5 0.2874673625 0.5 0.2835509140625 0.5057894734375 0.294516971875 0.5236842109375 0.2955613578125 0.538421053125 0.303133159375 0.5642105265625 0.3190600515625 0.5678947375 0.333942559375 0.5663157890625 0.34229765 0.5557894734375
0 0.2232375984375 0.47473684218749995 0.23054830312500002 0.4726315796875 0.236292428125 0.45894736875 0.2464751953125 0.45105263124999995 0.24334203593749998 0.43947368437499995 0.24464752031249998 0.4273684203125 0.2556135765625 0.42105263125 0.26031331562500004 0.4052631578125 0.278067884375 0.4136842109375 0.28093994843750003 0.3952631578125 0.2775456921875 0.391578946875 0.2587467359375 0.4021052625 0.2509138375 0.40105263124999996 0.230026109375 0.408421053125 0.21958224531249998 0.408421053125 0.2039164484375 0.3957894734375 0.199738903125 0.39789473750000004 0.197389034375 0.4026315796875 0.197389034375 0.42263157968750004 0.193994778125 0.43578947343749996 0.1718015671875 0.45 0.16971279374999998 0.47000000000000003 0.1718015671875 0.480526315625 0.1770234984375 0.4857894734375 0.193994778125 0.46947368437500003 0.2232375984375 0.47473684218749995
0 0.08511749375 0.5510526312499999 0.08798955625 0.54105263125 0.10261096562500001 0.5347368421875001 0.1125326375 0.5168421046875 0.1375979109375 0.5021052625 0.1378590078125 0.49105263125 0.1140992171875 0.46947368437500003 0.0979112265625 0.46947368437500003 0.09477806718750001 0.4757894734375 0.08433420312499999 0.4768421046875 0.078851175 0.4847368421875 0.0778067890625 0.49315789531250004 0.0798955609375 0.5078947375 0.0749347265625 0.5178947375 0.06396866875 0.5189473687499999 0.0597911234375 0.5042105265625 0.0467362921875 0.5052631578125 0.044908615624999995 0.51105263125 0.045430809375 0.53 0.054308093749999994 0.538421053125 0.0537859015625 0.5468421046875 0.04856396875 0.559473684375 0.0501305484375 0.56894736875 0.07937336874999999 0.5931578953125001 0.0830287203125 0.5857894734375 0.08511749375 0.5510526312499999
0 0.2201044390625 0.36105263125 0.2493472578125 0.3473684203125 0.2587467359375 0.3536842109375 0.27127937343749997 0.351578946875 0.28537859062500004 0.3757894734375 0.3099216703125 0.37157894687500004 0.3203655359375 0.3778947375 0.3281984328125 0.368421053125 0.333942559375 0.3757894734375 0.33890339375 0.3647368421875 0.33994778124999997 0.3478947375 0.3261096609375 0.331578946875 0.30469973906250003 0.3157894734375 0.224281984375 0.331578946875 0.2190600515625 0.3336842109375 0.21540469999999998 0.3442105265625 0.21096605781250002 0.3478947375 0.21174934687500002 0.3536842109375 0.2159268921875 0.3536842109375 0.2159268921875 0.3568421046875 0.2039164484375 0.3557894734375 0.191644909375 0.3636842109375 0.190339425 0.3726315796875 0.19660574375 0.38105263125 0.20104438593750001 0.381578946875 0.21436031406249997 0.3768421046875 0.2201044390625 0.36105263125
0 0.1624020890625 0.880526315625 0.163446475 0.860526315625 0.160835509375 0.8405263156249999 0.1749347265625 0.77 0.1845953 0.7526315796875 0.19608355156249999 0.7578947375 0.20104438593750001 0.7521052625 0.20052219375 0.7426315796875 0.1953002609375 0.7352631578125 0.187728459375 0.710526315625 0.17728459531250002 0.7063157890625 0.17310704999999998 0.708421053125 0.16814621406250002 0.7268421046875 0.166579634375 0.7436842109375 0.1616187984375 0.751578946875 0.1224543078125 0.768421053125 0.11958224531249999 0.7742105265625 0.124281984375 0.7931578953125 0.132898171875 0.8042105265625 0.13994778125000001 0.820526315625 0.14099216718750002 0.8447368421875 0.1451697125 0.8542105265625001 0.1415143609375 0.8626315796874999 0.13994778125000001 0.8868421046874999 0.14281984375 0.8947368421874999 0.148825065625 0.8942105265625001 0.157963446875 0.889473684375 0.1624020890625 0.880526315625
0 0.667362925 0.39736842031249997 0.676240209375 0.3426315796875 0.676240209375 0.3321052625 0.6736292421875001 0.3226315796875 0.66971279375 0.31789473749999997 0.6284595296875 0.3042105265625 0.6154047 0.2747368421875 0.6013054828125 0.28105263125 0.594255875 0.298421053125 0.597389034375 0.379473684375 0.6075718015625 0.38105263125 0.612271540625 0.3778947375 0.6154047 0.3863157890625 0.6237597906250001 0.391578946875 0.630548303125 0.4031578953125 0.6381201046875 0.4026315796875 0.65718015625 0.3936842109375 0.667362925 0.39736842031249997
0 0.590600521875 0.280526315625 0.5840731078125 0.270526315625 0.5493472578125 0.2457894734375 0.5506527421875 0.2336842109375 0.5621409921875 0.230526315625 0.5621409921875 0.22105263125 0.5563968671875 0.22105263125 0.5532637078125 0.2273684203125 0.5219321156250001 0.21684210468749998 0.5130548296875 0.2073684203125 0.47127937343750004 0.1873684203125 0.46501305468750004 0.18105263124999998 0.4548302875 0.1826315796875 0.456919059375 0.1963157890625 0.4558746734375 0.2142105265625 0.457441253125 0.22894736875000002 0.4626631859375 0.2436842109375 0.47049608281250005 0.2878947375 0.4749347265625 0.2978947375 0.478590078125 0.2978947375 0.48224543124999997 0.3073684203125 0.51879895625 0.2968421046875 0.5292428203124999 0.31684210468749996 0.545430809375 0.311578946875 0.5558746734375 0.32105263125 0.58224543125 0.320526315625 0.590600521875 0.31 0.590600521875 0.280526315625