1 0.5390625 0.82578125 0.1078125 0.1953125
1 0.71953125 0.38125 0.2171875 0.3375
1 0.7984375 0.93203125 0.125 0.13515625
1 0.06796875 0.12109375 0.1359375 0.2359375
1 0.04765625 0.6203125 0.0921875 0.38515625
1 0.22578125 0.378125 0.18984375 0.25703125
1 0.44140625 0.1296875 0.15 0.1953125
1 0.56953125 0.4484375 0.1109375 0.184375
1 0.19375 0.7546875 0.07109375 0.1296875
1 0.9578125 0.7984375 0.084375 0.403125
0 0.6888062203125 1 0.7364341078125001 0.9044692734374999 0.7423971375 0.8821229046875001 0.7471675609374999 0.8743016765625 0.7459749546875 0.864245809375 0.7343470484375 0.8435754187500001 0.7164579609375 0.8256983234374999 0.7069171140625 0.82122905 0.6985688734375 0.8044692734375 0.6812760875 0.7955307265625 0.6699463328124999 0.8055865921875001 0.6586165765625001 0.7955307265625 0.642218246875 0.7737430171875 0.64281455 0.7525139671875001 0.638342278125 0.73519553125 0.6246273109375 0.73072625625 0.6162790703125001 0.71173184375 0.61210495 0.7083798875 0.597486446875 0.6767363765625001 0.5801407921874999 0.7073087484375 0.5627951375 0.7359703468750001 0.5770797937500001 0.763676559375 0.5811611250000001 0.7550780796875001 0.5872831203125 0.7646319453125 0.5867729546875 0.773230425 0.59442545 0.7894719968749999 0.5954457828125 0.7980704765625 0.5418783171875 0.88787681875 0.53371565625 0.8869214328125 0.50871750625 0.9270476703125 0.492392184375 0.9012522328125 0.4939226828125 0.8830998859375001 0.5127988375 0.8362859421875 0.5138191703125 0.8152674359375001 0.5971973765625 0.675977653125 0.591234346875 0.675977653125 0.556052475 0.634636871875 0.547704234375 0.6413407828125 0.51908169375 0.6815642453125 0.509540846875 0.701675978125 0.5014907578125001 0.7055865921875 0.501788909375 0.7139664796875 0.5059630296875001 0.7083798875 0.5107334531250001 0.7083798875 0.530113296875 0.7256983234375001 0.5289206921875 0.7368715078125 0.5208706015625 0.7530726249999999 0.5155038765625 0.7586592171875 0.508348240625 0.7575419 0.4985092421875 0.7279329609375 0.49403697031249993 0.722905028125 0.4135360765625 0.8513966484375001 0.40131186718749995 0.87541899375 0.40429338125000003 0.8810055859375 0.40399522968749996 0.8871508374999999 0.388491353125 0.8793296093749999 0.38133571875 0.8849162015625 0.37716159843749997 0.8826815640625 0.376863446875 0.8709497203125001 0.38550983906249997 0.853631284375 0.4200954078125 0.8033519546875001 0.436791890625 0.788826815625 0.4412641625 0.7748603359375 0.43589743593749997 0.7335195531250001 0.41949910625 0.7039106140625 0.4111508640625 0.699441340625 0.4057841390625 0.7083798875 0.40250447187500005 0.7067039109375 0.4001192609375 0.6765363125 0.3828264765625 0.6407821234375 0.3828264765625 0.631843575 0.4111508640625 0.587709496875 0.436791890625 0.5553072625000001 0.45348837187499996 0.5262569828125 0.46183661249999997 0.5217877093750001 0.46273106718749996 0.5145251390625 0.4588550984375 0.5072625703125 0.4511031609375 0.500558659375 0.44514013124999996 0.5072625703125 0.4397734046875 0.5061452515625 0.4376863453125 0.5178770953125 0.43261777031250004 0.520670390625 0.40816935 0.49497206718750003 0.40339892656250004 0.478212290625 0.3926654734375 0.46703910625 0.380739415625 0.478212290625 0.3747763859375 0.49385474843750005 0.352116875 0.5094972062500001 0.3443649375 0.5229050281250001 0.327072153125 0.5374301671875 0.32528324375 0.545251396875 0.31276088281250003 0.55642458125 0.299045915625 0.57877095 0.29516994687500003 0.589385475 0.30471079375 0.6061452515625 0.30888491406249996 0.622905028125 0.2999403703125 0.6396648046875 0.2999403703125 0.65418994375 0.3205128203125 0.6715083796875 0.3363148484375 0.712290503125 0.3300536671875 0.7284916203125 0.3193202140625 0.7363128484375 0.31156827656249997 0.73072625625 0.300536671875 0.7145251390625 0.287716159375 0.675977653125 0.27161598124999997 0.6703910609375 0.249850925 0.6351955312500001 0.24627310625 0.6251396640625 0.2450805015625 0.6083798875 0.25283243906249997 0.5882681562500001 0.242993440625 0.568715084375 0.23464520000000003 0.5631284921875 0.22391174687499998 0.57877095 0.2113893859375 0.5810055859375 0.2000596296875 0.5553072625000001 0.195885509375 0.553072625 0.1923076921875 0.5608938546875 0.185450209375 0.5513966484374999 0.1878354203125 0.5067039109375 0.1946929046875 0.4972067046875 0.20512820468749998 0.4921787703125 0.20512820468749998 0.48547486093750003 0.20125223593750002 0.477094971875 0.1923076921875 0.48603352031249997 0.186940965625 0.4972067046875 0.17978533125 0.500558659375 0.176803815625 0.5162011171875001 0.15951103125 0.4826815640625 0.14281455 0.4603351953125 0.12641621875 0.42625698281249996 0.1222420984375 0.3815642453125 0.1279069765625 0.368715084375 0.1401311859375 0.353631284375 0.139534884375 0.34357541875000003 0.130590340625 0.3256983234375 0.1347644609375 0.310055865625 0.13237924843749999 0.2932960890625 0.1350626125 0.2849162015625 0.1374478234375 0.2837988828125 0.141025640625 0.29162011250000003 0.1487775796875 0.2927374296875 0.160107334375 0.2860335203125 0.1654740609375 0.2871508375 0.1732259984375 0.26480446875 0.1821705421875 0.2625698328125 0.2000596296875 0.2446927375 0.20423375 0.233519553125 0.21049493125000002 0.22849162031249998 0.2075134171875 0.21173184374999998 0.2164579609375 0.200558659375 0.2152653546875 0.1849162015625 0.22093023281250002 0.1765363125 0.24836016718749998 0.1765363125 0.25074537812500003 0.17988826875 0.26207513437499996 0.1765363125 0.27400119218749996 0.16648044687500002 0.28234943281249997 0.146368715625 0.2984496125 0.1396648046875 0.3103756703125 0.14078212343750002 0.31514609375 0.124022346875 0.3407871203125 0.1139664796875 0.3428741796875 0.108938546875 0.34555754375 0.0614525140625 0.3849135359375 0.0502793296875 0.3887895046875 0.043016759375000005 0.39147286875 0.025698323437499997 0.40429338125000003 0.022905028124999997 0.40399522968749996 0.0033519546875 0.3312462734375 0.00111731875 0.29725700625 0.031284915625 0.2674418609375 0.034636871875 0.263267740625 0.054748603124999996 0.251937984375 0.055865921875 0.2394156234375 0.0659217875 0.23553965468750002 0.0720670390625 0.2310673828125 0.09050279375 0.214967203125 0.1072625703125 0.1935002984375 0.12178770937500001 0.178592725 0.14078212343750002 0.1565295171875 0.1497206703125 0.1201550390625 0.1932960890625 0.050387596874999996 0.258100559375 0.0360763265625 0.2659217875 0.026535479687500002 0.2636871515625 0 0.2832402234375 0.0002981515625 0.46480446875 0.0411449015625 0.43407821249999995 0.0435301140625 0.41955307187499996 0.0333929640625 0.379329609375 0.035778175 0.36480446875 0.036374478125 0.3234636875 0.0438282640625 0.3061452515625 0.059332140624999995 0.3173184359375 0.0769230765625 0.3513966484375 0.08050089375 0.36927374375 0.09063804375 0.3949720671875 0.09123434687500001 0.42625698281249996 0.09421586093749999 0.44078212343749995 0.1016696484375 0.45027932968749995 0.1088252828125 0.44469273749999993 0.11717352343750001 0.44469273749999993 0.127012521875 0.4519553078125 0.14669051875 0.5156424578125 0.14847942812499998 0.533519553125 0.16189624375 0.545251396875 0.18485390625 0.5882681562500001 0.1872391171875 0.6083798875 0.1973762671875 0.6474860328125 0.2170542640625 0.689944134375 0.219439475 0.7011173187499999 0.22331544375 0.7050279328125 0.22689326250000003 0.7027932953125 0.22808586718749999 0.68826815625 0.23196183593750003 0.6966480453125 0.23494335156249999 0.7156424578125 0.2474657125 0.7379888265625001 0.249850925 0.7502793296875 0.260286225 0.765363128125 0.268336315625 0.7860335203125 0.2865235546875 0.8189944140625001 0.2912939765625 0.8189944140625001 0.2984496125 0.8044692734375 0.30799045937499997 0.8067039109374999 0.31276088281250003 0.8167597765625001 0.31991651718749997 0.8201117312499999 0.33273702968749996 0.8162011171874999 0.32259988125 0.7927374296874999 0.3142516390625 0.7815642453125 0.30471079375 0.756983240625 0.30620155 0.7530726249999999 0.341681575 0.8083798874999999 0.3595706625 0.853072625 0.3574836015625 0.8592178765625 0.3545020875 0.8592178765625 0.34197972499999996 0.8424581 0.333631484375 0.8491620109375001 0.332140728125 0.87541899375 0.32677400156249997 0.8921787703125 0.32677400156249997 0.9055865921875 0.3372093015625 0.9296089390625 0.34555754375 0.9340782125 0.35986881406250004 0.9106145250000001 0.372391175 0.9050279328125 0.374478234375 0.9111731843750001 0.37388193125 0.9223463687500001 0.36493738750000004 0.9335195531249999 0.36493738750000004 0.9413407828125001 0.3798449609375 0.980446928125 0.381932021875 0.9932960890625001 0.6100178890625 0.9949720671875 0.6171735234375 0.9860335203125 0.6771019671875 0.86480446875 0.6860465109375 0.8625698328125001 0.69379845 0.877094971875 0.702146690625 0.8793296093749999 0.7036374484375 0.9044692734374999 0.707215265625 0.9122905031249999 0.6638080703125 1 0.6888062203125 1
0 0.736732259375 0.7340782124999999 0.7522361359375 0.7173184359375 0.7647584968750001 0.7296089390625 0.7689326171875 0.7296089390625 0.7740011921875001 0.72234636875 0.7740011921875001 0.7055865921875 0.78443649375 0.6938547484375001 0.7969588546875 0.6938547484375001 0.8088849140625 0.701675978125 0.831544425 0.6871508375000001 0.83542039375 0.67765363125 0.8372093015625 0.6553072625 0.8312462734375 0.6139664796875001 0.8318425765624999 0.5737430171875 0.8407871203124999 0.5592178765625 0.843768634375 0.5435754187499999 0.8333333328125001 0.5385474859375 0.8279666078125001 0.545251396875 0.819618365625 0.5340782125 0.7886106140625 0.5396648046875 0.7865235546875 0.5368715078124999 0.7886106140625 0.5296089390625001 0.795169946875 0.53296089375 0.797853309375 0.5301675984374999 0.7918902796875 0.5279329609375 0.7963625515625 0.5072625703125 0.7921884312499999 0.5072625703125 0.7886106140625 0.5162011171875001 0.78443649375 0.5173184359375 0.7820512828124999 0.510614525 0.7719141328125 0.5128491625 0.765951103125 0.5039106140625 0.754621346875 0.531843575 0.7450805015624999 0.5418994406250001 0.7423971375 0.5256983234375 0.730172928125 0.5072625703125 0.7259988078124999 0.5173184359375 0.7209302328125 0.5178770953125 0.72331544375 0.4921787703125 0.7185450203125 0.48547486093750003 0.7176505671875 0.4737430171875 0.7107930828125 0.47094972031250004 0.7096004765624999 0.4631284921875 0.7134764453125 0.454748603125 0.6860465109375 0.43687150781249995 0.6750149078125001 0.44189944062500003 0.6747167562499999 0.45027932968749995 0.6776982703125001 0.44469273749999993 0.6815742390625 0.44860335156250003 0.6782945734375 0.45810055937499994 0.674120453125 0.45810055937499994 0.6717352421875 0.45139664843749994 0.6604054859375 0.454748603125 0.6425163984375 0.44245809999999997 0.6323792484374999 0.42346368749999996 0.6273106734375 0.4251396640625 0.6183661296875 0.4575419 0.609123434375 0.4703910609375 0.592426953125 0.5050279328125 0.58050089375 0.51173184375 0.5679785328125 0.5385474859375 0.56112105 0.5435754187499999 0.56112105 0.553631284375 0.5638044125 0.5586592171875 0.57274895625 0.55642458125 0.58050089375 0.5720670390625 0.584675015625 0.5731843578125 0.5927251046875 0.5435754187499999 0.6004770421875001 0.5301675984374999 0.6010733453125 0.5100558656249999 0.607930828125 0.500558659375 0.6124031 0.5033519546874999 0.6171735234375 0.52011173125 0.627012521875 0.5374301671875 0.6371496718749999 0.5162011171875001 0.6490757312500001 0.5094972062500001 0.65682766875 0.5150837984375001 0.660107334375 0.5446927374999999 0.6672629703124999 0.555865921875 0.6762075140625 0.5960893859375 0.6851520578125 0.691061453125 0.6985688734375 0.7150837984375 0.7063208109375 0.710614525 0.722420990625 0.7206703906249999 0.7274895640625 0.734636871875 0.7245080500000001 0.7424581 0.7322599875 0.7469273750000001 0.7352415031249999 0.74357541875 0.736732259375 0.7340782124999999
0 0.3980322 0.37877095 0.40757304687499996 0.37541899375 0.4200954078125 0.3586592171875 0.4242695296875 0.366480446875 0.42397137812499996 0.34581005625 0.42725104375 0.33966480468750004 0.432915921875 0.34581005625 0.43351222343750007 0.354748603125 0.430530709375 0.368156425 0.435599284375 0.3731843578125 0.4412641625 0.36033519531249997 0.44007155625000005 0.3525139671875 0.4421586171875 0.3497206703125 0.44663088906250004 0.353631284375 0.4448419796875 0.3625698328125 0.4475253421875 0.365363128125 0.4689922484375 0.341899440625 0.47853309531250005 0.35418994375 0.48270721562499996 0.35418994375 0.4862850328125 0.3620111734375 0.49880739375000005 0.364245809375 0.5098389984375 0.34581005625 0.5110316046875 0.3391061453125 0.5023852109375 0.3363128484375 0.4922480625 0.322905028125 0.48270721562499996 0.3173184359375 0.47018485312499997 0.3173184359375 0.47078115625 0.3128491625 0.475253428125 0.310055865625 0.4695885515625 0.3083798875 0.468694096875 0.3022346375 0.46302921875 0.2960893859375 0.45945140156250003 0.3039106140625 0.45527728125 0.30502793281249996 0.4531902203125 0.2966480453125 0.4481216453125 0.2927374296875 0.4320214671875 0.26145251406250003 0.4206917109375 0.24916201093749998 0.41592128749999996 0.24916201093749998 0.4180083484375 0.2575419 0.4129397734375 0.26927374375 0.406380440625 0.27486033593750003 0.36762075156249996 0.2268156421875 0.3574836015625 0.2268156421875 0.3193202140625 0.2480446921875 0.31544424531250004 0.2575419 0.3166368515625 0.265363128125 0.31007751875 0.2720670390625 0.31246273125 0.2821229046875 0.35330948125 0.33296089375000004 0.37954680937499996 0.37541899375 0.3887895046875 0.3826815640625 0.392069171875 0.37541899375 0.3980322 0.37877095
0 0.9454382828125001 0.46256983281249997 0.9499105546875001 0.4497206703125 0.9493142515624999 0.44078212343749995 0.9516994640625001 0.43407821249999995 0.957364340625 0.4268156421875 0.9615384609375001 0.43016759843749997 0.9654144312499999 0.424022346875 0.97316636875 0.38826815625 0.981514609375 0.36703910624999997 0.981514609375 0.34022346406250004 0.969886703125 0.3251396640625 0.9460345859375 0.3083798875 0.9370900421874999 0.2938547484375 0.9215861656250001 0.2837988828125 0.9090638046875 0.2826815640625 0.9048896843750001 0.26927374375 0.8709004171875 0.24916201093749998 0.85837805625 0.23575419062499997 0.837507453125 0.22234636874999997 0.8306499703125001 0.20837988749999997 0.8342277875 0.19273742968750002 0.8339296359375 0.1765363125 0.8023255812500001 0.16983240156249998 0.7969588546875 0.1743016765625 0.7832438875000001 0.1720670390625 0.773703040625 0.1810055859375 0.754621346875 0.1854748609375 0.749850925 0.17988826875 0.736732259375 0.17765363125 0.7259988078124999 0.17988826875 0.7087060234375 0.191061453125 0.6657722125000001 0.1977653625 0.6592128796875001 0.2 0.6493738812500001 0.2273743015625 0.642218246875 0.23519553124999998 0.6404293375 0.253072625 0.6443053078125 0.25474860312500003 0.655038759375 0.2446927375 0.6705426359375 0.22122904999999998 0.6759093625 0.22011173125 0.6902206328125 0.232402234375 0.7116875375 0.232402234375 0.722420990625 0.26480446875 0.7409063796875001 0.2837988828125 0.7611806796875 0.2737430171875 0.7808586765625 0.2815642453125 0.7963625515625 0.280446928125 0.8172331546875 0.3162011171875 0.8273703046875 0.324022346875 0.839892665625 0.353072625 0.8512224203125 0.367597765625 0.8625521765625 0.36983240156249997 0.87388193125 0.37877095 0.8801431125000001 0.34692737500000004 0.87895050625 0.3301675984375 0.87358378125 0.308938546875 0.8771615984375 0.29441340781249997 0.8852116875 0.28826815625 0.8983303515625 0.289385475 0.9066785921875 0.2837988828125 0.9144305312500001 0.3072625703125 0.9218843171875 0.308938546875 0.9242695296875001 0.33351955312500003 0.9218843171875 0.3446927375 0.9111508640625001 0.36033519531249997 0.9111508640625001 0.3748603359375 0.9033989265625 0.3960893859375 0.9033989265625 0.42849162031250004 0.9120453187500001 0.453631284375 0.92844365 0.4631284921875 0.9358974359375001 0.4592178765625 0.9454382828125001 0.46256983281249997
0 1 0.378212290625 0.9994036968750001 0.3592178765625 0.995527728125 0.353072625 0.9907573046874999 0.35418994375 0.9868813359375 0.3625698328125 0.9677996421874999 0.44189944062500003 0.9463327375 0.47877095000000003 0.9493142515624999 0.4932960890625 0.9457364343749999 0.5145251390625 0.9367918906250001 0.534636871875 0.9367918906250001 0.5446927374999999 0.9326177703124999 0.5592178765625 0.920393559375 0.57877095 0.912641621875 0.5832402234375 0.8950506859375 0.621787709375 0.8908765656250001 0.6385474859375 0.869409659375 0.6743016765625 0.8592725109374999 0.7055865921875 0.827072153125 0.7849162015625 0.8038163390624999 0.8340782125 0.7996422187500001 0.8508379890625 0.8008348234374999 0.8608938546875 0.80471079375 0.8681564249999999 0.821407275 0.8826815640625 0.8345259390624999 0.9039106140625 0.8434704828124999 0.9106145250000001 0.8574836015624999 0.9379888265625 0.8568872984375 0.9491620109375001 0.843768634375 0.9871508375 0.8446630890625 0.9955307265625001 0.9242695296875001 0.9972067046875001 0.9367918906250001 0.9905027937499999 0.9397734046874999 0.9703910609375 0.9487179484375 0.9480446921875 0.9469290406249999 0.9268156421875 0.9493142515624999 0.913407821875 0.9639236734375001 0.9061452515624999 0.9737626718750001 0.8743016765625 0.970184853125 0.83072625625 0.9707811562499999 0.7994413406249999 0.9683959453125001 0.7871508375 0.9335122234375 0.7497206703125 0.9197972562500001 0.7497206703125 0.9171138937500001 0.735754190625 0.92486583125 0.7279329609375 0.9272510437499999 0.712290503125 0.9391771015625 0.6754189937499999 0.968694096875 0.6044692734375 1 0.6173184359375 1 0.378212290625
0 0.24925462187499997 0.9815642453125 0.24269528906249999 0.9625698328125001 0.24269528906249999 0.9391061453124999 0.28234943281249997 0.8849162015625 0.2948717953125 0.9027932953125 0.2984496125 0.9005586593749999 0.30113297499999997 0.9044692734374999 0.2999403703125 0.9122905031249999 0.301729278125 0.9189944140625 0.309183065625 0.9363128484375001 0.3136553375 0.9402234640625 0.3178294578125 0.955865921875 0.325879546875 0.9709497203125 0.329755515625 0.9581005593749999 0.325879546875 0.9486033515625 0.321407275 0.9480446921875 0.32319618437500003 0.94581005625 0.322003578125 0.9335195531249999 0.25134168125 0.7854748609375 0.24865831875 0.7871508375 0.249850925 0.8083798874999999 0.24806201562500002 0.8195530718749999 0.2343470484375 0.8385474859375 0.23047107968749997 0.853631284375 0.22540250468749998 0.8508379890625 0.21049493125000002 0.8027932953124999 0.2036374484375 0.7944134078125 0.1935002984375 0.8067039109374999 0.18932617812500002 0.8201117312499999 0.17918902812499998 0.8078212296875 0.1732259984375 0.8078212296875 0.172927846875 0.8128491625 0.1771019671875 0.8162011171874999 0.17233154374999998 0.8184357546875001 0.17054263593750002 0.8340782125 0.1630888484375 0.8480446921875 0.142218246875 0.8659217874999999 0.12611806875 0.8659217874999999 0.12254024999999999 0.8793296093749999 0.11776982656249999 0.8793296093749999 0.11389385781250001 0.886592178125 0.110316040625 0.9044692734374999 0.10852713124999999 0.9335195531249999 0.1132975546875 0.9636871515625 0.1374478234375 0.9687150843750001 0.14490160937500002 0.9849162015624999 0.14281455 0.9932960890625001 0.149970184375 0.9966480453125 0.2409063796875 0.998324021875 0.2474657125 0.9927374296875 0.24925462187499997 0.9815642453125