1 0.3890625 0.6703125 0.140625 0.14296875
1 0.51875 0.61796875 0.12109375 0.13515625
1 0.6953125 0.68359375 0.10703125 0.14453125
1 0.784375 0.81796875 0.13359375 0.178125
1 0.8953125 0.78671875 0.1359375 0.1734375
1 0.7953125 0.6609375 0.10625 0.13203125
1 0.71640625 0.578125 0.06484375 0.09765625
1 0.86796875 0.546875 0.08359375 0.07734375
1 0.59453125 0.528125 0.128125 0.1125
1 0.42421875 0.52890625 0.096875 0.11015625
1 0.2640625 0.38203125 0.04921875 0.05859375
1 0.15 0.5453125 0.08671875 0.07109375
1 0.09375 0.703125 0.12578125 0.12265625
1 0.034375 0.396875 0.05390625 0.1140625
1 0.0921875 0.396875 0.04921875 0.06328125
1 0.56640625 0.3953125 0.08828125 0.07734375
1 0.4890625 0.32734375 0.0734375 0.0875
1 0.77109375 0.39921875 0.06796875 0.071875
1 0.8390625 0.39609375 0.04765625 0.0546875
1 0.92109375 0.4546875 0.078125 0.0921875
1 0.38984375 0.37890625 0.04765625 0.03828125
1 0.17109375 0.221875 0.08203125 0.04921875
1 0.1734375 0.35390625 0.09140625 0.04921875
1 0.271875 0.3296875 0.06953125 0.03828125
1 0.0234375 0.5640625 0.046875 0.08125
1 0.0578125 0.47421875 0.04296875 0.05859375
1 0.01484375 0.50390625 0.0296875 0.05546875
1 0.57578125 0.79921875 0.16640625 0.2609375
1 0.490625 0.9203125 0.1625 0.159375
0 0.2901459859375 0.9873417718749999 0.29535975 0.994936709375 0.29770594375 0.9917721515625001 0.294056309375 0.980379746875 0.2958811265625 0.9772151906250001 0.299009384375 0.9772151906250001 0.30683003124999997 0.9924050640625 0.31465067812499997 0.99620253125 0.318039625 0.993037975 0.319343065625 0.9822784812500001 0.32977059375 0.9772151906250001 0.3315954125 0.9715189875 0.3310740359375 0.958860759375 0.3219499484375 0.9316455703125 0.3188216890625 0.9316455703125 0.3177789359375 0.93924050625 0.3162148078125 0.934177215625 0.310479665625 0.934177215625 0.3089155375 0.93924050625 0.2948383734375 0.943037975 0.294316996875 0.9544303796875001 0.2859749734375 0.948101265625 0.2823253390625 0.9594936703125001 0.278415015625 0.955063290625 0.27554744531250003 0.9367088609374999 0.24739311718749998 0.9329113921875001 0.2505213765625 0.943037975 0.258081334375 0.95 0.258081334375 0.9563291140624999 0.253649634375 0.96075949375 0.25 0.96075949375 0.2453076125 0.943037975 0.23409801875 0.9335443031249999 0.235401459375 0.922784809375 0.24374348281249997 0.9151898734374999 0.24635036562499998 0.9075949359375001 0.26407716406250004 0.8962025312499999 0.26772679843749997 0.8962025312499999 0.27554744531250003 0.9101265828124999 0.2812825859375 0.91392405 0.2758081328125 0.92468354375 0.2823253390625 0.93924050625 0.3063086546875 0.9265822781249999 0.310479665625 0.9316455703125 0.3185610015625 0.9310126578125001 0.3185610015625 0.9145569625000001 0.3222106359375 0.893037975 0.3175182484375 0.8854430375 0.3175182484375 0.866455696875 0.2956204375 0.8297468359375 0.294316996875 0.808860759375 0.29171011406249997 0.81392405 0.287278415625 0.8094936703125001 0.2924921796875 0.8006329109375001 0.294056309375 0.7905063296875 0.28936392031249997 0.7816455703125 0.28936392031249997 0.7689873421875 0.2924921796875 0.7525316453124999 0.29040667343750004 0.7183544296875 0.2870177265625 0.7139240499999999 0.27971845625 0.7215189875 0.26876955156250004 0.7240506328125 0.2515641296875 0.7215189875 0.239572471875 0.7139240499999999 0.2348800828125 0.734177215625 0.22393117812500002 0.743037975 0.21976016718750002 0.7582278484375 0.192127215625 0.751898734375 0.1764859234375 0.7632911390625 0.1608446296875 0.7670886078125 0.1571949953125 0.7746835437499999 0.137382690625 0.7670886078125 0.12591240937499998 0.78227848125 0.12069864374999999 0.7810126578125 0.1144421265625 0.7683544296875 0.10870698593749999 0.7670886078125 0.0868091765625 0.78227848125 0.078467153125 0.78227848125 0.045099060937500005 0.8 0.023722628125 0.7987341765625 0 0.8132911390625001 0.00026068749999999996 0.9974683546875 0.27685088593749996 0.99683544375 0.28388946875 0.99620253125 0.2901459859375 0.9873417718749999
0 0.76564129375 0.7025316453125 0.746871740625 0.6797468359375001 0.7299270078125 0.6487341765625 0.739833159375 0.6284810125 0.7380083421875 0.612658228125 0.7291449421875 0.6151898734375 0.7254953078125 0.62531645625 0.7218456718749999 0.616455696875 0.7166319078125001 0.6202531640625 0.7062043796874999 0.6075949359374999 0.69760166875 0.605696203125 0.69760166875 0.6284810125 0.705683003125 0.644303796875 0.7322732015625 0.6784810125 0.7421793531249999 0.6835443031249999 0.75208550625 0.71772151875 0.77059436875 0.72468354375 0.771637121875 0.7145569625 0.76564129375 0.7025316453125
0 0.686392075 0.79620253125 0.67492179375 0.787341771875 0.6590198125 0.7626582281250001 0.6644942656249999 0.7594936703124999 0.67022940625 0.7670886078125 0.677528675 0.7670886078125 0.6798748703124999 0.7626582281250001 0.6788321171875 0.7525316453124999 0.67492179375 0.7556962031250001 0.6720542234375 0.7348101265625 0.6644942656249999 0.722784809375 0.6551094890625 0.7151898734375 0.6514598546875 0.71772151875 0.6472888421875 0.6936708859375 0.6438998953125 0.7132911390625 0.6394681953125 0.716455696875 0.6412930140624999 0.705696203125 0.6402502609375 0.684177215625 0.635036496875 0.6702531640625 0.6352971843749999 0.6645569625000001 0.639728884375 0.6613924046874999 0.6402502609375 0.637341771875 0.64311783125 0.626582278125 0.648852971875 0.6202531640625 0.6551094890625 0.6202531640625 0.6618873828125 0.605063290625 0.669447340625 0.6006329109374999 0.6689259640625 0.5702531640624999 0.667101146875 0.565822784375 0.6514598546875 0.5848101265625 0.6415537015624999 0.58607595 0.612356621875 0.6025316453125 0.6110531796875 0.61075949375 0.6162669453125 0.6284810125 0.616788321875 0.6424050640625001 0.6118352453125 0.6582278484375 0.6047966625 0.66772151875 0.6047966625 0.672784809375 0.608185609375 0.677215190625 0.6040145984375 0.677215190625 0.6024504687500001 0.6708860765625 0.595672575 0.6721518984375 0.592283628125 0.6765822781249999 0.5912408765625 0.6955696203125 0.603493221875 0.71772151875 0.6206986437500001 0.7291139234374999 0.6279979140624999 0.75316455625 0.6405109484375 0.7632911390625 0.653545359375 0.7860759500000001 0.662408759375 0.7936708859375 0.667101146875 0.8050632906249999 0.6707507828125 0.8050632906249999 0.6811783109375 0.830379746875 0.68873826875 0.8335443031249999 0.6913451515625 0.819620253125 0.686392075 0.79620253125
0 0.9614181437499999 0.984177215625 0.9614181437499999 0.9613924046875001 0.9582898859375 0.9424050640624999 0.9689781015625 0.91392405 0.98879040625 0.9063291140624999 0.9955683000000001 0.912658228125 0.9997393125 0.922784809375 1 0.86772151875 0.9966110531249999 0.8632911390625001 0.9924400421874999 0.87468354375 0.98879040625 0.8759493671874999 0.985140771875 0.8670886078125 0.9757559953125 0.8658227843749999 0.9653284671875 0.8810126578125 0.95698644375 0.8759493671874999 0.9496871734375001 0.8848101265625001 0.9293534937500001 0.8784810125 0.92518248125 0.891139240625 0.9168404593749999 0.8936708859375001 0.8725234625 0.843037975 0.8636600624999999 0.8354430374999999 0.8613138687499999 0.8386075953125 0.8607924921875 0.8575949359375 0.8652241921874999 0.8683544296875001 0.8720020859375 0.87468354375 0.8774765375 0.8955696203124999 0.8740875906250001 0.9063291140624999 0.8576642328125 0.9170886078124999 0.855578728125 0.9639240499999999 0.8529718453124999 0.9702531640625001 0.8534932218750001 0.9816455703125 0.85688216875 0.9924050640625 0.942127215625 0.9955696203125 0.9549009390625001 0.9924050640625 0.9614181437499999 0.984177215625
0 0.36027111562499997 0.5715189875 0.35010427499999996 0.5594936703125 0.3446298234375 0.562658228125 0.34410844687500003 0.5246835437499999 0.3482794578125 0.5145569625 0.34515119843750003 0.5056962031250001 0.3446298234375 0.4613924046875 0.3495828984375 0.444303796875 0.36939520312499996 0.43291139218749997 0.37304483906249997 0.42025316406249996 0.37721585 0.42025316406249996 0.380865484375 0.412658228125 0.3912930140625 0.412658228125 0.4001564125 0.430379746875 0.41162669375 0.4367088609375 0.41996871718750006 0.4151898734375 0.43613138749999997 0.41392405 0.44343065625 0.44050632968750003 0.45907194999999995 0.43291139218749997 0.47471324218750005 0.43544303749999996 0.47601668437500005 0.427215190625 0.46923879062499996 0.419620253125 0.4710636078125 0.41772151874999996 0.5059958296875 0.41772151874999996 0.5093847765625 0.419620253125 0.50234619375 0.42278480937499996 0.5015641296875 0.43227848125 0.5059958296875 0.43924050625 0.510166840625 0.43291139218749997 0.5132950984375 0.434177215625 0.5187695515625 0.4436708859375 0.5211157453124999 0.45569620312500003 0.533107403125 0.451898734375 0.5482273203125 0.46075949375 0.5544838375000001 0.4594936703125 0.559958290625 0.4487341765625 0.557872784375 0.4297468359375 0.5539624609375 0.42278480937499996 0.5414494265625 0.41772151874999996 0.5357142859375 0.4189873421875 0.5336287796875 0.4291139234375 0.5328467156250001 0.419620253125 0.5294577687500001 0.41392405 0.518248175 0.4120253171875 0.517205421875 0.3905063296875 0.514859228125 0.38227848125 0.496611053125 0.37468354375 0.4392596453125 0.3708860765625 0.4345672578125 0.38734177187499996 0.42622523437500004 0.3924050640625 0.4270073 0.3816455703125 0.419447340625 0.37215189843749996 0.410062565625 0.3924050640625 0.37982273125 0.3987341765625 0.36809176250000003 0.3816455703125 0.36939520312499996 0.369620253125 0.3607924921875 0.36265822812500004 0.35688216875 0.3278481015625 0.353232534375 0.33544303750000004 0.3459332640625 0.3215189875 0.32977059375 0.308860759375 0.3219499484375 0.312658228125 0.3167361828125 0.322784809375 0.318039625 0.333544303125 0.3141293015625 0.344303796875 0.3063086546875 0.33417721562499997 0.3052659015625 0.343037975 0.29979144999999996 0.3436708859375 0.30213764374999996 0.348101265625 0.30683003124999997 0.3455696203125 0.310218978125 0.3525316453125 0.307872784375 0.355696203125 0.2958811265625 0.3544303796875 0.29327424375 0.343037975 0.2823253390625 0.34683544374999997 0.28050052187499996 0.3512658234375 0.2823253390625 0.3582278484375 0.2901459859375 0.3708860765625 0.29535975 0.369620253125 0.298748696875 0.37531645625 0.29979144999999996 0.4006329109375 0.2982273203125 0.40949367031249995 0.308133471875 0.419620253125 0.310218978125 0.4474683546875 0.303441084375 0.4740506328125 0.3039624609375 0.48544303749999995 0.29770594375 0.5132911390625 0.298748696875 0.5246835437499999 0.296663190625 0.5436708859375 0.2982273203125 0.55 0.3141293015625 0.5670886078125 0.317257559375 0.5632911390625 0.328206465625 0.565822784375 0.337591240625 0.587341771875 0.34332638125 0.587341771875 0.3495828984375 0.6113924046875 0.3550573515625 0.61075949375 0.358185609375 0.6082278484375 0.36027111562499997 0.5715189875
0 0.9966110531249999 0.81392405 1 0.8082278484375 0.9992179359375 0.7139240499999999 0.968456725 0.68227848125 0.9533368093749999 0.6721518984375 0.9408237749999999 0.6582278484375 0.9361313875 0.6455696203125 0.92518248125 0.63924050625 0.9220542234375 0.6151898734375 0.9197080296875001 0.63227848125 0.9152763296875 0.6354430375 0.91136600625 0.6170886078125 0.91136600625 0.580379746875 0.9084984359374999 0.5708860765625 0.899113659375 0.565822784375 0.867309696875 0.569620253125 0.8631386859375001 0.5810126578125 0.8584462984375 0.58227848125 0.828206465625 0.5620253171875 0.814911365625 0.533544303125 0.8193430656249999 0.5291139234375 0.825860271875 0.5120253171875 0.8242961421875 0.49683544375000005 0.8167361828124999 0.4898734171875 0.8042231484375 0.487341771875 0.8000521375 0.47848101249999997 0.796402503125 0.4797468359375 0.7883211671875 0.462658228125 0.7893639203125 0.437341771875 0.7854535968749999 0.430379746875 0.7791970796875 0.43544303749999996 0.75677789375 0.430379746875 0.7453076125 0.4151898734375 0.735401459375 0.412658228125 0.7301876953125 0.39620253125 0.7254953078125 0.394936709375 0.721324296875 0.394936709375 0.718456725 0.40316455625 0.7179353500000001 0.40949367031249995 0.7231491140624999 0.4310126578125 0.7176746609375 0.46075949375 0.6910844625 0.46075949375 0.67022940625 0.4493670890625 0.6598018765625 0.4493670890625 0.649895725 0.426582278125 0.6399895718749999 0.41772151874999996 0.6274765375 0.42531645625000003 0.614963503125 0.44050632968750003 0.6107924921875 0.43924050625 0.6089676749999999 0.427215190625 0.605578728125 0.42278480937499996 0.5873305531249999 0.426582278125 0.5638686125000001 0.42025316406249996 0.56152241875 0.427215190625 0.5610010421875 0.45126582343750005 0.5638686125000001 0.4645569625 0.5951511984375 0.4898734171875 0.6196558921875 0.49240506406250006 0.6358185609375 0.508860759375 0.6436392078125001 0.49240506406250006 0.6514598546875 0.49113924062500003 0.6532846718750001 0.4955696203125 0.6532846718750001 0.5183544296875 0.6587591234375 0.5316455703125 0.671532846875 0.5424050640625 0.674139728125 0.5601265828125 0.671532846875 0.5917721515625 0.6744004171875 0.5987341765624999 0.682742440625 0.5987341765624999 0.6856100109375001 0.5917721515625 0.6871741390625 0.562658228125 0.6905630859375 0.551898734375 0.7155891546875 0.530379746875 0.7301876953125 0.5329113921874999 0.7494786234374999 0.555696203125 0.751303440625 0.5740506328125 0.746611053125 0.5905063296875 0.748957246875 0.6012658234375 0.7578206468750001 0.5924050640625 0.76564129375 0.5924050640625 0.7917101140625 0.612658228125 0.8042231484375 0.612658228125 0.804744525 0.608860759375 0.7997914500000001 0.6044303796875 0.7987486968749999 0.5905063296875 0.8003128265624999 0.5778481015625 0.8063086546875 0.569620253125 0.814650678125 0.569620253125 0.8214285718750001 0.5886075953125001 0.8271637125 0.5936708859375 0.8289885296874999 0.6006329109374999 0.82950990625 0.6120253171875001 0.826381646875 0.637341771875 0.8289885296874999 0.655063290625 0.8428050046875001 0.669620253125 0.849061521875 0.6886075953125 0.869395203125 0.7 0.8949426484374999 0.730379746875 0.904327425 0.7367088609375 0.9061522421875001 0.733544303125 0.9045881124999999 0.72468354375 0.905630865625 0.701898734375 0.9092805 0.680379746875 0.914754953125 0.6759493671875 0.921532846875 0.6784810125 0.9285714281249999 0.693037975 0.9311783109375 0.705696203125 0.9306569343750001 0.7145569625 0.9178832109374999 0.734177215625 0.9074556828125001 0.7316455703125 0.9090198125000001 0.7443037968749999 0.914754953125 0.75316455625 0.921532846875 0.7556962031250001 0.933003128125 0.773417721875 0.9392596453125 0.7759493671875 0.9491657984374999 0.791139240625 0.9533368093749999 0.791139240625 0.95698644375 0.7974683546875 0.9689781015625 0.794936709375 0.9812304484375 0.8170886078124999 0.9898331593749999 0.8113924046875001 0.9966110531249999 0.81392405
0 0.0894160578125 0.4215189875 0.062304484375000004 0.4278481015625 0.060479665625 0.4348101265625 0.0628258609375 0.44303797500000003 0.07168925937500001 0.4417721515625 0.0774244 0.456962025 0.083159540625 0.4544303796875 0.0868091765625 0.4594936703125 0.0948905109375 0.4601265828125 0.0948905109375 0.441139240625 0.0894160578125 0.4215189875
0 0.1334723671875 0.4487341765625 0.132950990625 0.43860759531250004 0.1358185609375 0.4367088609375 0.1381647546875 0.43860759531250004 0.13868613125 0.45 0.1415537015625 0.4544303796875 0.1571949953125 0.44683544375000006 0.292231490625 0.42025316406249996 0.2935349328125 0.40822784843750004 0.28649635 0.3936708859375 0.27919707968749996 0.3987341765625 0.2416579765625 0.40126582343750006 0.2359228359375 0.4063291140625 0.177528675 0.4113924046875 0.1676225234375 0.4113924046875 0.164494265625 0.4063291140625 0.14259645468749998 0.42025316406249996 0.12695516093749998 0.4240506328125 0.121741396875 0.4189873421875 0.10245046875 0.4189873421875 0.0995828984375 0.45126582343750005 0.10088634062499999 0.4594936703125 0.1042752875 0.4601265828125 0.1300834203125 0.456962025 0.1334723671875 0.4487341765625
0 0.31230448437499997 0.2778481015625 0.30709071875 0.26772151875 0.305787278125 0.2506329109375 0.262252346875 0.23101265781250002 0.26120959374999997 0.24873417656250002 0.2651199171875 0.26075949375 0.2745046921875 0.2620253171875 0.28336809218750003 0.2810126578125 0.296402503125 0.29620253124999996 0.303441084375 0.298101265625 0.3128258609375 0.2879746828125 0.31230448437499997 0.2778481015625