1 0.64765625 0.28359375 0.1 0.12265625
1 0.36328125 0.45 0.16015625 0.1671875
1 0.2890625 0.35625 0.1109375 0.140625
1 0.59453125 0.5984375 0.17890625 0.20390625
0 0.000396196875 0 0 0.17208271718749998 0.024167987499999998 0.1669128515625 0.0435816171875 0.1735598234375 0.06458003125 0.16100443125 0.0732963546875 0.14032496249999998 0.0867670359375 0.131462334375 0.1184627578125 0.12703101875 0.1255942953125 0.12998522968749998 0.12955625937499998 0.14032496249999998 0.14698890625 0.13441654375 0.1747226625 0.11078286562499999 0.1830427890625 0.09675036875000001 0.18106180624999998 0.0915805015625 0.1628367671875 0.09010339687499999 0.161648178125 0.10413589375000001 0.15412044375 0.113737075 0.14302694062500002 0.11225997031249998 0.1386687796875 0.0893648453125 0.1386687796875 0.07459379687499999 0.14144215468750002 0.0694239296875 0.158082409375 0.0723781390625 0.164421553125 0.08124076875 0.18423137812499998 0.07680945312500001 0.1798732171875 0.058345642187500005 0.18502377187500002 0.047267356249999996 0.19294770156250002 0.0457902515625 0.208399365625 0.0657311671875 0.21038034843750003 0.09010339687499999 0.22385102968749998 0.0915805015625 0.2258320125 0.07311669062500001 0.23098256718750002 0.06646971874999999 0.246038034375 0.07385524375 0.269809825 0.063515509375 0.2761489703125 0.05169867031249999 0.28645007968749997 0.047267356249999996 0.295166403125 0.06203840468750001 0.3030903328125 0.0649926140625 0.31695721093749996 0.04357459375 0.3201267828125 0.022895125 0.3304278921875 0.006646971875 0.328446909375 0 0.000396196875 0
0 0.298335975 0.28803545 0.30942947656249997 0.2836041359375 0.315768621875 0.258493353125 0.341917590625 0.26292466718749996 0.355388271875 0.2496307234375 0.36687797187500004 0.228212703125 0.36687797187500004 0.21787296875 0.37519809843749996 0.20827178750000003 0.38787638593749996 0.2097488921875 0.39421553125000003 0.2230428359375 0.40372424687499997 0.218611521875 0.42828843125000005 0.23042836093750002 0.43225039687500005 0.2230428359375 0.4330427890625 0.22747415 0.4374009515625 0.2237813890625 0.4358161640625 0.21344165468749998 0.42868462812499997 0.2060561296875 0.430665609375 0.20236336718749998 0.4671156890625 0.20679468281250002 0.479793978125 0.1816839 0.5035657687499999 0.1787296890625 0.5114896984375 0.171344165625 0.526545165625 0.174298375 0.534469096875 0.20236336718749998 0.55110935 0.218611521875 0.5780507125 0.22599704531249998 0.5808240890625 0.2326440171875 0.578446909375 0.24889217187499998 0.565372425 0.24667651406250002 0.5594294765625001 0.27548005937500003 0.561410459375 0.2865583453125 0.574881140625 0.28951255468750003 0.582012678125 0.2732644015625 0.595483359375 0.2614475625 0.6192551500000001 0.258493353125 0.6307448499999999 0.241506646875 0.6251980984375 0.2104874453125 0.63431061875 0.1757754796875 0.6628367671875 0.16838995625 0.6929477015625001 0.14327917343750002 0.7103803484375 0.1477104875 0.7107765453125 0.1366322015625 0.72662440625 0.107090103125 0.7258320125 0.0893648453125 0.6905705234374999 0.07385524375 0.6866085578125001 0.0827178734375 0.6767036453124999 0.0893648453125 0.6774960375 0.10561299843750001 0.6739302687500001 0.1152141796875 0.67115689375 0.11004431249999999 0.67115689375 0.080502215625 0.6628367671875 0.067946825 0.65332805 0.0605613 0.6263866874999999 0.0561299859375 0.6212361328125 0.0657311671875 0.62282091875 0.09675036875000001 0.6200475437499999 0.10192023593749999 0.6160855781250001 0.09010339687499999 0.6117274171875 0.09084195 0.61568938125 0.059822746875 0.608954040625 0.053175775 0.53050713125 0.0280649921875 0.52060221875 0.0317577546875 0.5217908078125 0.07385524375 0.5134706812500001 0.0524372234375 0.5114896984375 0.0280649921875 0.49088747968749996 0.019202364062499998 0.4746434234375 0.0214180203125 0.47107765468749996 0.07680945312500001 0.46909667187500004 0.045051698437499996 0.46592710000000004 0.037666175 0.4675118859375 0.03028065 0.4496830421875 0.0251107828125 0.4362123609375 0.036927621875 0.41561014218750003 0.044313146875 0.38629159999999996 0.0827178734375 0.3641045953125 0.0856720828125 0.3538034859375 0.0989660265625 0.3411251984375 0.097488921875 0.3062599046875 0.10782865625 0.2963549921875 0.1395864109375 0.28645007968749997 0.1491875921875 0.2428684625 0.1624815359375 0.243264659375 0.1779911375 0.247226625 0.1765140328125 0.249603803125 0.228212703125 0.2626782890625 0.2333825703125 0.2626782890625 0.24372230468749997 0.2725832015625 0.25036927656249996 0.26347068125 0.27178729687500003 0.25079239375 0.277695715625 0.24920760625 0.2865583453125 0.22622820937500002 0.292466765625 0.22543581562499998 0.30132939375 0.21949286875000001 0.3035450515625 0.21632329687500002 0.3197932046875 0.21077654531249998 0.322747415625 0.21711568906249998 0.328655834375 0.21513470625000003 0.338257015625 0.22662440625000002 0.3404726734375 0.2658478609375 0.31757754843749997 0.298335975 0.28803545
0 0.8510301109375 0.33161004374999997 0.8629160062500001 0.2592319046875 0.8700475437499999 0.241506646875 0.8680665609375 0.22895125625 0.8549920765625 0.22968980781249998 0.8573692546875 0.2533234859375 0.8442947703125 0.277695715625 0.828446909375 0.292466765625 0.8173534078125 0.28951255468750003 0.82171156875 0.30797636562499997 0.8058637078125 0.33013293906249996 0.808637084375 0.36927621875 0.8268621234375001 0.36632200937500004 0.8324088749999999 0.345642540625 0.83597464375 0.349335303125 0.8399366078125 0.368537665625 0.8438985734375001 0.3449039875 0.8510301109375 0.33161004374999997
0 0.6596671953125 0.722304284375 0.66402535625 0.724519940625 0.667194928125 0.7540620390624999 0.6767036453124999 0.6403249625 0.6826465921875 0.6366322015625 0.684627575 0.6418020671875 0.6834389859375001 0.675036928125 0.6870047546875 0.6698670609375 0.687797146875 0.6152141796875 0.6945324875 0.5997045796875 0.69889065 0.60044313125 0.69889065 0.674298375 0.70245641875 0.7045790249999999 0.7099841515625 0.6432791734375 0.718700475 0.6285081234375001 0.729001584375 0.5251107828125 0.7337559421875001 0.5265878875000001 0.7373217109375 0.567208271875 0.742472265625 0.5413589359375 0.7496038031250001 0.529542096875 0.7551505546875 0.489660265625 0.76782884375 0.4734121125 0.7725832015625 0.44830132968749997 0.781299525 0.4350073859375 0.78763866875 0.389217134375 0.8011093499999999 0.3714918765625 0.797147384375 0.3183161 0.78763866875 0.31536189062500003 0.7900158484375 0.302067946875 0.788034865625 0.28951255468750003 0.78486529375 0.28803545 0.7816957203125 0.2968980796875 0.777337559375 0.2932053171875 0.7797147390625 0.2636632203125 0.7927892234375 0.258493353125 0.7931854203125 0.2459379609375 0.7967511890625001 0.2392909890625 0.8003169578125 0.2636632203125 0.8070522984374999 0.2673559828125 0.8106180671875001 0.28581979375 0.815768621875 0.28803545 0.8129952453125 0.281388478125 0.8137876390625 0.26809453437499997 0.8240887484374999 0.2474150671875 0.8232963546875001 0.23412112187499998 0.8161648171874999 0.2267355984375 0.8169572109375001 0.21639586406250003 0.8205229796875001 0.20679468281250002 0.8343898578125 0.1971935 0.8300316953125 0.1890694234375 0.8133914421874999 0.1802067953125 0.8078446906250001 0.18316100468750002 0.800713153125 0.174298375 0.7824881140625 0.1669128515625 0.7690174328125 0.16838995625 0.76069730625 0.18389955625 0.7634706812500001 0.192023634375 0.7769413625 0.20236336718749998 0.780903328125 0.197932053125 0.784469096875 0.2060561296875 0.7816957203125 0.21418020625 0.7717908078125 0.21344165468749998 0.781299525 0.228212703125 0.781299525 0.23559822812500003 0.7646592703125 0.2592319046875 0.7646592703125 0.27104874375 0.7725832015625 0.27843426875 0.7622820921875 0.30502215625 0.7571315375000001 0.3633677984375 0.7535657687499999 0.3611521421875 0.7543581609375 0.322747415625 0.7396988906249999 0.319054653125 0.7377179078125 0.30502215625 0.7313787640625 0.29911373750000003 0.7349445328125 0.28951255468750003 0.7507923937500001 0.2806499265625 0.7583201265625 0.2636632203125 0.7341521390625 0.231905465625 0.7111727421875 0.2230428359375 0.70522979375 0.22968980781249998 0.702852615625 0.24446085625 0.7076069734375 0.254800590625 0.70522979375 0.2636632203125 0.7068145796875 0.294682421875 0.6965134703125 0.3064992609375 0.69809825625 0.31536189062500003 0.6889857375 0.3279172828125 0.6818542 0.3279172828125 0.678684628125 0.33973412187499996 0.663629159375 0.351550959375 0.6426307453125 0.38478582031249997 0.6331220281250001 0.46011816874999995 0.6331220281250001 0.5088626296875 0.636687796875 0.519940915625 0.6588748015625 0.533234859375 0.6600633921875 0.5590841953125001 0.6862123609374999 0.5886262921875 0.6862123609374999 0.6152141796875 0.6826465921875 0.6233382562500001 0.67828843125 0.6225997046875 0.6790808234375 0.6299852296874999 0.6727416796875 0.6432791734375 0.674326465625 0.65361890625 0.64421553125 0.7067946828125 0.64421553125 0.7895125546874999 0.6481774953125 0.8175775484375001 0.654516640625 0.74815361875 0.6596671953125 0.722304284375
0 0.396592709375 0.7474150671875 0.3961965140625 0.8028065 0.400158478125 0.851550959375 0.40412044375 0.851550959375 0.407290015625 0.758493353125 0.396592709375 0.7474150671875
0 0.5459587953125 0.832348596875 0.5416006343750001 0.8271787296875001 0.53050713125 0.8478581984375 0.5253565765625 0.8471196453125 0.5285261484375 0.916543575 0.5297147390625 0.9217134421875001 0.5388272578125 0.9254062031249999 0.5459587953125 0.8574593796875 0.5459587953125 0.832348596875
0 0.5067353406249999 0.8183161 0.497226625 0.8227474156250001 0.486925515625 0.8168389953125 0.48494453281250005 0.8367799109374999 0.48811410468750005 0.898818315625 0.49881141093750003 0.9098966031250001 0.5023771796875 0.9283604140625 0.5071315375000001 0.9313146234375 0.509508715625 0.8308714921875 0.5067353406249999 0.8183161
0 0.43898573750000003 0.7378138843750001 0.4330427890625 0.7267355984375 0.4235340734375 0.7326440171875 0.4195721078125 0.720827178125 0.41838351874999996 0.7540620390624999 0.4263074484375 0.8412112265625 0.4255150546875 0.885524371875 0.4366085578125 0.8899556875 0.4397781296875 0.8220088625 0.43898573750000003 0.7378138843750001
0 0.586370840625 0.9416543578125 0.5974643421875 0.7200886265625 0.57884310625 0.6957163953125 0.5439778125 0.680945346875 0.526545165625 0.667651403125 0.51782884375 0.6720827171875 0.509508715625 0.6388478578125001 0.497226625 0.6307237812500001 0.49128367656250005 0.637370753125 0.48811410468750005 0.6506646968750001 0.49762282031250005 0.6802067953125001 0.49762282031250005 0.7378138843750001 0.48771790781249996 0.75184638125 0.47741679843749996 0.7577548000000001 0.47226624375000004 0.7703101921875 0.47107765468749996 0.78581979375 0.468700475 0.7695716390625 0.45007923906249997 0.7540620390624999 0.454833596875 0.8914327921874999 0.4714738515625 0.8840472671875 0.480190175 0.7895125546874999 0.497226625 0.75184638125 0.5186212359375 0.7400295421875 0.530903328125 0.75553914375 0.533676703125 0.7695716390625 0.547147384375 0.7621861156249999 0.5625990484375001 0.7762186109375 0.5602218703124999 0.8175775484375001 0.5625990484375001 0.9519940921875 0.5673534078125 0.9564254062499999 0.5835974640625 0.9483013296875 0.586370840625 0.9416543578125
0 1 0.3581979328125 0.9996038031250001 0.30428360468750004 0.9885103015625001 0.298375184375 0.9825673531250001 0.30797636562499997 0.9770206015625 0.34638109375 0.972662440625 0.3471196453125 0.9690966718749999 0.3581979328125 0.9746434234375 0.3611521421875 0.9797939781249999 0.355982275 1 0.3581979328125
0 0.7448494453125 0.962333825 0.7519809828125 0.9579025109374999 0.7527733750000001 0.9342688328125 0.7571315375000001 0.93353028125 0.759508715625 0.9217134421875001 0.7757527734375 0.9002954203125 0.776545165625 0.8840472671875 0.7797147390625 0.879615953125 0.777337559375 0.8707533234374999 0.78050713125 0.8293943875 0.7864500796875 0.8330871484375001 0.7967511890625001 0.828655834375 0.8030903328125 0.8183161 0.8133914421874999 0.8168389953125 0.8169572109375001 0.8101920234375 0.8185419968750001 0.7954209750000001 0.8129952453125 0.7570162484375 0.81458003125 0.7333825703125 0.825673534375 0.7171344171875 0.83161648125 0.69867060625 0.8561806656250001 0.6824224515624999 0.8771790812500001 0.6595273265625 0.8787638671875 0.6358936484375 0.8748019015624999 0.6063515515625 0.8771790812500001 0.5561299859375 0.896592709375 0.5435745937500001 0.9025356578125001 0.5251107828125 0.911648178125 0.514032496875 0.9267036453124999 0.5125553921875 0.9377971468749999 0.4889217140625 0.9496830421875 0.4874446078125 0.9552297937500001 0.46381093125 0.95958795625 0.46898079687500005 0.9611727421875 0.49113737031250004 0.9734548343749999 0.499261446875 0.9762282093750001 0.492614475 0.9770206015625 0.4512555390625 0.9706814578125 0.43796159531249995 0.968700475 0.42245199375000003 0.9591917593750001 0.4313146234375 0.930665609375 0.42245199375000003 0.908082409375 0.457163959375 0.9021394609375 0.4785819796875 0.8950079234375 0.48153618906249995 0.883914421875 0.4977843421875 0.8708399359375001 0.5280649921875 0.8652931859375 0.5561299859375 0.8684627578124999 0.5620384046875 0.866085578125 0.5753323484374999 0.8617274171875 0.5805022156249999 0.8545958796875001 0.574593796875 0.8415213953125 0.5856720828124999 0.839144215625 0.5989660265625 0.8185419968750001 0.6432791734375 0.7995245640624999 0.6757754796875 0.7963549921874999 0.69497784375 0.7884310625000001 0.7023633671875 0.7519809828125 0.7806499265625 0.7496038031250001 0.792466765625 0.7337559421875001 0.8161004437500001 0.7305863703125001 0.8397341218750001 0.718700475 0.8692762187499999 0.7103803484375 0.87296898125 0.701267828125 0.8870014765625 0.6901743265625 0.9150664703125001 0.684627575 0.940177253125 0.6862123609374999 0.9505169859375 0.6596671953125 0.9660265875 0.6561014265625 0.9874446078125001 0.6588748015625 0.9970457906249999 0.71513470625 0.9985228953125 0.7183042796875 0.9926144750000001 0.7214738515625 0.9985228953125 0.7377179078125 0.9977843421875001 0.7464342312500001 0.9815361890625001 0.7448494453125 0.962333825
0 0.3775752765625 0.9409158046874999 0.28328050781249997 0.8700147703125 0.27773375625 0.89217134375 0.26465927031250003 0.9002954203125 0.274564184375 0.9098966031250001 0.26347068125 0.9143279171875 0.25079239375 0.9409158046874999 0.22781299531250002 0.9453471203125 0.21553090312499998 0.9697193499999999 0.21236133124999998 0.9874446078125001 0.20602218749999998 0.9948301328125 0.41759112500000006 0.9992614468750001 0.4302694140625 0.9948301328125 0.3775752765625 0.9409158046874999
0 0.9738510296875 0.9254062031249999 0.9698890656250001 0.9017725265625 0.9615689375 0.8951255546875 0.9536450078125001 0.8744460859375 0.945721078125 0.8788774 0.9417591125 0.8700147703125 0.9401743265625001 0.8744460859375 0.932250396875 0.87296898125 0.9259112515625001 0.8862629249999999 0.917987321875 0.8906942390625 0.9100633921875 0.9290989656249999 0.9041204437499999 0.916543575 0.896592709375 0.862629246875 0.8894611734375 0.862629246875 0.8862916000000001 0.868537665625 0.8791600640624999 0.8596750375 0.876782884375 0.8670605609375001 0.870443740625 0.8700147703125 0.8617274171875 0.8581979328125 0.8545958796875001 0.8641063515624999 0.8518225046874999 0.8781388484375 0.8474643421874999 0.8803545046875 0.8438985734375001 0.851550959375 0.8395404125000001 0.8537666171874999 0.83597464375 0.8485967499999999 0.839144215625 0.8412112265625 0.8272583203125 0.819054653125 0.825673534375 0.7998522890624999 0.8173534078125 0.7902511078125001 0.8125990484375001 0.825701625 0.7999207609375001 0.8271787296875001 0.7888272578125 0.8138847859375 0.7820919171875 0.819054653125 0.78050713125 0.8707533234374999 0.776545165625 0.8692762187499999 0.7749603796875 0.885524371875 0.7690174328125 0.8877400296875001 0.7650554671875 0.902511078125 0.7527733750000001 0.9076809453125 0.7519809828125 0.9431314625 0.7432646593750001 0.9519940921875 0.7456418390625 0.9579025109374999 0.7408874796875 0.96381093125 0.7377179078125 0.9800590843749999 0.7381141046875 0.9881831609375 0.7476228203125 0.9970457906249999 0.9627575281249999 0.9977843421875001 0.9706814578125 0.9903988187499999 0.9738510296875 0.9254062031249999