1 0.42109375 0.496875 0.0734375 0.10078125
1 0.56640625 0.74375 0.0890625 0.0828125
1 0.51328125 0.4609375 0.0546875 0.13828125
1 0.43203125 0.296875 0.06640625 0.0796875
1 0.3484375 0.13828125 0.0578125 0.0734375
1 0.5390625 0.1140625 0.05703125 0.06171875
1 0.50234375 0.0578125 0.04765625 0.053125
1 0.6015625 0.071875 0.0484375 0.05234375
1 0.5515625 0.0625 0.0515625 0.05234375
1 0.453125 0.1203125 0.04921875 0.053125
1 0.30703125 0.05546875 0.0625 0.07578125
1 0.415625 0.72890625 0.078125 0.0890625
1 0.4484375 0.94375 0.0796875 0.09375
1 0.5203125 0.96015625 0.075 0.07890625
1 0.4328125 0.2390625 0.04140625 0.05
0 0.2469973890625 0.9922037421875001 0.244908615625 0.9672557171875 0.2475195828125 0.959979209375 0.2501305484375 0.9277546781250001 0.2475195828125 0.9132016625 0.24151436093749998 0.9054054046875001 0.22689295 0.9054054046875001 0.21879895624999998 0.921517671875 0.2159268921875 0.9355509359375 0.20443864218750002 0.9313929312499999 0.19582245468749998 0.947505196875 0.179112271875 0.991164240625 0.1866840734375 0.9958419953125001 0.2250652734375 0.9974012468750001 0.24151436093749998 0.9968814968749999 0.2469973890625 0.9922037421875001
0 0.10939947812499999 0.5155925156250001 0.11879895625 0.5114345109375 0.13080940000000002 0.5124740125 0.1402088765625 0.5041580046874999 0.1475195828125 0.5083160078125 0.1616187984375 0.5083160078125 0.1684073109375 0.5020790015625 0.172845953125 0.4922037421875 0.1712793734375 0.47453222500000003 0.1689295046875 0.4677754671875 0.156919059375 0.4636174640625 0.1490861625 0.45010395000000003 0.1412532640625 0.4511434515625 0.1349869453125 0.4386694390625 0.11879895625 0.453222453125 0.1125326375 0.4636174640625 0.0874673625 0.46465696406249996 0.0840731078125 0.46933471875 0.081462140625 0.4953222453125 0.0864229765625 0.5166320171875001 0.0950391640625 0.51923076875 0.1020887734375 0.5124740125 0.10939947812499999 0.5155925156250001
0 0.11775456875000001 0.9740124734375 0.13133159218749998 0.9771309765625 0.13707571875 0.9823284828125001 0.144908615625 0.9792099796875 0.148302871875 0.9641372140625 0.1467362921875 0.91839916875 0.13707571875 0.9074844078125001 0.10261096562500001 0.9022869015625 0.0895561359375 0.9313929312499999 0.07650130625 0.9376299375 0.06997389062500001 0.9454261953125 0.0663185375 0.9610187109374999 0.06684073125 0.9693347187500001 0.0626631859375 0.9745322249999999 0.063446475 0.98128898125 0.0712793734375 0.9823284828125001 0.0749347265625 0.9781704781249999 0.08433420312499999 0.9916839921875 0.0992167109375 0.99428274375 0.108355090625 0.9927234921875 0.11775456875000001 0.9740124734375
0 0.9887728453125 0.640332640625 0.9689295046874999 0.635135134375 0.9644908609374999 0.640852390625 0.9650130546875 0.6481288984375 0.9616187984375 0.6580041578125 0.9469973890625001 0.6632016625 0.9409921671875001 0.672037421875 0.9383812015625 0.6803534296875 0.9378590078125001 0.6969854468750001 0.9412532640625001 0.7079002078125 0.9527415140625 0.71829521875 0.9595300265625 0.73076923125 0.9772845953125 0.7328482328125 0.9864229765625 0.7510395015625 0.98798955625 0.7791060296875 1 0.7791060296875 0.999738903125 0.628898128125 0.9887728453125 0.640332640625
0 0.9383812015625 0.8040540546875 0.9321148828125001 0.7895010390625 0.9300261093750001 0.7614345109375 0.9221932109375001 0.7292099796875 0.9161879890625 0.71829521875 0.9099216703125 0.7141372140625 0.90626631875 0.702702703125 0.8906005218749999 0.683991684375 0.878590078125 0.685031184375 0.8741514359375 0.709459459375 0.8655352484375 0.71829521875 0.8626631859374999 0.7260914765625001 0.8704960828124999 0.7583160078125 0.878590078125 0.774428275 0.8864229765625 0.7765072765625 0.8921671015625 0.783783784375 0.9020887734375 0.8045738046875 0.9130548296875001 0.8118503125000001 0.9182767625 0.8253638249999999 0.9315926890625 0.8341995843750001 0.9378590078125001 0.8300415796875 0.9383812015625 0.8040540546875
0 0.25143603125 0.5509355515625 0.2553524796875 0.5420997921875 0.263707571875 0.50571725625 0.263707571875 0.50051975 0.26031331562500004 0.49688149687500005 0.24360313281249998 0.49376299375 0.236292428125 0.5176715171875 0.224804178125 0.5207900203125 0.221409921875 0.5129937625000001 0.2172323765625 0.4859667359375 0.21775456875 0.477650728125 0.24673629218749998 0.4615384609375 0.26292428125 0.46569646562499994 0.26579634531249996 0.459979209375 0.26684073124999996 0.4381496875 0.2595300265625 0.40696465625 0.2535248046875 0.39916839843749996 0.248302871875 0.384615384375 0.236292428125 0.36798336875 0.21174934687500002 0.3482328484375 0.19347258437499998 0.3544698546875 0.1845953 0.34303534375 0.1798955609375 0.3419958421875 0.178067884375 0.3445945953125 0.1775456921875 0.3633056140625 0.18433420312499998 0.385135134375 0.1869451703125 0.40488565468750004 0.200261096875 0.40644490624999996 0.20783289843750002 0.43087318124999996 0.20783289843750002 0.4610187109375 0.21148825000000002 0.475571725 0.20992167031250003 0.5389812890625 0.21409921718749997 0.5545738046875 0.2172323765625 0.5576923078125 0.23681462187500002 0.5509355515625 0.25143603125 0.5509355515625
0 1 0.00051975 0.9438642296875001 0 0.9420365531250001 0.008835759375 0.9488250656250001 0.0171517671875 0.9503916453125001 0.034823284375 0.9488250656250001 0.0483367984375 0.9415143609375001 0.0628898125 0.9409921671875001 0.072245321875 0.9509138374999999 0.097193346875 0.95718015625 0.125259875 0.9647519578124999 0.13097713125 0.9671018281249999 0.1366943859375 0.9671018281249999 0.1502079 0.9650130546875 0.1574844078125 0.96971279375 0.1699584203125 0.9702349874999999 0.1959459453125 0.9775456921875 0.21881496875 0.9796344640625 0.26663201718749996 0.9892950390624999 0.26923076875 1 0.278066528125 1 0.00051975
0 0 0.6741164234375 0.0015665796874999999 0.6741164234375 0.0133159265625 0.6725571718750001 0.020887728124999998 0.6637214140625 0.021932115625 0.6273388765625 0.018276762499999998 0.6107068609375 0.018276762499999998 0.5971933468749999 0.02454308125 0.5732848234375 0.0255874671875 0.547297296875 0.0344647515625 0.5140332640625 0.0344647515625 0.497401246875 0.045430809375 0.45686070624999997 0.0496083546875 0.4267151765625 0.0626631859375 0.384095634375 0.06736292499999999 0.33523908593749996 0.0804177546875 0.3175675671875 0.09843342031249999 0.26819126875 0.1159268921875 0.2479209984375 0.12167101875 0.2136174640625 0.132637075 0.1855509359375 0.132637075 0.1803534296875 0.1253263703125 0.1668399171875 0.121409921875 0.14760914687499999 0.1099216703125 0.14449064375 0.10234986875 0.1325363828125 0.1013054828125 0.12318087343749999 0.10443864218750001 0.10966735937500001 0.1013054828125 0.0951143453125 0.09216710156249999 0.08316008281250001 0.0845953 0.0628898125 0.08511749375 0.040020790625000004 0.09660574375 0.01819126875 0.0986945171875 0.009875259375 0.0979112265625 0 0 0.00051975 0 0.6741164234375
0 0.9866840734375 0.91891891875 0.9780678843749999 0.9371101875000001 0.9892950390624999 0.9449064453125 0.9960835515625 0.9615384609375001 1 0.965176715625 0.9992167109375 0.90644490625 0.9866840734375 0.91891891875
0 1 0.8113305609375001 0.99660574375 0.8108108109375 0.99373368125 0.8290020796875 0.9806788515625 0.8664241171875 0.9861618796875 0.8762993765625 1 0.88201663125 1 0.8113305609375001
0 0.7496083546875 0.8076923078125 0.7595300265625 0.783783784375 0.7663185375 0.7785862781249999 0.7751958218749999 0.78170478125 0.7804177546875 0.7900207906250001 0.7835509140625 0.7827442828125 0.794255875 0.7728690234375 0.796344646875 0.7572765078125 0.7809399484374999 0.7359667359375 0.7704960828125 0.7453222453125 0.7584856390625 0.7484407484375 0.7527415140625 0.75571725625 0.742558746875 0.7832640328125 0.7352480421875 0.79365904375 0.732637075 0.8113305609375001 0.7347258484375 0.8175675671875 0.7375979109374999 0.8118503125000001 0.7496083546875 0.8076923078125