1 0.52734375 0.846875 0.16171875 0.20546875
1 0.68984375 0.771875 0.1546875 0.13671875
1 0.95546875 0.76953125 0.0890625 0.1328125
1 0.92421875 0.89921875 0.15078125 0.2015625
1 0.7578125 0.66640625 0.1 0.14453125
1 0.58671875 0.625 0.11484375 0.13046875
1 0.9171875 0.5546875 0.08671875 0.0828125
1 0.2171875 0.77578125 0.1203125 0.140625
1 0.05703125 0.79609375 0.1140625 0.140625
1 0.2875 0.60546875 0.078125 0.10546875
1 0.7546875 0.48203125 0.109375 0.10390625
1 0.66640625 0.3859375 0.08203125 0.0921875
1 0.434375 0.36171875 0.06875 0.04765625
1 0.3375 0.37421875 0.0890625 0.06484375
1 0.2546875 0.4140625 0.046875 0.0671875
1 0.203125 0.41171875 0.059375 0.11328125
1 0.12109375 0.40703125 0.10625 0.10390625
1 0.3484375 0.22265625 0.0734375 0.04765625
1 0.9859375 0.50625 0.02734375 0.0671875
1 0.55859375 0.4390625 0.046875 0.06171875
1 0.215625 0.49609375 0.03671875 0.06015625
1 0.15390625 0.5265625 0.065625 0.06015625
1 0.0609375 0.52890625 0.1078125 0.06953125
1 0.42421875 0.42734375 0.0546875 0.06484375
1 0.01171875 0.12734375 0.02265625 0.08515625
0 0 0.6427631578125 0.0122779515625 0.6565789468750001 0.0167189125 0.6677631578125001 0.020114942187500002 0.6657894734375 0.028213165624999998 0.64144736875 0.0261233015625 0.6125 0.0303030296875 0.59144736875 0.027951932812500004 0.585526315625 0.011494253125 0.58355263125 0.012539184375000002 0.5717105265625 0.0088819234375 0.5611842109375 0.007314525 0.5388157890625 0.0146290484375 0.5217105265625 0.0159352140625 0.50394736875 0.0242946703125 0.5092105265625 0.072361546875 0.4986842109375 0.0828108671875 0.4881578953125 0.10736677187500002 0.49078947343749996 0.1118077328125 0.49671052656250003 0.1165099265625 0.5243421046875001 0.11990595625 0.525 0.1340125390625 0.4986842109375 0.1617032390625 0.49473684218749997 0.1648380359375 0.4828947375 0.1690177640625 0.4921052625 0.1771159875 0.47434210468750004 0.176593521875 0.47039473750000005 0.1695402296875 0.460526315625 0.09952978125 0.4723684203125 0.07758620625 0.4723684203125 0.07079414843750001 0.46710526249999995 0.0634796234375 0.47894736875 0.049373040624999996 0.4736842109375 0.043103448437500004 0.4828947375 0.035788923437499995 0.4842105265625 0.030825496875000004 0.47434210468750004 0.03239289375 0.4546052625 0.03605015625 0.4361842109375 0.051201671875 0.3953947375 0.0517241375 0.3861842109375 0.0436259140625 0.36973684218749997 0.035788923437499995 0.36710526250000003 0.0159352140625 0.3776315796875 0.014106582812499999 0.3901315796875 0.0172413796875 0.405921053125 0 0.42828947343749996 0 0.6427631578125
0 0.14472309375 0.7717105265625 0.15438871406250002 0.7513157890625 0.1726750265625 0.7342105265625001 0.1773772203125 0.7407894734375 0.2186520375 0.7236842109375 0.22413793124999998 0.7151315796875 0.2257053296875 0.69144736875 0.2110762796875 0.6717105265625001 0.20846395 0.6532894734375 0.208986415625 0.6375 0.2207419015625 0.6157894734375 0.2358934171875 0.610526315625 0.23824451406249997 0.6046052625 0.2429467078125 0.5703947375 0.2411180765625 0.560526315625 0.2345872515625 0.5532894734375 0.2345872515625 0.5296052625 0.243991640625 0.4953947375 0.2497387671875 0.48618421093749997 0.2497387671875 0.47039473750000005 0.24738767031250003 0.46184210468750003 0.2437304078125 0.45526315781250004 0.23223615468749997 0.45921052656250005 0.22387669843750002 0.45526315781250004 0.2223093 0.464473684375 0.23145245625 0.47039473750000005 0.23249738749999999 0.5072368421875 0.22387669843750002 0.5236842109375 0.21812957187499998 0.5263157890625 0.2040229890625 0.5263157890625 0.1961859984375 0.5197368421874999 0.19435736718750002 0.5151315796875 0.19435736718750002 0.501973684375 0.1985370953125 0.47039473750000005 0.1828631140625 0.4651315796875 0.1823406484375 0.47565789531249997 0.185997909375 0.4927631578125 0.1865203765625 0.5085526312499999 0.1844305125 0.544078946875 0.19017763906250001 0.5717105265625 0.1995820265625 0.58355263125 0.1995820265625 0.5927631578125 0.19435736718750002 0.626973684375 0.186781609375 0.6473684203125 0.1718913265625 0.6546052625 0.1718913265625 0.6796052625 0.1690177640625 0.6907894734375 0.16144200625 0.6822368421875 0.16118077343749998 0.6592105265625 0.14393939375 0.65394736875 0.1261755484375 0.6565789468750001 0.1136363640625 0.6828947375000001 0.101097178125 0.6921052624999999 0.0363113890625 0.7078947375 0.0159352140625 0.6973684203125 0.0117554859375 0.7078947375 0 0.7151315796875 0.00026123281250000003 0.7447368421875 0.0122779515625 0.7236842109375 0.0436259140625 0.7236842109375 0.053030303125 0.72894736875 0.05877742968750001 0.7381578953125 0.09587251875 0.731578946875 0.10893416874999999 0.7236842109375 0.1256530828125 0.72894736875 0.129571578125 0.7414473687500001 0.129571578125 0.76644736875 0.1248693828125 0.7888157890625 0.1248693828125 0.8217105265625 0.110240334375 0.8598684203125 0.11859979062499999 0.86644736875 0.1248693828125 0.8598684203125 0.14472309375 0.7717105265625
0 0.860240334375 0.9960526312500001 0.8756530828125 0.9875 0.8751306171875 0.9743421046874999 0.8591954015625 0.935526315625 0.8568443046875001 0.9414473687499999 0.8557993734375 0.9598684203125 0.854231975 0.9598684203125 0.853709509375 0.9177631578125001 0.8448275859375001 0.8927631578125 0.84587251875 0.8822368421875 0.8521421109375 0.8703947375000001 0.8516196453125 0.8506578953125 0.854754440625 0.8335526312500001 0.8615465 0.8256578953125 0.863113896875 0.7901315796875 0.8665099265625 0.7842105265625 0.8678160921875 0.798026315625 0.865726228125 0.8203947375 0.8691222578125 0.8276315796875 0.879571578125 0.82105263125 0.881400209375 0.8072368421875 0.88375130625 0.80394736875 0.922936259375 0.7986842109375 0.9294670843749999 0.8138157890625 0.9289446187499999 0.844078946875 0.9328631140624999 0.860526315625 0.971003134375 0.9223684203125 0.9783176593749999 0.939473684375 0.9892894468750001 0.9552631578125 1 0.9611842109375001 0.999477534375 0.9309210531250001 0.9814524562500001 0.8921052625 0.979623825 0.8822368421875 0.9835423203125 0.8736842109375 0.992685475 0.8677631578125 0.996865203125 0.8493421046874999 0.9966039703125 0.82894736875 0.9767502609375001 0.82894736875 0.9694357359374999 0.85 0.9610762796874999 0.8460526312500001 0.9532392890624999 0.82894736875 0.9260710546875 0.79605263125 0.913793103125 0.7703947375 0.91431556875 0.7493421046875001 0.9166666671874999 0.7381578953125 0.9490595609374999 0.7078947375 0.9689132703125001 0.706578946875 1 0.744078946875 0.9997387671875 0.5526315796875 0.9856321843750001 0.5328947375 0.9736154656249999 0.525 0.9691745031250001 0.5006578953124999 0.9652560078124999 0.49342105312499995 0.9490595609374999 0.48947368437499994 0.926593521875 0.49605263125 0.9237199578125 0.5046052624999999 0.927638453125 0.518421053125 0.9579414843749999 0.543421053125 0.9618599796874999 0.555921053125 0.9571577843749999 0.5638157890625 0.9532392890624999 0.5842105265625 0.9166666671874999 0.5894736843749999 0.883228840625 0.560526315625 0.8785266453125 0.5671052624999999 0.8743469171875 0.5513157890625 0.8628526640624999 0.54605263125 0.8586729359374999 0.5236842109375 0.8487460812500001 0.5157894734374999 0.843521421875 0.52105263125 0.836206896875 0.5381578953124999 0.8184430515625 0.5473684203125 0.8079937296875 0.5447368421875 0.8087774296875001 0.5217105265625 0.8043364687500001 0.5118421046875 0.7839602921875 0.52105263125 0.7776907 0.514473684375 0.7526123296875 0.5078947375 0.7489550671874999 0.5197368421874999 0.74529780625 0.5092105265625 0.722831765625 0.5 0.7186520375 0.49342105312499995 0.7061128531249999 0.4921052625 0.7021943578125 0.48355263125 0.7019331249999999 0.46315789531249996 0.6946186 0.45131578906250003 0.6799895499999999 0.4421052625 0.6496865203125 0.43815789531249993 0.6387147328125 0.4302631578125 0.608411703125 0.4276315796875 0.6016196453125 0.4473684203125 0.5927377218750001 0.45526315781250004 0.5940438875 0.4348684203125 0.5885579937500001 0.4302631578125 0.5807210031250001 0.43157894687500004 0.5765412750000001 0.45131578906250003 0.5389237203125 0.4473684203125 0.5336990593750001 0.45131578906250003 0.5303030296875 0.4138157890625 0.525339603125 0.4092105265625 0.5227272734375 0.3947368421875 0.519853709375 0.3967105265625 0.5177638453125 0.4177631578125 0.51384535 0.364473684375 0.509665621875 0.3578947375 0.49085684374999994 0.3513157890625 0.48641588281250003 0.3651315796875 0.48484848437499994 0.3822368421875 0.48641588281250003 0.3953947375 0.4832810875 0.43092105312499995 0.4793625921875 0.43684210468750007 0.47466039687499995 0.4302631578125 0.47100313437499997 0.43157894687500004 0.4636886109375 0.44078947343749997 0.458986415625 0.43157894687500004 0.45768025156250003 0.44276315781250003 0.453500521875 0.45197368437499996 0.45376175625000004 0.4657894734375 0.458986415625 0.46710526249999995 0.46290491093749997 0.47434210468750004 0.46290491093749997 0.501973684375 0.45402298906249994 0.53355263125 0.4514106578125 0.5625 0.4370428421875 0.606578946875 0.4182340640625 0.6276315796875 0.3936781609375 0.6421052625 0.367554859375 0.6447368421874999 0.3607628 0.639473684375 0.343521421875 0.643421053125 0.3443051203125 0.6296052624999999 0.34143155625 0.6276315796875 0.338035528125 0.6322368421875 0.3401253921875 0.644078946875 0.3377742953125 0.6605263156250001 0.3330721 0.6605263156250001 0.3294148375 0.6486842109375 0.3268025078125 0.6631578953124999 0.28239289375 0.6657894734375 0.263322884375 0.6717105265625001 0.2706374078125 0.69144736875 0.27220480625 0.7046052625 0.283699059375 0.730921053125 0.2881400203125 0.7486842109375 0.29153605 0.751973684375 0.29623824375 0.7822368421875 0.29989550625 0.79144736875 0.29989550625 0.8125 0.3022466046875 0.82105263125 0.328892371875 0.8157894734375001 0.33568443124999997 0.7986842109375 0.339864159375 0.79605263125 0.3497910140625 0.7947368421875 0.357366771875 0.8059210531250001 0.3594566359375 0.8296052625 0.357366771875 0.8598684203125 0.34508881874999997 0.875 0.33463949843749996 0.8776315796875 0.333594565625 0.8921052625 0.3221003140625 0.8907894734375 0.316875653125 0.8789473687499999 0.3064263328125 0.875 0.301201671875 0.8815789468749999 0.2834378265625 0.8881578953125 0.2787356328125 0.8986842109375001 0.26567398125 0.9039473687499999 0.2515673984375 0.8986842109375001 0.2317136890625 0.9026315796875 0.214472309375 0.8815789468749999 0.18991640468749998 0.8921052625 0.18260188125000001 0.9013157890624999 0.1533437828125 0.9052631578125 0.12722048125000002 0.9026315796875 0.10893416874999999 0.906578946875 0.0906478578125 0.9 0.0666144203125 0.9013157890624999 0.0629571578125 0.9039473687499999 0.05877742968750001 0.9197368421875 0.0441483796875 0.935526315625 0.0316091953125 0.9302631578125 0.015412748437500002 0.9092105265624999 0 0.905921053125 0.00026123281250000003 0.9960526312500001 0.39681295781250003 0.9973684203125 0.407262278125 0.9894736843749999 0.410135840625 0.9782894734375001 0.40491118125 0.9611842109375001 0.40491118125 0.9506578953125 0.4132706375 0.9111842109375001 0.41431556875000003 0.8598684203125 0.411964471875 0.8552631578125001 0.407262278125 0.860526315625 0.3894984328125 0.8631578953125001 0.376959246875 0.8592105265625 0.36938349062500003 0.8309210531250001 0.3709508875 0.8203947375 0.36624869375 0.8072368421875 0.3678160921875 0.7875 0.37748171406250003 0.768421053125 0.3884535 0.77105263125 0.396290490625 0.7802631578125 0.399947753125 0.7671052625 0.40621734531250003 0.8223684203125 0.4124869390625 0.8236842109375001 0.4200626953125 0.8151315796875 0.42163009375 0.8046052625 0.4336468125 0.7717105265625 0.428422153125 0.730921053125 0.421107628125 0.701973684375 0.42163009375 0.6822368421875 0.416405434375 0.66644736875 0.4169279 0.6532894734375 0.423981190625 0.6421052625 0.43547544374999997 0.643421053125 0.443312434375 0.6578947375 0.451671890625 0.6526315796875 0.4548066875 0.6631578953124999 0.4678683390625 0.6671052625 0.47884012499999995 0.7026315796875 0.4853709515625 0.7072368421874999 0.48876697968749994 0.7447368421875 0.4997387671875 0.743421053125 0.5015673984375 0.6611842109375 0.5 0.6506578953125 0.49320794218749997 0.6388157890625 0.492163009375 0.6217105265625 0.5 0.5993421046875 0.499477534375 0.53355263125 0.5020898640625 0.5138157890625 0.510710553125 0.50394736875 0.526384534375 0.5 0.530041796875 0.48552631562500004 0.5384012546875 0.48552631562500004 0.545715778125 0.47763157968750003 0.557732496875 0.49078947343749996 0.5624346921875001 0.50394736875 0.5681818187500001 0.506578946875 0.5765412750000001 0.5052631578125 0.5838558 0.48684210468750005 0.59952978125 0.48947368437499994 0.6115465 0.52105263125 0.6371473359375 0.518421053125 0.64393939375 0.5223684203125 0.6507314531249999 0.5105263156250001 0.6705851625 0.5078947375 0.67894461875 0.5276315796875 0.690438871875 0.5276315796875 0.7050679203125 0.5486842109375 0.7136886109375 0.5427631578125001 0.7115987453125 0.5138157890625 0.7165621734375 0.5092105265625 0.7183908046874999 0.5138157890625 0.7152560078125 0.5243421046875001 0.7142110765624999 0.544078946875 0.7249216296875 0.5592105265625 0.74164054375 0.5671052624999999 0.74451410625 0.5625 0.74529780625 0.55 0.7466039703125 0.5625 0.749477534375 0.568421053125 0.7923197484375 0.6118421046875 0.8221003140625 0.625 0.8236677109375 0.610526315625 0.8247126437500001 0.625 0.8429989546875 0.65 0.84587251875 0.648026315625 0.8487460812500001 0.631578946875 0.8571055375000001 0.6263157890625 0.8665099265625 0.6302631578125 0.865726228125 0.6506578953125 0.862068965625 0.6625 0.86259143125 0.6743421046875 0.8706896546875 0.6736842109375 0.8827063734375 0.70394736875 0.891588296875 0.710526315625 0.8913270640625001 0.726973684375 0.8853187046875 0.7421052625 0.87277951875 0.7526315796875 0.86337513125 0.7526315796875 0.851880878125 0.764473684375 0.8053813999999999 0.7802631578125 0.8082549640625001 0.78355263125 0.819749215625 0.8309210531250001 0.8202716828125001 0.8414473687499999 0.8166144203125001 0.8598684203125 0.7980668750000001 0.8684210531250001 0.7954545453125 0.8802631578125 0.780825496875 0.8921052625 0.77298850625 0.8855263156250001 0.76384535 0.8888157890624999 0.7667189125 0.9 0.7714211078125001 0.9026315796875 0.78605015625 0.9263157890624999 0.8121734593750001 0.9789473687499999 0.8215778468750001 0.9921052625 0.8294148375000001 0.9960526312500001 0.843521421875 0.9934210531250001 0.8484848484375 0.998026315625 0.8513584109375 0.9881578953125001 0.860240334375 0.9960526312500001
0 0.28526645781250004 0.476973684375 0.2865726234375 0.4657894734375 0.292058515625 0.47039473750000005 0.291013584375 0.48618421093749997 0.2944096140625 0.49078947343749996 0.3022466046875 0.48552631562500004 0.3701671890625 0.481578946875 0.375914315625 0.4763157890625 0.3955067921875 0.47434210468750004 0.3913270640625 0.47039473750000005 0.39184952968750003 0.4532894734375 0.3894984328125 0.4486842109375 0.34508881874999997 0.44342105312499996 0.2787356328125 0.456578946875 0.2672413796875 0.45131578906250003 0.254963428125 0.4546052625 0.2552246609375 0.4921052625 0.27481713750000003 0.4927631578125 0.28709508906250003 0.48552631562500004 0.28526645781250004 0.476973684375
0 0.475444096875 0.2953947375 0.473615465625 0.27105263125 0.4407001046875 0.24868421093749998 0.433124346875 0.2506578953125 0.4336468125 0.26776315781250004 0.44435736718749996 0.2802631578125 0.45846394999999995 0.3157894734375 0.46421107656249994 0.3223684203125 0.47204806718750003 0.3197368421875 0.47910135781249996 0.32828947343750003 0.48066875624999994 0.31644736875 0.475444096875 0.2953947375
0 0.47857889218749994 0.301973684375 0.47309299843749997 0.26842105312500003 0.4548066875 0.260526315625 0.435997909375 0.24473684218749997 0.4273772203125 0.24407894687499998 0.4268547546875 0.248026315625 0.434952978125 0.27236842031249997 0.4448798328125 0.2763157890625 0.45193312499999994 0.3032894734375 0.46316614375 0.3236842109375 0.4715256015625 0.3197368421875 0.48275862031249994 0.3322368421875 0.4832810875 0.30855263125 0.47857889218749994 0.301973684375