1 0.571875 0.075 0.09375 0.1
1 0.76796875 0.13671875 0.07890625 0.12890625
1 0.3921875 0.1125 0.090625 0.14921875
1 0.859375 0.93125 0.209375 0.1375
1 0.90625 0.37265625 0.08515625 0.1375
1 0.51796875 0.7140625 0.16640625 0.35390625
1 0.64375 0.15234375 0.03203125 0.04609375
1 0.93046875 0.2765625 0.1390625 0.13125
1 0.41953125 0.05078125 0.09765625 0.09765625
0 0 0.6142611687499999 0.003619909375 0.6142611687499999 0.0126696828125 0.605670103125 0.0144796375 0.5730240546875 0.0199095015625 0.5506872859375 0.0199095015625 0.5249140890625 0.0316742078125 0.4939862546875 0.0352941171875 0.45274914062500005 0.02624434375 0.396048109375 0.0004524890625 0.3608247421875 0 0.3994845359375 0.0090497734375 0.430412371875 0.008144796875 0.4785223375 0 0.5231958765625 0 0.6142611687499999
0 0.6045248875 0.8960481093749999 0.6054298640625 0.877147765625 0.601357465625 0.872852234375 0.595022625 0.872852234375 0.5895927609375 0.8917525765625 0.5615384609375 0.8900343640624999 0.55927601875 0.8977663234375 0.56199095 0.9321305843750001 0.5601809953125 0.9922680406250001 0.5891402718750001 0.9974226796875 0.59276018125 0.990549828125 0.6045248875 0.8960481093749999
0 0.3420814484375 0.7757731953125 0.35475113125 0.760309278125 0.353846153125 0.73109965625 0.3208144796875 0.71305841875 0.313122171875 0.6984536078125 0.3104072390625 0.6572164953125 0.29773755625 0.634879725 0.295022625 0.5575601375 0.2755656109375 0.55841924375 0.25972850625 0.5455326453125 0.2515837109375 0.5214776624999999 0.256108596875 0.473367696875 0.2221719453125 0.47079037812499996 0.2171945703125 0.4785223375 0.22171945625 0.530068728125 0.2348416296875 0.5635738828125 0.242986425 0.5704467359375001 0.2475113125 0.5618556703124999 0.253393665625 0.566151203125 0.263348415625 0.607388315625 0.26696832656249997 0.6623711343750001 0.275113121875 0.6881443296875001 0.295022625 0.7087628859375 0.298642534375 0.7276632296875001 0.31538461562500003 0.76975945 0.34027149375 0.7826460484375 0.3375565609375 0.8118556703124999 0.3294117640625 0.8204467359375001 0.324886878125 0.9321305843750001 0.3095022625 0.9768041234375 0.2959276015625 0.9888316156249999 0.3018099546875 0.9965635734375 0.33212669687499996 0.9957044671874999 0.3484162890625 0.8084192437500001 0.3420814484375 0.7757731953125
0 0.5520361984375 0.9029209625 0.54977375625 0.8900343640624999 0.49728506718750004 0.8883161515625 0.486877828125 0.8530927828125 0.4805429859375 0.8135738828125 0.4705882359375 0.7981099656249999 0.46515837031249996 0.7465635734375 0.45927601874999996 0.740549828125 0.45701357500000006 0.760309278125 0.45384615312500004 0.7628865984375001 0.45067873281250004 0.7448453609375 0.44117647031249996 0.738831615625 0.439366515625 0.7285223375000001 0.41674208124999995 0.7250859109375 0.401357465625 0.6855670109374999 0.3877828046875 0.7250859109375 0.36877828125 0.7371134015624999 0.3647058828125 0.73281786875 0.35927601875000004 0.7465635734375 0.3651583703125 0.7646048109375 0.38054298593749997 0.7680412375000001 0.3954751125 0.786082475 0.3954751125 0.7981099656249999 0.3886877828125 0.805841925 0.3696832578125 0.8006872859374999 0.3610859734375 0.8049828171875 0.35565610937500003 0.9544673546875 0.3742081453125 0.9948453609374999 0.38144796406250003 0.9982817875000001 0.384615384375 0.9871134015624999 0.3945701359375 0.8634020625 0.3696832578125 0.8608247421874999 0.36199095 0.8427835046875 0.362895928125 0.834192440625 0.372398190625 0.8127147765625 0.394117646875 0.8178694156249999 0.4004524890625 0.8006872859374999 0.42126696875 0.797250859375 0.42850678750000004 0.8006872859374999 0.4425339359375 0.8238831609374999 0.4470588234375 0.8393470796875 0.4470588234375 0.8582474234375 0.42579185468749997 0.8659793812500001 0.4122171953125 0.8522336765625 0.408144796875 0.8599656359375001 0.40723981875000004 0.96305841875 0.413122171875 0.9621993124999999 0.4194570140625 0.9501718218749999 0.42941176406250003 0.9484536078125 0.44027149374999996 0.9639175249999999 0.4542986421875 0.8891752578125001 0.46018099531249995 0.876288659375 0.46334841562499995 0.8908934703125 0.4588235296875 0.9957044671874999 0.48914027187500003 0.9948453609374999 0.499095021875 0.9484536078125 0.5031674203125001 0.96134020625 0.5022624437500001 0.9922680406250001 0.5054298640625 0.9982817875000001 0.5149321265625 0.9974226796875 0.5375565609375 0.9922680406250001 0.5520361984375 0.9029209625
0 0.698642534375 0.8960481093749999 0.656108596875 0.865120275 0.6506787328125 0.8427835046875 0.6542986421875 0.818728521875 0.637104071875 0.780927834375 0.6352941171875 0.7517182124999999 0.6280542984374999 0.7379725078125 0.6289592765625 0.73109965625 0.653846153125 0.723367696875 0.7063348421875 0.7371134015624999 0.7122171953125 0.7551546390625 0.7208144796875 0.761168384375 0.7266968328125001 0.7757731953125 0.7285067875 0.8049828171875 0.7257918546875 0.8273195875000001 0.73076923125 0.82817869375 0.7325791859375 0.816151203125 0.7457013578125 0.8135738828125 0.74027149375 0.7929553265625 0.75022624375 0.7568728515625 0.7457013578125 0.6881443296875001 0.736651584375 0.674398625 0.7285067875 0.6486254296875 0.7144796375 0.6288659796875 0.6855203624999999 0.606529209375 0.6574660640625 0.5962199312500001 0.624886878125 0.568728521875 0.5760181 0.567010309375 0.5226244343750001 0.546391753125 0.500904978125 0.55841924375 0.508597284375 0.5627147765625 0.5316742078125001 0.642611684375 0.5529411765625001 0.65549828125 0.5574660640625 0.6881443296875001 0.5647058828125 0.69329896875 0.5601809953125 0.6967353953125001 0.55927601875 0.7087628859375 0.5764705875 0.7465635734375 0.57828054375 0.76718213125 0.599095021875 0.8393470796875 0.599095021875 0.8496563578125 0.6067873296874999 0.857388315625 0.6122171953125 0.8539518906250001 0.6230769234375 0.82646048125 0.64524886875 0.8445017187499999 0.643891403125 0.8539518906250001 0.6294117640625 0.857388315625 0.632126696875 0.8659793812500001 0.6257918546875 0.8539518906250001 0.622624434375 0.8565292093749999 0.6126696828125 0.9372852234375 0.61176470625 0.9957044671874999 0.6411764703125 0.9965635734375 0.6565610859375 0.9381443296875001 0.65972850625 0.9475945015624999 0.6588235296875 0.990549828125 0.6714932124999999 0.9974226796875 0.6904977375 0.9939862546875 0.698642534375 0.8960481093749999
0 0.1669683265625 0.991408934375 0.16877828125 0.98281786875 0.1714932125 0.9931271484374999 0.1764705875 0.9853951890625 0.1719457015625 0.9768041234375 0.172850678125 0.9682130578124999 0.1647058828125 0.96305841875 0.1638009046875 0.92182130625 0.1565610859375 0.892611684375 0.1638009046875 0.8410652921875 0.1764705875 0.80670103125 0.180995475 0.719072165625 0.17918552031249999 0.6967353953125001 0.17104072343750001 0.6761168390625001 0.1651583703125 0.664948453125 0.157013575 0.664948453125 0.1520361984375 0.6486254296875 0.1565610859375 0.566151203125 0.16199095 0.5455326453125 0.1647058828125 0.511168384375 0.16923076875 0.5163230234375 0.1755656109375 0.4785223375 0.17375565625 0.42525773125 0.17104072343750001 0.42010309218749997 0.1746606328125 0.3874570453125 0.16923076875 0.28951889999999997 0.1651583703125 0.29381443281249997 0.1615384609375 0.2817869421875 0.1565610859375 0.29123711406249997 0.15837104062500001 0.299828178125 0.1529411765625 0.318728521875 0.15022624375 0.375429553125 0.136651584375 0.4974226796875 0.1339366515625 0.585051546875 0.1040723984375 0.9888316156249999 0.10723981875 0.9982817875000001 0.12126696875000001 0.9991408937499999 0.156108596875 0.9982817875000001 0.1669683265625 0.991408934375