1 0.34921875 0.6390625 0.0828125 0.0984375
1 0.10546875 0.3921875 0.07890625 0.1078125
1 0.0875 0.478125 0.09296875 0.08046875
1 0.09375 0.55234375 0.07109375 0.0890625
1 0.065625 0.65234375 0.10546875 0.14375
1 0.240625 0.9109375 0.11953125 0.1421875
1 0.35390625 0.909375 0.090625 0.1203125
1 0.3765625 0.85390625 0.12890625 0.13984375
1 0.40703125 0.72421875 0.128125 0.10078125
1 0.25390625 0.1359375 0.0765625 0.08828125
1 0.3265625 0.31328125 0.10078125 0.11015625
1 0.43671875 0.6359375 0.0578125 0.08671875
1 0.40859375 0.4421875 0.046875 0.0625
1 0.31328125 0.49453125 0.059375 0.0671875
1 0.31796875 0.56171875 0.0578125 0.06640625
1 0.12578125 0.08828125 0.05078125 0.0609375
1 0.19765625 0.09140625 0.07890625 0.06484375
1 0.0640625 0.08515625 0.05078125 0.04375
1 0.3171875 0.43359375 0.078125 0.0625
1 0.0984375 0.90390625 0.10234375 0.10390625
0 0.999597746875 0.0025906734375 0.6432019312499999 0.0025906734375 0.6222847953125 0.022020724999999998 0.5876910703125 0.0647668390625 0.5510860828124999 0.1392487046875 0.5249396625 0.1722797921875 0.5189058734375 0.187176165625 0.5237329046875 0.2804404140625 0.522526146875 0.28497409375 0.5185036203125 0.2344559578125 0.514883346875 0.27525906718750004 0.5164923578125 0.3167098453125 0.5366049875 0.347797928125 0.5422365250000001 0.380181346875 0.57683025 0.5084196890625 0.613032984375 0.5939119171875 0.6315366046875 0.65997409375 0.7160096546875 0.8801813468749999 0.7441673375 0.9423575124999999 0.7743362828125 0.9948186531250001 0.795655671875 0.9967616578125 1 0.995466321875 0.999597746875 0.0025906734375
0 0 0.141839378125 0.0036202734374999996 0.1450777203125 0.0277554296875 0.15025906718749998 0.0358004828125 0.159326425 0.054304103125 0.1360103625 0.07119871250000001 0.1321243515625 0.09211584843750001 0.14766839375000002 0.1065969421875 0.1826424875 0.11222847968750001 0.1839378234375 0.113837490625 0.17616580312500002 0.1291230890625 0.174870465625 0.1343523734375 0.1781088078125 0.1371681421875 0.1904145078125 0.155269509375 0.1962435234375 0.162912309375 0.1904145078125 0.164923571875 0.1832901546875 0.16251005624999998 0.163860103125 0.1544650046875 0.15220207187499998 0.1568785203125 0.1327720203125 0.1540627515625 0.129533678125 0.13555913125000002 0.1373057 0.1267095734375 0.14637305625000002 0.11866452187500001 0.14637305625000002 0.1166532578125 0.1392487046875 0.1214802890625 0.1262953375 0.11625100625 0.12046632187499999 0.0945293640625 0.1217616578125 0.0905068390625 0.1126943 0.0848753015625 0.1126943 0.07200321875 0.1230569953125 0.044650040625 0.1230569953125 0.030168946875 0.12823834218750002 0.0209171359375 0.118523315625 0.0358004828125 0.0997409328125 0.0277554296875 0.0945595859375 0 0.1055699484375 0 0.141839378125
0 0.14722445625 0.3542746109375 0.1411906671875 0.32901554375000003 0.12510056249999998 0.334196890625 0.11584875312500001 0.32448186562500003 0.11584875312500001 0.30634715 0.1198712796875 0.2920984453125 0.13757039375 0.289507771875 0.13757039375 0.279145078125 0.12992759375000001 0.2655440421875 0.1134352375 0.277849740625 0.11423974218749999 0.2972797921875 0.09895414375 0.31411917031250003 0.0981496375 0.3270725390625 0.0945293640625 0.3329015546875 0.09010458593750001 0.33095854999999996 0.08567980625 0.3082901546875 0.06637168125000001 0.30440414531250004 0.048672565625000004 0.278497409375 0.030973451562499997 0.2823834203125 0.0277554296875 0.30181347187499996 0.024537409375 0.2862694296875 0 0.29468911875 0.00040225312500000003 0.35103626875 0.014078842187500001 0.34844559531249997 0.0164923578125 0.32901554375000003 0.03177795625 0.3277202078125 0.043845534375 0.33937823906250003 0.0534995984375 0.3419689125 0.0671761859375 0.3613989640625 0.0756234921875 0.3620466328125 0.11142397500000001 0.3367875640625 0.14722445625 0.3542746109375
0 0.401448109375 0.1120466328125 0.40627514062500003 0.097797928125 0.4078841515625 0.07318652812500001 0.41311343593750005 0.0712435234375 0.42316975 0.0485751296875 0.42880128749999996 0.04468911875 0.426387771875 0.039507771875 0.42799678124999996 0.026554404687499998 0.42316975 0.017487046875000002 0.4219629921875 0.0025906734375 0.0993563953125 0 0.063958165625 0.0025906734375 0.0595333875 0.007124351562500001 0.0631536609375 0.0246113984375 0.07924376562499999 0.0362694296875 0.117860015625 0.038860103125 0.12268704687500001 0.034974093750000004 0.13475462656249998 0.051813471874999996 0.153258246875 0.050518134375 0.1556717625 0.0582901546875 0.16532582499999998 0.062176165625 0.2055510859375 0.0544041453125 0.23934030625 0.063471503125 0.24135156875 0.051165803125 0.251407884375 0.040155440625 0.2634754625 0.040155440625 0.27956556718750003 0.0479274609375 0.29082864062499997 0.06735751250000001 0.30249396562499997 0.0770725390625 0.30249396562499997 0.0887305703125 0.29766693437499997 0.0939119171875 0.29887369218750004 0.0997409328125 0.310136765625 0.10103626875 0.3189863234375 0.0829015546875 0.3382944484375 0.0829015546875 0.3559935640625 0.095854921875 0.36725663750000004 0.12046632187499999 0.382139984375 0.1237046625 0.396218825 0.119170984375 0.401448109375 0.1120466328125
0 0 0.856865284375 0.008045051562499999 0.8892487046875001 0.013274335937500001 0.8963730562500001 0.028559935937499996 0.8950777203125 0.0362027359375 0.88665803125 0.038616251562499995 0.8594559578125001 0.046661303125 0.84002590625 0.037007240625 0.75064766875 0.03740949375 0.7189119171875 0.041029767187499996 0.7247409328125001 0.052292840625 0.84002590625 0.055913114062500005 0.8484455953125 0.06637168125000001 0.8562176171875 0.08326629062499999 0.858808290625 0.13877715156249998 0.8562176171875 0.14320193125 0.8607512953124999 0.153258246875 0.902849740625 0.1733708765625 0.9041450781249999 0.1786001609375 0.8905440421874999 0.185036203125 0.88536269375 0.1858407078125 0.8659326421875001 0.18946098125 0.8601036265625 0.26629123125 0.8374352328124999 0.259050684375 0.7428756484375 0.2626709578125 0.7357512953125 0.27755430468750003 0.852979275 0.2872083671875 0.8672279796875 0.293644409375 0.9022020718749999 0.2992759453125 0.9086787562499999 0.31295253437500004 0.8788860109375 0.31053901875 0.8439119171874999 0.3065164921875 0.8322538859374999 0.3141592921875 0.81865285 0.3366854390625 0.7992227984375 0.3833467421875 0.790155440625 0.3845535 0.7843264249999999 0.3809332265625 0.7759067359375 0.3769107 0.778497409375 0.3761061953125 0.7707253890625 0.35679806875 0.766839378125 0.346741753125 0.7532383421875 0.344730490625 0.69300518125 0.329444890625 0.68134715 0.3141592921875 0.6800518140625 0.31295253437500004 0.7014248703125 0.310136765625 0.703367875 0.296057925 0.6392487046875 0.2827835875 0.6398963734375 0.27956556718750003 0.6347150265625 0.26629123125 0.631476684375 0.2771520515625 0.6295336781249999 0.2944489140625 0.6120466328124999 0.2847948515625 0.6003886015625 0.28559935625 0.5744818656249999 0.2815768296875 0.5628238343749999 0.2847948515625 0.5433937828125 0.2791633140625 0.5019430046875 0.25020112656250004 0.49546632187500006 0.251407884375 0.48963730625 0.273531778125 0.4799222796875 0.2634754625 0.471502590625 0.2506033796875 0.472797928125 0.2461786 0.4643782390625 0.2461786 0.4332901546875 0.270716009375 0.424870465625 0.273531778125 0.4112694296875 0.27111826250000004 0.3944300515625 0.263877715625 0.3827720203125 0.263877715625 0.375 0.2719227671875 0.3672279796875 0.27111826250000004 0.3387305703125 0.26548672500000003 0.32966321249999997 0.2670957359375 0.31023316093750003 0.25663716875000003 0.299870465625 0.2558326625 0.27655440468750003 0.25100563125 0.27266839374999996 0.24336283124999997 0.25259067343749997 0.24135156875 0.289507771875 0.2445695890625 0.299870465625 0.2453740953125 0.3374352328125 0.2526146421875 0.3607512953125 0.24939662031249998 0.3983160625 0.2469831046875 0.3983160625 0.23652453750000002 0.2532383421875 0.24939662031249998 0.1858808296875 0.23934030625 0.16968911874999998 0.219227675 0.1580310875 0.21600965468750002 0.14896373125 0.1806114234375 0.165803109375 0.16934834999999998 0.1619170984375 0.169750603125 0.1858808296875 0.18463395 0.2072538859375 0.199517296875 0.2182642484375 0.20514883281250001 0.27396373125 0.19911504375 0.2875647671875 0.189058728125 0.29598445624999997 0.19227675 0.31800518125 0.18423169687500002 0.3620466328125 0.18744971875 0.37888601093749996 0.19629927656249999 0.397020725 0.19227675 0.43069948125 0.1886564765625 0.4352331609375 0.1765888984375 0.4326424875 0.17256637187499999 0.436528496875 0.1665325828125 0.404792746875 0.15647626718750002 0.404145078125 0.157280771875 0.40803108750000006 0.1617055515625 0.4060880828125 0.1617055515625 0.415155440625 0.15084473125 0.4235751296875 0.14521319375 0.4183937828125 0.13274336250000002 0.44883419687500004 0.1319388578125 0.47344559531249997 0.13757039375 0.4915803109375 0.14159292031249998 0.47603626875 0.150040225 0.470207253125 0.1544650046875 0.4799222796875 0.15607401406250002 0.505829015625 0.153258246875 0.51036269375 0.125502815625 0.517487046875 0.12791633125 0.5615284968750001 0.125502815625 0.584844559375 0.1540627515625 0.5816062171875 0.153258246875 0.5906735750000001 0.1460176984375 0.5919689124999999 0.140788415625 0.6003886015625 0.1464199515625 0.6055699484375 0.149637971875 0.6211139890624999 0.139983909375 0.6301813468749999 0.13877715156249998 0.6450777203125 0.135961384375 0.643134715625 0.13354786875 0.6237046625 0.12831858437500002 0.6178756484375 0.1134352375 0.63536269375 0.11584875312500001 0.6794041453124999 0.1271118265625 0.7079015546874999 0.11866452187500001 0.727979275 0.11061946874999999 0.727979275 0.10096540624999999 0.7176165796875 0.054304103125 0.721502590625 0.043041029687499996 0.69430051875 0.02976669375 0.70531088125 0.0281576828125 0.722150259375 0.0237329046875 0.7292746109375 0.018101367187500002 0.7085492234374999 0.004424778125 0.709844559375 0 0.7299222796875 0 0.856865284375
0 0.52976669375 0.7810880828125 0.541834271875 0.7836787562499999 0.54625905 0.779145078125 0.5213193890625 0.6897668390625 0.512872084375 0.68134715 0.46460177031249994 0.6878238343749999 0.46178600156250005 0.7066062171875 0.46339501250000004 0.7454663218750001 0.4863234109375 0.7512953375 0.49557522187499997 0.7933937828125 0.5012067578125 0.79598445625 0.51448109375 0.7862694296875 0.52976669375 0.7810880828125
0 0.41432019374999995 0.24158031093750001 0.41271118281249997 0.2247409328125 0.404263878125 0.22279792812500002 0.3998390984375 0.2312176171875 0.4006436046875 0.2610103625 0.40868865625 0.26619170937500003 0.419147225 0.2532383421875 0.41432019374999995 0.24158031093750001
0 0.315768303125 0.25259067343749997 0.33065164999999996 0.24676165781249998 0.3314561546875 0.232512953125 0.31979082812500004 0.22279792812500002 0.3141592921875 0.211139896875 0.30289621875 0.20984455937500002 0.2968624296875 0.21437823906250003 0.2968624296875 0.2312176171875 0.30289621875 0.2487046625 0.3065164921875 0.2428756484375 0.30732099687500003 0.267487046875 0.31295253437500004 0.2700777203125 0.317779565625 0.2648963734375 0.315768303125 0.25259067343749997
0 0.3982300890625 0.2597150265625 0.3921963 0.22279792812500002 0.3809332265625 0.22279792812500002 0.37288817343749997 0.2370466328125 0.362027353125 0.233808290625 0.3676588890625 0.21437823906250003 0.37570394218750003 0.2066062171875 0.374497184375 0.1917098453125 0.3511665328125 0.2072538859375 0.3483507640625 0.222150259375 0.33950120625 0.233808290625 0.34070796406250003 0.2487046625 0.36162510000000003 0.2487046625 0.3636363640625 0.2597150265625 0.3684633953125 0.2610103625 0.37932421562499996 0.255181346875 0.3982300890625 0.2597150265625
0 0.480289621875 0.22733160625 0.48913917968750004 0.17940414531249999 0.48913917968750004 0.171632125 0.47827835937499996 0.1606217609375 0.47465808593750003 0.163860103125 0.480289621875 0.1781088078125 0.47827835937499996 0.186528496875 0.4662107796875 0.187823834375 0.46299275937499995 0.177461140625 0.4589702328125 0.177461140625 0.4489139171875 0.19494818593750002 0.45575221250000003 0.19559585468750001 0.460981496875 0.209196890625 0.450522928125 0.220854921875 0.4521319390625 0.24028497343750002 0.44650040156250004 0.2597150265625 0.47144006406249994 0.267487046875 0.47868061093750003 0.2648963734375 0.480289621875 0.22733160625