1 0.24765625 0.5421875 0.19921875 0.30625
1 0.9421875 0.24375 0.11484375 0.1671875
1 0.0578125 0.340625 0.078125 0.11171875
1 0.8015625 0.50390625 0.3609375 0.621875
1 0.58125 0.1203125 0.059375 0.0484375
0 0.27442893437500004 0.9829172140625 0.272208121875 0.9743758218749999 0.290291878125 0.969776609375 0.32265228437500004 0.9724047312499999 0.3334390859375 0.9658344281250001 0.33724619218749996 0.9724047312499999 0.3416878171875 0.969776609375 0.344543146875 0.9612352171874999 0.3416878171875 0.9540078843750001 0.3334390859375 0.9513797640625 0.3274111671875 0.9428383703125001 0.339149746875 0.938239159375 0.3416878171875 0.93166885625 0.34612944218749997 0.9356110375 0.3496192890625 0.9270696453125 0.33090101562499996 0.9198423124999999 0.31630710624999997 0.9211563734375 0.314403553125 0.9145860703125 0.30996192968749997 0.9250985546875 0.2674492390625 0.922470434375 0.2620558375 0.9270696453125 0.2664974625 0.9323258875 0.2664974625 0.94021025 0.2611040609375 0.9434954015624999 0.2607868015625 0.9310118265625 0.25412436562499996 0.9250985546875 0.24841370624999998 0.9461235218749999 0.2433375640625 0.9461235218749999 0.23953045624999997 0.9553219453124999 0.23032995 0.9586070953125001 0.2325507609375 0.9684625499999999 0.24175126875 0.9743758218749999 0.24111675156249998 0.9875164249999999 0.2433375640625 0.9908015765625 0.248096446875 0.9914586078125 0.2487309640625 0.98357424375 0.2449238578125 0.9743758218749999 0.24714467031249998 0.9632063078125 0.2534898484375 0.9921156375000001 0.28172588906249996 0.9914586078125 0.28077411093750004 0.985545334375 0.27442893437500004 0.9829172140625
0 0.3343908625 0.2279894875 0.342956853125 0.20762155 0.3493020296875 0.21156373125 0.35691624375000003 0.20893561093750002 0.3585025375 0.20302233906249997 0.35469543125 0.1964520375 0.35532995 0.1885676734375 0.36579949218749996 0.1668856765625 0.37341370625 0.1590013140625 0.3784898484375 0.141918528125 0.395621828125 0.126149803125 0.40767766562499996 0.0959264125 0.41941624375000003 0.090013140625 0.4121192890625 0.053876478125 0.3924492390625 0.065703021875 0.388959390625 0.074244415625 0.3902284265625 0.1070959265625 0.3778553296875 0.12352168125 0.35057106562499996 0.1445466484375 0.310596446875 0.145860709375 0.3055203046875 0.15637319375 0.2848984765625 0.166228646875 0.2874365484375 0.1793692515625 0.2753807109375 0.20302233906249997 0.28267766562499996 0.21681997343749998 0.29663705625 0.22207621562500002 0.300126903125 0.251642575 0.30996192968749997 0.2667542703125 0.3159898484375 0.2687253609375 0.3315355328125 0.2614980296875 0.3343908625 0.2279894875
0 0.047906090624999995 0.24441524375 0.0532994921875 0.2279894875 0.0532994921875 0.2109067015625 0.0574238578125 0.194480946875 0.06630710625 0.19579500625 0.0780456859375 0.2148488828125 0.08280456875 0.2325886984375 0.088515228125 0.2325886984375 0.0986675125 0.20893561093750002 0.1100888328125 0.19842312812500001 0.1297588828125 0.1905387640625 0.15767766562500002 0.18791064375 0.1722715734375 0.16031537499999998 0.18178934062500002 0.153745071875 0.1887690359375 0.130091984375 0.202093909375 0.1208935609375 0.217322334375 0.12746386406250002 0.23508883281249998 0.11563731875000001 0.24111675156249998 0.105781865625 0.24555837500000002 0.0886990796875 0.2236675125 0.027595268750000002 0.21161167500000003 0.027595268750000002 0.1995558375 0.03153745 0.16909898437499998 0.060446781250000005 0.0961294421875 0.0959264125 0.0555203046875 0.122207621875 0.000317259375 0.137976346875 0.0006345171874999999 0.2752956640625 0.024428934375 0.25229960625 0.047906090624999995 0.24441524375
0 0 0.8022339031250001 0.01586294375 0.8022339031250001 0.013959390625000002 0.748357425 0.016180203125 0.742444153125 0.020939085937499997 0.7654402109375 0.0228426390625 0.798291721875 0.027601523437499997 0.8147174765624999 0.12690355312499998 0.8285151109375001 0.131345178125 0.8232588703125 0.1319796953125 0.8127463859375 0.1414974625 0.7812089359375001 0.15926395937499999 0.7496714843750001 0.1598984765625 0.7391590015625 0.1081852796875 0.7319316687499999 0.10310913749999999 0.7266754265625 0.0939086296875 0.7286465171875001 0.0932741109375 0.7128777921875 0.086294415625 0.7010512484375 0.0799492390625 0.6747700390625 0.074238578125 0.526281209375 0.06852791875 0.5026281203125 0.0745558375 0.498028909375 0.07677665 0.50394218125 0.0818527921875 0.5932982921875001 0.0843908625 0.6077529562499999 0.089149746875 0.6110381078125 0.1767131984375 0.466491459375 0.19130710625 0.45729303593750004 0.1941624359375 0.4474375828125 0.1963832484375 0.4152431015625 0.197335025 0.438239159375 0.2001903546875 0.44678055156249996 0.21922588906249998 0.409986859375 0.23953045624999997 0.3915900125 0.23001269062500002 0.3850197109375 0.22081218281249998 0.3685939546875 0.21256345156249998 0.33968462499999996 0.21256345156249998 0.3239159 0.202093909375 0.3009198421875 0.1887690359375 0.2956636 0.1843274109375 0.2706964515625 0.173540609375 0.2772667546875 0.16909898437499998 0.2890932984375 0.149428934375 0.29960578125000004 0.1462563453125 0.310118265625 0.141180203125 0.310118265625 0.137373096875 0.3166885671875 0.096763959375 0.3193166890625 0.0939086296875 0.3252299609375 0.09581218281250001 0.334428384375 0.116434009375 0.3442838375 0.120558375 0.3567674109375 0.119289340625 0.36596583437499997 0.10881979687500001 0.3745072265625 0.0942258890625 0.3731931671875 0.09041878125 0.402102496875 0.0694796953125 0.429697765625 0.0460025375 0.4494086734375 0.0263324875 0.47568988125 0.014276649999999998 0.4848883046875 0.0114213203125 0.4947437578125 0.0120558375 0.5105124828125 0 0.5249671484375 0 0.8022339031250001
0 1 0.8429697765625 0.9793781718749999 0.842312746875 0.967956853125 0.8607095921875001 0.96002538125 0.8534822609375 0.9644670046874999 0.845597896875 0.95336294375 0.8160315375 0.9419416249999999 0.8107752953125 0.8943527921875001 0.808147175 0.88546954375 0.8252299609374999 0.8784898484375001 0.8226018390625001 0.8746827406250001 0.8094612359375001 0.8397842640625001 0.8015768718749999 0.8277284265624999 0.805519053125 0.8239213203125001 0.8002628125 0.8194796953125 0.8015768718749999 0.81630710625 0.7950065703125 0.757931471875 0.7871222078125 0.7490482234375 0.7950065703125 0.7407994921875 0.7950065703125 0.737626903125 0.7805519046875 0.7243020296875 0.7792378453125 0.719543146875 0.7851511171875 0.7182741109374999 0.8074901453125 0.714149746875 0.808147175 0.7062182734375 0.79960578125 0.7049492390625 0.7812089359375001 0.7027284265625 0.777923784375 0.6798857875000001 0.7752956640625001 0.633565990625 0.7792378453125 0.6272208125 0.7871222078125 0.613261421875 0.7844940874999999 0.605012690625 0.793692509375 0.520621828125 0.7687253609375 0.5111040609375 0.773981603125 0.48191624375000003 0.7752956640625001 0.44321065937500004 0.7674113015625 0.43972081249999995 0.7733245734375 0.439403553125 0.7844940874999999 0.43908629374999997 0.7720105125 0.43369289375 0.766097240625 0.35247461874999997 0.7568988171875 0.3194796953125 0.7411300921875 0.30742385781250003 0.7490144546875 0.2915609140625 0.7503285156249999 0.1805203046875 0.73587385 0.1706852796875 0.75229960625 0.166878171875 0.7706964515625 0.14340101562500002 0.8206307484375 0.14498730937499998 0.8265440203125 0.157043146875 0.8252299609374999 0.16529187812499999 0.8331143234375 0.3118654828125 0.8554533515625 0.3213832484375 0.8646517734374999 0.3575507609375 0.8580814718750001 0.447652284375 0.8725361359375 0.538388325 0.8791064390625 0.556789340625 0.8883048625000001 0.6100888328125 0.8988173453125 0.6951142124999999 0.90801576875 0.7059010156250001 0.9132720109375001 0.733819796875 0.91195795 0.7369923859374999 0.9185282515625 0.8112309640625 0.93166885625 0.9539974625 0.9395532187500001 0.9647842640625001 0.9461235218749999 1 0.9520367937499999 1 0.8429697765625
0 0.623096446875 0.24375821250000002 0.6202411171875 0.2325886984375 0.47430202968749996 0.2233902765625 0.4708121828125 0.23061760781250001 0.47017766562499996 0.246386334375 0.46510152343750005 0.2608409984375 0.46383248750000006 0.2766097234375 0.4666878171875 0.28383705625 0.4927030453125 0.25886990781249997 0.5295050765625 0.279894875 0.5291878171875 0.2687253609375 0.5314086296875 0.2667542703125 0.5491751265625 0.2654402109375 0.5529822328125 0.27201051249999997 0.556789340625 0.2667542703125 0.566941625 0.2667542703125 0.57836294375 0.29434954062499996 0.592956853125 0.2930354796875 0.6173857875000001 0.3028909328125 0.620558375 0.2910643890625 0.623096446875 0.24375821250000002