1 0.9296875 0.60078125 0.13984375 0.20078125
1 0.9578125 0.48515625 0.084375 0.10546875
1 0.9234375 0.12734375 0.07890625 0.08359375
1 0.59375 0.20703125 0.084375 0.10546875
1 0.4953125 0.1765625 0.0765625 0.07734375
1 0.56015625 0.4109375 0.1640625 0.17890625
1 0.346875 0.2984375 0.06640625 0.08046875
1 0.01953125 0.19375 0.0390625 0.078125
1 0.74921875 0.365625 0.046875 0.06640625
1 0.5703125 0.134375 0.053125 0.05390625
1 0.81796875 0.08125 0.046875 0.05390625
0 0 0.2862433859375 0.0065513625 0.29417989375000003 0.0642033546875 0.3195767203125 0.0783542984375 0.33121693125 0.1027253671875 0.3423280421875 0.1069182390625 0.325396825 0.11425576562499999 0.31798941875 0.11425576562499999 0.2513227515625 0.1098008390625 0.215873015625 0.10560796718750001 0.215873015625 0.1024633125 0.221164021875 0.07887840625 0.21904761874999998 0.07520964375 0.23068783124999998 0.0600104828125 0.2370370375 0.047431865625 0.2359788359375 0.043238993749999996 0.2264550265625 0.036163521875 0.23862433906249997 0.035377357812499996 0.2455026453125 0.0317085953125 0.241269840625 0.0280398328125 0.2507936515625 0 0.259788359375 0 0.2862433859375
0 0.37604821875 0 0.373689728125 0.008994709375 0.37473794531250004 0.0396825390625 0.37028301875 0.0423280421875 0.361373165625 0.0423280421875 0.3574423484375 0.029100529687499998 0.3545597484375 0.0264550265625 0.3451257859375 0.037037037499999995 0.34198113281250003 0.0328042328125 0.33149895156250003 0.0328042328125 0.3278301890625 0.0264550265625 0.3204926625 0.024338625 0.3183962265625 0.019047618750000002 0.3110587 0.0169312171875 0.30267295625 0.0010582015625 0.2727987421875 0 0.27489517812500003 0.019047618750000002 0.2827568140625 0.01798941875 0.2929769390625 0.0375661375 0.291928721875 0.057671957812499994 0.2958595390625 0.06878306875 0.3084381546875 0.07195767187499999 0.314465409375 0.0798941796875 0.3165618453125 0.10211640156249999 0.3155136265625 0.134920634375 0.31813417187500004 0.140211640625 0.31865828125 0.1507936515625 0.31289308125000004 0.16984127031250001 0.31813417187500004 0.183597884375 0.31865828125 0.19206349218750002 0.3136792453125 0.20952380937499998 0.3102725359375 0.196296296875 0.30634171875 0.19153439218749999 0.29507337499999997 0.191005290625 0.297431865625 0.1851851859375 0.3052935015625 0.18941798906250001 0.30712788281250003 0.1825396828125 0.302148846875 0.17671957656249998 0.29323899375 0.18201058125 0.2906184484375 0.18941798906250001 0.2864255765625 0.17989417968750002 0.2827568140625 0.1862433859375 0.27908805000000003 0.1851851859375 0.27358490625 0.16984127031250001 0.2709643609375 0.141269840625 0.26650943437499997 0.12486772500000001 0.25550314531249996 0.1206349203125 0.24240041875 0.121693121875 0.2395178203125 0.11798941874999999 0.2348008390625 0.0978835984375 0.2337526203125 0.0640211640625 0.23558700156249998 0.0582010578125 0.24266247343749997 0.055555556250000006 0.24554507343749998 0 0 0.0015873015625 0.0002620546875 0.1576719578125 0.035377357812499996 0.1629629625 0.03957023125 0.172486771875 0.047955975 0.172486771875 0.058962264062500006 0.16190476250000002 0.0867400421875 0.1576719578125 0.09171907812499999 0.1507936515625 0.09171907812499999 0.12751322812500002 0.098270440625 0.1238095234375 0.10298742187500001 0.1354497359375 0.11425576562499999 0.14550264531249998 0.11792452812500001 0.16878306875 0.12159329062499999 0.1740740734375 0.1200209640625 0.17830687812499998 0.12106918281250001 0.22275132343749998 0.12604821875 0.2708994703125 0.1299790359375 0.26825396874999996 0.1354821796875 0.24973545000000003 0.14177148906249998 0.247619046875 0.1491090140625 0.25291005312500003 0.161163521875 0.2740740734375 0.1831761 0.2825396828125 0.20099580781249998 0.283597884375 0.2041404609375 0.2793650796875 0.20833333281250002 0.28571428593750003 0.21986373124999997 0.2539682546875 0.239255765625 0.24973545000000003 0.24266247343749997 0.259788359375 0.2442348015625 0.3169312171875 0.2471174 0.32380952343749997 0.2544549265625 0.3227513234375 0.2557651984375 0.3084656078125 0.2620545078125 0.2862433859375 0.26257861562499996 0.2449735453125 0.26703354375 0.241269840625 0.268867925 0.2460317453125 0.27437106875 0.32698412656250003 0.2885220125 0.3174603171875 0.293763103125 0.30582010625 0.2995283015625 0.3047619046875 0.305031446875 0.309523809375 0.30162473749999996 0.32380952343749997 0.2906184484375 0.3291005296875 0.28406708593749996 0.340211640625 0.2853773578125 0.34391534375 0.290880503125 0.34444444375 0.31210691874999996 0.32592592656249997 0.314465409375 0.31798941875 0.3160377359375 0.2862433859375 0.32625786093750003 0.26878306875 0.3335953875 0.2634920640625 0.34669811250000004 0.26137566093750003 0.36871069218749997 0.265608465625 0.377358490625 0.278835978125 0.3807651984375 0.303703703125 0.3844339625 0.308994709375 0.388626834375 0.303703703125 0.3888888890625 0.27777777812500004 0.39203354375 0.2608465609375 0.4132599578125 0.24656084687500002 0.4161425578125 0.240740740625 0.41483228437499997 0.2296296296875 0.4067085953125 0.22275132343749998 0.4114255765625 0.2079365078125 0.41090146718750004 0.191005290625 0.4030398328125 0.175132275 0.4030398328125 0.1645502640625 0.40697065 0.15026455 0.41640461249999994 0.1428571421875 0.42845911875000003 0.1481481484375 0.439465409375 0.159788359375 0.44706498906250003 0.175132275 0.44968553437500003 0.19206349218750002 0.452044025 0.19470899531250002 0.45597484218749995 0.175132275 0.4672431859375 0.14391534374999998 0.48794549218750005 0.14338624375 0.4842767296875 0.1148148140625 0.476939203125 0.0957671953125 0.4800838578125 0.090476190625 0.4837526203125 0.0449735453125 0.49240041874999996 0.025396825 0.5055031453125001 0.024338625 0.513102725 0.030158729687500004 0.517295596875 0.049206348437500005 0.51781970625 0.0640211640625 0.513626834375 0.1507936515625 0.5180817609374999 0.1481481484375 0.53380503125 0.16613756562499998 0.5364255765625 0.1640211640625 0.541928721875 0.13703703750000001 0.5414046124999999 0.12010582031249999 0.544549265625 0.0957671953125 0.5424528296875 0.066137565625 0.5450733750000001 0.049206348437500005 0.5429769390625 0.0132275125 0.5466457015625 0.0005291 0.539832284375 0.0005291 0.5379979031250001 0.03068783125 0.5364255765625 0 0.529612159375 0 0.5138888890625 0.0169312171875 0.5102201265625 0.015873015625 0.506027253125 0.0074074078125 0.4944968546875 0.0137566140625 0.48453878437500003 0.009523809375000001 0.4777253671875 0.0148148140625 0.47641509375 0.0238095234375 0.47091194999999997 0.028571428125 0.4672431859375 0.0169312171875 0.46305031406249997 0.025396825 0.4599056609375 0.01798941875 0.45518867968750004 0.022222221875 0.4517819703125 0.016402115624999998 0.4509958078125 0.004232804687499999 0.44287211718749997 0.0079365078125 0.4488993703125 0.011640210937500001 0.4499475890625 0.0169312171875 0.434748428125 0.021164021875 0.43160377343749995 0.019047618750000002 0.4237421390625 0.0010582015625 0.42138364843750004 0.0079365078125 0.42216981093749995 0.027513228125 0.452568134375 0.0296296296875 0.45518867968750004 0.0264550265625 0.45964360624999995 0.0322751328125 0.4523060796875 0.0396825390625 0.4509958078125 0.0571428578125 0.444182390625 0.0582010578125 0.4426100625 0.06349206406249999 0.439465409375 0.0645502640625 0.42845911875000003 0.055026454687500004 0.4226939203125 0.0603174609375 0.420073375 0.053968254687499995 0.4192872125 0.0640211640625 0.4240041921875 0.06931216875 0.4240041921875 0.074603175 0.4161425578125 0.08941798906250001 0.41299790312500007 0.11269841249999998 0.40801886718749997 0.11534391562499999 0.40356394062499995 0.1105820109375 0.3972746328125 0.09153439218750001 0.3972746328125 0.0640211640625 0.3925576515625 0.048148148437499996 0.3959643609375 0.0455026453125 0.4004192875 0.0322751328125 0.39806079687499996 0.027513228125 0.390985325 0.0259259265625 0.3907232703125 0 0.3873165625 0.0005291 0.3878406703125 0.028042328124999998 0.39203354375 0.048148148437499996 0.384958071875 0.0603174609375 0.3815513625 0.0386243390625 0.380241090625 0 0.37604821875 0
0 0.3375262046875 0.9825396828124999 0.33490566093749996 0.9740740734375001 0.337002096875 0.9571428578125 0.3320230609375 0.9428571421875 0.321016771875 0.9301587296875 0.2780398328125 0.9174603171875001 0.25550314531249996 0.9047619046875001 0.2471174 0.9079365078125001 0.2434486375 0.8952380953124999 0.220387840625 0.891005290625 0.1679769390625 0.8708994703125 0.134958071875 0.8486772484375 0.08831236875000001 0.8338624343750001 0.075733753125 0.8232804234375 0.05267295625 0.8137566140624999 0.0311844859375 0.796825396875 0 0.7878306875 0.0002620546875 0.8835978843750001 0.0078616359375 0.8417989421875 0.011792453125000001 0.834920634375 0.03485325 0.8328042328124999 0.043763103125 0.8370370375 0.0466457015625 0.8449735453124999 0.049266246875 0.86931216875 0.0542452828125 0.8804232796875 0.0602725359375 0.865079365625 0.0631551359375 0.846560846875 0.0731132078125 0.84338624375 0.08569182343750001 0.859259259375 0.09486373125 0.8798941796875 0.0969601671875 0.934920634375 0.098270440625 0.9396825390625001 0.10665618437499999 0.9428571421875 0.11058700156250001 0.9507936515625 0.11137316562499999 0.959788359375 0.1229035640625 0.959788359375 0.137578615625 0.9492063484375001 0.15592243125 0.959788359375 0.1737421390625 0.9576719578124999 0.20309224375 0.9925925921875001 0.212002096875 0.9756613749999999 0.215670859375 0.9767195765625001 0.2230083859375 0.9989417984375001 0.242924528125 0.9915343921875 0.27070230624999997 0.9989417984375001 0.3286163515625 0.9984126984374999 0.3364779875 0.9888888890624999 0.3375262046875 0.9825396828124999
0 0.95387840625 0.078835978125 0.957285115625 0.0740740734375 0.9997379453124999 0.07936507968749999 1 0.0005291 0.9053983234375 0 0.906446540625 0.0169312171875 0.9221698109375 0.028571428125 0.9250524109375 0.0428571421875 0.9302935015625 0.048148148437499996 0.9250524109375 0.055555556250000006 0.9302935015625 0.074603175 0.9426100625 0.078306878125 0.9439203359375 0.0798941796875 0.9397274640625 0.0873015875 0.9470649890624999 0.08941798906250001 0.9551886796875 0.0878306875 0.95387840625 0.078835978125
0 0.670597484375 0 0.6740041921875 0.0121693125 0.6745283015625 0.028042328124999998 0.672955975 0.040740740625 0.6700733750000001 0.04444444375 0.65697065 0.040211640625 0.6430817609374999 0.0238095234375 0.647012578125 0.009523809375000001 0.6590670859375 0.008465607812500001 0.657494759375 0 0.59119496875 0.0005291 0.59486373125 0.016402115624999998 0.594339621875 0.040740740625 0.59119496875 0.048148148437499996 0.5901467499999999 0.059788359375 0.592505240625 0.07195767187499999 0.6037735843750001 0.055555556250000006 0.6045597484375 0.0455026453125 0.6134696015625 0.041269840625 0.6286687625 0.04444444375 0.63993710625 0.07354497343750001 0.640985325 0.08941798906250001 0.6475366874999999 0.09312169375 0.6496331234375 0.10370370312499999 0.6787211734375 0.10634920625 0.6886792453125 0.0957671953125 0.670597484375 0.0920634921875 0.6666666671875 0.078835978125 0.6726939203125 0.0730158734375 0.683700209375 0.0740740734375 0.68710691875 0.0703703703125 0.6876310265625001 0.0619047625 0.6818658281250001 0.048148148437499996 0.6897274640625 0.0396825390625 0.682914046875 0.0322751328125 0.6886792453125 0.0269841265625 0.6899895171875 0.015873015625 0.7009958078125 0.011640210937500001 0.729821803125 0.011640210937500001 0.734014675 0.009523809375000001 0.7337526203125 0.003703703125 0.7277253671875 0 0.670597484375 0
0 0.6142557656250001 0.27777777812500004 0.6184486375 0.2544973546875 0.62971698125 0.2507936515625 0.63915094375 0.2571428578125 0.63993710625 0.253439153125 0.636792453125 0.2460317453125 0.6425576515625 0.228042328125 0.6430817609374999 0.2142857140625 0.6548742140625 0.19153439218749999 0.6711215937499999 0.190476190625 0.6795073375 0.184126984375 0.6962788265625 0.17989417968750002 0.699161425 0.15714285781249998 0.6957547171875 0.1481481484375 0.6763626828125 0.14391534374999998 0.6679769390625 0.152380953125 0.6590670859375 0.153439153125 0.6475366874999999 0.1481481484375 0.6401991609375 0.152380953125 0.63993710625 0.14338624375 0.638102725 0.1428571421875 0.6318134171875001 0.15873015937499999 0.6281446546875 0.1428571421875 0.617924528125 0.14338624375 0.6168763109375 0.1507936515625 0.6194968546874999 0.165608465625 0.6265723265625 0.1703703703125 0.6346960171875 0.19417989375 0.6362683437500001 0.20687830625 0.6341719078125 0.21851851875 0.62604821875 0.222222221875 0.6223794546875 0.23068783124999998 0.6082285109375001 0.2380952375 0.6035115296875 0.2507936515625 0.5980083859375 0.2544973546875 0.597222221875 0.2634920640625 0.59486373125 0.2619047625 0.595387840625 0.2544973546875 0.5909329140625 0.24973545000000003 0.5885744234375 0.252380953125 0.5885744234375 0.2619047625 0.5856918234374999 0.2677248671875 0.5809748421875 0.26878306875 0.5773060796875 0.2772486765625 0.571016771875 0.278306878125 0.5665618453125 0.284126984375 0.5686582812500001 0.2925925921875 0.5681341718749999 0.3021164015625 0.5725890984374999 0.315343915625 0.5783542984375 0.3111111109375 0.5898846953125 0.3132275125 0.5966981125 0.310052909375 0.6040356390625 0.31851851875000003 0.6147798734375 0.31798941875 0.6184486375 0.3116402109375 0.6142557656250001 0.27777777812500004
0 0.9308176093749999 0.196296296875 0.9344863734375 0.18994709062499998 0.933700209375 0.1862433859375 0.9295073374999999 0.1883597890625 0.919549265625 0.175661375 0.8943920328124999 0.174603175 0.88993710625 0.165608465625 0.8852201265625 0.1328042328125 0.8878406703125 0.11164021093750001 0.8909853249999999 0.1052910046875 0.8915094343750001 0.0883597890625 0.895178196875 0.0798941796875 0.8901991609375 0.083597884375 0.8844339625 0.07936507968749999 0.8786687625 0.065608465625 0.873689728125 0.071428571875 0.872641509375 0.0798941796875 0.8781446546874999 0.0825396828125 0.88259958125 0.0947089953125 0.8820754718750001 0.1074074078125 0.87971698125 0.1132275125 0.8757861640625 0.10634920625 0.875 0.0952380953125 0.87028301875 0.097354496875 0.8647798734375 0.0883597890625 0.8705450734375001 0.0798941796875 0.8692348015625001 0.0772486765625 0.8629454921875 0.0730158734375 0.8519392031249999 0.08148148125 0.847222221875 0.0804232796875 0.8427672953125 0.0947089953125 0.8438155140625 0.1137566140625 0.84119496875 0.12010582031249999 0.84119496875 0.134920634375 0.8393605875000001 0.1375661375 0.8362159328125 0.1269841265625 0.8286163515625 0.134920634375 0.833071278125 0.1375661375 0.8388364781250001 0.1513227515625 0.8419811328125 0.152380953125 0.846436059375 0.1507936515625 0.8474842765625 0.134920634375 0.8474842765625 0.1507936515625 0.868972746875 0.19417989375 0.8700209640625 0.216402115625 0.8663522015625 0.22275132343749998 0.8755241093749999 0.22328042343750001 0.8791928718750001 0.23068783124999998 0.8812893078125 0.22328042343750001 0.8865303984375 0.22433862499999999 0.90225366875 0.2148148140625 0.9116876312500001 0.21798941875 0.916928721875 0.23068783124999998 0.9192872124999999 0.23121693125 0.9261006296875 0.2259259265625 0.9308176093749999 0.196296296875
0 0.8013626828125 0.216402115625 0.8060796640625 0.1878306875 0.8181341718749999 0.1666666671875 0.8176100625 0.1550264546875 0.8149895171875 0.1507936515625 0.8194444437499999 0.15026455 0.8218029343750001 0.14550264531249998 0.822851153125 0.125396825 0.8199685531249999 0.1206349203125 0.8100104828125 0.1195767203125 0.8005765203124999 0.11216931249999999 0.791928721875 0.0957671953125 0.797955975 0.07936507968749999 0.8055555562500001 0.0703703703125 0.8084381546875001 0.0582010578125 0.8123689734375 0.055555556250000006 0.8073899375 0.04973545 0.80267295625 0.056084656249999996 0.8031970656249999 0.047619046875 0.8100104828125 0.04444444375 0.8170859531250001 0.048148148437499996 0.81210691875 0.035978835937499995 0.8005765203124999 0.035978835937499995 0.792714884375 0.027513228125 0.79035639375 0.0322751328125 0.790880503125 0.0396825390625 0.797431865625 0.0571428578125 0.7686058703125 0.056084656249999996 0.7644129984375 0.059259259375 0.7599580718750001 0.051322751562500005 0.7578616359375 0.028042328124999998 0.753406709375 0.0264550265625 0.75104821875 0.040740740625 0.7468553453125 0.048148148437499996 0.7442348015625 0.08941798906250001 0.7272012578125 0.0952380953125 0.7274633125000001 0.12010582031249999 0.717505240625 0.12751322812500002 0.720387840625 0.1354497359375 0.7256289312499999 0.1375661375 0.729821803125 0.1269841265625 0.7366352203125001 0.140740740625 0.74240041875 0.14391534374999998 0.7473794546875 0.12751322812500002 0.7442348015625 0.11164021093750001 0.7468553453125 0.1042328046875 0.7468553453125 0.0947089953125 0.7520964359375 0.0947089953125 0.7505241093749999 0.1074074078125 0.7539308171875 0.116402115625 0.75759958125 0.11851851875 0.7604821796875 0.1042328046875 0.75838574375 0.0947089953125 0.7623165625 0.09312169375 0.763626834375 0.0957671953125 0.7615303984375 0.1042328046875 0.763626834375 0.115873015625 0.7693920328125 0.13174603125 0.7709643609375 0.14338624375 0.77620545 0.14973545 0.76781970625 0.1825396828125 0.7730607968750001 0.20052910000000002 0.7741090140625 0.221693121875 0.7783018875 0.2301587296875 0.7963836484375 0.22539682499999997 0.8013626828125 0.216402115625
0 0.1163522015625 0.3116402109375 0.11530398281250001 0.24391534374999999 0.11320754687500001 0.22275132343749998 0.10613207499999999 0.20740740781250003 0.098270440625 0.21693121718750003 0.0778301890625 0.21798941875 0.074685534375 0.2264550265625 0.071016771875 0.221164021875 0.0689203359375 0.23068783124999998 0.0631551359375 0.22857142812500003 0.058962264062500006 0.23386243437499998 0.0552935015625 0.22857142812500003 0.051100629687499996 0.23386243437499998 0.043763103125 0.2201058203125 0.040618448437499996 0.2201058203125 0.035377357812499996 0.2370370375 0.033280921875 0.2296296296875 0.030398323437500003 0.2301587296875 0.03092243125 0.2375661375 0.028563940625 0.24656084687500002 0.026467504687499997 0.24656084687500002 0.0238469609375 0.2380952375 0.0191299796875 0.24656084687500002 0.015985325 0.23492063437500002 0.0128406703125 0.247619046875 0 0.2460317453125 0.0002620546875 0.296296296875 0.0128406703125 0.2984126984375 0.0233228515625 0.308994709375 0.0542452828125 0.31851851875000003 0.0825471703125 0.3333333328125 0.09302935 0.3428571421875 0.1058700203125 0.34550264531249997 0.11530398281250001 0.328571428125 0.1163522015625 0.3116402109375
0 0.26650943437499997 0 0.263626834375 0.010052909375 0.265985325 0.0137566140625 0.27070230624999997 0.0105820109375 0.27358490625 0.016402115624999998 0.2738469609375 0.0264550265625 0.2864255765625 0.0264550265625 0.28983228437499997 0.0322751328125 0.28983228437499997 0.05661375625 0.29507337499999997 0.0640211640625 0.2963836484375 0.07195767187499999 0.3100104828125 0.0730158734375 0.31236897343750003 0.078835978125 0.3160377359375 0.11904761875 0.31289308125000004 0.125396825 0.31289308125000004 0.134920634375 0.317085953125 0.141269840625 0.3176100625 0.1507936515625 0.31289308125000004 0.1645502640625 0.3155136265625 0.1825396828125 0.310534590625 0.1862433859375 0.30634171875 0.18095238125 0.2942872125 0.18201058125 0.2916666671875 0.17883597812500002 0.2859014671875 0.184126984375 0.278563940625 0.1830687828125 0.27358490625 0.1740740734375 0.2693920328125 0.14338624375 0.2699161421875 0.133862434375 0.263626834375 0.12751322812500002 0.264675053125 0.11904761875 0.2581236890625 0.11428571406250002 0.24554507343749998 0.1195767203125 0.2437106921875 0.10211640156249999 0.2389937109375 0.103174603125 0.2348008390625 0.0640211640625 0.249475890625 0.055555556250000006 0.24895178125 0.047089946875 0.25209643593750003 0.040740740625 0.25 0.016402115624999998 0.25497903593750004 0.008465607812500001 0.25838574375 0.016402115624999998 0.25733752656250003 0.0259259265625 0.2594339625 0.030158729687500004 0.2620545078125 0.0068783062500000006 0.2591719078125 0.0010582015625 0.25497903593750004 0.0074074078125 0.25026205468749996 0 0 0.0005291 0.0002620546875 0.1576719578125 0.0123165625 0.15873015937499999 0.015461215625 0.1671957671875 0.0191299796875 0.1640211640625 0.022798742187500002 0.16825396875 0.035377357812499996 0.16613756562499998 0.03957023125 0.1735449734375 0.0573899375 0.1671957671875 0.058962264062500006 0.16190476250000002 0.0636792453125 0.16825396875 0.0636792453125 0.15873015937499999 0.092505240625 0.1544973546875 0.09486373125 0.134920634375 0.0927672953125 0.12751322812500002 0.098270440625 0.12486772500000001 0.10141509374999999 0.1375661375 0.10796645625000001 0.1423280421875 0.10927672968749999 0.152380953125 0.11399371093749999 0.1513227515625 0.11740041875 0.1582010578125 0.11740041875 0.183597884375 0.1221174 0.197354496875 0.12054507343750001 0.221693121875 0.12604821875 0.30687830625 0.13102725312500002 0.29365079375 0.1315513625 0.2703703703125 0.1352201265625 0.2544973546875 0.138626834375 0.2507936515625 0.1454402515625 0.2518518515625 0.1491090140625 0.2624338625 0.1533018875 0.2634920640625 0.15697065 0.28148148125 0.1774109015625 0.28571428593750003 0.1873689734375 0.29312169374999997 0.19208595312500001 0.29312169374999997 0.19732704375000001 0.2867724875 0.20676100625 0.296296296875 0.212002096875 0.2825396828125 0.21855345937499998 0.27777777812500004 0.21802934999999998 0.26825396874999996 0.2224842765625 0.2539682546875 0.239255765625 0.2518518515625 0.24109014687500002 0.266137565625 0.240041928125 0.30105820156249996 0.24266247343749997 0.325396825 0.247641509375 0.3322751328125 0.25497903593750004 0.3322751328125 0.2591719078125 0.34391534375 0.2610062890625 0.341269840625 0.259958071875 0.3169312171875 0.263102725 0.309523809375 0.2620545078125 0.2915343921875 0.2651991609375 0.2767195765625 0.264675053125 0.26931216875 0.26703354375 0.26455026406250004 0.2709643609375 0.322222221875 0.27358490625 0.3328042328125 0.27253668750000004 0.3423280421875 0.27882599531249996 0.37830687812499997 0.2798742140625 0.3634920640625 0.2822327046875 0.3576719578125 0.28957023125000003 0.3481481484375 0.302148846875 0.3417989421875 0.30686582812499996 0.33121693125 0.3160377359375 0.324338625 0.31865828125 0.309523809375 0.31865828125 0.2862433859375 0.32468553437500003 0.2708994703125 0.330450734375 0.265608465625 0.35822851093749997 0.2634920640625 0.369758909375 0.2666666671875 0.3742138359375 0.27248677187500003 0.377358490625 0.2851851859375 0.37683438125 0.29365079375 0.3844339625 0.3111111109375 0.39858490625 0.310052909375 0.3894129984375 0.296825396875 0.390985325 0.26931216875 0.39281970624999996 0.265608465625 0.3964884703125 0.265608465625 0.407494759375 0.2539682546875 0.412211740625 0.25820105781249997 0.41902515781250005 0.2486772484375 0.42793501093749997 0.2518518515625 0.430817609375 0.2460317453125 0.4274109015625 0.24021164062499997 0.4192872125 0.2428571421875 0.418763103125 0.23650793593750002 0.42138364843750004 0.2301587296875 0.42033542968750004 0.20687830625 0.4150943390625 0.2047619046875 0.41299790312500007 0.1867724875 0.40854297656250005 0.1830687828125 0.4061844859375 0.175132275 0.4061844859375 0.1582010578125 0.41535639375000005 0.1449735453125 0.4237421390625 0.1481481484375 0.43212788281250003 0.1576719578125 0.43527253593750004 0.1671957671875 0.444968553125 0.175132275 0.44706498906250003 0.216402115625 0.44444444375 0.22486772500000002 0.446016771875 0.23227513281249998 0.45151991562499993 0.2359788359375 0.45466457031249996 0.24973545000000003 0.465670859375 0.24656084687500002 0.467505240625 0.25026455 0.467505240625 0.2544973546875 0.46305031406249997 0.259259259375 0.4488993703125 0.25608465625 0.4475890984375 0.2619047625 0.45414046093750005 0.2698412703125 0.466719078125 0.2740740734375 0.47562893125 0.2624338625 0.47929769375 0.2486772484375 0.48977987343749996 0.241269840625 0.49397274687500003 0.23386243437499998 0.5065513625 0.23068783124999998 0.5115303984375 0.2195767203125 0.5120545078125 0.20687830625 0.5102201265625 0.2042328046875 0.5068134171875001 0.20687830625 0.5078616359375 0.2142857140625 0.5049790359374999 0.215873015625 0.5002620546875 0.2052910046875 0.478773584375 0.2052910046875 0.47091194999999997 0.1978835984375 0.46514675 0.20105820156249998 0.45649895156250003 0.1867724875 0.45597484218749995 0.18148148125000002 0.4617400421875 0.1582010578125 0.4672431859375 0.14603174531250002 0.48034591249999997 0.14391534374999998 0.48663522031250006 0.1492063484375 0.49528301875 0.1359788359375 0.49397274687500003 0.12592592656249998 0.486373165625 0.12328042343750001 0.4848008390625 0.09894179843749999 0.481132075 0.0798941796875 0.4837526203125 0.071428571875 0.4848008390625 0.047089946875 0.48846960156249997 0.0322751328125 0.496593290625 0.0264550265625 0.5107442343749999 0.0296296296875 0.5157232703125 0.047089946875 0.5151991609375 0.12222222187500001 0.5104821796875 0.1507936515625 0.5212264156249999 0.153439153125 0.5311844859375 0.16931216875 0.5379979031250001 0.1703703703125 0.5416666671875 0.177777778125 0.5440251578125 0.12645502656250002 0.5471698109375 0.11164021093750001 0.5471698109375 0.0005291 0.4908280921875 0 0.479821803125 0.008465607812500001 0.466719078125 0 0.4237421390625 0.0010582015625 0.42033542968750004 0.0079365078125 0.42033542968750004 0.0238095234375 0.41483228437499997 0.0264550265625 0.4135220125 0.031216931250000003 0.41299790312500007 0.040740740625 0.41771488437500004 0.048148148437499996 0.4150943390625 0.053439153125000007 0.417190775 0.0640211640625 0.4156184484375 0.071428571875 0.41981132031249996 0.072486771875 0.411163521875 0.09629629687499999 0.39989517812500003 0.08941798906250001 0.39937106875 0.078835978125 0.4030398328125 0.07354497343750001 0.40356394062499995 0.0640211640625 0.4006813421875 0.06349206406249999 0.3977987421875 0.055555556250000006 0.3988469609375 0.030158729687500004 0.39150943437499997 0.024867725 0.3925576515625 0.0079365078125 0.3907232703125 0 0.38626834374999997 0.0005291 0.3844339625 0.038095237500000004 0.3807651984375 0 0.374475890625 0 0.37290356406249997 0.0052910046875 0.36871069218749997 0.0010582015625 0.365041928125 0.00634920625 0.3535115296875 0 0.26650943437499997 0
0 0.7882599578125 0.6238095234375 0.7877358484375 0.608994709375 0.7853773578125 0.6010582015625 0.783280921875 0.6010582015625 0.776729559375 0.61851851875 0.776729559375 0.628042328125 0.7809224312499999 0.634391534375 0.776729559375 0.6428571421875 0.77620545 0.658730159375 0.7769916140625 0.6634920640625 0.7845911953125 0.665079365625 0.7882599578125 0.6449735453125001 0.7882599578125 0.6238095234375
0 0.696802934375 0.634920634375 0.7051886796875 0.622222221875 0.7099056609375001 0.6264550265625 0.7143605875000001 0.61851851875 0.71331236875 0.610052909375 0.7099056609375001 0.603174603125 0.7015199156249999 0.60634920625 0.6983752625 0.5989417984375 0.6926100625 0.596825396875 0.68710691875 0.602645503125 0.6886792453125 0.610052909375 0.6857966453125 0.6137566140625 0.6813417187499999 0.610052909375 0.6823899375 0.602645503125 0.678983228125 0.5978835984375 0.6747903562500001 0.6010582015625 0.6708595390625 0.6259259265625 0.67845911875 0.6370370375000001 0.680817609375 0.6365079359375 0.6857966453125 0.63174603125 0.696802934375 0.634920634375
0 0.710167715625 0.484126984375 0.706236896875 0.4804232796875 0.6999475890625 0.48148148125 0.694182390625 0.475132275 0.6923480078125 0.4671957671875 0.6947064984375 0.4613756609375 0.702044025 0.4571428578125 0.7057127875 0.4613756609375 0.71042976875 0.46031746093750003 0.7313941296875 0.4296296296875 0.747641509375 0.428571428125 0.74895178125 0.415343915625 0.7520964359375 0.4121693125 0.7492138359375 0.4042328046875 0.7319182390625001 0.396825396875 0.7243186578125 0.3804232796875 0.7235324953125 0.3735449734375 0.716719078125 0.371428571875 0.7114779875 0.3619047625 0.69732704375 0.3640211640625 0.6826519921875 0.3608465609375 0.678983228125 0.35661375624999997 0.6747903562500001 0.35873015937499997 0.6713836484375 0.3645502640625 0.6713836484375 0.37089947031250003 0.6755765203124999 0.3804232796875 0.6713836484375 0.3888888890625 0.674266246875 0.39365079375 0.6905136265625 0.3989417984375 0.6939203359375 0.4174603171875 0.6939203359375 0.4291005296875 0.6915618453125 0.43492063437499995 0.67845911875 0.4370370375 0.677148846875 0.44179894218750004 0.6839622640624999 0.4671957671875 0.682914046875 0.49153439218750006 0.68789308125 0.49947090000000005 0.7033542984375 0.5074074078125 0.710167715625 0.5010582015625 0.710167715625 0.484126984375