1 0.115625 0.546875 0.23125 0.228125
1 0.32890625 0.6078125 0.11640625 0.25625
1 0.47265625 0.6265625 0.10546875 0.20390625
1 0.50703125 0.515625 0.19453125 0.11953125
1 0.60390625 0.6046875 0.14140625 0.240625
1 0.76796875 0.575 0.20703125 0.25625
1 0.43671875 0.3546875 0.20703125 0.09296875
1 0.1296875 0.32578125 0.259375 0.1484375
1 0.5390625 0.2125 0.06328125 0.0625
1 0.9625 0.546875 0.075 0.240625
1 0.66328125 0.2125 0.06171875 0.06875
1 0.95 0.30546875 0.1 0.1078125
1 0.32109375 0.0765625 0.0375 0.06796875
1 0.02734375 0.9109375 0.05390625 0.178125
1 0.21796875 0.20859375 0.09453125 0.0625
0 0.1446607046875 0.7773302640625 0.153340346875 0.76064441875 0.17359284531250002 0.7462600687500001 0.1751709625 0.7220943609375 0.174118884375 0.684119678125 0.17069963125 0.6513233609375 0.12914255624999998 0.6524741078125 0.125723303125 0.658803221875 0.132561809375 0.78193325625 0.1336138875 0.791139240625 0.13571804375000002 0.791139240625 0.1412414515625 0.7905638671874999 0.1446607046875 0.7773302640625
0 0.4268805890625 0.819332565625 0.43398211406250004 0.8084004609375001 0.4292477640625 0.798043728125 0.43029984218750006 0.758918296875 0.4245134140625 0.5667433828124999 0.41425565468750003 0.5638665125 0.40741714843750004 0.5477560421875001 0.39637033125 0.53970080625 0.3911099421875 0.5420023015625001 0.3890057859375 0.5327963171875 0.384797475 0.5327963171875 0.38032614374999996 0.544879171875 0.3771699109375 0.5655926359375 0.378748028125 0.577100115625 0.376643871875 0.58170310625 0.376643871875 0.6035673187499999 0.3782219890625 0.609321059375 0.374539715625 0.6380897578125 0.3750657546875 0.662255465625 0.37243556093749997 0.6726121984375 0.3729615984375 0.730149596875 0.3761178328125 0.7439585734375 0.38190426093749996 0.7508630609375 0.3840084171875 0.7635212890624999 0.39216202031249997 0.7813578828125001 0.3968963703125 0.780207134375 0.39873750625 0.784234753125 0.4013677015625 0.8072497125 0.40452393437499995 0.8153049484375 0.399789584375 0.8256616796875 0.40452393437499995 0.8256616796875 0.4079431875 0.8204833140625001 0.4268805890625 0.819332565625
0 0.2043661234375 0.6858458 0.2112046296875 0.69620253125 0.21751709687499998 0.69620253125 0.22119936875 0.6881472953125 0.228037875 0.6904487921875 0.231720146875 0.680092059375 0.237506575 0.6789413125 0.26275644374999996 0.68239355625 0.26696475468749997 0.6904487921875 0.28353498125 0.628883775 0.28826933125 0.5955120828125 0.2945817984375 0.577100115625 0.2956338765625 0.5598388953125 0.29931615 0.5506329109375 0.2998421890625 0.5310701953125 0.2987901109375 0.5149597234375001 0.2956338765625 0.5069044875000001 0.29510783749999997 0.4850402765625 0.28642819531249997 0.4925201375 0.2806417671875 0.4902186421875 0.2785376125 0.462600690625 0.27485533906250004 0.4741081703125 0.266175696875 0.4792865359375 0.266175696875 0.4976985046875 0.2724881640625 0.505753740625 0.275118359375 0.5299194468749999 0.275118359375 0.542577675 0.270647028125 0.5512082859375 0.2667017359375 0.5276179515625 0.266175696875 0.5747986187499999 0.271962125 0.609321059375 0.2703840078125 0.6150747984375 0.270910046875 0.6357882625 0.26696475468749997 0.647871115625 0.262493425 0.6438434984375 0.259337190625 0.5920598390625 0.2572330359375 0.584004603125 0.25512887968750003 0.5149597234375001 0.24750131562500002 0.5040276171875 0.235928459375 0.5063291140625 0.2172540765625 0.5494821640625001 0.21672803749999997 0.558688146875 0.2104155703125 0.56789413125 0.2093634921875 0.5759493671875 0.18674381874999998 0.6346375140625 0.184113625 0.651898734375 0.184113625 0.684119678125 0.1851657015625 0.697928653125 0.1893740140625 0.701380896875 0.1975276171875 0.69620253125 0.2043661234375 0.6858458
0 0.7148869015625 0.6864211734375 0.7091004734374999 0.6726121984375 0.703840084375 0.648446490625 0.6883219359375 0.612197928125 0.64281956875 0.53222094375 0.6433456078125 0.4781357875 0.6409784328125 0.46835442968749996 0.6354550234375 0.46432681249999996 0.6430825875 0.45799769843749993 0.6459758015625 0.46202531718750006 0.6465018406249999 0.473532796875 0.6443976859375 0.4815880328125 0.6470278796875 0.5069044875000001 0.650973171875 0.508630609375 0.6562335609375001 0.5201380890625 0.6664913203125 0.4976985046875 0.6630720671875 0.48446490156250005 0.650710153125 0.4815880328125 0.657548659375 0.47698504062499997 0.655444503125 0.46432681249999996 0.6704366125 0.4487917140625 0.683061546875 0.4499424625 0.6854287218749999 0.44361334843750005 0.6825355078124999 0.43958573124999994 0.6562335609375001 0.44303797500000003 0.6357180437500001 0.43958573124999994 0.6344029453125 0.42865362500000004 0.6273014203125 0.4223245109375 0.62440820625 0.4102416578125 0.6191478171875 0.40333716875 0.618621778125 0.3814729578125 0.621251971875 0.36766398125 0.6191478171875 0.3619102421875 0.6183587578124999 0.3429229 0.6109942140625 0.337169159375 0.60362966875 0.3475258921875 0.595739084375 0.3475258921875 0.5883745390625 0.3429229 0.5833771703124999 0.32853855 0.5846922671875 0.3210586875 0.5928458703125 0.31818181874999996 0.5860073640625 0.3101265828125 0.5891635984375 0.2928653625 0.585481325 0.287111621875 0.585481325 0.2756041421875 0.5952130453125 0.2612197921875 0.604681746875 0.2577675484375 0.605733825 0.2405063296875 0.5810099953125001 0.23935558124999998 0.5768016828125 0.25546605312500004 0.57154129375 0.25316455625 0.56680694375 0.2566168015625 0.5628616515625 0.2744533953125 0.5628616515625 0.2940161109375 0.561020515625 0.298043728125 0.5568122046874999 0.2566168015625 0.533666490625 0.2543153046875 0.52998421875 0.2405063296875 0.52524986875 0.2382048328125 0.5107837984375 0.24108170312500002 0.5134139921875 0.2491369390625 0.508153603125 0.2583429234375 0.5076275640625 0.276754890625 0.5097317203125 0.28941311875000003 0.5131509734375 0.2957422328125 0.5294581796875 0.301495971875 0.5399789578124999 0.337169159375 0.55312993125 0.3440736484375 0.5560231453125 0.355005753125 0.5686480796875 0.3780207140625 0.563387690625 0.38607595 0.561020515625 0.40046029843750003 0.54366123125 0.40391254375 0.535770646875 0.41081703125 0.53445555 0.426352128125 0.5305102578125 0.4349827390625 0.5136770125 0.43958573124999994 0.413729615625 0.44649021875 0.41136244062499994 0.455120828125 0.438979484375 0.46029919374999995 0.482640715625 0.45684695 0.49421357187500004 0.46835442968749996 0.5294581796875 0.4614499421875 0.5846922671875 0.46029919374999995 0.5920568125 0.46835442968749996 0.6041557078124999 0.49712312968749994 0.6065228828125 0.48964326874999997 0.6070489218749999 0.473532796875 0.6070489218749999 0.3780207140625 0.6109942140625 0.3774453390625 0.6091530765625001 0.4919447640625 0.611783271875 0.5138089765625 0.6204629140625 0.537399309375 0.6265123625 0.544879171875 0.6359810625 0.5747986187499999 0.657548659375 0.6173762953125 0.6751709625 0.6616800921875 0.68174645 0.6703107015625 0.688058915625 0.6864211734375 0.6938453453125 0.7209436140625 0.6983166749999999 0.728423475 0.7022619671875 0.7278481015625 0.7106785906249999 0.7094361328125001 0.7148869015625 0.6864211734375
0 0 0.8291139234375 0.0407680171875 0.8296892984375001 0.04366123125 0.8348676640624999 0.0468174640625 0.8751438437499999 0.049447659375 0.8831990796875001 0.049447659375 0.901611046875 0.0441872703125 0.9188722671875 0.040241978125 0.922899884375 0.01630720625 0.9787111625 0.013677012499999999 0.9948216343749999 0.0478695421875 0.9971231296875 0.10284061093750001 0.99654775625 0.11046817499999999 0.9867663984374999 0.114150446875 0.9614499421874999 0.11099421406250001 0.9131185265624999 0.11309836874999998 0.8762945921874999 0.116254603125 0.8544303796875001 0.1273014203125 0.823360184375 0.1251972640625 0.81070195625 0.1178327203125 0.66110471875 0.113887428125 0.6501726125 0 0.66800920625 0 0.8291139234375
0 0.9865860078124999 0.9205983890624999 0.9681746453125 0.90333716875 0.9292477640625 0.8849252015625 0.92845870625 0.872842346875 0.9405576015625 0.859033371875 0.9139926359375 0.822784809375 0.91004734375 0.8291139234375 0.9047869546875 0.855581128125 0.9063650703125001 0.9027617953125 0.899526565625 0.9522439578125 0.8908469234374999 0.958573071875 0.8556023140625 0.9528193328125001 0.8474487109375 0.9384349828125 0.842188321875 0.91081703125 0.82930036875 0.8906789406250001 0.7887953703125 0.8849252015625 0.7540768015625 0.8630609890625 0.7393477125000001 0.8642117375 0.7219884265625 0.8527042578125 0.7056812203125 0.8504027625000001 0.7025249875 0.8204833140625001 0.699105734375 0.8498273875000001 0.68674381875 0.873417721875 0.678327196875 0.8814729578125 0.63150973125 0.8941311859375001 0.6157285640625 0.8849252015625 0.604681746875 0.8584579984375 0.59705418125 0.8475258921875 0.59231983125 0.823360184375 0.5881115203125 0.8164556968750001 0.5881115203125 0.798043728125 0.5902156765625 0.7899884921875 0.5802209359375 0.7474108171875 0.5786428203125 0.7059838890625 0.547080484375 0.597813578125 0.5455023671875 0.584004603125 0.540504996875 0.579976984375 0.538137821875 0.5747986187499999 0.5376117828125 0.5609896437499999 0.5305102578125 0.5523590328125 0.5110468171875 0.55350978125 0.5060494484375 0.5575374 0.5055234093750001 0.5667433828124999 0.508153603125 0.5759493671875 0.5107837984375 0.6070195625 0.514992109375 0.6208285390625 0.517096265625 0.644994246875 0.5255128874999999 0.6783659375 0.5320883750000001 0.69620253125 0.5462914249999999 0.7146144999999999 0.55549710625 0.7347525890625 0.5570752234375 0.7646720375 0.5533929515625 0.77502876875 0.551814834375 0.7899884921875 0.5591793796875 0.819907940625 0.55970541875 0.8509781359374999 0.5541820093750001 0.869965478125 0.5489216203125 0.873417721875 0.5441872703125 0.8849252015625 0.5268279859375 0.8929804375 0.517359284375 0.9194476406250001 0.5005260390624999 0.9298043734375 0.45686480781250005 0.9275028765625001 0.438979484375 0.9217491375 0.43503419218749995 0.9188722671875 0.4268805890625 0.8872266968750001 0.4163598109375 0.8849252015625 0.40689110937499995 0.8883774453125 0.40057864218750006 0.8918296890624999 0.3966333515625 0.9062140390625 0.39216202031249997 0.9113924046875 0.3763808515625 0.9136939015625 0.3737506578125 0.9194476406250001 0.3611257234375 0.926352128125 0.3579694890625 0.9367088609374999 0.35481325625000004 0.9390103562500001 0.33271962187500004 0.9401611046875 0.3243029984375 0.9355581125000001 0.31325618125 0.9390103562500001 0.2980010515625 0.9574223249999999 0.293792740625 0.9723820484375001 0.2827459234375 0.9781357875 0.2772225140625 0.9867663984374999 0.282219884375 0.9930955125 0.30431351875 0.99654775625 1 0.9959723828125 0.9986849031249999 0.941311853125 0.9865860078124999 0.9205983890624999
0 0.33876906875 0.43785960937499996 0.33666491249999997 0.43210586875 0.33666491249999997 0.4148446484375 0.3319305625 0.40333716875 0.32561809531249997 0.3239355578125 0.33324566093749997 0.33141542031250004 0.335086796875 0.3216340625 0.34061020468750003 0.31185270468750004 0.355865334375 0.3084004609375 0.3587585484375 0.298619103125 0.35718043125 0.283659378125 0.360336665625 0.269850403125 0.360862703125 0.251438434375 0.365071015625 0.24108170312500002 0.36165176250000003 0.2359033375 0.3574434515625 0.23935558124999998 0.3337716984375 0.2359033375 0.32719621249999997 0.2272727265625 0.325881115625 0.214039125 0.314308259375 0.2082853859375 0.312204103125 0.201380896875 0.306417675 0.19792865312500002 0.3022093640625 0.1829689296875 0.2906365078125 0.1703107015625 0.2680168328125 0.17491369375000002 0.26512361875 0.1812428078125 0.266175696875 0.20655926406249997 0.26459757968750003 0.2146145 0.250131509375 0.2209436140625 0.247764334375 0.2364787109375 0.24302998437499998 0.24108170312500002 0.252235665625 0.25316455625 0.26696475468749997 0.25546605312500004 0.2743293 0.2508630609375 0.27906365 0.25316455625 0.282219884375 0.2405063296875 0.29721199375 0.24108170312500002 0.2966859546875 0.285960875 0.298264071875 0.2928653625 0.296159915625 0.312428078125 0.2990531296875 0.319907940625 0.2998421890625 0.305523590625 0.301683325 0.301495971875 0.30352446093749996 0.3043728421875 0.30668069375 0.334292290625 0.307732771875 0.3780207140625 0.3114150453125 0.38607595 0.311941084375 0.39413118593749996 0.3103629671875 0.4102416578125 0.3114150453125 0.45397008124999993 0.31457127812499996 0.47468354375 0.3221988421875 0.45569620312500003 0.33876906875 0.43785960937499996
0 0.6422935296875 0.4792865359375 0.639400315625 0.472957421875 0.6312467125000001 0.4723820484375 0.6357180437500001 0.462600690625 0.6412414515625 0.45857307187499996 0.6412414515625 0.4459148453125 0.6270384015625 0.43785960937499996 0.6249342453125 0.4102416578125 0.62230405 0.40333716875 0.6238821671875 0.3780207140625 0.61967385625 0.369965478125 0.620725934375 0.3434982734375 0.6102051546875 0.33544303750000004 0.6170436609375 0.3262370546875 0.623356128125 0.2928653625 0.621251971875 0.283659378125 0.62230405 0.2756041421875 0.62677538125 0.269275028125 0.639663334375 0.266398159375 0.623093109375 0.25546605312500004 0.61967385625 0.2502876875 0.618884796875 0.2416570765625 0.61546554375 0.24108170312500002 0.6262493421875 0.233601840625 0.625723303125 0.22209436093749998 0.6183587578124999 0.216340621875 0.6088900578125 0.223245109375 0.5804839562499999 0.2255466046875 0.5683850609375 0.23014959687499997 0.5625986328125 0.2382048328125 0.5568122046874999 0.23014959687499997 0.5331404531249999 0.23014959687499997 0.5294581796875 0.233601840625 0.5063124671875 0.22209436093749998 0.49000526093749996 0.2255466046875 0.4863229875 0.242807825 0.46107311875 0.2405063296875 0.4589689640625 0.226697353125 0.427143609375 0.251438434375 0.42819568593749996 0.29976985 0.43108890000000005 0.30379746875 0.5273540234375 0.3026467203125 0.5302472390624999 0.3066743390625 0.53892688125 0.3406214046875 0.5468174640625 0.3429229 0.551814834375 0.351553509375 0.55312993125 0.36133486718749996 0.5652288265625 0.3739930953125 0.5670699625 0.380322209375 0.5594423984375 0.3958573078125 0.5489216203125 0.3970080546875 0.53471856875 0.41081703125 0.5339295109375 0.42865362500000004 0.5305102578125 0.4315304953125 0.47475013125 0.43613348749999997 0.46212519687500003 0.42462600625 0.45923198281250005 0.42865362500000004 0.46107311875 0.4384349828125 0.4542346140625 0.4384349828125 0.45870594374999996 0.43095512031250005 0.45791688593749996 0.4280782515625 0.4484481859375 0.42117376249999994 0.43950552343749993 0.4257767546875 0.43766438750000003 0.4217491375 0.43792740625000004 0.4119677796875 0.43108890000000005 0.4096662828125 0.4234613359375 0.42520138125000007 0.42372435625 0.433831990625 0.4510783796875 0.4384349828125 0.45186743749999997 0.455120828125 0.45476065156249995 0.459148446875 0.484744871875 0.45799769843749993 0.4968437671875 0.4672036828125 0.5315623359375 0.4614499421875 0.586270384375 0.4614499421875 0.6041557078124999 0.49367088593749997 0.604944765625 0.48043728437500005 0.6086270390624999 0.473532796875 0.6102051546875 0.5092059843750001 0.6194108359375 0.5350978140625 0.6375591796875 0.5368239359375 0.641767490625 0.52531645625 0.6422935296875 0.4792865359375