1 0.34765625 0.915625 0.1109375 0.16875
1 0.39609375 0.79453125 0.09609375 0.1765625
1 0.4328125 0.678125 0.06171875 0.125
1 0.46875 0.5890625 0.0734375 0.10859375
1 0.4 0.46015625 0.05703125 0.08203125
1 0.6015625 0.24140625 0.05625 0.05546875
1 0.51796875 0.25703125 0.0421875 0.05234375
1 0.50390625 0.446875 0.028125 0.04609375
1 0.43203125 0.41875 0.03203125 0.05859375
1 0.80625 0.21875 0.0375 0.0390625
0 0.1451796921875 0.4947976875 0.14917284687500001 0.5028901734375 0.15402167656250002 0.5023121390624999 0.1568739296875 0.4722543359375 0.160867084375 0.46300577968749995 0.16885339375 0.423699421875 0.171135196875 0.40635838125 0.16913861875 0.40231213906249996 0.15772960625000002 0.395375721875 0.1406160859375 0.3965317921875 0.1377638328125 0.40115606875000004 0.1240730171875 0.39768786093749997 0.1206503140625 0.404624278125 0.110952653125 0.406936415625 0.1072447234375 0.42716762968750005 0.100969765625 0.4375722546875 0.10924130000000001 0.44277456718749997 0.1235025671875 0.44277456718749997 0.13519680625 0.46300577968749995 0.1349115796875 0.47283237031249997 0.12521391875000001 0.48092485625 0.086423275 0.4786127171875 0.07102110625 0.4867052015625 0.067313178125 0.49306358437500003 0.07073588125 0.5080924859375 0.0767256125 0.5167630062499999 0.0904164296875 0.5202312140625 0.0984027375 0.5271676296875001 0.110952653125 0.559537571875 0.12179121562499999 0.5618497109375 0.1260695953125 0.5693641625 0.1414717625 0.49768786093750006 0.1451796921875 0.4947976875
0 0.2595550484375 0.8341040468750001 0.268682259375 0.8132947984375001 0.280091271875 0.7624277453125 0.2826583 0.7560693640625 0.29064460937500003 0.75260115625 0.3006274953125 0.7312138734375 0.29920136875000003 0.7225433531250001 0.2897889328125 0.710404625 0.28693667968750003 0.6907514453125 0.2969195671875 0.682080925 0.303764975 0.6624277453125 0.312321734375 0.652023121875 0.32772390156250003 0.6462427749999999 0.339132915625 0.6277456640625 0.347689675 0.6208092484375001 0.350256703125 0.6052023125 0.3568168859375 0.6 0.360810040625 0.5907514453125 0.37507130625 0.5849710984375001 0.3807758125 0.5780346828125 0.3899030234375 0.5791907515625 0.4007415859375 0.569942196875 0.41785510625000005 0.569942196875 0.421563034375 0.5589595375 0.42042213281249996 0.541618496875 0.42270393593750005 0.5277456640625 0.4221334859375 0.510404625 0.4195664578125 0.5028901734375 0.39731888125000003 0.49710982656249997 0.383628065625 0.5017341046875 0.37278950312500003 0.5121387281249999 0.3693668 0.522543353125 0.3602395890625 0.524855490625 0.35567598437500003 0.534104046875 0.345407871875 0.534104046875 0.3414147171875 0.54219653125 0.3322875078125 0.5445086703124999 0.32373074687500003 0.56531791875 0.31545921250000003 0.5739884390625 0.31003993125 0.5965317921875 0.2758128921875 0.6289017343750001 0.2644038796875 0.6323699421875 0.24957216249999997 0.64739884375 0.2438676546875 0.66011560625 0.23445522031250002 0.6618497109375 0.2241871078125 0.71156069375 0.20992584218750002 0.7312138734375 0.2133485453125 0.7578034687499999 0.20422133437499998 0.810982659375 0.20878494062500003 0.8225433531249999 0.203936109375 0.8254335265625 0.203650884375 0.82947976875 0.22618368437499997 0.8450867046875 0.2318881921875 0.8427745671875 0.235881346875 0.8566473984374999 0.23987450156249998 0.8554913296875 0.2435824296875 0.8630057796875 0.2435824296875 0.881502890625 0.2492869359375 0.882658959375 0.25556189375 0.86531791875 0.2595550484375 0.8341040468750001
0 0.8927552765625 0.9693641625 0.87564175625 0.9057803468750001 0.8710781515624999 0.8965317921875 0.872219053125 0.882658959375 0.86480319375 0.858381503125 0.847689675 0.8190751437499999 0.84198516875 0.77052023125 0.812321734375 0.6919075140625 0.79834569375 0.67052023125 0.7758128921874999 0.6236994218749999 0.7703936109375 0.6034682078125 0.7350256703125 0.547976878125 0.725898459375 0.54219653125 0.7093553906250001 0.54219653125 0.687963490625 0.530057803125 0.6845407875 0.5184971093749999 0.68967484375 0.5034682078125 0.6856816890624999 0.47919075156249996 0.687963490625 0.4676300578125 0.6851112374999999 0.45375722500000004 0.6885339421875 0.446820809375 0.68967484375 0.43410404687500004 0.6865373640625 0.40578034687500003 0.6751283515625001 0.3919075140625 0.671135196875 0.381502890625 0.6585852828125 0.3722543359375 0.644324015625 0.353757225 0.6289218484375 0.3433526015625 0.6243582437499999 0.32947976875 0.608385625 0.3260115609375 0.600399315625 0.31907514375 0.5969766109375 0.3213872828125 0.595550484375 0.328901734375 0.600684540625 0.37167629999999996 0.6081004 0.40635838125 0.6103822015625 0.4387283234375 0.61437535625 0.45028901718750003 0.6120935546874999 0.6052023125 0.6177980609375 0.6283236999999999 0.6132344546875 0.6387283234375001 0.610952653125 0.653757225 0.6123787796875 0.66011560625 0.6237877921874999 0.64739884375 0.62464346875 0.65260115625 0.61437535625 0.6745664734375 0.6177980609375 0.6919075140625 0.6129492296875 0.700578034375 0.5944095828125 0.716184971875 0.600684540625 0.7312138734375 0.600684540625 0.7554913296875 0.59269823125 0.7693641625 0.59212778125 0.787861271875 0.5944095828125 0.8028901734374999 0.5924130062499999 0.8046242781249999 0.5849971484375 0.789595375 0.5807187671875 0.7947976875 0.5801483171874999 0.8040462421875001 0.5852823734375 0.812138728125 0.586423275 0.8283237 0.5824301203125 0.847976878125 0.5812892187500001 0.882658959375 0.5698802046875 0.9231213875 0.5693097546875 0.9924855484374999 0.5752994859375 0.9965317921875 0.8830576156250001 0.9959537578125 0.8938961781250001 0.9901734109375001 0.8927552765625 0.9693641625
0 0.32601255 0.4589595375 0.334569309375 0.475144509375 0.34198516875 0.47052023125 0.3513976046875 0.45375722500000004 0.3496862515625 0.43988439375 0.345407871875 0.441618496875 0.34341129531250003 0.4306358375 0.3382772390625 0.424855490625 0.333713634375 0.3982658953125 0.3305761546875 0.394219653125 0.32544209999999996 0.3965317921875 0.307187678125 0.38728323750000004 0.2644038796875 0.3919075140625 0.25527666875 0.383815028125 0.24786080937500002 0.38728323750000004 0.2427267546875 0.381502890625 0.231317740625 0.3919075140625 0.22333143125000002 0.3907514453125 0.219908728125 0.3965317921875 0.2073588140625 0.395375721875 0.2045065609375 0.4 0.1831146609375 0.4052023125 0.1922418703125 0.43988439375 0.1976611515625 0.44508670468749995 0.1999429546875 0.45433525937499997 0.2027952078125 0.44508670468749995 0.21135196875 0.446242775 0.23245864218749998 0.4381502890625 0.23445522031250002 0.44219653125 0.2350256703125 0.46994219687500005 0.2512835140625 0.482080925 0.26269252656250003 0.4670520234375 0.2706788359375 0.47052023125 0.2789503703125 0.445664740625 0.27780946875 0.4375722546875 0.2812321734375 0.41791907500000003 0.2826583 0.4138728328125 0.2866514546875 0.4150289015625 0.2934968625 0.4323699421875 0.29891614375 0.4387283234375 0.301768396875 0.45260115624999997 0.3108956078125 0.46647398906250004 0.313177409375 0.48612716718750004 0.3194523671875 0.48728323749999997 0.325727325 0.46994219687500005 0.32601255 0.4589595375