1 0.446875 0.8515625 0.12734375 0.2625
1 0.83359375 0.07265625 0.06953125 0.071875
1 0.478125 0.28046875 0.07734375 0.11953125
1 0.04921875 0.53203125 0.0921875 0.1078125
1 0.30390625 0.3578125 0.075 0.071875
1 0.209375 0.2828125 0.075 0.05078125
1 0.4515625 0.46953125 0.11484375 0.18984375
1 0.29453125 0.21875 0.09609375 0.0734375
1 0.39453125 0.1609375 0.059375 0.059375
1 0.46953125 0.11640625 0.05 0.05859375
1 0.33046875 0.4984375 0.065625 0.03828125
1 0.33125 0.453125 0.034375 0.04609375
0 0.6596126250000001 0.11801242187500001 0.655308465625 0.12919254687499998 0.6499282640625 0.12608695625 0.6510043046875 0.13167701874999999 0.656743184375 0.1304347828125 0.65997130625 0.13850931718749998 0.6653515062500001 0.11552795 0.6596126250000001 0.11801242187500001
0 0.9777618359375 0.10248447187500001 0.9831420375000001 0.09192546562500001 0.98888091875 0.086956521875 1 0.088819875 0.998923959375 0.0621118015625 0.9845767578125001 0.0621118015625 0.9781205171874999 0.0695652171875 0.9723816359375 0.06459627343749999 0.9490674312499999 0.0801242234375 0.9490674312499999 0.0900621125 0.961262553125 0.1062111796875 0.961262553125 0.11614906875 0.9713055953125 0.118633540625 0.9770444765624999 0.11614906875 0.9777618359375 0.10248447187500001
0 1 0.13726708125 0.92503586875 0.1366459625 0.921807746875 0.1298136640625 0.9279053078124999 0.11552795 0.93400286875 0.113664596875 0.93400286875 0.10745341562499999 0.9228837875 0.0956521734375 0.8906025828124999 0.09937888125 0.8888091828125001 0.10248447187500001 0.8923959828125 0.10745341562499999 0.8959827828125 0.128571428125 0.8906025828124999 0.1378881984375 0.8389526546875 0.1378881984375 0.826040171875 0.13291925468750002 0.801649928125 0.14161490625 0.7772596843749999 0.1428571421875 0.77080344375 0.155279503125 0.7650645625 0.144099378125 0.728479196875 0.14161490625 0.7184361546875 0.13291925468750002 0.7062410328125 0.139130434375 0.6987087515625 0.128571428125 0.698350071875 0.11552795 0.6904591109375 0.11552795 0.6847202296875 0.1093167703125 0.673959828125 0.11428571406250002 0.6736011484375 0.149689440625 0.6800573890625 0.15714285781249998 0.679340028125 0.1633540375 0.6689383062500001 0.171428571875 0.658895265625 0.1726708078125 0.657101865625 0.17701863281250002 0.6596126250000001 0.18385093125000002 0.686872309375 0.181366459375 0.698350071875 0.1614906828125 0.7062410328125 0.157763975 0.7098278328125 0.17018633593750002 0.7248923953124999 0.1788819875 0.7460545187500001 0.20931677031249998 0.7456958390625 0.23354037343749998 0.765781921875 0.24099378906250002 0.7934002875 0.27142857187499997 0.8005738875 0.3062111796875 0.8012912484375001 0.354658384375 0.7969870875 0.38944099374999996 0.8020086078125 0.408074534375 0.8020086078125 0.4229813671875 0.812769009375 0.4490683234375 0.81779053125 0.48260869531250006 0.828192253125 0.48944099375 0.84791965625 0.5223602484375001 0.8493543765625 0.5310558999999999 0.8407460546875001 0.53726708125 0.8436154953124999 0.55838509375 0.8769727406250001 0.602484471875 0.9045911046875 0.6527950312499999 0.9131994265625 0.6875776390625 0.9153515062500001 0.713664596875 0.9311334296875 0.754658384375 0.9325681484375 0.76832298125 0.9591104734375 0.79937888125 0.9555236734375001 0.8093167703124999 0.9569583937499999 0.8279503109374999 0.9942611187500001 0.8391304343750001 1 0.83167701875 1 0.13726708125
0 0.4110473453125 0.445341615625 0.4167862265625 0.4403726703125 0.42001434687500006 0.428571428125 0.42467718750000005 0.42670807499999996 0.42611190781249997 0.3931677015625 0.4236011484375 0.38633540312500003 0.4128407453125 0.38633540312500003 0.407819225 0.397515528125 0.4035150640625 0.39503105625 0.40136298437500006 0.40124223593749997 0.3959827828125 0.39937888125 0.393830703125 0.4142857140625 0.397417503125 0.439130434375 0.38522238125 0.46273291875 0.3877331421875 0.4670807453125 0.397417503125 0.4677018640625 0.404232425 0.465838509375 0.4110473453125 0.445341615625
0 0 0.7571428578125 0.05846485 0.757763975 0.0634863703125 0.781366459375 0.08285509375 0.7590062109375 0.09720229531249999 0.7590062109375 0.121233859375 0.74720496875 0.11836441874999999 0.7124223609375 0.1144189390625 0.7055900625 0.0943328546875 0.7093167703125001 0.0907460546875 0.7180124218749999 0.0634863703125 0.7180124218749999 0.057388809375 0.7 0.06958393125 0.686335403125 0.0634863703125 0.6832298140625 0.060975609374999996 0.6726708078125 0.0670731703125 0.655900621875 0.0914634140625 0.6521739125 0.1058106171875 0.6596273296875 0.11226685781250001 0.6770186328125 0.119440459375 0.6782608703124999 0.1241033 0.67391304375 0.1255380203125 0.6664596265625 0.121233859375 0.6602484468750001 0.12446197968749999 0.64720496875 0.14167862343749998 0.642236025 0.149569584375 0.655900621875 0.153156384375 0.655900621875 0.1574605453125 0.644720496875 0.15997130625 0.6677018640625 0.164634146875 0.675776396875 0.17682926875 0.6670807453125 0.1847202296875 0.6670807453125 0.192611190625 0.6745341609375 0.2248923953125 0.6770186328125 0.2335007171875 0.6857142859375001 0.247130559375 0.6745341609375 0.2521520796875 0.6782608703124999 0.26793400312500004 0.6770186328125 0.2822812046875 0.6695652171875001 0.28945480625000003 0.6745341609375 0.34253945468749997 0.6720496890625001 0.3464849359375 0.6801242234375 0.34540889531249996 0.68944099375 0.313127690625 0.686956521875 0.27080344375 0.6944099375 0.2571736015625 0.68944099375 0.2525107609375 0.6925465843749999 0.2521520796875 0.7018633546874999 0.243543759375 0.68944099375 0.23923959843749998 0.70062111875 0.2313486375 0.70062111875 0.22883787656250001 0.70496894375 0.22883787656250001 0.7173913046875 0.2213055953125 0.7304347828125 0.21269727343749997 0.7366459625 0.2083931140625 0.7329192546875001 0.204088953125 0.7428571421875 0.196197990625 0.7428571421875 0.19189383124999998 0.734161490625 0.1847202296875 0.744099378125 0.17682926875 0.7403726703125 0.1707317078125 0.7459627328125 0.171807746875 0.750310559375 0.1847202296875 0.7490683234375 0.2065997125 0.7596273296875 0.20803443281249998 0.76832298125 0.2044476328125 0.7782608703125 0.19368723125 0.786956521875 0.19153515000000002 0.808074534375 0.18077474843750002 0.8155279500000001 0.186872309375 0.8248447203125 0.1969153515625 0.8223602484375 0.2083931140625 0.8472049687500001 0.2205882359375 0.8459627328125 0.2324246765625 0.8614906828125 0.2331420375 0.8900621125000001 0.2403156390625 0.9173913046875001 0.23385939687500001 0.9385093171875001 0.23672883749999998 0.944720496875 0.2331420375 0.9509316765625 0.23457675781249998 0.9596273296875 0.247130559375 0.957763975 0.2607604015625 0.9639751546875001 0.263988521875 0.9695652171875 0.263988521875 0.9931677015625 0.279053084375 0.9968944093750001 0.43651362968749996 0.99503105625 0.4383070296875 0.9906832296875001 0.43507890937499993 0.9838509312499999 0.42144906718749997 0.9751552796875 0.382711621875 0.97391304375 0.3830703015625 0.9521739124999999 0.375179340625 0.944720496875 0.3744619796875 0.9285714281249999 0.37123385937500003 0.9229813671875 0.34540889531249996 0.92049689375 0.3289096125 0.924223603125 0.31814921093750004 0.9217391296875 0.3163558109375 0.91614906875 0.33213773281250003 0.824223603125 0.337517934375 0.8111801249999999 0.3611908171875 0.79503105625 0.3913199421875 0.7900621125 0.39992826406250004 0.7478260875 0.4085365859375 0.7403726703125 0.437230990625 0.7304347828125 0.45301291250000003 0.73167701875 0.45875179375 0.7366459625 0.46305595468750005 0.7304347828125 0.470946915625 0.7304347828125 0.47453371562499996 0.739130434375 0.48242467656250004 0.7378881984375 0.4867288375 0.757763975 0.5143472015625 0.7645962734375 0.5136298421875 0.7770186328124999 0.5172166421875 0.7881987578125 0.5136298421875 0.8639751546875001 0.5200860828125 0.8751552796875 0.5200860828125 0.8913043484375001 0.5096843609375 0.8944099375000001 0.5043041609375 0.8900621125000001 0.5025107609374999 0.854658384375 0.498923959375 0.8670807453125 0.4788378765625 0.8683229812500001 0.49569583906250003 0.876397515625 0.49354375937499995 0.8813664593749999 0.4949784796875 0.8900621125000001 0.4903156390625 0.90062111875 0.48421807812499995 0.9037267078125 0.48278335781250004 0.918633540625 0.47919655624999996 0.9248447203125 0.48278335781250004 0.9310558999999999 0.47847919687499996 0.9347826093749999 0.482065996875 0.944720496875 0.47345767499999997 0.949689440625 0.4702295546875 0.971428571875 0.45444763281249995 0.9751552796875 0.44583931093749996 0.9925465843750001 0.4752510765625 0.99503105625 0.4788378765625 0.9900621125000001 0.48744619843750003 0.9962732921875 0.9307747484375 0.9962732921875 0.9408177906249999 0.9937888203125 0.9540889531250001 0.9559006218749999 0.9508608328125 0.9490683234375 0.94189383125 0.944720496875 0.9099713062499999 0.8434782609375 0.9074605453125001 0.8478260875 0.9074605453125001 0.8602484468749999 0.9110473453125 0.871428571875 0.9074605453125001 0.892546584375 0.8963414640625 0.90062111875 0.8906025828124999 0.8931677015625 0.8877331421875001 0.8956521734375 0.8888091828125001 0.9173913046875001 0.88342898125 0.9254658390625 0.8690817796875001 0.9180124218750001 0.86298421875 0.9 0.8529411765624999 0.8900621125000001 0.8271162125 0.8142857140625 0.8278335718750001 0.7782608703125 0.8314203734375001 0.760869565625 0.848637015625 0.7385093171875 0.850789096875 0.7223602484375 0.8263988515625 0.6614906828125 0.81563845 0.6428571421875 0.8120516500000001 0.624223603125 0.8077474890625 0.6217391296875 0.805595409375 0.5919254656249999 0.803443328125 0.5944099375 0.8012912484375001 0.6440993781250001 0.8005738875 0.6937888203125 0.8027259687500001 0.7086956515625 0.801649928125 0.7142857140625 0.7951936875000001 0.7142857140625 0.7934002875 0.6689441 0.7955523671875 0.596894409375 0.7926829265625 0.5695652171875001 0.788737446875 0.5850931671875 0.7797704453125001 0.5782608703125 0.7804878046875 0.5695652171875001 0.7747489234375 0.5645962734375 0.775466284375 0.5571428578125001 0.7729555234375 0.5540372671875 0.769727403125 0.5571428578125001 0.773314203125 0.565838509375 0.771520803125 0.5726708078125 0.7643472015625 0.5614906828125 0.748923959375 0.549689440625 0.7496413203125 0.5248447203125 0.7571736015625 0.518012421875 0.7629124828125 0.539130434375 0.7654232421875 0.53726708125 0.7625538015625 0.5248447203125 0.7647058828125 0.5173913046874999 0.7550215203125 0.5018633546875 0.745337159375 0.4987577640625 0.7424677187500001 0.476397515625 0.72560975625 0.43850931718749997 0.72202295625 0.43850931718749997 0.7177187953125 0.4521739125 0.7130559546875 0.4515527953125 0.711621234375 0.43416149062500003 0.7141319937499999 0.4273291921875 0.7184361546875 0.4273291921875 0.7195121953125 0.42049689375000004 0.6929698703125 0.3645962734375 0.6825681484375 0.3279503109375 0.6789813484375 0.3378881984375 0.6753945484375 0.3366459625 0.6746771875 0.31552795 0.6664275468749999 0.32608695625 0.6649928265625 0.34720496875 0.662482065625 0.3490683234375 0.6592539453125 0.32608695625 0.6560258250000001 0.32049689375 0.647776184375 0.318633540625 0.6456241031250001 0.2962732921875 0.6563845046875 0.281366459375 0.6563845046875 0.2751552796875 0.6456241031250001 0.23540372656250003 0.6316355812500001 0.2062111796875 0.6302008609375 0.2124223609375 0.6269727406250001 0.213043478125 0.6230272593749999 0.192546584375 0.619440459375 0.1900621125 0.6137015781249999 0.1987577640625 0.6043758968749999 0.20124223593749999 0.6018651359375 0.1906832296875 0.5954088953125 0.1832298140625 0.593256815625 0.1621118015625 0.5807030125 0.1590062109375 0.578192253125 0.1633540375 0.5789096125000001 0.17826087031249999 0.5807030125 0.1850931671875 0.5842898140624999 0.18385093125000002 0.5868005734375 0.18944099375 0.5868005734375 0.196894409375 0.581779053125 0.2055900625 0.5850071734375 0.20869565156249997 0.592180775 0.2 0.594691534375 0.21180124218750002 0.5824964125000001 0.21677018593750003 0.587517934375 0.224223603125 0.5860832140625 0.24534161562499998 0.5889526546875 0.2590062109375 0.5842898140624999 0.260869565625 0.5807030125 0.255900621875 0.5803443328125 0.27391304375000003 0.5835724531250001 0.26832298125 0.593256815625 0.27391304375000003 0.5857245343749999 0.28198757812499997 0.5807030125 0.2807453421875 0.5763988515625 0.29068322968750004 0.5735294125 0.29068322968750004 0.5699426109375 0.2807453421875 0.5649210906250001 0.27950310625 0.55810616875 0.286335403125 0.5570301296875 0.2944099375 0.548063128125 0.2639751546875 0.5494978484375 0.24534161562499998 0.5466284078125 0.24782608750000001 0.5451936875000001 0.27018633593749997 0.5473457671874999 0.27888198750000004 0.542324246875 0.2850931671875 0.5437589671875 0.3695652171875 0.5412482062499999 0.37763975156249996 0.5351506453125 0.3745341609375 0.5373027265625 0.3633540375 0.5365853656249999 0.2987577640625 0.5401721671875 0.286335403125 0.5333572453125 0.275776396875 0.5168579624999999 0.2782608703125 0.5118364421875 0.28571428593750003 0.5039454812499999 0.2881987578125 0.5007173593750001 0.2962732921875 0.5043041609375 0.354658384375 0.5014347203125 0.3670807453125 0.5129124828125 0.373291925 0.48888091874999995 0.381366459375 0.48708751718750004 0.391925465625 0.4892395984375 0.4142857140625 0.4985652796875 0.42049689375000004 0.4985652796875 0.4478260875 0.49354375937499995 0.4490683234375 0.4985652796875 0.450310559375 0.5007173593750001 0.46894410000000003 0.5071736015625 0.4751552796875 0.5096843609375 0.5515527953125 0.41786226718749997 0.55279503125 0.41319942656249997 0.5571428578125001 0.412482065625 0.570807453125 0.407819225 0.576397515625 0.380559540625 0.5776397515625 0.3766140609375 0.570807453125 0.3766140609375 0.5571428578125001 0.3848637015625 0.545341615625 0.3934720234375 0.5490683234375 0.399569584375 0.544720496875 0.3970588234375 0.539130434375 0.3873744625 0.53726708125 0.3916786234375 0.5298136640625 0.3859397421875 0.5173913046874999 0.3866571015625 0.502484471875 0.392037303125 0.4881987578125 0.39992826406250004 0.48944099375 0.404232425 0.48322981406250004 0.40459110468750004 0.47391304375 0.3841463421875 0.4720496890625 0.3837876609375 0.4614906828125 0.3726685796875 0.4521739125 0.37230989999999997 0.46273291875 0.3690817796875 0.46832298124999994 0.3586800578125 0.4677018640625 0.3586800578125 0.476397515625 0.3644189390625 0.48260869531250006 0.3586800578125 0.49627329218750005 0.3572453375 0.5211180125 0.3611908171875 0.5279503109375 0.369440459375 0.5298136640625 0.369440459375 0.5571428578125001 0.33106169375 0.5590062109375 0.31958393125 0.5639751546875 0.31814921093750004 0.5801242234374999 0.31384504999999996 0.5689441000000001 0.31025825 0.5813664593750001 0.30918220937499996 0.5683229812499999 0.31205165 0.5645962734375 0.3059540890625 0.5614906828125 0.3020086078125 0.5521739125 0.3020086078125 0.542236025 0.30846485 0.528571428125 0.2987804875 0.5267080749999999 0.296269728125 0.5173913046874999 0.2984218078125 0.4875776390625 0.3142037296875 0.4776397515625 0.31205165 0.455279503125 0.31814921093750004 0.43975155312499997 0.33106169375 0.4335403734375 0.33464849375 0.41739130468749996 0.3611908171875 0.411180125 0.37230989999999997 0.3944099375 0.3705165 0.3900621125 0.33034433281250003 0.39627329218749996 0.3145624109375 0.3937888203125 0.303443328125 0.40062111875 0.303443328125 0.4229813671875 0.2944763265625 0.43105589999999994 0.2786944046875 0.434782609375 0.27725968437500004 0.43105589999999994 0.25430416093749997 0.43105589999999994 0.25035867968750003 0.43540372656250004 0.2478479203125 0.44720496875000004 0.2431850796875 0.4465838515625 0.2381635578125 0.46273291875 0.2410329984375 0.48260869531250006 0.23529411718749998 0.486335403125 0.23529411718749998 0.5086956515625001 0.23959827812499998 0.5099378875 0.23744619843749998 0.5248447203125 0.2410329984375 0.5409937890625 0.23493543749999998 0.5515527953125 0.22740315625 0.549689440625 0.2230989953125 0.511180125 0.21700143437500002 0.50062111875 0.1732424671875 0.5018633546875 0.1685796265625 0.51614906875 0.1692969875 0.53726708125 0.1657101859375 0.5509316765625 0.15459110468749998 0.5614906828125 0.14239598281250002 0.565217390625 0.1330703015625 0.5639751546875 0.1273314203125 0.555279503125 0.11011477812499999 0.5540372671875 0.1047345765625 0.5385093171875 0.10616929687500001 0.51614906875 0.10294117656249999 0.5118012421875 0.09002869375 0.5105590062500001 0.087517934375 0.5149068328124999 0.0889526546875 0.5198757765625001 0.095050215625 0.529192546875 0.09576757500000001 0.5254658390625 0.09971305625 0.528571428125 0.09791965625 0.5341614906250001 0.094691534375 0.5322981359375001 0.0961262546875 0.5534161484375 0.094691534375 0.5645962734375 0.0907460546875 0.5701863359375 0.07496413125 0.5776397515625 0.0642037296875 0.5751552796875 0.044117646875 0.5875776390625 0.031922525 0.58385093125 0.0247489234375 0.5913043484375 0 0.5931677015625 0 0.7571428578125
0 0.1434720234375 0.918633540625 0.14849354374999998 0.8987577640625 0.147417503125 0.8894409937500001 0.1237446203125 0.8906832296875 0.12338593906249999 0.8838509312499999 0.12087517968749999 0.8832298140624999 0.119440459375 0.8894409937500001 0.11298421875 0.8919254656250001 0.031205165624999996 0.8931677015625 0.020444762499999998 0.8683229812500001 0.008249640625 0.8857142859374999 0.0050215203125000005 0.8850931671875 0.0035868 0.8701863359375 0.0043041609375 0.8900621125000001 0 0.897515528125 0.0003586796875 0.9987577640625 0.10975609687500001 0.9981366453125 0.121233859375 0.9770186328125 0.1434720234375 0.918633540625
0 0.3794835 0.365838509375 0.3690817796875 0.339130434375 0.35939741718749996 0.33726708125 0.356169296875 0.31552795 0.33608321406249997 0.31552795 0.337517934375 0.3254658390625 0.3443328546875 0.32608695625 0.342898134375 0.3335403734375 0.3472022953125 0.3409937890625 0.34540889531249996 0.3478260875 0.3418220953125 0.345341615625 0.3371592546875 0.3534161484375 0.34540889531249996 0.3701863359375 0.35437589687500004 0.3745341609375 0.3697991390625 0.3726708078125 0.3794835 0.365838509375
0 0.0240315640625 0.45838509375000003 0.0193687234375 0.439130434375 0.0193687234375 0.42795031093749997 0.0326398859375 0.4124223609375 0.0434002875 0.40993788750000004 0.050573887500000005 0.4198757765625 0.0756814921875 0.42236024843750003 0.0807030125 0.4335403734375 0.1703730265625 0.4273291921875 0.17503586875 0.4068322984375 0.170014346875 0.40062111875 0.1692969875 0.3807453421875 0.16355810625 0.373291925 0.172166428125 0.3509316765625 0.17682926875 0.3465838515625 0.22560975625 0.34161490625 0.27080344375 0.345341615625 0.27797704375 0.3279503109375 0.33106169375 0.32049689375 0.33034433281250003 0.31055900625 0.3217360109375 0.308074534375 0.2449784796875 0.308074534375 0.23923959843749998 0.32173912968749996 0.22417503593750002 0.32298136718750003 0.17429125 0.306775503125 0.17429125 0.2606650234375 0.22040331562499998 0.26775894375 0.225526878125 0.297908103125 0.2388481421875 0.3014550640625 0.2480705546875 0.255344584375 0.24246771875 0.2192546578125 0.24677187968749997 0.2055900625 0.2478479203125 0.1850931671875 0.25430416093749997 0.202484471875 0.26793400312500004 0.202484471875 0.276542325 0.197515528125 0.282998565625 0.18633540312500002 0.2908895265625 0.18385093125000002 0.2944763265625 0.1875776390625 0.3174318515625 0.1776397515625 0.3235294125 0.165838509375 0.32496413125 0.1459627328125 0.3296269734375 0.1366459625 0.3389526546875 0.1403726703125 0.344691534375 0.13291925468750002 0.3568866578125 0.13167701874999999 0.3572453375 0.1099378875 0.344691534375 0.108074534375 0.341104734375 0.11428571406250002 0.3324964125 0.108074534375 0.298063128125 0.108074534375 0.2880200859375 0.081987578125 0.2629124828125 0.081987578125 0.25394548125 0.0962732921875 0.26327116250000004 0.111180125 0.2571736015625 0.11677018593749999 0.241391678125 0.1192546578125 0.23493543749999998 0.11677018593749999 0.228479196875 0.1068322984375 0.2048063125 0.11055900625 0.1969153515625 0.1043478265625 0.17969870937500002 0.1055900625 0.1660688671875 0.09937888125 0.156025825 0.1043478265625 0.15028694375 0.0944099375 0.12804878125000002 0.0981366453125 0.10509325624999999 0.09316770156250001 0.055595409375 0.096894409375 0.041965567187500004 0.10062111874999999 0.034791965625 0.108074534375 0.019727403125 0.09937888125 0.001076040625 0.103105590625 0.0014347203124999998 0.47018633593750003 0.038020085937499996 0.46273291875 0.0240315640625 0.45838509375000003
0 0.40602582500000006 0.250310559375 0.40100430468750003 0.2378881984375 0.4038737453125 0.22670807499999998 0.40997130625 0.218633540625 0.414275465625 0.21987577656249999 0.4192969875 0.2298136640625 0.431492109375 0.22608695625 0.4393830703125 0.23726708125 0.4508608328125 0.234782609375 0.455882353125 0.22236024843750002 0.4788378765625 0.21614906875 0.5304878046875 0.22360248437500002 0.532998565625 0.218012421875 0.532998565625 0.2018633546875 0.5222381640625 0.1509316765625 0.5089670015625 0.145341615625 0.501076040625 0.15155279531250002 0.49318507968749997 0.1677018640625 0.489598278125 0.1677018640625 0.48708751718750004 0.1633540375 0.4892395984375 0.1521739125 0.4867288375 0.1465838515625 0.4659253953125 0.1490683234375 0.45444763281249995 0.1428571421875 0.44906743125000004 0.1509316765625 0.44906743125000004 0.1645962734375 0.44440459062500004 0.1726708078125 0.4300573890625 0.1726708078125 0.39849354375 0.1850931671875 0.365494978125 0.1801242234375 0.343256815625 0.18633540312500002 0.34074605468749997 0.21180124218750002 0.335724534375 0.2254658390625 0.3371592546875 0.23167701875 0.34540889531249996 0.24099378906250002 0.3583213765625 0.24223602500000002 0.365494978125 0.2509316765625 0.3970588234375 0.2509316765625 0.380559540625 0.2571428578125 0.3705165 0.2521739125 0.367288378125 0.25527950312500003 0.3690817796875 0.2770186328125 0.3784074609375 0.2770186328125 0.380559540625 0.2695652171875 0.3802008609375 0.27888198750000004 0.3859397421875 0.2801242234375 0.405308465625 0.26024844687500004 0.40602582500000006 0.250310559375
0 0.6696556671875 0.113043478125 0.6728837875 0.10745341562499999 0.6639167859375 0.10062111874999999 0.658895265625 0.1043478265625 0.6481348640625 0.0906832296875 0.6416786234375 0.09192546562500001 0.6406025828125 0.1335403734375 0.6563845046875 0.134782609375 0.6596126250000001 0.113043478125 0.6696556671875 0.113043478125
0 0.515781921875 0.1298136640625 0.513988521875 0.07453416093750001 0.5096843609375 0.0881987578125 0.49426111875 0.1 0.49354375937499995 0.1322981359375 0.5060975609375 0.144099378125 0.5147058828125 0.1403726703125 0.5179340031249999 0.14720496875 0.5179340031249999 0.15714285781249998 0.523672884375 0.15838509375 0.5229555234375 0.13726708125 0.515781921875 0.1298136640625
0 0.5699426109375 0.14161490625 0.5756814921875 0.134161490625 0.5889526546875 0.13726708125 0.5885939734375001 0.1217391296875 0.5842898140624999 0.1229813671875 0.572453371875 0.111180125 0.570301290625 0.0875776390625 0.56599713125 0.076397515625 0.5688665703125 0.06024844687499999 0.5789096125000001 0.0490683234375 0.5756814921875 0.031055899999999997 0.5670731703125 0.028571428125 0.5595408890625 0.034161490625 0.5624103296875 0.0403726703125 0.5616929703125 0.055279503125 0.5548780484375 0.0571428578125 0.5487804875 0.0664596265625 0.5451936875000001 0.0875776390625 0.5494978484375 0.1298136640625 0.5340746046875 0.134161490625 0.5322812046875 0.13850931718749998 0.5294117640625 0.15714285781249998 0.5459110468749999 0.165838509375 0.5491391671875 0.1428571421875 0.5699426109375 0.14161490625
0 0.607962696875 0.1490683234375 0.6122668578125 0.134161490625 0.619440459375 0.1378881984375 0.6370157812499999 0.1360248453125 0.6377331421875 0.0962732921875 0.62804878125 0.09192546562500001 0.6237446203125 0.103105590625 0.619440459375 0.103105590625 0.6183644187499999 0.08260869531250001 0.6215925390625 0.0782608703125 0.6373744625 0.06832298125 0.652439025 0.06832298125 0.6732424671875 0.0857142859375 0.6789813484375 0.1055900625 0.6893830703125 0.097515528125 0.7012195125 0.06459627343749999 0.7248923953124999 0.0695652171875 0.72381635625 0.050310559374999994 0.726327115625 0.0434782609375 0.7471305593750001 0.0434782609375 0.7492826406249999 0.039751553125 0.7535868 0.06832298125 0.7571736015625 0.052173912499999996 0.76901004375 0.05279503125 0.7682926828125 0.04161490625 0.7718794828125 0.0354037265625 0.7704447625 0.0279503109375 0.7378048781250001 0.023602484375 0.7005021515625 0.026086956249999998 0.6818507890625 0.021118012499999998 0.658895265625 0.028571428125 0.6373744625 0.026086956249999998 0.6273314203125 0.031055899999999997 0.6090387374999999 0.050310559374999994 0.6083213765625 0.06024844687499999 0.6040172171875 0.06770186406249999 0.6047345765625 0.10248447187500001 0.6011477765625 0.10869565156250001 0.600789096875 0.1217391296875 0.5961262546875 0.0788819875 0.5925394546875 0.10496894375000002 0.593256815625 0.1248447203125 0.5982783359375 0.15465838437499999 0.6011477765625 0.15714285781249998 0.6043758968749999 0.12919254687499998 0.607962696875 0.1490683234375