1 0.28671875 0.8765625 0.1375 0.23984375
1 0.6296875 0.93203125 0.12890625 0.1359375
1 0.94140625 0.1234375 0.1171875 0.246875
1 0.90703125 0.34921875 0.1078125 0.1
1 0.56640625 0.2984375 0.059375 0.12421875
1 0.7828125 0.35234375 0.065625 0.09296875
1 0.52421875 0.59296875 0.153125 0.3625
1 0.68671875 0.32734375 0.0765625 0.121875
1 0.79765625 0.565625 0.075 0.125
1 0.3984375 0.2328125 0.078125 0.134375
1 0.33828125 0.4359375 0.15390625 0.16796875
1 0.61796875 0.090625 0.2296875 0.175
1 0.30625 0.6515625 0.14375 0.246875
1 0.05859375 0.90703125 0.1046875 0.178125
1 0.18671875 0.87109375 0.13125 0.21953125
1 0.0421875 0.03125 0.084375 0.0625
1 0.15546875 0.55703125 0.30859375 0.35859375
1 0.9484375 0.60546875 0.07734375 0.13125
1 0.32421875 0.23515625 0.06328125 0.0765625
1 0.3375 0.17578125 0.04921875 0.05703125
1 0.48359375 0.17265625 0.034375 0.053125
1 0.43828125 0.15546875 0.06328125 0.0765625
1 0.665625 0.53046875 0.08828125 0.12734375
1 0.075 0.76171875 0.11328125 0.14140625
1 0.3171875 0.1390625 0.06484375 0.07578125
1 0.4703125 0.26875 0.05390625 0.06484375
1 0.65390625 0.228125 0.05390625 0.06953125
1 0.7140625 0.2234375 0.034375 0.0546875
0 0.40415704375 0.7207792203125 0.401847575 0.7125147578125001 0.4119515015625 0.6953955140625 0.43100461875 0.7024793390624999 0.43562355625000004 0.7142857140625 0.449769053125 0.6983471078125 0.44630485000000003 0.66528925625 0.45150115468749996 0.6428571421875 0.47748267968749997 0.566115703125 0.491916859375 0.51416765 0.4971131640625 0.50472255 0.50230946875 0.4775678859375 0.50692840625 0.46930342343750003 0.5101039265625 0.44746162968750003 0.495092378125 0.46989374218749996 0.485854503125 0.46753246718749997 0.47950346406250005 0.4580873671875 0.469688221875 0.4616292796875 0.468244803125 0.49291617499999996 0.4618937640625 0.5059031875 0.45814087812500004 0.5324675328125 0.451212471875 0.5407319953124999 0.42465357968750006 0.5407319953124999 0.423787528125 0.5519480515625 0.4278291 0.562573790625 0.423787528125 0.563754428125 0.42147805937499994 0.579102715625 0.40646651250000004 0.586186540625 0.40617782968749994 0.5950413218749999 0.4148383375 0.599763871875 0.41859122343750005 0.6074380171875 0.41974595781249996 0.6334120421875 0.4131062359375 0.6446280984375 0.3894341796875 0.6410861859375 0.3885681296875 0.64994096875 0.3926097 0.66765053125 0.3862586609375 0.6889020078125 0.39953810624999997 0.7030696578125 0.39896073906249996 0.7396694218750001 0.400692840625 0.743211334375 0.40415704375 0.738488784375 0.40415704375 0.7207792203125
0 0.3744226328125 0 0.36172055468750003 0.0129870125 0.357678984375 0.025974026562500002 0.34670900625 0.0306965765625 0.3415127015625 0.0425029515625 0.33747113125 0.0425029515625 0.3299653578125 0.049586776562500004 0.327078521875 0.057851239062500004 0.315531178125 0.06611570312500001 0.30138568125 0.089138134375 0.3054272515625 0.103305784375 0.308602771875 0.1062573796875 0.3137990765625 0.094451003125 0.3415127015625 0.096812278125 0.3435334875 0.1127508859375 0.3536374140625 0.1227863046875 0.359988453125 0.095631640625 0.3721131640625 0.090909090625 0.37730946875 0.076741440625 0.3888568125 0.072018890625 0.3998267890625 0.089728453125 0.4096420328125 0.096812278125 0.41050808281249995 0.1056670609375 0.415993071875 0.1133412046875 0.42003464218750003 0.1157024796875 0.4240762125 0.1062573796875 0.42754041562499995 0.12042502968749999 0.43851039218750004 0.1192443921875 0.439087759375 0.096812278125 0.4529445734375 0.094451003125 0.4668013859375 0.096812278125 0.46882217031250006 0.11393152343749999 0.473152425 0.1227863046875 0.49133949218749995 0.1245572609375 0.49307159375 0.12101534843749999 0.49133949218749995 0.099763871875 0.49653579687500005 0.08441558437499999 0.4959584296875 0.066706021875 0.47084295625 0.063754428125 0.46766743593750004 0.0489964578125 0.45785219374999997 0.0324675328125 0.4572748265625 0.024203070312499998 0.4633371828125 0.007083825 0.4691108546875 0.0059031875 0.4771939953125 0.0106257375 0.4841224015625 0.0224321140625 0.4968244796875 0.024793389062499997 0.49942263281250004 0.01711924375 0.4991339484375 0 0.43100461875 0 0.42638568125000004 0.0129870125 0.42003464218750003 0.0188902 0.40329099375000005 0.011806375 0.39463048437500003 0.0129870125 0.390011546875 0 0.3744226328125 0
0 0.2410508078125 0 0.23181293281249998 0.01416765 0.2133371828125 0.0306965765625 0.17927251718749998 0.0306965765625 0.1769630484375 0.0401416765625 0.1740762125 0.0306965765625 0.16945727500000002 0.0271546640625 0.1417436484375 0.025974026562500002 0.074769053125 0.0106257375 0.05744803750000001 0.025974026562500002 0.0355080828125 0.0365997640625 0.0158775984375 0.0566706015625 0.0138568125 0.064344746875 0.016454965625 0.069657615625 0.0741916859375 0.080283353125 0.079387990625 0.085005903125 0.0837182453125 0.098583234375 0.087759815625 0.1387249109375 0.0941108546875 0.16233766249999998 0.0903579671875 0.17945690625 0.038972285937500004 0.2219598578125 0.0355080828125 0.231404959375 0.0314665125 0.22786304531249998 0.0129907625 0.250295159375 0 0.259149940625 0 0.39374262031249996 0.0043302546875 0.402597403125 0.011836028125 0.399055490625 0.0158775984375 0.3837072015625 0.0320438796875 0.3636363640625 0.044168590625 0.3624557265625 0.0482101609375 0.34828807500000003 0.055138568750000005 0.3423848875 0.059180139062500005 0.3518299875 0.061778290624999996 0.32172373125 0.0741916859375 0.3010625734375 0.0788106234375 0.29870129843750004 0.0984411078125 0.3046044859375 0.10508083125 0.31936245625000004 0.1059468828125 0.338842975 0.110854503125 0.31345926875 0.11027713593749999 0.3004722546875 0.11864896093749999 0.2927981109375 0.122401846875 0.3004722546875 0.1241339484375 0.32762691875 0.1296189375 0.329397875 0.1408775984375 0.31345926875 0.14116628125 0.266824084375 0.1443418015625 0.2969303421875 0.14809468750000002 0.3022432109375 0.16252886875 0.3046044859375 0.16512702031249998 0.32526564375 0.1688799078125 0.329397875 0.17523094687500002 0.3187721375 0.1830254046875 0.31345926875 0.1795612015625 0.2863046046875 0.1804272515625 0.257378984375 0.1824480375 0.2957497046875 0.1862009234375 0.3046044859375 0.1942840640625 0.3046044859375 0.2098729796875 0.31759149999999997 0.23181293281249998 0.319952775 0.23585450312499998 0.32585596250000004 0.24884526562499998 0.33116883124999996 0.2505773671875 0.33943329375000003 0.24797921406249998 0.3447461625 0.2355658203125 0.34415584374999997 0.2355658203125 0.35950413281250004 0.23960739062499997 0.3772136953125 0.23960739062499997 0.409090909375 0.25144341875 0.422668240625 0.2551963046875 0.417355371875 0.25750577343750003 0.39846517187499997 0.26327944531249997 0.3807556078125 0.265011546875 0.35360094375 0.27078521875 0.34533648125 0.273383371875 0.334120425 0.40040415781250005 0.3695395515625 0.4177251734375 0.38016528906249997 0.42349884531250004 0.402597403125 0.437933025 0.399055490625 0.4431293296875 0.3931523015625 0.46391455 0.399055490625 0.47026558906249993 0.3907910265625 0.478926096875 0.3872491140625 0.49393764375 0.415584415625 0.5101039265625 0.41794569062500003 0.512702078125 0.429161746875 0.5124133953125 0.44628099218750006 0.5144341796874999 0.4456906734375 0.5155889140625 0.43388429687499996 0.5251154734375 0.42030696562500003 0.5470554265625001 0.409681228125 0.5568706703124999 0.397874853125 0.560912240625 0.396694215625 0.57361431875 0.409681228125 0.580542725 0.3955135765625 0.5868937640625 0.3955135765625 0.5995958421875 0.412042503125 0.6128752890625 0.410861865625 0.6137413390625001 0.40791027187499995 0.606235565625 0.3854781578125 0.6082563515625 0.3813459265625 0.62269053125 0.3837072015625 0.6258660515625001 0.38665879531249997 0.6301963046875 0.409681228125 0.6515588921875 0.408500590625 0.662240184375 0.42561983437500006 0.6639722859375 0.4409681234375 0.66714780625 0.44510035468750003 0.6873556578125 0.44628099218750006 0.705831409375 0.45926800468750006 0.7095842953125 0.4728453359375 0.709006928125 0.48110980000000003 0.715935334375 0.4893742625 0.7095842953125 0.570838253125 0.705542725 0.5779220781250001 0.7061200921874999 0.6015348281249999 0.6957274828125 0.6145218421875 0.6968822171875 0.6369539546875 0.6882217093749999 0.66646989375 0.697459584375 0.67473435625 0.695150115625 0.6912632828125 0.6991916859375 0.6983471078125 0.7026558890625 0.730224321875 0.705831409375 0.734356553125 0.7168013859375 0.731995278125 0.7222863734375 0.7361275093749999 0.725750578125 0.7243211328125 0.7297921484375001 0.64994096875 0.7179561203125 0.6351829984374999 0.7176674359375 0.6286894921874999 0.7214203234375 0.6162927984375 0.7295034640625 0.6233766234375 0.732678984375 0.6180637546875001 0.7355658203125001 0.589728453125 0.7390300234375 0.49055489999999996 0.7450923781250001 0.4746162921875 0.7577944578125 0.47815820468750003 0.7661662812500001 0.4468713109375 0.7725173203125 0.4409681234375 0.768764434375 0.43329397812500003 0.7531755203125 0.42975206562499996 0.7517321015625 0.42561983437500006 0.7517321015625 0.402007084375 0.746535796875 0.3807556078125 0.7482678984375 0.33707201875 0.7462471125000001 0.33175915 0.728926096875 0.3282172375 0.7144919171875 0.38016528906249997 0.6908198609375 0.37780401406249997 0.6867782906250001 0.3848878390625 0.6769630484375 0.3848878390625 0.6584872984375 0.3789846515625 0.6570438796875 0.3689492328125 0.6524249421875 0.3606847703125 0.6530023093749999 0.34415584374999997 0.64953810625 0.33234946875000004 0.6501154734375 0.31818181874999996 0.65877598125 0.2780401421875 0.6564665125 0.262691853125 0.6174942265625 0.251475796875 0.6125866046875 0.257969303125 0.608545034375 0.2804014171875 0.6036374140625 0.2916174734375 0.6001732109375 0.2939787484375 0.59584295625 0.2898465171875 0.5952655890624999 0.31463990625 0.580831409375 0.3783943328125 0.5684180140625 0.3742621015625 0.560912240625 0.3907910265625 0.5574480375 0.3907910265625 0.5412817546875 0.3872491140625 0.5311778296874999 0.3795749703125 0.5317551968750001 0.3642266828125 0.5381062359375 0.35360094375 0.5355080828125 0.3364817 0.5288683609375 0.34533648125 0.5280023093749999 0.3541912640625 0.5181870671875 0.3636363640625 0.514145496875 0.3766233765625 0.48469976875 0.3707201890625 0.4832563515625 0.3571428578125 0.484988453125 0.34533648125 0.48239029999999994 0.34120425 0.48036951562499997 0.34533648125 0.47834872968750003 0.3813459265625 0.47806004687500003 0.35950413281250004 0.474307159375 0.3423848875 0.46737875312500005 0.33293978750000003 0.455831409375 0.334120425 0.44919168593750003 0.32880755625 0.454387990625 0.3063754421875 0.451212471875 0.29752066093749996 0.43966512656249995 0.2951593859375 0.4350461890625 0.2821723734375 0.4223441109375 0.2821723734375 0.420612009375 0.27272727343750003 0.41801385625 0.2768595046875 0.4162817546875 0.3028335296875 0.409064665625 0.3116883109375 0.4070438796875 0.30401416718749996 0.41108545 0.2957497046875 0.4128175515625 0.2804014171875 0.4084872984375 0.2715466359375 0.40444572812499996 0.2833530109375 0.3952078515625 0.29043683593749997 0.3848152421875 0.3069657609375 0.3767321015625 0.30578512343750003 0.37269053125 0.28571428593750003 0.353060046875 0.2798110984375 0.34670900625 0.27272727343750003 0.329387990625 0.2963400234375 0.322459584375 0.3010625734375 0.31437644374999996 0.29870129843750004 0.3042725171875 0.29102715468749996 0.303983834375 0.265643446875 0.2947459578125 0.262101534375 0.29012702031250004 0.2715466359375 0.2814665125 0.27508854843749997 0.271073903125 0.255017709375 0.2681870671875 0.256198346875 0.25721709062500003 0.2821723734375 0.24855658125 0.28571428593750003 0.23585450312499998 0.2821723734375 0.23614318750000002 0.261511215625 0.24336027656249998 0.244391971875 0.25086605156249997 0.24085005937499998 0.2629907625 0.24321133437500003 0.293302540625 0.2012987015625 0.2938799078125 0.1930342390625 0.29012702031250004 0.18299881875 0.28233256406249996 0.1835891375 0.2811778296875 0.1399055484375 0.27829099375 0.1257378984375 0.26587759843750003 0.12042502968749999 0.26327944531249997 0.11393152343749999 0.262702078125 0.097402596875 0.28377598125 0.088547815625 0.2947459578125 0.073199528125 0.2970554265625 0.062573790625 0.308602771875 0.0519480515625 0.313221709375 0.0306965765625 0.3259237875 0.029515939062500003 0.33747113125 0.0200708375 0.34122401875 0.01003541875 0.3403579671875 0 0.28088914531250003 0 0.2785796765625 0.0177095625 0.2751154734375 0 0.2410508078125 0
0 0.9185912234375 0.66292798125 0.9131062359375001 0.6646989375000001 0.9061778296874999 0.6540732 0.8998267890625 0.6552538375 0.8905889140625 0.6493506499999999 0.8931870671875 0.6995277453125001 0.902136259375 0.7107438015625 0.9185912234375 0.7148760328125 0.9226327937500001 0.7077922078125 0.9185912234375 0.66292798125
0 0.8617205546875001 0.6174734359375 0.8637413390625 0.6109799296875 0.86431870625 0.580283353125 0.8674942265625001 0.574970484375 0.878464203125 0.574970484375 0.88654734375 0.6056670609375 0.8914549656249999 0.6015348281249999 0.8946304843749999 0.5844155843750001 0.8980946875000001 0.5844155843750001 0.9070438796875001 0.6121605671875 0.9099307156249999 0.600354190625 0.905311778125 0.583825265625 0.8868360281250001 0.5566706015625 0.879907621875 0.5306965765625 0.8793302546874999 0.5200708374999999 0.8836605078125 0.49940968124999996 0.8917436484374999 0.49232585625 0.9038683609374999 0.49232585625 0.9102194000000001 0.49822904375 0.9177251734375 0.48996458125000003 0.9350461890625 0.48524203125 0.9517898390624999 0.49940968124999996 0.95698614375 0.5230224328124999 0.9653579671875001 0.5059031875 0.968244803125 0.4893742625 0.9650692843750001 0.48288075625 0.9540993078125 0.47815820468750003 0.9154157046875 0.46989374218749996 0.902136259375 0.46280991718750003 0.8819284062499999 0.45926800468750006 0.8761547343749999 0.4687131046875 0.871535796875 0.4687131046875 0.8628752890625 0.4651711921875 0.85652425 0.45454545468749996 0.8472863734375 0.4639905546875 0.8438221703125001 0.45926800468750006 0.838625865625 0.46280991718750003 0.8299653578124999 0.4580873671875 0.8331408781249999 0.4515938609375 0.8316974593750001 0.4486422671875 0.8230369515625 0.44746162968750003 0.8241916859374999 0.4663518296875 0.8438221703125001 0.47815820468750003 0.8498845265625 0.5129870125 0.85883371875 0.51593860625 0.867782909375 0.5295159390624999 0.86345265625 0.5442739078125001 0.843244803125 0.5371900828125 0.8400692843750001 0.5448642265625 0.8371824484375001 0.5909090906250001 0.8400692843750001 0.6298701296875 0.847863740625 0.6151121609375 0.8617205546875001 0.6174734359375
0 0.92551963125 0.908500590625 0.92638568125 0.902007084375 0.9330254046875 0.8990554906250001 0.9269630484375 0.8890200703125 0.936778290625 0.8772136953125 0.941397228125 0.8890200703125 0.9477482671875 0.8760330578125 0.95698614375 0.8854781578124999 0.9610277140625 0.8807556078125 0.969688221875 0.8807556078125 0.9725750578125 0.8890200703125 0.9748845265625 0.8819362453125 0.9898960734375001 0.8713105078125001 0.992782909375 0.8630460453125 0.9968244796875 0.8642266828125 0.999711315625 0.8713105078125001 1 0.8423848875 0.9922055421874999 0.8288075562499999 0.9714203234375001 0.8288075562499999 0.9506351046875 0.81700118125 0.941397228125 0.82408500625 0.9373556578125 0.8205430937499999 0.9338914546874999 0.8335301062499999 0.9246535796875 0.83234946875 0.902136259375 0.8205430937499999 0.8989607390625001 0.7987012984375 0.8905889140625 0.7863046046875 0.8825057734374999 0.7981109796875 0.8778868359375 0.7992916171875 0.8698036953124999 0.7945690671875 0.8683602765625 0.7845336484375001 0.8605658203125 0.7756788671875 0.8415127015625 0.765053128125 0.8360277140625 0.769185359375 0.829676675 0.7927981109375 0.8337182453124999 0.815230225 0.8308314093750001 0.8471074375000001 0.8282332562500001 0.8536009437500001 0.8195727484375 0.85242030625 0.8152424937499999 0.8589138140625 0.8241916859374999 0.916174734375 0.8316974593750001 0.911452184375 0.85883371875 0.9256198343750001 0.8900115468750001 0.9315230218749999 0.8946304843749999 0.9079102718750001 0.9183025406249999 0.910271546875 0.92638568125 0.9208972843750001 0.92869515 0.9315230218749999 0.9347575062500001 0.9368358906250001 0.9376443421875 0.930932703125 0.92551963125 0.908500590625
0 0.1255773671875 0.8288075562499999 0.1362586609375 0.8187721375000001 0.1351039265625 0.8069657609374999 0.1385681296875 0.8010625734374999 0.1408775984375 0.7786304609375 0.1394341796875 0.767414403125 0.1336605078125 0.765053128125 0.1296189375 0.769775678125 0.1287528875 0.7880755609375 0.125 0.7981109796875 0.1117205546875 0.8016528921875 0.106235565625 0.8187721375000001 0.106235565625 0.8258559625 0.096997690625 0.8353010624999999 0.099018475 0.84415584375 0.1183602765625 0.843565525 0.12269053125 0.84297520625 0.1255773671875 0.8288075562499999
0 0.5063510390625 0.9757969296875 0.4971131640625 0.9604486421875 0.490762125 0.9321133406250001 0.484988453125 0.9203069656249999 0.482678984375 0.9073199531249999 0.478926096875 0.904368359375 0.47517321093750003 0.913223140625 0.47055427187500004 0.9474616296875 0.459006928125 0.9946871312500001 0.4633371828125 1 0.5040415703125001 0.9994096812500001 0.5086605078125 0.9946871312500001 0.5063510390625 0.9757969296875
0 0.4232101609375 0.9757969296875 0.4278291 0.9474616296875 0.4318706703125 0.9391971671875 0.4330254046875 0.9250295156250001 0.440531178125 0.916765053125 0.44399538125 0.8955135765625 0.44919168593750003 0.8907910265625001 0.4471709 0.8866587953125 0.43966512656249995 0.8902007078124999 0.43822170937499993 0.8825265640625 0.44745958437500005 0.8742621015625 0.4362009234375 0.8654073203125 0.428983834375 0.8730814640625001 0.426674365625 0.9250295156250001 0.41945727499999996 0.9386068484375001 0.387702078125 0.9409681234375 0.383371825 0.934474615625 0.3770207859375 0.9025974031249999 0.3770207859375 0.8907910265625001 0.3839491921875 0.8589138140625 0.383371825 0.8494687125 0.380773671875 0.84297520625 0.3686489609375 0.8465171187499999 0.3579676671875 0.8612750890624999 0.340069284375 0.9203069656249999 0.3342956125 0.9710743796875001 0.37730946875 0.9858323499999999 0.38308314062500004 0.9940968124999999 0.40473441093750007 0.9994096812500001 0.4220554265625 0.9958677687499999 0.4232101609375 0.9757969296875
0 0.275981525 1 0.28290993124999997 0.9946871312500001 0.23989607343750002 0.9716646984375 0.2375866046875 0.9622195984375 0.23065819843750002 0.9563164109375 0.20005773750000003 0.9386068484375001 0.1925519625 0.9409681234375 0.17638568125 0.9268004718749999 0.1371247109375 0.9079102718750001 0.1296189375 0.910271546875 0.1151847578125 0.9338842968750001 0.099307159375 0.9639905546875 0.0871824484375 0.9946871312500001 0.093244803125 1 0.275981525 1
0 0.04676674375 0.4492325859375 0.000288684375 0.43211334062500006 0.0005773671875 0.5129870125 0.045900692187499995 0.4580873671875 0.04676674375 0.4492325859375