1 0.36171875 0.48828125 0.0671875 0.0875
1 0.49609375 0.72265625 0.1046875 0.19921875
1 0.7796875 0.61015625 0.1296875 0.18515625
1 0.79921875 0.87890625 0.1421875 0.16953125
1 0.34375 0.68046875 0.165625 0.1546875
1 0.0765625 0.60234375 0.084375 0.109375
1 0.18046875 0.5515625 0.08046875 0.103125
1 0.121875 0.50703125 0.06953125 0.11171875
1 0.0453125 0.46796875 0.08984375 0.12265625
1 0.48125 0.15859375 0.16015625 0.09453125
1 0.75390625 0.08125 0.09296875 0.0734375
1 0.6015625 0.296875 0.071875 0.08671875
1 0.23203125 0.85546875 0.13203125 0.159375
1 0.06015625 0.8671875 0.1203125 0.1296875
1 0.946875 0.9234375 0.1046875 0.15234375
1 0.65390625 0.3484375 0.07265625 0.1046875
1 0.21796875 0.403125 0.07109375 0.05859375
1 0.41796875 0.37421875 0.059375 0.05859375
1 0.5109375 0.2734375 0.0984375 0.08515625
1 0.33515625 0.1546875 0.07890625 0.071875
1 0.675 0.12265625 0.1125 0.07109375
1 0.4640625 0.90546875 0.13359375 0.1609375
1 0.0203125 0.584375 0.040625 0.103125
1 0.18359375 0.221875 0.06640625 0.0671875
1 0.72734375 0.3890625 0.07734375 0.10546875
1 0.28515625 0.5046875 0.03046875 0.05859375
1 0.459375 0.23984375 0.03359375 0.04921875
0 0.9532569359374999 0.21968787500000003 0.9574788906249999 0.2208883546875 0.9737635703124999 0.20288115312500002 0.9803980703124999 0.2040816328125 0.9882388421874999 0.19207683125 0.99698431875 0.18787515 0.9993968640625001 0.162665065625 0.9954764781250001 0.152460984375 0.9831121828124999 0.141056421875 0.9837153203125 0.11704681875 0.98100120625 0.10924369687499999 0.963510253125 0.1296518609375 0.941194209375 0.13325330156249998 0.9363691187500001 0.1428571421875 0.925814234375 0.15186074375 0.9264173703124999 0.1650660265625 0.9360675515624999 0.20228091250000002 0.935464415625 0.234693878125 0.9378769609375001 0.24189675937500002 0.947828709375 0.23529411718749998 0.9532569359374999 0.21968787500000003
0 1 0.510804321875 0.99969843125 0.250900359375 0.9800965015624999 0.2863145265625 0.9710494578125 0.3103241296875 0.9656212296875 0.3523409359375 0.9632086859375001 0.39915966406250003 0.9583835953125 0.4195678265625 0.9499396859375 0.4375750296875 0.9583835953125 0.48679471718749995 0.9782870921875 0.5480192078125 0.99034981875 0.5720288109375 0.9939686375000001 0.5624249703124999 1 0.510804321875
0 0.808202653125 0.343937575 0.8166465625000001 0.32833133281250004 0.8238841984375 0.297118846875 0.8377563328125 0.2659063625 0.8299155609375 0.2515006 0.830518696875 0.21908763437499998 0.859167671875 0.1728691484375 0.8633896265625 0.1536614640625 0.872135103125 0.148259303125 0.862484921875 0.1290516203125 0.859167671875 0.11164465781249999 0.8410735828125 0.1152460984375 0.8314234015625 0.11164465781249999 0.824185765625 0.11884753906250001 0.77834740625 0.12484994062500002 0.7445717734375 0.12244897968749999 0.7120024125 0.14885954375 0.656513871875 0.1716686671875 0.6257539203125 0.1584633859375 0.580518696875 0.1584633859375 0.5401085640625001 0.17767106875 0.5340772015625 0.1932773109375 0.529855246875 0.18487395 0.5165862484375 0.187274909375 0.485826296875 0.20288115312500002 0.482509046875 0.21068427343749999 0.4864294328125 0.22689075625 0.4978890234375 0.230492196875 0.49969843125 0.23529411718749998 0.5099517484375 0.23529411718749998 0.5123642937499999 0.22809123593749997 0.5370928828125 0.22569027656250001 0.542521109375 0.250900359375 0.5527744265625001 0.25330132031249997 0.5666465625 0.2641056421875 0.5823281062500001 0.26650660312499996 0.60765983125 0.2545018 0.6233413750000001 0.26170468125 0.6360072375 0.2713085234375 0.6393244874999999 0.289915965625 0.6432448734375 0.2953181265625 0.647165259375 0.283913565625 0.647165259375 0.25030012031250004 0.6547044625 0.24129651875000002 0.667370325 0.2424969984375 0.685464415625 0.258103240625 0.688178528125 0.276710684375 0.6972255734374999 0.289915965625 0.6972255734374999 0.30192076874999996 0.691194209375 0.31152460937500004 0.6939083234375001 0.322929171875 0.710193003125 0.330132053125 0.72165259375 0.2977190875 0.7331121828125 0.30612244843749997 0.7391435468750001 0.3025210078125 0.7493968640625 0.3097238890625 0.7662846796875 0.34813925625 0.7964414953125 0.3553421375 0.8045838359375 0.3631452578125 0.808202653125 0.35834333749999997 0.808202653125 0.343937575
0 0.6866706875 0.8991596640624999 0.6899879375 0.9057623046875 0.6875753921875 0.9141656656249999 0.6890832328125 0.9951980796875001 0.7599517484375 0.9909963984375001 0.758142340625 0.968187275 0.7445717734375 0.9555822328125 0.741857659375 0.9477791109375 0.7346200234375 0.8973589437499999 0.7340168874999999 0.8745498203125001 0.7288902296875001 0.8523409359375 0.725874546875 0.8499399765625 0.7207478890625 0.8601440578125 0.7144149578125 0.8823529406249999 0.71170084375 0.86254501875 0.7065741859375 0.8487394953124999 0.6945114593749999 0.847539015625 0.6924004828125 0.8517406968750001 0.6942098921875 0.8745498203125001 0.6905910734375 0.8829531812500001 0.6905910734375 0.8913565421874999 0.6866706875 0.8955582234374999 0.6839565734375 0.8745498203125001 0.68636911875 0.8505402156249999 0.6833534375 0.843337334375 0.6902895046874999 0.8343337328124999 0.7210494578125 0.8391356546875001 0.727985525 0.8361344531249999 0.7303980703125 0.81212485 0.7267792515625 0.788115246875 0.7225572984374999 0.780912365625 0.71833534375 0.7424969984375 0.7189384796875 0.7340936375 0.7249698437500001 0.7244897953125 0.7255729796875 0.70648259375 0.7207478890625 0.687274909375 0.7144149578125 0.68067226875 0.7098914359374999 0.6656662671875 0.71170084375 0.624849940625 0.717129071875 0.6044417765625 0.7159227984375 0.5840336140625 0.7077804578125 0.5474189671875 0.70597105 0.5462184875 0.7017490953125 0.5558223296875 0.6945114593749999 0.5522208890625 0.6908926421875 0.542617046875 0.68697225625 0.5624249703124999 0.68697225625 0.5792316921875 0.6830518703124999 0.5810324125 0.6809408921875 0.5396158468750001 0.67098914375 0.5234093640624999 0.6682750296875 0.5384153656249999 0.6682750296875 0.6104441781250001 0.6661640531249999 0.6182472984375 0.666465621875 0.5132052828125 0.6634499390624999 0.5 0.6658624843750001 0.49519807968749996 0.6652593484375 0.460384153125 0.6676718937499999 0.4303721484375 0.6589264171875 0.408163265625 0.6510856453125 0.40936374531249997 0.640832328125 0.3901560625 0.6317852828125 0.3877551015625 0.616706875 0.36854741875 0.5955971046874999 0.37214885937500003 0.5922798546875 0.375150059375 0.596200240625 0.3925570234375 0.5768998796875 0.3901560625 0.575995175 0.39915966406250003 0.5844390828125 0.40876350468749995 0.58835946875 0.4309723890625 0.6013269 0.44117647031249996 0.606151990625 0.460384153125 0.6182147171875 0.4843937578125 0.6206272625 0.4987995203125 0.6212303984374999 0.531212484375 0.615500603125 0.5450180078125 0.6106755125000001 0.5474189671875 0.599517490625 0.5660264109375001 0.6007237640625 0.592436975 0.61037394375 0.6068427375 0.612183353125 0.6176470593750001 0.61700844375 0.6260504203124999 0.618817853125 0.6572629046875 0.6161037390625 0.663865546875 0.6022316046875 0.671068428125 0.5983112187499999 0.6776710687499999 0.5952955375 0.70648259375 0.596803378125 0.7166866749999999 0.6082629671875 0.7166866749999999 0.6109770812499999 0.7208883546875 0.612183353125 0.8049219687500001 0.608866103125 0.81632653125 0.596200240625 0.812725090625 0.5928829921875 0.8037214890625 0.5925814234375 0.7815126046875001 0.589867309375 0.8037214890625 0.5847406515625 0.8199279718750001 0.5814234015624999 0.8049219687500001 0.580820265625 0.7785114046875 0.577201446875 0.7533013203125 0.5654402890625 0.7430972390624999 0.5606151984375 0.72989195625 0.5533775640624999 0.7599039609375 0.5500603140625 0.7496998796875001 0.549155609375 0.7334933968749999 0.548854040625 0.74129651875 0.5428226781250001 0.7496998796875001 0.5392038593749999 0.7785114046875 0.5379975875 0.8193277312499999 0.5325693609375 0.8385354140624999 0.5289505421875 0.872148859375 0.5277442703124999 0.9081632656249999 0.5289505421875 0.9189675875000001 0.5343787703125 0.9297719093750001 0.5337756328125 0.9357743093750001 0.529855246875 0.93637455 0.5265379968749999 0.9453781515624999 0.524125453125 0.9693877546874999 0.532870928125 0.981992796875 0.561821471875 0.9843937578125 0.567852834375 0.9951980796875001 0.6797346203125 0.9969988000000001 0.6851628468750001 0.9921968781249999 0.6866706875 0.8991596640624999
0 0.5705669484375 0.39915966406250003 0.569360675 0.375150059375 0.5600120625 0.3697478984375 0.5572979499999999 0.354741896875 0.546139928125 0.336134453125 0.5340772015625 0.3493397359375 0.5250301562499999 0.3493397359375 0.523522315625 0.3415366140625 0.5295536796875 0.3295318125 0.5295536796875 0.319927971875 0.5274427015625001 0.3169267703125 0.514173703125 0.3169267703125 0.5021109765625 0.3073229296875 0.4806996375 0.312725090625 0.48100120625000004 0.3217286921875 0.4900482515625 0.32773109218749996 0.5018094093750001 0.343937575 0.514173703125 0.38055222031249997 0.5177925218749999 0.3745498203125 0.529855246875 0.3709483796875 0.5401085640625001 0.3817527015625 0.5449336546875 0.3997599046875 0.5545838359374999 0.3985594234375 0.561519903125 0.40756302499999997 0.5648371531249999 0.3997599046875 0.5705669484375 0.39915966406250003
0 0.4704463203125 0.32112845156250003 0.4629071171875 0.3133253296875 0.45325693593749994 0.3217286921875 0.4402895046875 0.312725090625 0.4436067546875 0.3037214890625 0.45898673125 0.2947178875 0.4595898671875 0.28751500625 0.45566948125 0.27250900312500004 0.45205066406250005 0.273709484375 0.44903498124999996 0.2821128453125 0.43033775625 0.2929171671875 0.3881182140625 0.277310925 0.38027744218750004 0.26650660312499996 0.3775633296875 0.27190876406250003 0.376658625 0.286914765625 0.375150784375 0.25030012031250004 0.37303980625 0.24489795937499997 0.3446924 0.24849939999999998 0.3344390828125 0.2424969984375 0.3265983109375 0.230492196875 0.31875753906250004 0.22569027656250001 0.3166465625 0.22869147656250002 0.314837153125 0.2466986796875 0.3268998796875 0.2659063625 0.322677925 0.276710684375 0.3235826296875 0.283313325 0.34167671875 0.2989195671875 0.33896260625 0.2791116453125 0.34499396875 0.2599039609375 0.349517490625 0.25330132031249997 0.36037394375 0.2545018 0.36369119375 0.2611044421875 0.366706875 0.28031212499999997 0.365802171875 0.2929171671875 0.376658625 0.2917166859375 0.37967430625 0.2977190875 0.384499396875 0.2965186078125 0.4025934859375 0.3217286921875 0.416465621875 0.32773109218749996 0.42310012031250005 0.3385354140625 0.44059107343750004 0.34093637499999996 0.44722557343749997 0.351740696875 0.44993968593749994 0.35114045625 0.4677322078125 0.328931571875 0.4704463203125 0.32112845156250003
0 0.2934258140625 0.2340936375 0.2904101328125 0.2184873953125 0.2668878171875 0.208883553125 0.26326899843749996 0.21248499375000002 0.25965018125 0.20288115312500002 0.2240651390625 0.187274909375 0.2207478890625 0.169867946875 0.2288902296875 0.1644657859375 0.23069963750000003 0.156062425 0.20416164062500003 0.1464585828125 0.19632086875000002 0.1356542609375 0.184861278125 0.1368547421875 0.181845596875 0.132052821875 0.16073582656250002 0.123649459375 0.153498190625 0.096038415625 0.146863690625 0.096038415625 0.1429433046875 0.10144057656250001 0.14565741875 0.1260504203125 0.1655609171875 0.12845138125 0.172798553125 0.152460984375 0.1875753921875 0.15546218437499998 0.1866706875 0.1656662671875 0.1749095296875 0.17226890781249998 0.178829915625 0.18367346874999999 0.20416164062500003 0.18367346874999999 0.21230398125 0.19627851093749998 0.21230398125 0.21188475312500002 0.21501809375 0.2172869140625 0.22527141093749997 0.2112845140625 0.23250904687500001 0.22448979531250002 0.2475874546875 0.2388955578125 0.263872134375 0.23769507812500001 0.27834740625 0.2605042015625 0.3027744265625 0.2683073234375 0.31302774375000003 0.247899159375 0.2934258140625 0.2340936375
0 0.1254523515625 0.4375750296875 0.1239445109375 0.4345738296875 0.11369119375 0.4345738296875 0.11097708125000001 0.4303721484375 0.12424607968750001 0.42436974843749997 0.11942098906250001 0.390756303125 0.120024125 0.3739495796875 0.1227382390625 0.3661464578125 0.13118214687500002 0.36254501875 0.137816646875 0.36734693906250004 0.14626055468750002 0.3553421375 0.1613389625 0.3553421375 0.17430639375 0.3727491 0.181845596875 0.39735894374999997 0.188480096875 0.3901560625 0.2095898671875 0.38295318125 0.2080820265625 0.3487394953125 0.20416164062500003 0.3421368546875 0.1890832328125 0.33973589375 0.180639325 0.328931571875 0.1764173703125 0.33133253281249997 0.1734016890625 0.3265306125 0.1571170078125 0.3253301328125 0.1477683953125 0.3067226890625 0.153196621875 0.291116446875 0.1492762359375 0.2821128453125 0.12454764843749999 0.2749099640625 0.122135103125 0.26170468125 0.11429433124999999 0.26290516249999996 0.10765983125 0.2460984390625 0.0817249703125 0.23289315781250003 0.07086851562499999 0.21968787500000003 0.06302774375 0.22328931562499998 0.052472859375 0.25870348125 0.0431242453125 0.277310925 0.034680337500000005 0.2821128453125 0.0322677921875 0.29051620625 0.027442701562499998 0.28451380625 0 0.2947178875 0.00030156875000000004 0.351740696875 0.004523521875 0.35054021562500004 0.008142340625 0.3565426171875 0.0117611578125 0.351740696875 0.017792521875 0.3553421375 0.023823884375 0.351740696875 0.0232207484375 0.34453781562499997 0.027442701562499998 0.34453781562499997 0.027744270312500003 0.35114045625 0.035283473437500004 0.3613445375 0.0473462 0.36014405781250003 0.05488540468749999 0.382352940625 0.052472859375 0.390756303125 0.052472859375 0.4063625453125 0.058202653125 0.4201680671875 0.06302774375 0.41896758749999996 0.077503015625 0.4381752703125 0.0925814234375 0.44897959218750005 0.09800965 0.4633853546875 0.1067551265625 0.4627851140625 0.12364294375 0.453181271875 0.1254523515625 0.4375750296875
0 0.013872134375000001 0.8169267703124999 0.0165862484375 0.8091236500000001 0.03769601875 0.7959183671875001 0.05337756406250001 0.80192076875 0.0627261765625 0.7821128453124999 0.0627261765625 0.7569027609375001 0.056091676562500005 0.6956782718750001 0.052472859375 0.687274909375 0.0530759953125 0.680072028125 0.0473462 0.6542617046875 0.045838359375 0.680072028125 0.0437273828125 0.6854741890625 0.039203859375 0.6860744296875 0.041616404687500004 0.6944777906249999 0.0373944515625 0.7052821125000001 0.0355850421875 0.7340936375 0.03166465625 0.7406962781249999 0.0289505421875 0.7052821125000001 0.013872134375000001 0.6824729890625 0.008142340625 0.6506602640625 0 0.64885954375 0.0006031359375 0.8529411765624999 0.013268998437499999 0.8409363750000001 0.013872134375000001 0.8169267703124999
0 0.1351025328125 0.7665066031250001 0.1257539203125 0.762304921875 0.12303980625 0.7496998796875001 0.1360072375 0.722689075 0.1420386 0.7202881156250001 0.1492762359375 0.7286914765625 0.150180940625 0.7184873953124999 0.153498190625 0.7142857140625 0.1649577796875 0.711884753125 0.16827502968750002 0.723289315625 0.162846803125 0.7352941171875 0.16435464375 0.749099640625 0.1764173703125 0.7466986796875 0.1878769609375 0.7370948375 0.19632086875000002 0.7370948375 0.204463209375 0.7112845140624999 0.19963811874999998 0.6968787515625 0.19963811874999998 0.687274909375 0.2083835953125 0.677070828125 0.21622436718750002 0.6794717890624999 0.21924004843749997 0.669867946875 0.231302775 0.659063625 0.2475874546875 0.6554621843749999 0.26326899843749996 0.6818727484375 0.2680940890625 0.6818727484375 0.2813630875 0.6734693875 0.289806996875 0.66026410625 0.29463208750000003 0.663865546875 0.30066345 0.6542617046875 0.31031363125 0.6542617046875 0.32539203906249997 0.64585834375 0.34167671875 0.6326530609375001 0.3452955375 0.6254501796875 0.3567551265625 0.6242497 0.3645958984375 0.6158463390625 0.3676115796875 0.6218487390625 0.3772617609375 0.6230492203125 0.4007840765625 0.613445378125 0.403498190625 0.609243696875 0.4044028953125 0.5774309718749999 0.412846803125 0.5846338531249999 0.42370325624999994 0.5810324125 0.4279252109375 0.5846338531249999 0.43365500625 0.6128451375 0.4442098921875 0.6302521015625 0.45084439062500004 0.6326530609375001 0.45235223125 0.6416566625 0.4586851625 0.6494597843750001 0.4677322078125 0.648259303125 0.50331725 0.6218487390625 0.5135705671874999 0.620648259375 0.5497587453125 0.65186074375 0.55367913125 0.6416566625 0.5542822671875001 0.6224489796875 0.5500603140625 0.6164465781249999 0.549155609375 0.6074429765625 0.5274427015625001 0.6038415359375 0.5168878171875 0.592436975 0.51568154375 0.5624249703124999 0.520506634375 0.5552220890624999 0.522014475 0.5366146453125 0.533474065625 0.5378151265625 0.5407117015625 0.5510204078125 0.5422195421875 0.5480192078125 0.5416164046875 0.528811525 0.5379975875 0.5120048015625 0.529855246875 0.5054021609375 0.522014475 0.5174069625 0.5168878171875 0.5156062421875001 0.5147768390625 0.5486194484375 0.504523521875 0.5522208890625 0.4906513875 0.5774309718749999 0.4867310015625 0.57082833125 0.4867310015625 0.554021609375 0.4840168875 0.5462184875 0.46230398125 0.5486194484375 0.460796140625 0.5384153656249999 0.468033775 0.531212484375 0.46743063906250004 0.524009603125 0.4562726171875 0.5258103234375 0.444813028125 0.5054021609375 0.427322075 0.5066026406249999 0.42581423437500004 0.510804321875 0.42370325624999994 0.5726290515625 0.422798553125 0.5300120046875 0.42098914374999996 0.5156062421875001 0.41827502968749997 0.5126050421875 0.39234016875 0.5174069625 0.37967430625 0.515006003125 0.3507237640625 0.5294117640625 0.33745476406249997 0.52460984375 0.3247889015625 0.5270108046875001 0.3097104953125 0.5174069625 0.308202653125 0.5228091234375001 0.31061519843749996 0.5480192078125 0.29825090468750004 0.5522208890625 0.29644149531249997 0.563025209375 0.2807599515625 0.5450180078125 0.270205065625 0.55042016875 0.26899879375 0.5624249703124999 0.2711097703125 0.570228090625 0.28920385937500004 0.56662665 0.2937273828125 0.5768307328125 0.2934258140625 0.5870348140625 0.2626658625 0.6014405765624999 0.24155609218750002 0.61704681875 0.2331121828125 0.6182472984375 0.2288902296875 0.6266506609375 0.20898673125 0.6398559421875001 0.2017490953125 0.641056421875 0.1933051875 0.6302521015625 0.188480096875 0.6326530609375001 0.1571170078125 0.599039615625 0.15379975937499998 0.6068427375 0.15379975937499998 0.6212485 0.162846803125 0.6404561828124999 0.1613389625 0.6506602640625 0.14022919218750002 0.6218487390625 0.12635705625 0.6158463390625 0.12303980625 0.62845138125 0.1260554890625 0.6476590640625 0.1239445109375 0.6542617046875 0.0928829921875 0.6788715484375001 0.1145958984375 0.68367346875 0.11399276250000001 0.69807923125 0.10645355781250002 0.711884753125 0.09077201406249999 0.7178871546875001 0.084137515625 0.71548619375 0.0802171296875 0.7112845140624999 0.0811218328125 0.69507803125 0.07086851562499999 0.6830732296875001 0.0627261765625 0.6812725093750001 0.0639324484375 0.7172869140625 0.07086851562499999 0.7755102046875 0.0817249703125 0.7659063625 0.0986127859375 0.7647058828125 0.1272617609375 0.777310925 0.134800965625 0.77310924375 0.1351025328125 0.7665066031250001