1 0.403125 0.6 0.16640625 0.1875
1 0.46875 0.40390625 0.1484375 0.090625
0 0.425039871875 0.968328840625 0.42384370000000005 0.9595687328125001 0.42862838906249995 0.956873315625 0.4326156296875 0.9622641515625 0.435007975 0.956873315625 0.45334928281250003 0.9487870624999999 0.4980063796875 0.9097035046874999 0.5151515156250001 0.888814015625 0.50279106875 0.8854447437499999 0.487639553125 0.9002695421875 0.4669059015625 0.9002695421875 0.454944178125 0.8908355796875 0.4246411484375 0.919137465625 0.41626794218749996 0.9413746625 0.4178628390625 0.9494609171875 0.408692184375 0.9595687328125001 0.3967304625 0.9595687328125001 0.3903508765625 0.9703504046875 0.384768740625 0.9609164421875 0.3767942578125 0.966307278125 0.37200956875 0.9770889484374999 0.362440190625 0.9797843671875001 0.35566188125 0.988544475 0.362440190625 0.9946091640624999 0.3931419453125 0.996630728125 0.41985645937499994 0.9757412406249999 0.425039871875 0.968328840625
0 1 0.3429919140625 0.988835725 0.33490566093749996 0.98923445 0.3180592984375 0.9748803828125 0.31536388125000003 0.9692982453125 0.3045822109375 0.9573365234375 0.297843665625 0.9529505578125 0.3052560640625 0.9489633171875 0.329514825 0.94816586875 0.372641509375 0.93740031875 0.3814016171875 0.9078947375 0.3814016171875 0.901116428125 0.3955525609375 0.897926634375 0.4130727765625 0.898325359375 0.419137465625 0.9023125999999999 0.419137465625 0.9094896328125 0.4083557953125 0.93740031875 0.40296495937500004 0.9461722484375 0.4097035046875 0.9493620421875001 0.419137465625 0.9692982453125 0.41374663125 0.9748803828125 0.42048517500000004 0.9856459328125 0.4211590296875 1 0.40633423124999996 1 0.3429919140625
0 0.370813396875 0.564016171875 0.3767942578125 0.5566037734375 0.3855661875 0.5566037734375 0.38875598125 0.561994609375 0.3907496015625 0.5518867921874999 0.40789473750000005 0.5283018875 0.427830940625 0.5296495953125 0.4421850078125 0.518867925 0.4433811796875 0.511455525 0.4366028703125 0.51617250625 0.427830940625 0.5134770890625 0.41586921875 0.5215633421875 0.392743221875 0.508086253125 0.381977671875 0.48450134843750003 0.3859649125 0.458894878125 0.38078149843750003 0.4514824796875 0.3704146734375 0.4487870625 0.3568580546875 0.44743935312499994 0.3528708140625 0.45687331562500005 0.3417065390625 0.4514824796875 0.29864433749999997 0.4770889484375 0.291866028125 0.48450134843750003 0.29106858125 0.4979784359375 0.3066188203125 0.51617250625 0.31180223281249997 0.53032345 0.30701754375 0.549191375 0.3078149921875 0.5707547171875 0.3173843703125 0.599056603125 0.3261563 0.6044474390625 0.369617225 0.578167115625 0.370813396875 0.564016171875
0 0.5227272734375 0.9447439359375001 0.585725678125 0.8746630734374999 0.6790271125 0.7924528296875 0.7930622015625 0.6819407015625 0.8034290265624999 0.667115903125 0.8122009562500001 0.6630727765625 0.848086125 0.622641509375 0.9389952156250001 0.5404312671875 0.9653110046875 0.508086253125 0.9996012765625 0.481132075 1 0.41981132031249996 0.9732854859375 0.44339622656250005 0.9533492828125001 0.4770889484375 0.9529505578125 0.45080862499999996 0.946969696875 0.4501347703125 0.9405901109375 0.473045821875 0.8975279109375001 0.5067385437499999 0.8903508765625 0.52560646875 0.82894736875 0.578167115625 0.82336523125 0.578167115625 0.8229665078125 0.5694070078125 0.8301435406250001 0.5599730453125 0.8337320578125 0.536388140625 0.8440988828125 0.5336927218749999 0.8512759171875001 0.5404312671875 0.8592503984375 0.5390835578125001 0.87799043125 0.5154986515625 0.8688197765625001 0.510781671875 0.8600478468749999 0.49730458281249995 0.8353269531249999 0.49730458281249995 0.8074162671874999 0.48382749374999995 0.7803030296875 0.4622641515625 0.7492025515625 0.44609164375 0.7412280703125 0.44743935312499994 0.7384370015624999 0.47776280312499997 0.7424242421875 0.4898921828125 0.7468102078125 0.4959568734375 0.7659489640625 0.4959568734375 0.783891546875 0.53032345 0.7830940984375 0.564016171875 0.789473684375 0.5774932609375 0.7870813390625 0.617924528125 0.7830940984375 0.6300539078125 0.7715311 0.6442048515625001 0.7643540671875 0.6495956875 0.7452153109374999 0.6495956875 0.738835725 0.6778975734375 0.735247209375 0.67318059375 0.7344497609375 0.6610512125 0.7316586921875 0.6603773578125 0.6854066984375 0.6967654984375 0.6818181812499999 0.68665768125 0.6854066984375 0.6725067390625 0.6702551828125001 0.67520215625 0.658692184375 0.6677897578125 0.661881978125 0.6489218328125 0.6582934609375 0.640161725 0.6275917062499999 0.636792453125 0.6259968109375 0.5869272234375 0.6299840515625 0.5774932609375 0.630382775 0.5566037734375 0.6471291859375 0.5579514828125001 0.6582934609375 0.5498652296875 0.66307815 0.5525606468750001 0.6666666671875 0.5613207546875 0.664274321875 0.6314016171875 0.667065390625 0.6361185984375 0.67145135625 0.6300539078125 0.6730462515625 0.59097035 0.6881977671875 0.5451482484375 0.6897926640625001 0.512803234375 0.6961722484374999 0.50471698125 0.6937799046875 0.48450134843750003 0.702551834375 0.45754717031250003 0.7057416265625001 0.4386792453125 0.7041467296875 0.42520215625 0.6806220093750001 0.4110512125 0.65510366875 0.419137465625 0.6327751203124999 0.4177897578125 0.6244019140625 0.40633423124999996 0.6160287078125 0.3787062 0.5968899515625 0.3733153640625 0.5929027109375 0.3530997296875 0.5618022328125 0.34231805937500004 0.54106858125 0.34097035 0.5307017546874999 0.33423180625 0.5227272734375 0.3369272234375 0.5183413078125 0.3712938 0.5378787875000001 0.38544474375000004 0.543460925 0.396226415625 0.564992025 0.39892183281250004 0.575757575 0.4211590296875 0.5749601281250001 0.43328840937499996 0.5893141953125001 0.45215633437499997 0.60845295 0.4925876015625 0.60606060625 0.5087601078125 0.6076555031249999 0.5370619953125 0.6032695375 0.5471698109375 0.5909090906250001 0.55592991875 0.5909090906250001 0.573450134375 0.58452950625 0.609838275 0.588516746875 0.6300539078125 0.5761563 0.63342318125 0.564992025 0.6280323453125 0.55143540625 0.6522911046875 0.52990430625 0.6253369265625001 0.5223285484375 0.6502695421875 0.51874003125 0.6522911046875 0.5091706546875 0.6495956875 0.501196171875 0.6347708890625 0.47727272656249997 0.6388140156250001 0.454944178125 0.65633423125 0.446969696875 0.6549865234375 0.4397926640625 0.6442048515625001 0.4262360453125 0.648247978125 0.3823763953125 0.676549865625 0.3767942578125 0.6900269546875 0.3676236046875 0.6974393531249999 0.36682615625000004 0.758086253125 0.376395534375 0.7702156328124999 0.384768740625 0.791105121875 0.39433811875 0.791105121875 0.401913875 0.7998652296875 0.4082934609375 0.8146900265625 0.411483253125 0.8349056609375 0.41586921875 0.8355795140625 0.4174641140625 0.8450134765625 0.435007975 0.8463611859375 0.444178628125 0.8820754718750001 0.454944178125 0.8854447437499999 0.47448165937500003 0.8443396218749999 0.482456140625 0.8362533687499999 0.47846890000000003 0.8200808625 0.47767145156249996 0.7877358484375 0.48325358906250004 0.7702156328124999 0.4964114828125 0.75471698125 0.5195374796875 0.75471698125 0.5291068578125 0.746630728125 0.54625199375 0.704177896875 0.56259968125 0.685983828125 0.6040669859375 0.676549865625 0.6255980859375 0.6603773578125 0.6359649125 0.66576819375 0.6503189796875 0.6644204859375 0.6570972890625 0.6758760109375 0.66028708125 0.7095687328125 0.651913875 0.7223719671875 0.64393939375 0.7237196765625 0.6395534296875 0.741913746875 0.6204146734375 0.76617250625 0.619617225 0.7836927218749999 0.6299840515625 0.795822103125 0.629186603125 0.8066037734375 0.6240031890625 0.81536388125 0.5251196171875 0.9016172499999999 0.4924242421875 0.9339622640625 0.468500796875 0.966307278125 0.4529505578125 0.9750673859375001 0.45414672968750003 0.9959568734375001 0.47288676250000006 0.99528301875 0.4836523125 0.9784366578125001 0.5227272734375 0.9447439359375001
0 0.1435406703125 0.50471698125 0.147926634375 0.49730458281249995 0.18181818125 0.4925876015625 0.1937799046875 0.458894878125 0.188995215625 0.4400269546875 0.1905901109375 0.41846361249999997 0.18740031875000002 0.40498652343749997 0.1881977671875 0.390161725 0.19298245625 0.382075471875 0.191786284375 0.367924528125 0.18460925 0.367924528125 0.16547049375 0.3827493265625 0.16228070156250002 0.40700808593750004 0.153508771875 0.4110512125 0.1391547046875 0.4083557953125 0.13317384375000002 0.41846361249999997 0.1395534296875 0.42924528281249996 0.1403508765625 0.4548517515625 0.1327751203125 0.46630727812500006 0.115231259375 0.47169811250000004 0.1052631578125 0.511455525 0.10606060625 0.5195417796874999 0.1176236046875 0.5377358484375 0.12759170625 0.5438005390625 0.14114832500000002 0.5249326140624999 0.1435406703125 0.50471698125
0 0.6790271125 0.20754717031249997 0.6686602875000001 0.20754717031249997 0.6706539078125 0.293126684375 0.6754385968750001 0.295822103125 0.6802232859374999 0.21226415156249998 0.6790271125 0.20754717031249997
0 0.6953748 0.2809973046875 0.6974785453125001 0.2002392875 0.6866028703125 0.20417789687500001 0.6913875593750001 0.3079514828125 0.6953748 0.2809973046875
0 0.718500796875 0.22843665781250003 0.7220893140625 0.22237196718750002 0.7276714515625 0.22237196718750002 0.728070175 0.21765498593750002 0.72527910625 0.211590296875 0.7101275921875 0.20889487812500002 0.7061403515625 0.202156334375 0.7073365234375 0.293126684375 0.710526315625 0.3146900265625 0.71451355625 0.25 0.718500796875 0.22843665781250003
0 0.629186603125 0.329514825 0.63875598125 0.311994609375 0.6435406703125001 0.2877358484375 0.6594896328125001 0.24460916406250002 0.6590909093749999 0.20350404375000003 0.6407496015625 0.20754717031249997 0.63875598125 0.21495956875000002 0.641148325 0.2270889484375 0.6275917062499999 0.23113207500000002 0.6331738437500001 0.2473045828125 0.6275917062499999 0.27830188749999996 0.6275917062499999 0.318733153125 0.6216108453125 0.32479784375 0.6160287078125 0.323450134375 0.6120414671875001 0.33153638750000003 0.60566188125 0.32479784375 0.5925039875 0.3254716984375 0.59529505625 0.3301886796875 0.60047846875 0.328167115625 0.6040669859375 0.35849056562500003 0.6144338125 0.361185984375 0.6204146734375 0.3685983828125 0.6275917062499999 0.3497304578125 0.629186603125 0.329514825
0 0.58452950625 0.18665768124999998 0.566586921875 0.1913746625 0.563795853125 0.2028301890625 0.5693779906249999 0.206873315625 0.5801435406250001 0.20350404375000003 0.58452950625 0.18665768124999998
0 0.528309409375 0.2479784359375 0.5255183406249999 0.2526954171875 0.5255183406249999 0.274258759375 0.5390749593749999 0.27830188749999996 0.534290271875 0.248652290625 0.528309409375 0.2479784359375
0 0.5729665078124999 0.26415094375 0.5769537484375 0.26954177968750004 0.5821371609375 0.2634770890625 0.5809409890625 0.21024258750000002 0.57854864375 0.227762803125 0.561004784375 0.2318059296875 0.555821371875 0.239218328125 0.5653907499999999 0.27830188749999996 0.5697767140625001 0.26684636093749997 0.5729665078124999 0.26415094375