1 0.5796875 0.4296875 0.21484375 0.11484375
1 0.69609375 0.721875 0.12265625 0.17265625
1 0.5640625 0.753125 0.178125 0.17578125
1 0.28125 0.56484375 0.1015625 0.1375
1 0.74765625 0.38515625 0.11171875 0.14609375
1 0.93828125 0.7125 0.1234375 0.225
1 0.775 0.58828125 0.121875 0.1203125
1 0.66875 0.55390625 0.15 0.10390625
1 0.89296875 0.55078125 0.16015625 0.1484375
1 0.86484375 0.37421875 0.06875 0.128125
1 0.48984375 0.34140625 0.04765625 0.04375
1 0.2 0.4265625 0.06875 0.0546875
1 0.12421875 0.4296875 0.06015625 0.05
1 0.31328125 0.403125 0.05546875 0.04609375
0 0.49394673125 0.9786845312500001 0.4903147703125 0.9713763703125 0.49092009687499993 0.947015834375 0.48728813593750003 0.9397076734375001 0.48970944375 0.9153471375000001 0.48607748125 0.9080389765625 0.48789346250000004 0.883678440625 0.48426150156250003 0.8605359312499999 0.48153752968749997 0.8587088921875001 0.4785108953125 0.8635809984374999 0.47487893437500006 0.8501827046875 0.4664043578125 0.845310596875 0.450363196875 0.8447015828125 0.47487893437500006 0.8404384890625 0.47972155 0.845310596875 0.483050846875 0.8386114499999999 0.474576271875 0.7253349578125 0.467917675 0.669305725 0.4630750609375 0.6559074296875 0.4600484265625 0.5669914734375 0.45338983125 0.54628501875 0.46246973437500005 0.53775883125 0.46428571406249997 0.5036540796875 0.46035108906250005 0.498172959375 0.4549031484375 0.4993909859375 0.45460048437499995 0.48903775937500005 0.45096852343749994 0.482947625 0.44430992812500003 0.40986601718750004 0.43341404375000003 0.4013398296875 0.42917675468749994 0.3562728375 0.428571428125 0.3124238734375 0.4309927359375 0.29293544531250004 0.42485106874999995 0.241728209375 0.41779009375 0.2112956 0.4079903140625 0.28562728437499996 0.404358353125 0.3124238734375 0.3964891046875 0.336784409375 0.3898305078125 0.3733252125 0.3855932203125 0.387941534375 0.37893462499999997 0.3952496953125 0.38196125937500003 0.40255785624999996 0.3813559328125 0.4208282578125 0.37711864375 0.42691839218750005 0.3783292984375 0.43422655312499997 0.3725786921875 0.4372716203125 0.3692493953125 0.4500609015625 0.37288135625 0.47198538437500004 0.3665254234375 0.4713763703125 0.3674334140625 0.48172959843749996 0.36531477031250004 0.4835566375 0.3625907984375 0.48172959843749996 0.363801453125 0.4732034109375 0.3601694921875 0.4732034109375 0.3601694921875 0.48172959843749996 0.35593220312499996 0.4902557859375 0.35593220312499996 0.5012180265625 0.351694915625 0.5048721078125 0.3535108953125 0.5133982953125 0.34533898281250003 0.5164433625 0.345641646875 0.52923264375 0.33656174375000003 0.5365408031250001 0.3341404359375 0.5584652859375 0.3292978203125 0.5621193671875 0.3280871671875 0.577953715625 0.32536319687500004 0.5834348359375 0.31446731250000004 0.587088915625 0.31083535156250003 0.5943970765625 0.2978208234375 0.59744214375 0.2987288140625 0.6053593171875 0.303268765625 0.6071863578125 0.29963680312499996 0.616930571875 0.29963680312499996 0.6242387328125 0.303268765625 0.6327649203125 0.3038740921875 0.65225335 0.3026634375 0.718026796875 0.30024213125 0.7168087703125 0.29812348593750004 0.6918392203125 0.295399515625 0.6948842875000001 0.29116222812500003 0.7168087703125 0.2838983046875 0.726552984375 0.283292978125 0.7509135203125 0.28026634375000004 0.75822168125 0.28026634375000004 0.76674786875 0.2778450359375 0.76674786875 0.275121065625 0.7551766140625 0.26392251875 0.798416565625 0.25151331718750003 0.8148599265625001 0.2351694921875 0.8038976859375 0.2260895890625 0.802679659375 0.22003632031249998 0.8038976859375 0.21125907968750002 0.8191230203125001 0.21186440625 0.8398294765625 0.21519370468750001 0.845310596875 0.23274818437499997 0.8465286234375 0.234866828125 0.8507917171875 0.23849878906250002 0.875152253125 0.23849878906250002 0.8934226546874999 0.234866828125 0.900730815625 0.2354721546875 0.9080389765625 0.23153752968750002 0.9244823390624999 0.22972155 0.9147381250000001 0.224878934375 0.9159561515625001 0.22366828125 0.9220462843749999 0.21973365625 0.9165651640625001 0.2191283296875 0.934835565625 0.22154963749999998 0.9397076734375001 0.21670702187500002 0.9457978078125 0.2130750609375 0.9713763703125 0.20399515781250002 0.981120584375 0.2073244546875 0.9951278921875 0.2182203390625 0.9975639468749999 0.4854721546875 0.9969549328125 0.4903147703125 0.9933008531249999 0.49394673125 0.9786845312500001
0 0.1767554484375 0.9908647984375 0.1761501203125 0.976248478125 0.169491525 0.9665042625 0.1658595640625 0.9506699140625001 0.1646489109375 0.9031668703125 0.168583534375 0.9110840437500001 0.1710048421875 0.904993909375 0.1870460046875 0.8946406828125 0.186440678125 0.8861144937500001 0.1809927359375 0.8800243609375 0.1788740921875 0.8696711328125 0.1719128328125 0.875152253125 0.16676755468749999 0.8989037765625 0.157082325 0.8989037765625 0.1486077484375 0.9074299640625 0.1404358359375 0.9263093781249999 0.1398305078125 0.9555420218749999 0.13468522968750002 0.9561510359375 0.129842615625 0.9232643125 0.1104721546875 0.9159561515625001 0.093825665625 0.8946406828125 0.0859564171875 0.870280146875 0.08625907968749999 0.8392204624999999 0.0602300234375 0.836784409375 0.0450968515625 0.8380024359375 0.0405569 0.8447015828125 0.047215496875 0.8763702796875 0.0447941890625 0.8922046281249999 0.045399515625 0.9190012187500001 0.037227603124999994 0.9293544453125 0.022094431249999998 0.9378806328125 0.016343825 0.9591961015624999 0.015133171875 0.9823386109375001 0.0075665859375 0.9853836781249999 0.003934625 0.9817295984375001 0 0.9920828265624999 0.003934625 0.9987819734375 0.1428571421875 0.9993909859375 0.1655569 0.9987819734375 0.1767554484375 0.9908647984375
0 0.79661016875 0.8447015828125 0.7947941890625 0.8300852624999999 0.8008474578125 0.81790499375 0.8044794187500001 0.8008526187499999 0.8069007265625 0.7728380031250001 0.7969128328124999 0.764920828125 0.7848062953125 0.764920828125 0.7805690078125 0.7697929359375 0.767251815625 0.7710109625 0.765133171875 0.7740560296875 0.7654358359375 0.790499390625 0.7515133171875 0.7856272843750001 0.7454600484375 0.7953714984375 0.7406174328125 0.7856272843750001 0.732748184375 0.7892813640624999 0.72972155 0.799025578125 0.7248789343750001 0.7917174171875 0.7176150125 0.7917174171875 0.7103510890625 0.8014616328124999 0.7061138015624999 0.7953714984375 0.6952179171874999 0.8014616328124999 0.682506053125 0.7978075515625 0.6770581109375 0.8063337390624999 0.6746368031250001 0.7978075515625 0.662530265625 0.8099878203124999 0.6552663437499999 0.8087697921875 0.6476997578125 0.821559075 0.6537530265625 0.8532277703125001 0.6525423734375 0.8617539578125 0.6558716703125 0.8672350796874999 0.668280871875 0.866626065625 0.791464890625 0.8526187578125001 0.79661016875 0.8447015828125
0 0.5154358359375 0.8818514000000001 0.571731234375 0.87697929375 0.5720338984375 0.8300852624999999 0.496065375 0.836784409375 0.495157384375 0.849573690625 0.49818401874999996 0.878806334375 0.5030266343750001 0.8922046281249999 0.5063559328125 0.8855054812500001 0.5154358359375 0.8818514000000001
0 0.9730629546875 0.794153471875 0.9470338984375 0.7892813640624999 0.9300847453125 0.7978075515625 0.9155569 0.796589525 0.9119249390625 0.8063337390624999 0.9037530265625 0.8130328875 0.9019370453125 0.8361753953125 0.9058716703125 0.8380024359375 0.9197941890625 0.8696711328125 0.9300847453125 0.8781973203125 0.9349273609375001 0.89403166875 0.94158595625 0.8976857484374999 0.94945520625 0.9183922046875 0.9615617437499999 0.904993909375 0.9736682812499999 0.9062119359375 0.9800242125 0.9153471375000001 0.9863801453125 0.93666260625 0.9912227609375 0.9390986609375 0.9924334140625 0.9451887937500001 1 0.947015834375 0.9996973359375 0.8099878203124999 0.9730629546875 0.794153471875
0 0.5926150125 0.22838002500000001 0.592917675 0.22046285000000002 0.5487288140625 0.21802679687499998 0.543583534375 0.22228989062500001 0.555387409375 0.243605359375 0.581719128125 0.24421437343750002 0.5844431 0.231425090625 0.5926150125 0.22838002500000001
0 0.52209443125 0.21680877031249998 0.5027239703124999 0.21559074374999998 0.49848668281249997 0.2107186359375 0.43129540000000005 0.2107186359375 0.4188861984375 0.21498172968749998 0.4191888625 0.222898903125 0.424636803125 0.222898903125 0.4276634375 0.21559074374999998 0.43734866875 0.22168087656250002 0.45066585937500003 0.21437271562500002 0.45338983125 0.2174177828125 0.45460048437499995 0.22959805156250002 0.4591404359375 0.231425090625 0.5136198546874999 0.23020706406250002 0.51815980625 0.2344701578125 0.5248184015625 0.22959805156250002 0.52209443125 0.21680877031249998
0 0.6688861984375001 0.2551766140625 0.6710048421875 0.24604141249999997 0.71579903125 0.24604141249999997 0.7176150125 0.235079171875 0.7197336562500001 0.23690621250000002 0.717917675 0.24543240000000002 0.7218523 0.2557856265625 0.7375907984375 0.2618757609375 0.7648305078125001 0.2618757609375 0.7687651328125 0.24543240000000002 0.7657384984375 0.23690621250000002 0.7684624703125 0.23264311875 0.7799636796875 0.231425090625 0.875 0.235079171875 0.8901331718750001 0.2399512796875 0.8937651328125 0.2484774671875 0.9845641640625 0.24969549375 0.9990920093750001 0.24604141249999997 1 0.2198538375 0.9349273609375001 0.22046285000000002 0.93371670625 0.231425090625 0.9270581109375 0.22046285000000002 0.9076876515625001 0.2192448234375 0.5986682812499999 0.2210718640625 0.59897094375 0.23020706406250002 0.608656175 0.231425090625 0.617736078125 0.24482338593750003 0.6174334140625 0.2539585875 0.620157384375 0.25943970781250003 0.6646489109375 0.2637028015625 0.67130750625 0.26126674843750003 0.6688861984375001 0.2551766140625