1 0.128125 0.734375 0.25546875 0.41640625
1 0.28125 0.1046875 0.29921875 0.10546875
1 0.30390625 0.653125 0.0859375 0.1
0 0.098098859375 0.013527575 0.095057034375 0.024973985937500002 0.089733840625 0.03121748125 0.081368821875 0.055150884375 0.078326996875 0.0759625390625 0.0676806078125 0.0936524453125 0.0486692015625 0.1498439125 0.0463878328125 0.1768990640625 0.0532319390625 0.18834547343750002 0.0707224328125 0.18938605625 0.077566540625 0.1945889703125 0.096577946875 0.22996878281250002 0.104182509375 0.24037460937500002 0.11254752812499999 0.2434963578125 0.115589353125 0.23829344375 0.115589353125 0.2278876171875 0.108745246875 0.2039542140625 0.109505703125 0.1488033296875 0.101901140625 0.13319458906249998 0.10266159687500001 0.11134235156250001 0.111026615625 0.072840790625 0.111026615625 0.019771071874999997 0.107984790625 0.0104058265625 0.098098859375 0.013527575
0 0 0.4131113421875 0.0076045625 0.39438085312500004 0.01444866875 0.3891779390625 0.02205323125 0.3995837671875 0.0319391640625 0.42559833437499994 0.0365019015625 0.5161290328125 0.041064639062500005 0.5359001046875 0.0509505703125 0.5525494281250001 0.0577946765625 0.5567117578125 0.11634980937499999 0.54630593125 0.1406844109375 0.54630593125 0.2136882125 0.7492195625 0.2418250953125 0.8002081171875 0.2570342203125 0.8553590015625 0.2631178703125 0.8626430796875001 0.285171103125 0.85848075 0.291254753125 0.8511966703124999 0.292775665625 0.8345473468750001 0.2745247140625 0.804370446875 0.25855513281250003 0.76690946875 0.2479087453125 0.720083246875 0.2372623578125 0.64724245625 0.2479087453125 0.592091571875 0.2539923953125 0.48907388125000006 0.278326996875 0.451612903125 0.29505703437499997 0.43704474531250004 0.308745246875 0.41831425624999996 0.3353612171875 0.4068678453125 0.3665399234375 0.3714880328125 0.4448669203125 0.3204994796875 0.47072243281250004 0.293444328125 0.4722433453125 0.2788761703125 0.4501901140625 0.2747138390625 0.4372623578125 0.2892819984375 0.41596958125 0.29552549375 0.39011406875 0.3163371484375 0.3536121671875 0.3288241421875 0.3300380234375 0.3423517171875 0.322433459375 0.3662851203125 0.317110265625 0.37356919843749997 0.29505703437499997 0.38397502656250004 0.281368821875 0.4058272625 0.2471482890625 0.420395421875 0.2425855515625 0.4308012484375 0.2425855515625 0.4443288234375 0.2387832703125 0.4568158171875 0.2311787078125 0.47242455781250003 0.2250950578125 0.4745057234375 0.2167300375 0.45993756562500004 0.20304182499999998 0.4495317375 0.1688212921875 0.447450571875 0.1406844109375 0.45369406874999996 0.1323193921875 0.4484911546875 0.121673003125 0.4308012484375 0.11254752812499999 0.40478668124999995 0.107984790625 0.3537981265625 0.10494296562500001 0.3496357953125 0.090494296875 0.34755463125 0.084410646875 0.3402705515625 0.08212927812500001 0.3267429765625 0.085931559375 0.3007284078125 0.081368821875 0.2892819984375 0.062357414062500005 0.2611862640625 0.041064639062500005 0.24037460937500002 0.003041825 0.235171696875 0 0.236212278125 0 0.4131113421875
0 0.704942965625 0.147762746875 0.701140684375 0.165452653125 0.702661596875 0.21956295468749998 0.707224334375 0.23309053125 0.712547528125 0.2320499484375 0.716349809375 0.22476586875 0.723954371875 0.1789802296875 0.721673003125 0.147762746875 0.715589353125 0.14151925 0.7095057031249999 0.14151925 0.704942965625 0.147762746875
0 0.9064638781250001 0.14151925 0.903422053125 0.1508844953125 0.9087452468749999 0.1800208109375 0.9292775671875001 0.19875130000000002 0.9482889734375 0.191467221875 0.9528517109375001 0.1748178984375 0.9452471484375 0.143600415625 0.913307984375 0.13839750312500002 0.9064638781250001 0.14151925
0 0.78174905 1 0.78250950625 0.9968782515625 0.78250950625 0.9354838703125001 0.7711026609375 0.9125910515625 0.7650190109375 0.91155046875 0.7566539921875 0.9188345468750001 0.7505703421875001 0.9396462015625 0.7444866921875 1 0.78174905 1
0 0.680608365625 0.7856399578125 0.685171103125 0.7929240375 0.689733840625 0.812695109375 0.696577946875 0.8855359 0.704182509375 0.8980228921875 0.716349809375 0.901144640625 0.720152090625 0.9063475546875001 0.723193915625 0.899063475 0.7338403046875001 0.8949011453125 0.7368821296875 0.88969823125 0.7384030421875 0.8688865765625 0.7361216734375 0.856399584375 0.714068440625 0.8220603531249999 0.694296578125 0.8033298640625001 0.681368821875 0.7721123828125 0.680608365625 0.7856399578125
0 0.9429657796875001 0.03121748125 0.9391634984375001 0.041623309375 0.9307984796875 0.0364203953125 0.9140684406249999 0.037460978125 0.876806084375 0.043704475 0.8692015203125001 0.052029135937500005 0.878326996875 0.0645161296875 0.9155893531249999 0.081165453125 0.9665399234375001 0.0676378765625 0.9695817484375 0.063475546875 0.9703422046875 0.0499479703125 0.9657794671875 0.033298646875 0.9589353609375 0.0228928203125 0.9513307984375 0.0228928203125 0.9429657796875001 0.03121748125
0 1 0.345473465625 0.9756653999999999 0.30385015625 0.9634980984375 0.2986472421875 0.917110265625 0.293444328125 0.8973384031249999 0.2965660765625 0.881368821875 0.3069719046875 0.875285171875 0.315296565625 0.8714828890625 0.3319458890625 0.8874524718749999 0.345473465625 0.8973384031249999 0.3444328828125 0.9019011406249999 0.367325703125 0.905703421875 0.3714880328125 0.924714828125 0.3714880328125 0.9376425859375 0.3818938609375 0.9574144484374999 0.38085327812499997 0.9733840296875 0.37044745 0.9771863125 0.37044745 0.9847908750000001 0.3798126953125 1 0.37460978125 1 0.345473465625
0 0.8418250953124999 1 0.8433460078125 0.986472425 0.8494296578125 0.97398543125 0.8676806078125001 0.96878251875 0.8737642578125 0.9614984390625001 0.881368821875 0.9281997921875 0.891254753125 0.8366285124999999 0.8836501906249999 0.7970863687499999 0.8859315593750001 0.7585848078125 0.8836501906249999 0.7460978140625001 0.8730038015625 0.7336108218749999 0.8509505703125001 0.6867846 0.79163498125 0.68262226875 0.7749049421875001 0.6940686781250001 0.7688212921875001 0.6940686781250001 0.7619771859375 0.6867846 0.7368821296875 0.67429760625 0.7307984796875 0.6638917796875 0.720912546875 0.6566077 0.714068440625 0.6566077 0.695817490625 0.6638917796875 0.688973384375 0.6836628515625 0.688212928125 0.6982310093749999 0.695817490625 0.70447450625 0.702661596875 0.720083246875 0.717110265625 0.7336108218749999 0.7353612171874999 0.764828303125 0.7589353609375 0.7939646203125 0.7695817484374999 0.826222684375 0.784790875 0.852237253125 0.7954372625 0.8595213312500001 0.8174904937499999 0.861602496875 0.8357414453124999 0.88137356875 0.8380228140625 0.9021852234375001 0.8281368828125 0.9438085328125 0.8258555140625001 0.988553590625 0.8273764265624999 1 0.8418250953124999 1
0 0.8053231937499999 0.14568158125 0.79619771875 0.1571279921875 0.78174905 0.165452653125 0.7741444859375 0.17585848125 0.7733840296875 0.18314255937499999 0.7863117875000001 0.1862643078125 0.79163498125 0.1966701359375 0.8045627375000001 0.1966701359375 0.8479087453125 0.187304890625 0.8737642578125 0.173777315625 0.8737642578125 0.1592091578125 0.8661596953125 0.1498439125 0.8562737640625 0.1446409984375 0.8349809890625 0.1488033296875 0.8273764265624999 0.1425598328125 0.8190114062499999 0.1425598328125 0.8053231937499999 0.14568158125
0 0.8174904937499999 0.270551509375 0.8190114062499999 0.27991675312500003 0.8106463875 0.2809573359375 0.79391635 0.292403746875 0.7885931562499999 0.292403746875 0.78098859375 0.28407908437499996 0.7612167296875 0.28616025 0.7634980984374999 0.299687825 0.7680608359375001 0.2986472421875 0.7749049421875001 0.30385015625 0.7741444859375 0.3121748171875 0.7673003796875 0.3204994796875 0.7513307984375001 0.3215400625 0.7513307984375001 0.34755463125 0.7543726234375 0.34755463125 0.7566539921875 0.341311134375 0.7634980984374999 0.3433923 0.7756654000000001 0.337148803125 0.79619771875 0.3402705515625 0.796958175 0.3558792921875 0.903422053125 0.3558792921875 0.898098859375 0.3517169609375 0.9041825093750001 0.34755463125 0.9041825093750001 0.2965660765625 0.8828897343750001 0.2986472421875 0.8692015203125001 0.292403746875 0.8387832703125 0.26638917812499996 0.8250950578125 0.26014568125 0.8174904937499999 0.270551509375
0 0.5475285171875 1 0.5437262359374999 0.9667013531249999 0.520152090625 0.9375650359375 0.5163498093750001 0.9063475546875001 0.476806084375 0.8688865765625 0.4608365015625 0.861602496875 0.44638783281250005 0.8428720078125 0.4456273765625 0.8158168578125 0.44182509531249997 0.7981269515625 0.44714828906250004 0.7898022890624999 0.44182509531249997 0.7804370453125 0.4539923953125 0.786680540625 0.46844106406249997 0.7825182109375 0.481368821875 0.7710718 0.489733840625 0.737773153125 0.496577946875 0.7336108218749999 0.49961977187500006 0.7252861609375 0.49809885937500004 0.7148803328125 0.486692015625 0.71383975 0.4714828890625 0.7190426640625 0.4608365015625 0.7284079078125 0.4608365015625 0.7617065562499999 0.45703422031249996 0.7700312171875 0.44790874531249997 0.7762747140624999 0.42889733906250005 0.7793964625 0.41749049375 0.7918834546875 0.4228136875 0.841831425 0.41520912499999996 0.8636836625000001 0.40684410625 0.8730489078125 0.3741444859375 0.8886576484375001 0.36730037968749996 0.899063475 0.3634980984375 0.913631634375 0.3665399234375 0.929240375 0.36730037968749996 1 0.5475285171875 1