1 0.62578125 0.44609375 0.15703125 0.15859375
1 0.76015625 0.33203125 0.17734375 0.13046875
1 0.10546875 0.57890625 0.2109375 0.2640625
1 0.0515625 0.9078125 0.103125 0.184375
1 0.07578125 0.30234375 0.07265625 0.078125
1 0.36875 0.27421875 0.1 0.06015625
1 0.4765625 0.2265625 0.09453125 0.084375
1 0.740625 0.21328125 0.2109375 0.08984375
1 0.9703125 0.24921875 0.059375 0.11015625
1 0.51484375 0.346875 0.21953125 0.13125
1 0.2890625 0.05859375 0.0578125 0.07890625
1 0.27734375 0.178125 0.121875 0.06640625
1 0.08515625 0.196875 0.05390625 0.059375
0 1 0.3142011828125 0.9568965515625001 0.3136094671875 0.9495820265624999 0.311242603125 0.94644723125 0.3029585796875 0.9417450359374999 0.3029585796875 0.9339080453124999 0.31597633125 0.9098746078125 0.3147929 0.90412748125 0.3396449703125 0.8905433640625 0.351479290625 0.8780041796875 0.34792899374999997 0.8743469171875 0.33254437812500004 0.8670323921875 0.3278106515625 0.8513584109375 0.32662721875 0.8453500515625001 0.357988165625 0.8443051203125 0.37573964531250004 0.83490073125 0.3828402359375 0.8450888187500001 0.383431953125 0.847439915625 0.3804733734375 0.8497910140625 0.3656804734375 0.85971786875 0.3656804734375 0.8743469171875 0.3822485203125 0.87460815 0.3923076921875 0.86990595625 0.4301775140625 0.867554859375 0.43550295781250004 0.8628526640624999 0.43550295781250004 0.8599791015625 0.44437869843750005 0.8599791015625 0.4810650890625 0.857366771875 0.48816568125000004 0.8594566359375 0.4976331359375 0.8513584109375 0.5005917156249999 0.84770115 0.5088757390625 0.8463949843749999 0.4775147921875 0.8516196453125 0.4704142015625 0.8531870421875001 0.43964497031249994 0.84691745 0.4289940828125 0.843521421875 0.415384615625 0.8330721000000001 0.421301775 0.8200104500000001 0.44378698281249995 0.8116509921875 0.43076923125000005 0.8098223609374999 0.440828403125 0.81086729375 0.45147929062500003 0.8194879828125 0.45325443749999994 0.8218390796874999 0.4704142015625 0.8158307203125 0.48402366875 0.8053813999999999 0.48520709999999995 0.797544409375 0.4745562125 0.7923197484375 0.478106509375 0.7839602921875 0.47573964531249996 0.777168234375 0.463905325 0.770376175 0.468639053125 0.761494253125 0.46508875781250003 0.759665621875 0.45739644999999995 0.7601880875 0.4502958578125 0.7667189125 0.44023668593750004 0.7776907 0.44142011875 0.780825496875 0.4497041421875 0.7949320796875 0.447337278125 0.8027690703125 0.45088757343749997 0.8056426328124999 0.436094675 0.8022466046875 0.4248520703125 0.770376175 0.42011834375 0.7609717875 0.40946745625 0.7567920578125 0.4343195265625 0.7510449328125001 0.44142011875 0.7432079421875 0.44260355 0.737460815625 0.44023668593750004 0.7332810875 0.42366863906249996 0.72413793125 0.41834319531249997 0.721786834375 0.3917159765625 0.7207419015625 0.40118343125000006 0.7165621734375 0.40118343125000006 0.6899164046874999 0.395266271875 0.68625914375 0.39053254375 0.6844305125 0.3982248515625 0.68625914375 0.40473372812499997 0.7048066875 0.42189349062500003 0.7058516203125 0.48816568125000004 0.7019331249999999 0.5005917156249999 0.6977533953124999 0.49704142031250004 0.6771159875 0.5106508875 0.6771159875 0.5331360953125001 0.6745036578125 0.54260355 0.6745036578125 0.5532544374999999 0.6692789968749999 0.568639053125 0.6656217343749999 0.6491124265625 0.6632706374999999 0.65207100625 0.6603970734375 0.643195265625 0.6603970734375 0.5698224859375001 0.6567398125 0.559171596875 0.6556948796875 0.54142011875 0.6486415890624999 0.5349112421875 0.6308777421875 0.5372781062499999 0.6285266453125 0.54260355 0.62643678125 0.5757396453125 0.6285266453125 0.5970414203125001 0.6243469171875 0.6124260359375 0.62539185 0.6668639046875 0.62356321875 0.6686390531249999 0.6233019859375 0.6076923078124999 0.621212121875 0.5970414203125001 0.622257053125 0.568639053125 0.61990595625 0.5609467453125 0.6115465 0.562130178125 0.6047544406250001 0.5704142015625 0.59587251875 0.5656804734375 0.588035528125 0.5739644968750001 0.5849007312500001 0.5846153843749999 0.5807210031250001 0.58816568125 0.5799373046875 0.58402366875 0.5807210031250001 0.562130178125 0.5932601875 0.5562130171875 0.606583071875 0.54260355 0.6071055375000001 0.5284023671875 0.6016196453125 0.49822485156249996 0.5943051203125 0.49467455625 0.5828108671875001 0.479289940625 0.553030303125 0.46035502968750003 0.5478056421875 0.4544378703125 0.5451933125 0.44378698281249995 0.5389237203125 0.448520709375 0.5195924765625 0.448520709375 0.514367815625 0.46982248593750003 0.47831765937500004 0.4828402359375 0.46447230937499995 0.45384615312500004 0.46264367812499996 0.44260355 0.455329153125 0.4390532546875 0.451149425 0.4295857984375 0.44644723124999997 0.427218934375 0.443312434375 0.416568046875 0.43913270625 0.41775147968750004 0.4323406484375 0.43550295781250004 0.423981190625 0.43550295781250004 0.4198014625 0.42011834375 0.41431556875000003 0.41715976406250005 0.4148380359375 0.4088757390625 0.4124869390625 0.40355029531250003 0.410135840625 0.4076923078125 0.4117032390625 0.41834319531249997 0.40778474375 0.42366863906249996 0.4046499484375 0.4106508875 0.3905433640625 0.41420118281249996 0.37277951875 0.3917159765625 0.3456112859375 0.3775147921875 0.3377742953125 0.3550295859375 0.325757575 0.336094675 0.3106060609375 0.32899408281250003 0.301201671875 0.3301775140625 0.2944096140625 0.3076923078125 0.2886624875 0.3041420125 0.2787356328125 0.2816568046875 0.2714211078125 0.2804733734375 0.2667189125 0.29230769218749997 0.2622779515625 0.284615384375 0.26201671875 0.2710059171875 0.2567920578125 0.2662721890625 0.24268547499999998 0.267455621875 0.23928944687499998 0.262130178125 0.2317136890625 0.2284023671875 0.2207419015625 0.23313609531249999 0.21394984374999998 0.24142011874999997 0.195141065625 0.2390532546875 0.1925287359375 0.2284023671875 0.188087775 0.22899408281250003 0.18469174531250002 0.194082840625 0.1833855796875 0.242011834375 0.1888714734375 0.256804734375 0.1925287359375 0.2556213015625 0.20036572656249999 0.26272189375 0.2123824453125 0.29349112499999996 0.216300940625 0.2964497046875 0.21943573593750001 0.3130177515625 0.22988505781250002 0.337869821875 0.2358934171875 0.40118343125000006 0.2398119125 0.39112426093749997 0.2398119125 0.40059171562499996 0.2377220484375 0.40414201250000004 0.2390282125 0.4284023671875 0.22805642656249997 0.44023668593750004 0.22021943593749999 0.4343195265625 0.21682340625 0.42662721875000004 0.216300940625 0.39467455625 0.20924764843750002 0.38816568125 0.2040229890625 0.38934911250000004 0.20036572656249999 0.372781065625 0.18469174531250002 0.36923076875 0.174764890625 0.3502958578125 0.1718913265625 0.3402366859375 0.169278996875 0.3035502953125 0.1648380359375 0.311242603125 0.1598746078125 0.284615384375 0.1556948796875 0.2763313609375 0.1562173453125 0.2467455625 0.15909090937499998 0.24023668593749997 0.1617032390625 0.2390532546875 0.17163009375 0.2532544375 0.1771159875 0.25029585781249997 0.17763845312499998 0.232544378125 0.17293625937499998 0.2088757390625 0.16118077343749998 0.19289940781249998 0.1570010453125 0.195266271875 0.15177638437500002 0.18816568125 0.1413270640625 0.1893491125 0.1256530828125 0.17869822500000002 0.12277951875 0.1923076921875 0.1256530828125 0.21301775156249997 0.1413270640625 0.2071005921875 0.14681295781249998 0.2136094671875 0.14367816093750002 0.2491124265625 0.14681295781249998 0.2763313609375 0.1455067921875 0.30177514843750003 0.14158829687500002 0.284615384375 0.1405433640625 0.253846153125 0.13375130625 0.23136094687500003 0.134273771875 0.2230769234375 0.1266980140625 0.21538461562500003 0.1206896546875 0.2491124265625 0.1206896546875 0.2893491125 0.1188610234375 0.2958579875 0.11285266406250001 0.3 0.1123301984375 0.321301775 0.10475444062499999 0.33372781093750004 0.0979623828125 0.33372781093750004 0.08646812968749999 0.343195265625 0.0472831765625 0.342011834375 0.0394461859375 0.31597633125 0.035788923437499995 0.342011834375 0.028213165624999998 0.273964496875 0.0159352140625 0.2662721890625 0.0135841171875 0.2893491125 0.025078370312499997 0.388757396875 0.025078370312499997 0.4289940828125 0.023510971875 0.4301775140625 0.02298850625 0.41834319531249997 0.0195924765625 0.41183431875 0 0.42189349062500003 0 0.48934911249999996 0.0039184953125 0.4911242609375 0.0237722046875 0.48520709999999995 0.02664576875 0.47396449687500003 0.0274294671875 0.4390532546875 0.028735632812500002 0.4562130171875 0.0352664578125 0.4769230765625 0.0796760703125 0.463905325 0.10893416874999999 0.448520709375 0.1256530828125 0.45207100625 0.1280041796875 0.43727810624999996 0.1248693828125 0.38402366875 0.1256530828125 0.3502958578125 0.126959246875 0.3863905328125 0.13009404375 0.4017751484375 0.133228840625 0.44911242656250006 0.14759665625 0.48402366875 0.1570010453125 0.4863905328125 0.16745036562499999 0.49822485156249996 0.18573667656249998 0.49704142031250004 0.19566353125 0.5124260359374999 0.21185997968749998 0.5076923078125 0.2275339609375 0.5124260359374999 0.23197492187500002 0.5260355031249999 0.23197492187500002 0.5437869828124999 0.23014629062499997 0.5491124265625 0.21603970781249998 0.552662721875 0.2063740859375 0.5603550296875001 0.208986415625 0.5828402359375 0.2040229890625 0.6177514796875 0.20036572656249999 0.6082840234375 0.1961859984375 0.621301775 0.1920062703125 0.616568046875 0.17894461875 0.615384615625 0.127742946875 0.6390532546875 0.09900731406249999 0.656804734375 0.096394984375 0.6674556218750001 0.0911703234375 0.67337278125 0.0718390796875 0.6828402359375 0.0666144203125 0.689940828125 0.0519853703125 0.689940828125 0.0467607109375 0.679289940625 0.036833856250000005 0.6911242609375 0 0.6976331359375 0 0.8585798812500001 0.027951932812500004 0.846153846875 0.035788923437499995 0.83076923125 0.04989550625 0.83076923125 0.0634796234375 0.8118343187500001 0.07079414843750001 0.815384615625 0.07836990625 0.8704142015624999 0.0906478578125 0.8650887578124999 0.094566353125 0.8763313609375001 0.0940438875 0.8976331359374999 0.09822361562500001 0.9142011828125 0.09613375156250001 0.94142011875 0.09874608124999999 0.959171596875 0.099268546875 0.9863905328125 0.1021421109375 0.995266271875 0.1076280046875 0.9958579875 0.631922675 0.995266271875 0.643416928125 0.9917159765625 0.674242425 0.995266271875 0.9986938343749999 0.9940828406250001 1 0.5497041421875 0.9945141062499999 0.54792899375 0.9905956109374999 0.55207100625 0.9905956109374999 0.5603550296875001 0.9942528734374999 0.568639053125 0.9937304078125001 0.5923076921875 0.9856321843750001 0.626035503125 0.9621212124999999 0.6390532546875 0.955329153125 0.65207100625 0.9459247656249999 0.659171596875 0.9245036578124999 0.6603550296875 0.8942006265625 0.647337278125 0.8834900734375 0.6349112421875 0.8834900734375 0.620710059375 0.8798328109375 0.6017751484375 0.882445140625 0.5769230765625 0.8983803546875 0.532544378125 0.9297283171874999 0.5041420125 0.9454022984374999 0.49467455625 0.95846395 0.478106509375 0.9809299890625001 0.4769230765625 0.9832810875 0.47159763281249995 0.9911180765625 0.4384615390625 0.9955590390625 0.427218934375 1 0.4242603546875 1 0.3142011828125
0 0.47831765937500004 0.163313609375 0.437826540625 0.1769230765625 0.43913270625 0.18816568125 0.451671890625 0.1822485203125 0.4780564265625 0.189940828125 0.480146290625 0.1804733734375 0.47831765937500004 0.163313609375
0 0.4263322890625 0.2183431953125 0.423981190625 0.205917159375 0.4198014625 0.21183431874999997 0.40412748125000003 0.2071005921875 0.39028213125 0.2136094671875 0.3892372 0.23136094687500003 0.395245559375 0.24142011874999997 0.4098746078125 0.24497041406250003 0.414576803125 0.2532544375 0.421107628125 0.252662721875 0.4237199578125 0.2491124265625 0.4263322890625 0.2183431953125
0 0.5592998953125 0.19289940781249998 0.56374085625 0.1863905328125 0.56086729375 0.17396449687499999 0.54049111875 0.172781065625 0.537356321875 0.1550295859375 0.5274294671875001 0.153846153125 0.5133228843750001 0.1609467453125 0.48510971718749996 0.1609467453125 0.4832810875 0.16508875781250001 0.4832810875 0.1875739640625 0.485632184375 0.1917159765625 0.4913793109375 0.1893491125 0.5224660390625 0.1982248515625 0.528996865625 0.1917159765625 0.5592998953125 0.19289940781249998
0 0.7651515156250001 0.11715976406249999 0.750522465625 0.11715976406249999 0.7405956109375 0.111242603125 0.7322361546875 0.12189349062499999 0.7293625921875 0.13076923125 0.7285788921874999 0.162130178125 0.7654127484375 0.16272189374999999 0.7690700109375 0.1295857984375 0.7651515156250001 0.11715976406249999
0 0.5491118078125 0.2609467453125 0.545715778125 0.256804734375 0.5681818187500001 0.24615384687500003 0.5705329156250001 0.240828403125 0.561389759375 0.23313609531249999 0.52586206875 0.221301775 0.524555903125 0.25502958593749997 0.5167189125 0.2668639046875 0.5248171375 0.27337278125000003 0.530825496875 0.272781065625 0.548850575 0.267455621875 0.5491118078125 0.2609467453125