1 0.95859375 0.621875 0.04140625 0.05390625
1 0.8546875 0.89609375 0.059375 0.071875
1 0.4359375 0.79765625 0.04140625 0.0328125
1 0.6546875 0.734375 0.03125 0.05078125
1 0.2203125 0.94765625 0.0578125 0.1046875
1 0.7921875 0.9109375 0.0515625 0.04765625
1 0.80390625 0.8296875 0.0484375 0.04765625
1 0.58046875 0.9625 0.046875 0.0671875
1 0.715625 0.72421875 0.03046875 0.0375
1 0.559375 0.88046875 0.04375 0.04453125
1 0.91796875 0.7765625 0.04296875 0.05234375
1 0.8390625 0.96015625 0.0546875 0.07890625
1 0.72734375 0.79765625 0.0359375 0.05390625
1 0.01796875 0.40859375 0.0328125 0.05546875
1 0.67890625 0.71640625 0.03359375 0.040625
1 0.48984375 0.9484375 0.04375 0.04609375
1 0.06640625 0.55390625 0.04140625 0.05078125
1 0.5046875 0.9828125 0.06015625 0.034375
1 0.51328125 0.78984375 0.02734375 0.05546875
1 0.478125 0.78828125 0.03515625 0.0625
1 0.4828125 0.903125 0.034375 0.05234375
1 0.21171875 0.8578125 0.0359375 0.05546875
1 0.80546875 0.66015625 0.05234375 0.0625
1 0.0921875 0.90390625 0.05 0.08359375
1 0.88203125 0.69609375 0.02109375 0.040625
1 0.846875 0.6703125 0.02421875 0.0359375
1 0.9765625 0.82265625 0.028125 0.04453125
0 0.035592254687500005 0.4828150578125 0 0.49509001562500005 0.00028473750000000003 0.50081833125 0.00996583125 0.5090016359375 0.039863325 0.511456628125 0.041571754687500004 0.5081833062500001 0.035592254687500005 0.4828150578125
0 0.9103075171875 0.5695581015625 0.9182801828124999 0.5679214406249999 0.9216970390625001 0.55482815 0.9370728921874999 0.5351882156250001 0.9524487468749999 0.5433715218749999 0.9598519359375001 0.5351882156250001 0.980353075 0.5450081828125 0.9997152625 0.5417348609375 1 0.3903436984375 0.80609339375 0.3878887078125 0.782744875 0.3829787234375 0.7571184515625 0.38952536875 0.695615034375 0.3862520453125 0.6600227796875 0.3952536828125 0.6711275624999999 0.3993453359375 0.6921981781250001 0.432078559375 0.69447608125 0.44353518750000004 0.7013097953125 0.4386252046875 0.7047266515625 0.448445171875 0.7121298406250001 0.44517185000000004 0.715831434375 0.452536825 0.7178246015624999 0.472995090625 0.722095671875 0.46726677499999997 0.7257972671874999 0.448445171875 0.7343394078125 0.45008183281249997 0.74003416875 0.46808510625000005 0.7502847375 0.46644844531249996 0.7571184515625 0.4779050734375 0.7633826874999999 0.4746317515625 0.7719248296875 0.495908346875 0.7850227796875 0.49918166875000003 0.8032460140625 0.5171849421875 0.8112186781249999 0.53191489375 0.8283029609374999 0.5335515546875 0.8425398640624999 0.5564648125 0.8869589984375 0.5646481171875 0.892938496875 0.57201309375 0.9051822328125001 0.56301145625 0.9103075171875 0.5695581015625
0 0 0.8764320781249999 0.0205011390625 0.8764320781249999 0.04242596875 0.8739770874999999 0.05552391875 0.8674304421875 0.06349658281250001 0.8543371515624999 0.0765945328125 0.8510638296874999 0.13752847343750002 0.8477905078125 0.1378132125 0.8355155484375001 0.14436218750000002 0.8248772499999999 0.1517653765625 0.8477905078125 0.1802391796875 0.8396072015625 0.1978929390625 0.81833060625 0.20045558125000001 0.812602290625 0.20045558125000001 0.7995090015625 0.17682232343749998 0.765957446875 0.1688496578125 0.762684125 0.15916856562499998 0.7397708671875 0.15005694687499999 0.7283142390624999 0.1392369015625 0.6808510640625001 0.10620728906250002 0.6186579375 0.09083143437499999 0.57937806875 0.08342824531250001 0.5728314234375 0.07089977187499999 0.5777414078125 0.027619590625000003 0.576104746875 0.031605921875 0.5597381343750001 0.0370159453125 0.552373159375 0.031605921875 0.551554828125 0.024772209375 0.5351882156250001 0.0185079734375 0.5335515546875 0.0119589984375 0.5409165296875 0.013667426562500001 0.5540098203125 0.011674259375 0.5581014734374999 0 0.5687397703125 0 0.8764320781249999
0 0.7445899765624999 0.9770867437499999 0.709282459375 0.9361702125000001 0.70074031875 0.9018003265625 0.6865034171875 0.891980359375 0.6688496578125 0.8576104750000001 0.6568906609375 0.846153846875 0.6540432796875 0.8346972171875 0.6472095671875 0.8314238953125 0.6398063781250001 0.8068739765625 0.613610478125 0.7708674296875 0.6022209562499999 0.7610474625 0.5919703875 0.7610474625 0.5899772203125 0.7553191484374999 0.59510250625 0.7274959078125 0.6033599093750001 0.702127659375 0.6113325734374999 0.702127659375 0.6158883828125 0.710310965625 0.62841685625 0.7086743046875 0.6386674265625001 0.682487725 0.6557517078124999 0.6759410796875 0.6677107062500001 0.679214403125 0.6711275624999999 0.687397709375 0.672551253125 0.6767594109374999 0.6773918 0.6677577734375 0.6819476078125 0.6693944359375 0.6865034171875 0.687397709375 0.70757403125 0.6759410796875 0.71383826875 0.6988543375 0.73376993125 0.7119476265625 0.738895215625 0.6841243859375 0.7593963546875 0.67430441875 0.765091115625 0.6612111296875 0.77932801875 0.6497545015624999 0.78616173125 0.631751228125 0.8163439640625001 0.6333878890625 0.822038725 0.62684124375 0.8265945328125 0.6284779046875 0.835136675 0.6448445171875 0.8533599093750001 0.6530278234375 0.8590546703124999 0.6612111296875 0.8909453296875001 0.6726677578125 0.9029043281250001 0.7004909984375 0.91087699375 0.7037643203124999 0.91429385 0.6972176765625 0.9216970390625001 0.6972176765625 0.9393507968750001 0.71522095 0.959282459375 0.71522095 0.96412300625 0.722585925 0.9689635531249999 0.7512274953125 0.9752277906250001 0.7512274953125 0.9826309796875 0.7610474625 0.9997152625 0.7643207859375 1 0.7291325703125 0.984908884375 0.71522095 0.9564350796875001 0.7037643203124999 0.9370728921874999 0.685761046875 0.90461275625 0.6726677578125 0.8841116171875001 0.654664484375 0.8744305234375 0.631751228125 0.8670273343750001 0.638297871875 0.8562072890625 0.63502455 0.8542141234375 0.6325695578125 0.8542141234375 0.6211129296875 0.8499430531250001 0.615384615625 0.8129271078125001 0.5777414078125 0.8003986328125 0.5744680843750001 0.7969817765625 0.56301145625 0.7690774484375 0.5417348609375 0.765091115625 0.5286415718749999 0.7257972671874999 0.4975450078125 0.7178246015624999 0.47626841249999996 0.7064350796875 0.4779050734375 0.702448746875 0.46644844531249996 0.6967539859375 0.464811784375 0.69447608125 0.45499181718750004 0.69048975 0.4599018 0.6751138953125 0.45008183281249997 0.6244305234375 0.40261865781250006 0.5993735765625 0.3878887078125 0.5794419140625 0.38952536875 0.5726082 0.3829787234375 0.55951025 0.39116202968749997 0.52932801875 0.3960720125 0.41429384999999996 0.40261865781250006 0.2491457859375 0.4304418984375 0.22693621875 0.42062193125 0.22351936249999999 0.4337152203125 0.2149772203125 0.44189852656250006 0.10449886093750001 0.4582651390625 0.0632118453125 0.4738134203125 0.0652050109375 0.4860883796875 0.0783029609375 0.49427168593750004 0.0948177671875 0.4828150578125 0.0996583140625 0.49509001562500005 0.0945330296875 0.5180032734375 0.0976651484375 0.527004909375 0.1056378125 0.527004909375 0.110193621875 0.5433715218749999 0.133542140625 0.5450081828125 0.14151480624999999 0.5662847796875 0.1540432796875 0.5728314234375 0.163154896875 0.5924713578125 0.18137813281249998 0.59574468125 0.1882118453125 0.6252045828125 0.20074031875 0.6219312609375 0.20273348593749999 0.6325695578125 0.20045558125000001 0.642389525 0.18735763125 0.6653027828125 0.205296128125 0.7037643203124999 0.2229498859375 0.72176759375 0.2366173125 0.7479541734375 0.24743735781249998 0.7594108015625001 0.2628132125 0.797054009375 0.26623006875 0.813420621875 0.27135535312500003 0.813420621875 0.27761959062499997 0.8248772499999999 0.28246013593749997 0.8469721765625 0.28416856562500004 0.8797054015624999 0.301252846875 0.90425531875 0.3052391796875 0.94517185 0.3023918 0.9844517187499999 0.30609339375 0.9934533546875001 0.41201594531249996 0.9934533546875001 0.41543280156250006 0.9819967265624999 0.4205580859375 0.9819967265624999 0.42141229999999996 0.9615384609375001 0.419134396875 0.9369885437500001 0.41315489687499996 0.9279869062499999 0.4040432796875 0.893617021875 0.393223234375 0.8887070375 0.3872437359375 0.8567921437500001 0.37813211875 0.8322422265625 0.37813211875 0.8224222578125 0.39123006875 0.7945990187499999 0.394646925 0.7700491 0.399487471875 0.7594108015625001 0.4034738046875 0.7594108015625001 0.4080296125 0.7757774140625 0.4103075171875 0.7757774140625 0.4313781328125 0.7708674296875 0.435933940625 0.7610474625 0.454157175 0.75450081875 0.4567198171875 0.74549918125 0.4561503421875 0.7209492640625 0.4632687921875 0.702127659375 0.4692482921875 0.711129296875 0.4729498859375 0.7430441906249999 0.48320045624999997 0.7528641578124999 0.488610478125 0.7487725046875 0.48974943125000003 0.7242225859375 0.493451025 0.710310965625 0.4994305234375 0.7176759406250001 0.5002847375 0.7512274953125 0.5122437359374999 0.7561374796875 0.5264806375 0.7463175125 0.5333143515625001 0.765957446875 0.53616173125 0.765957446875 0.541002278125 0.7389525375 0.5503986328125 0.7201309328125001 0.5578018218749999 0.7201309328125001 0.5652050109375 0.7315875609375 0.5765945328125001 0.7364975453125 0.58200455625 0.758592471875 0.5831435078125 0.8027823234374999 0.5945330296875 0.8191489359374999 0.59567198125 0.8387888703125 0.599943053125 0.8543371515624999 0.619874715625 0.8592471359375 0.623006834375 0.869885434375 0.6212984046875001 0.8911620296875 0.6358200453125 0.9296235671874999 0.6443621875 0.9361702125000001 0.6517653765625 0.9230769234375 0.6768223234375 0.9263502453125 0.6839407750000001 0.9435351875 0.6828018218749999 0.9844517187499999 0.6853644640625001 0.9934533546875001 0.742027334375 0.992635025 0.7460136671875001 0.9811783953125 0.7445899765624999 0.9770867437499999
0 0.0390091109375 0.4582651390625 0.04925968125 0.4468085109375 0.058940775 0.448445171875 0.06292710781250001 0.4582651390625 0.0669134390625 0.45335515624999995 0.06919134375 0.4599018 0.11531890625 0.456628478125 0.13468109374999998 0.45171849374999995 0.12471526250000001 0.43944353593749996 0.1358200453125 0.42880523750000005 0.13809795 0.42880523750000005 0.1389521640625 0.44108019687500005 0.14151480624999999 0.44517185000000004 0.1455011390625 0.44189852656250006 0.15005694687499999 0.42716857656249996 0.185933940625 0.423895253125 0.189350796875 0.4304418984375 0.1973234625 0.417348609375 0.20330296093750003 0.4181669390625 0.20130979531249998 0.4304418984375 0.20871298437500002 0.432078559375 0.22181093437500002 0.4304418984375 0.23035307500000002 0.42062193125 0.2525626421875 0.42716857656249996 0.48604783593749995 0.38952536875 0.5532460140625 0.3878887078125 0.5669134390624999 0.3797054015625 0.577164009375 0.3797054015625 0.580580865625 0.3862520453125 0.6130410015625001 0.3862520453125 0.6227220953125 0.3780687390625 0.6574601359375001 0.384615384375 0.6984624140625 0.3797054015625 0.97067198125 0.384615384375 0.9786446468750001 0.376432078125 0.9997152625 0.384615384375 1 0.357610475 0.8083712984375 0.35679214375 0.758257403125 0.3486088375 0.6773918 0.353518821875 0.6585990890625 0.35024549843749997 0.6551822328125 0.3436988546875 0.6289863328124999 0.353518821875 0.6119020500000001 0.3486088375 0.5822892937499999 0.35679214375 0.4626993171875 0.3551554828125 0.350512528125 0.3666121109375 0.3117881546875 0.376432078125 0.294134396875 0.37315875625 0.274772209375 0.3813420625 0.235478359375 0.3797054015625 0.2195330296875 0.3862520453125 0.21156036406249998 0.3797054015625 0.18878132187500002 0.38952536875 0.1847949890625 0.39770867499999996 0.1056378125 0.3993453359375 0.0748861046875 0.41243862499999995 0.058940775 0.41243862499999995 0.052676537499999995 0.42062193125 0.0236332578125 0.42062193125 0 0.4312602296875 0.00028473750000000003 0.4631751234375 0.0190774484375 0.4615384609375 0.008257403125 0.46808510625000005 0.0074031890625 0.47545008125 0.0199316625 0.47708674375 0.033883826562500004 0.4746317515625 0.0390091109375 0.4582651390625