1 0.0875 0.6921875 0.0890625 0.06796875
1 0.29921875 0.37890625 0.06015625 0.03515625
1 0.2953125 0.234375 0.06875 0.04765625
1 0.2984375 0.4328125 0.0671875 0.0546875
1 0.24609375 0.509375 0.08984375 0.05
1 0.03203125 0.5046875 0.05390625 0.0546875
1 0.11953125 0.4625 0.11875 0.1078125
1 0.52890625 0.32734375 0.05859375 0.06796875
1 0.6984375 0.2625 0.0625 0.0640625
1 0.2015625 0.33671875 0.06796875 0.07421875
1 0.1984375 0.225 0.08984375 0.0765625
1 0.165625 0.62421875 0.06640625 0.04765625
1 0.13359375 0.56484375 0.0859375 0.0546875
1 0.42109375 0.35390625 0.08984375 0.0765625
1 0.38359375 0.26640625 0.028125 0.03671875
1 0.821875 0.14453125 0.05078125 0.0421875
1 0.74765625 0.2453125 0.02734375 0.02265625
0 1 0.436291240625 0.9887593671875001 0.4300341296875 0.9900083265624999 0.42377701874999996 0.9812656125 0.41865756562499995 0.97085761875 0.42832764531249995 0.975020815625 0.45221842968750003 0.9891756875000001 0.4681456203125 0.9925062453125 0.477246871875 0.9925062453125 0.4874857796875 0.988343046875 0.4931740609375 0.9891756875000001 0.5113765640625 0.9762697749999999 0.5267349265625 0.9729392171875 0.5267349265625 0.9654454625 0.5142207046875 0.9371357203124999 0.5096700796875 0.9167360531250001 0.47497155781249994 0.9171523734375 0.4709897609375 0.9250624484375001 0.46700796406249995 0.9242298078125 0.4533560859375 0.9317235640625 0.4453924921875 0.9371357203124999 0.4288964734375 0.9504579515625 0.43117178593750005 0.9612822640625 0.41524459687500004 0.9687760203125 0.419795221875 0.9716902578125 0.41695108125 0.972522896875 0.4078498296875 0.977518734375 0.40557451718750004 0.9875104078125 0.362343571875 0.9875104078125 0.3475540390625 0.9920899249999999 0.340159271875 1 0.33959044375 0.9995836796875001 0.3265073953125 0.9870940875 0.339021615625 0.9729392171875 0.3458475546875 0.9687760203125 0.34470989687500003 0.9529558703125 0.3208191125 0.9088259781250001 0.3310580203125 0.8946711078125 0.300341296875 0.892589509375 0.316837315625 0.8855120734374999 0.3265073953125 0.8771856781249999 0.3299203640625 0.8726061609375 0.34414106875 0.8763530390625001 0.3526734921875 0.8880099921875001 0.3606370875 0.9038301421874999 0.36405005625000003 0.9250624484375001 0.3862343578125 0.9267277265624999 0.403299203125 0.9225645296874999 0.41695108125 0.92339716875 0.43742889687500003 0.908409659375 0.477246871875 0.9038301421874999 0.48350398125 0.8963363859375001 0.48464163750000006 0.8863447125 0.48009101249999997 0.88093255625 0.4726962453125 0.8751040796874999 0.45221842968750003 0.8671940046875 0.44368600625 0.8555370531250001 0.4664391359375 0.8297252296875 0.45733788437499995 0.8143213984375001 0.47155858906250003 0.820149875 0.4977246875 0.8351373859375 0.5056882828125 0.8393005828125 0.5295790671875 0.8509575359375001 0.5489192265625 0.851790175 0.5705346984374999 0.8576186515625001 0.5932878265625 0.8630308078125 0.60068259375 0.8771856781249999 0.6040955625 0.8938384671874999 0.617747440625 0.9042464609374999 0.636518771875 0.903413821875 0.6490329921875 0.8942547875000001 0.6672354953124999 0.8875936718749999 0.7286689421875 0.908409659375 0.7684869171875001 0.9054954203125 0.775881684375 0.890507909375 0.7861205921875001 0.8875936718749999 0.7923777015625 0.8825978343750001 0.8435722406249999 0.863863446875 0.858930603125 0.84138218125 0.8680318546875 0.8247293921875001 0.8850967015625001 0.8114071609375 0.8896473265625 0.8068276437499999 0.9004550625000001 0.8130724390624999 0.9124004546875 0.84929225625 0.9129692828125 1 0.9061433453125 1 0.436291240625
0 0.3076602828125 0.9089874859375 0.3251457125 0.898748578125 0.3272273109375 0.8890784984375 0.323896753125 0.879977246875 0.32889258906249996 0.8742889640625 0.33055786875000004 0.8469852109374999 0.34138218125 0.8276450515624999 0.3430474609375 0.8162684875 0.347626978125 0.8134243453125001 0.35845129062500003 0.8145620015624999 0.3813488765625 0.8367463031250001 0.3830141546875 0.8708759953125 0.3746877609375 0.9106939703125001 0.3746877609375 0.9266211609375 0.3784346375 0.9328782703125 0.580766028125 0.9283276453125 0.591590340625 0.9215017062499999 0.623230640625 0.9249146749999999 0.6273938390625 0.9203640500000001 0.6315570359375 0.9260523328125 0.6623646953125 0.9249146749999999 0.6815154031249999 0.9101251421875001 0.6965029140625 0.9112627984375001 0.70899250625 0.9180887375 0.7381348875 0.91695108125 0.7493755203125 0.9118316265624999 0.7518734390625 0.89817975 0.750208159375 0.8572241187499999 0.7364696093750001 0.8430034125000001 0.7223147375 0.8407281 0.7127393843750001 0.8321956765625 0.7127393843750001 0.81968145625 0.7227310578125 0.7992036406249999 0.7268942546875 0.7650739484375 0.7135720234375 0.73890785 0.7110741046875 0.722980659375 0.6990008328124999 0.7189988625 0.689425478125 0.70477815625 0.6819317234375 0.6444823656249999 0.68526228125 0.6319681453125 0.699417153125 0.61604095625 0.6773522062499999 0.59613196875 0.670691090625 0.581342434375 0.6415487093750001 0.583617746875 0.6357202328125 0.5802047781249999 0.6278101578124999 0.5682593859375 0.6253122390625 0.5375426625 0.6090757703125 0.5312855515625 0.5961698578125 0.5102389078125 0.606994171875 0.495449375 0.61115736875 0.46018202500000005 0.6265611984375 0.43344709843749996 0.6681931718749999 0.4266211609375 0.691507078125 0.4357224125 0.6985845125 0.42832764531249995 0.7027477109375 0.3896473265625 0.6977518734375 0.364618884375 0.7031640296874999 0.3538111484375 0.7173189015625 0.3492605234375 0.7293921734375 0.3339021609375 0.7310574515625 0.3111490328125 0.7231473765625 0.28327645 0.7073272265625 0.29124004531250003 0.70358035 0.2963595 0.7027477109375 0.3088737203125 0.69816819375 0.3128555171875 0.6890091593750001 0.3128555171875 0.6877602 0.30204778125 0.6819317234375 0.30091012500000003 0.6885928390625 0.3304891921875 0.6877602 0.361205915625 0.6835970031249999 0.37372013593750003 0.675686928125 0.38111490312499996 0.6644462953125 0.3725824796875 0.652373021875 0.34470989687500003 0.6415487093750001 0.341296928125 0.6290591171875 0.3549488046875 0.60324729375 0.36177474374999996 0.599500415625 0.37599545 0.5824313078125 0.3936291234375 0.5632806 0.39817975 0.54995836875 0.384527871875 0.5457951703125 0.384527871875 0.5395503749999999 0.39306029531250003 0.541215653125 0.4078498296875 0.53705245625 0.4146757671875 0.564945878125 0.43344709843749996 0.5720233140625 0.4453924921875 0.56869275625 0.4874857796875 0.54496253125 0.5221842999999999 0.5299750203125 0.5335608640625 0.5203996671875 0.5477815703125 0.5129059125000001 0.5739476671875 0.49875104062500003 0.5910125140625 0.496253121875 0.61604095625 0.48667776875 0.6279863484375 0.4558701078125 0.616609784375 0.4496253125 0.601251421875 0.44712739375000005 0.575085325 0.43921731875000003 0.5631399312500001 0.42422980781249997 0.55631399375 0.4079933390625 0.5261660984375001 0.4079933390625 0.5147895328125001 0.41548709375000004 0.49658703125 0.4163197328125 0.47952218437500005 0.42714404687499996 0.46700796406249995 0.42339716875000005 0.4493742890625 0.3776019984375 0.4653014796875 0.361365528125 0.48179749687499995 0.3513738546875 0.50341296875 0.3497085765625 0.5273037546875 0.3422148203125 0.5443686 0.3422148203125 0.57849829375 0.331806828125 0.583617746875 0.3151540390625 0.5824800906250001 0.305578684375 0.598976109375 0.31307243906250004 0.62286689375 0.310574521875 0.6660978390625 0.2889258953125 0.6865756546874999 0.28809325625 0.6968145625 0.294754371875 0.7081911265625 0.2822647796875 0.7298065984375001 0.2839300578125 0.7662116046875 0.276436303125 0.78327645 0.26561199062499996 0.7957906718750001 0.25895087499999997 0.8287827078125 0.249791840625 0.8526734921875001 0.22148209843750002 0.8890784984375 0.2164862609375 0.902730375 0.2164862609375 0.917519909375 0.2202331390625 0.9283276453125 0.234388009375 0.937428896875 0.2489592 0.9391353812500001 0.286844296875 0.936291240625 0.3076602828125 0.9089874859375
0 1 0.1313993171875 0.9979184015625 0.08646188906249999 0.9812656125 0.08304891875 0.9783513734374999 0.0881683734375 0.9783513734374999 0.1393629125 0.9808492921875 0.141638225 0.9845961703125001 0.136518771875 1 0.1313993171875
0 0.9796003328125 0.0147895328125 0.99458784375 0.0125142203125 0.9995836796875001 0.019340159375 1 0.002844140625 0.9125728562500001 0.000568828125 0.9146544546875001 0.0147895328125 0.9254787671875 0.018202503125 0.929641965625 0.0284414109375 0.9388009984375 0.0307167234375 0.9437968359375001 0.03868031875 0.9487926734375 0.03868031875 0.95253955 0.0278725828125 0.95795170625 0.023890784374999998 0.9650291421875 0.039249146875 0.9683597 0.039249146875 0.9716902578125 0.0221843 0.9796003328125 0.0147895328125
0 0.9937552046875 0.1911262796875 0.9771024140625 0.1934015921875 0.9733555375 0.2087599546875 0.9687760203125 0.2127417515625 0.9621149046875 0.2138794078125 0.9616985843749999 0.199658703125 0.953788509375 0.19795221875 0.9467110734374999 0.204209328125 0.9437968359375001 0.21501706562499998 0.9321398828125 0.224118315625 0.9229808500000001 0.2252559734375 0.9200666109375 0.23037542656249999 0.9263114078125 0.23435722343749998 0.9388009984375 0.2332195671875 0.9496253125 0.243458475 0.967110740625 0.216154721875 0.9779350546875 0.22298065937499997 0.9912572859375001 0.24459613125000002 1 0.24630261718750002 0.9995836796875001 0.177474403125 0.9937552046875 0.1911262796875
0 0.8109908406249999 0.29522184375 0.820149875 0.279294653125 0.8226477937500001 0.25767918125 0.8280599499999999 0.2491467578125 0.8488759375000001 0.2491467578125 0.8592839296875001 0.2588168375 0.863863446875 0.2741751984375 0.8871773515625 0.27076222968749997 0.89134055 0.27986348125 0.9017485421875 0.2519908984375 0.9000832640624999 0.24061433437500002 0.895503746875 0.23777019375 0.8946711078125 0.2411831625 0.8938384671874999 0.23549488125 0.88884263125 0.23435722343749998 0.8671940046875 0.2411831625 0.8580349703125 0.2332195671875 0.8388842625 0.24459613125000002 0.8122398000000001 0.2468714453125 0.8047460453124999 0.2696245734375 0.78809325625 0.27758816875000003 0.7805995 0.27645051249999997 0.7768526234375 0.28725824843750003 0.7768526234375 0.2986348125 0.7805995 0.3060295796875 0.8059950046875001 0.321387940625 0.8093255625 0.315699659375 0.8109908406249999 0.29522184375