1 0.153125 0.75546875 0.30625 0.3203125
1 0.85390625 0.50078125 0.22890625 0.15
1 0.33671875 0.43984375 0.1359375 0.109375
1 0.32890625 0.30390625 0.1109375 0.07109375
1 0.46875 0.25625 0.06328125 0.08984375
1 0.090625 0.23203125 0.11484375 0.06640625
1 0.109375 0.51015625 0.21171875 0.18125
1 0.878125 0.3171875 0.07734375 0.10078125
1 0.36484375 0.24609375 0.05703125 0.04609375
1 0.29453125 0.20859375 0.0859375 0.05078125
1 0.2109375 0.21015625 0.0453125 0.059375
0 1 0.4692117984375 0.9687043453124999 0.3901067234375 0.9583675234375001 0.42632350468749997 0.9278935515625 0.41872426249999994 0.926987934375 0.3845767375 0.75242511875 0.37237569062500003 0.745133453125 0.37127071875 0.7409667859375 0.38674033125 0.737320953125 0.38674033125 0.7354980359375001 0.37624309375 0.73211261875 0.3734806625 0.72508136875 0.40828729218750004 0.7229980359375 0.43038674062500004 0.7175292859375 0.44198895 0.704508453125 0.43314917187499996 0.7019042859375 0.4099447515625 0.700602203125 0.432596684375 0.6940917859375 0.440883978125 0.692789703125 0.43480662968750006 0.6948730359375 0.42375690625000006 0.6948730359375 0.3850828734375 0.69226886875 0.3784530390625 0.69226886875 0.36077348124999997 0.68992511875 0.3546961328125 0.6815917859375 0.3558011046875 0.6769042859375001 0.37790055312500004 0.6659667859375 0.3812154703125 0.661539703125 0.3939226515625 0.662320953125 0.4033149171875 0.670133453125 0.4 0.677164703125 0.41160220937499997 0.6776855359375 0.41933701718750005 0.6714355359375 0.4425414359375 0.65555011875 0.4519337015625 0.6440917859375 0.44861878437499997 0.63758136875 0.43480662968750006 0.63758136875 0.4270718234375 0.647477203125 0.40828729218750004 0.6511230359375 0.3917127078125 0.6472167859375 0.3812154703125 0.6409667859375 0.38895027656250003 0.63133136875 0.3850828734375 0.63523761875 0.37237569062500003 0.64070636875 0.3685082875 0.6362792859375 0.3491712703125 0.62664386875 0.34419889531250003 0.627164703125 0.3055248625 0.624039703125 0.2756906078125 0.6190917859375 0.2685082875 0.615445953125 0.277348065625 0.6138834531249999 0.2685082875 0.6003417859375 0.24972375625 0.56805011875 0.23093922656250002 0.5581542859375 0.23093922656250002 0.54851886875 0.237016575 0.54851886875 0.2690607734375 0.5448730359375 0.3154696125 0.5409667859375 0.31491712656250004 0.53758136875 0.3265193375 0.53211261875 0.3337016578125 0.5253417859375 0.332596684375 0.5229980359375 0.3364640890625 0.52508136875 0.38287292812499996 0.51726886875 0.3928176796875 0.5167480359375001 0.41933701718750005 0.51883136875 0.4270718234375 0.51570636875 0.443646409375 0.5175292859375 0.4530386734375 0.5112792859375 0.45524861874999994 0.5084147031249999 0.451381215625 0.5120605359375 0.443646409375 0.5073730359375 0.42817679531249997 0.506852203125 0.39060773437499996 0.50555011875 0.3834254140625 0.50008136875 0.3861878453125 0.50164386875 0.3729281765625 0.49825845312499994 0.3558011046875 0.49148761875 0.366850828125 0.4706542859375 0.36464088437500003 0.46831053593750005 0.3685082875 0.46883136875 0.377348065625 0.47612303593750005 0.3861878453125 0.47534178593750004 0.39668508281250003 0.470133453125 0.40441988906250004 0.46648761875 0.39226519375 0.45086261875 0.401104971875 0.42742511875 0.4530386734375 0.4198730359375 0.46022099375 0.42039386875 0.477900553125 0.4183105359375 0.4944751375 0.42508136875 0.5121546968749999 0.42403970312499994 0.5441988953125 0.4190917859375 0.5613259671875 0.3987792859375 0.5635359109375 0.39695636875 0.5784530390625 0.4026855359375 0.5850828734375 0.4003417859375 0.5889502765625 0.392008453125 0.5889502765625 0.389664703125 0.5850828734375 0.3948730359375 0.5784530390625 0.394352203125 0.5651933703124999 0.384195953125 0.5524861875 0.37690428593749997 0.5646408843749999 0.36023761875 0.5646408843749999 0.35737303593749997 0.5773480656250001 0.352945953125 0.5801104968749999 0.34930011875 0.593370165625 0.34305011875 0.5966850828125 0.335758453125 0.61325966875 0.330289703125 0.61823204375 0.33680011875 0.6265193375 0.34096678593749996 0.6265193375 0.345133453125 0.6386740328125 0.349039703125 0.6403314921875001 0.35320636875 0.6546961328124999 0.34956053593749997 0.701104971875 0.34383136875 0.7110497234375 0.341227203125 0.7265193375 0.3362792859375 0.730386740625 0.32820636875 0.74972375625 0.32534178593749996 0.766850828125 0.31310220312500003 0.767403315625 0.31831053593749997 0.769613259375 0.32091470312500003 0.7983425421875 0.325602203125 0.80276243125 0.32612303593749997 0.8104972374999999 0.3081542859375 0.8165745859375001 0.30581053593749996 0.811602209375 0.306070953125 0.798895028125 0.298258453125 0.801104971875 0.29695636875 0.8204419890624999 0.294352203125 0.8292817671874999 0.27924803593749997 0.8513812156249999 0.28237303593749996 0.8845303875000001 0.27976886875 0.8911602203125 0.280289703125 0.8966850828125 0.29851886875 0.9099447515625 0.29409178593749996 0.9270718234374999 0.28992511875 0.9270718234374999 0.286539703125 0.933149171875 0.28706053593749997 0.977348065625 0.283414703125 0.9928176796875 0.28680011875 0.9955801109375001 0.30086261875 0.998895028125 0.46700845312499994 0.998895028125 0.47950845312499996 0.9944751374999999 0.481852203125 0.9718232046875 0.4862792859375 0.9701657453125 0.4894042859375 0.9955801109375001 0.49773761875 1 0.515445953125 0.9977900546875 0.5198730359375 0.9861878453124999 0.519352203125 0.6513812156250001 0.52117511875 0.64198895 0.5315917859375 0.63425414375 0.5472167859375 0.6309392265625 0.55008136875 0.6359116015625 0.5331542859375 0.6397790062500001 0.5229980359375 0.656906078125 0.5245605359375001 0.8624309390624999 0.5229980359375 0.8734806624999999 0.52195636875 0.9939226515625 0.524820953125 1 0.8581542859375 0.998895028125 0.86414386875 0.990607734375 0.8664876187500001 0.9558011046875 0.8688313687500001 0.9596685078125 0.8703938687500001 0.9806629828125001 0.8688313687500001 0.9928176796875 0.873258453125 0.998895028125 0.915445953125 0.998895028125 0.921695953125 0.9911602203125 0.9302897031249999 0.9994475140624999 0.9995605359375 0.9972375687499999 0.9995605359375 0.582872928125 0.9727376187500001 0.5745856359375 0.968570953125 0.585635359375 0.9649251187500001 0.5801104968749999 0.932633453125 0.5834254140625 0.8425292859375 0.579005525 0.8321126187500001 0.5679558015625 0.8243001187500001 0.579005525 0.7612792859375 0.5701657453125 0.7550292859375001 0.5624309390625 0.7487792859375 0.545856353125 0.7409667859375 0.545856353125 0.7370605359375 0.535359115625 0.738102203125 0.493370165625 0.7409667859375 0.48287292812500004 0.7973460718750001 0.4805670703125 0.7995433921874999 0.4451531609375 0.8572256250000001 0.4653876265625 0.9066626031249999 0.45013845625000004 0.9821663515625 0.5435396296875 1 0.503522434375 1 0.4692117984375
0 0.2770833328125 0.348618784375 0.2838541671875 0.34088397812500004 0.2783854171875 0.32375690625 0.2658854171875 0.3292817671875 0.2643229171875 0.32375690625 0.2591145828125 0.322651934375 0.25625 0.3254143640625 0.2578125 0.3320441984375 0.2565104171875 0.33922651875 0.24973958281250003 0.32707182343749996 0.24322916718749998 0.3309392265625 0.24635416718749997 0.34088397812500004 0.24375 0.34972375625 0.24713541718749998 0.3701657453125 0.25234375 0.3613259671875 0.2591145828125 0.3734806625 0.2669270828125 0.366850828125 0.2684895828125 0.37237569062500003 0.2713541671875 0.3729281765625 0.2755208328125 0.3685082875 0.2770833328125 0.348618784375
0 0 0.33425414375 0.00234375 0.3359116015625 0.0044270828125 0.3359116015625 0.010677082812499999 0.31933701718749996 0.0236979171875 0.317127071875 0.0372395828125 0.30718232031250003 0.0408854171875 0.30718232031250003 0.051302082812500004 0.3215469609375 0.05546875 0.3204419890625 0.0627604171875 0.33922651875 0.06510416718749999 0.3375690609375 0.0661458328125 0.3265193375 0.0705729171875 0.3204419890625 0.07682291718749999 0.3204419890625 0.08515625 0.3292817671875 0.0901041671875 0.348618784375 0.090625 0.3651933703125 0.0953125 0.375138121875 0.09375 0.4005524859375 0.1018229171875 0.40552486249999997 0.10651041718750001 0.4022099453125 0.109375 0.42486187812500004 0.1145833328125 0.42486187812500004 0.1317708328125 0.4149171265625 0.1302083328125 0.356353590625 0.1270833328125 0.3243093921875 0.12838541718750002 0.3160221 0.1354166671875 0.3176795578125 0.13229166718750002 0.33425414375 0.1369791671875 0.375138121875 0.1375 0.4060773484375 0.14140625 0.4088397796875 0.15859375 0.3944751375 0.1690104171875 0.39226519375 0.1794270828125 0.37790055312500004 0.18802083281249998 0.3740331484375 0.18671875 0.3701657453125 0.1768229171875 0.3690607734375 0.17265625 0.3767955796875 0.16796875 0.3756906078125 0.16484375 0.3812154703125 0.1640625 0.3740331484375 0.1653645828125 0.37127071875 0.1690104171875 0.3745856359375 0.1708333328125 0.3685082875 0.1690104171875 0.36022099375 0.16484375 0.35801105 0.18046875 0.35911602187499997 0.18671875 0.3546961328125 0.18984375 0.37127071875 0.2091145828125 0.36574585625 0.22369791718749998 0.3701657453125 0.225 0.31436464062499997 0.22135416718749998 0.2845303875 0.21953125 0.28176795625 0.21588541718749998 0.2872928171875 0.1716145828125 0.2872928171875 0.1575520828125 0.2839779 0.14296875 0.2740331484375 0.0419270828125 0.2707182328125 0 0.285635359375 0 0.33425414375