1 0.16875 0.53515625 0.071875 0.05859375
1 0.0796875 0.5671875 0.0484375 0.0484375
1 0.28984375 0.50234375 0.0625 0.0625
1 0.23984375 0.53125 0.053125 0.046875
1 0.353125 0.4671875 0.08515625 0.06875
1 0.50859375 0.3953125 0.06328125 0.05078125
1 0.45625 0.42109375 0.0640625 0.05859375
1 0.0546875 0.59140625 0.05234375 0.06015625
0 0.9891098484375 0.17930029218750002 0.9834280296875001 0.188046646875 0.956912878125 0.188046646875 0.949337121875 0.19241982500000002 0.937973484375 0.2128279890625 0.9228219703124999 0.215743440625 0.8953598484375 0.236151603125 0.8641098484375 0.2478134109375 0.8517992421875 0.2580174921875 0.8480113640625 0.255102040625 0.843276515625 0.263848396875 0.824337121875 0.2667638484375 0.7580492421875 0.29737609374999996 0.7362689390625 0.294460640625 0.7144886359375 0.307580175 0.7021780296875 0.294460640625 0.6983901515625 0.301749271875 0.6946022734375 0.2900874640625 0.6889204546875 0.2900874640625 0.6818181812499999 0.2951895046875 0.6818181812499999 0.32142857187499996 0.6770833328125 0.33746355625 0.6709280296875 0.3440233234375 0.5705492421875 0.361516034375 0.5620265156250001 0.3688046640625 0.5525568187500001 0.3688046640625 0.5449810609375 0.349854228125 0.5331439390625 0.36516034999999997 0.5464015156250001 0.3841107875 0.549242425 0.400145771875 0.5459280296875 0.40670553906249995 0.5184659093749999 0.41399416875000006 0.5004734843749999 0.4300291546875 0.47869318125 0.43731778437499996 0.46448863593749995 0.45189504375 0.43892045468749996 0.446064140625 0.4327651515625 0.465743440625 0.421875 0.476676384375 0.38494318125000004 0.4927113703125 0.3603219703125 0.4927113703125 0.3527462125 0.5 0.3300189390625 0.5029154515625 0.3035037875 0.5320699703125 0.2902462125 0.537900875 0.2769886359375 0.5349854234375 0.2722537875 0.5451895046875 0.2608901515625 0.552478134375 0.24479166718749998 0.5568513125 0.221117425 0.5466472296875 0.20691287812499998 0.5466472296875 0.19744318125 0.5583090375 0.1803977265625 0.562682215625 0.1339962125 0.5510204078125 0.11032197031249999 0.57580175 0.10653409062500001 0.5743440234375 0.1017992421875 0.5830903796875 0.0866477265625 0.591836734375 0.084280303125 0.60568513125 0.0762310609375 0.6137026234375 0.05729166718749999 0.6224489796875 0.037405303125 0.6195335281250001 0.02793560625 0.6122448984375 0 0.620262390625 0.00047348437500000006 0.9970845484374999 1 0.9978134109375001 0.999526515625 0.177842565625 0.9891098484375 0.17930029218750002
0 0.3887310609375 0.42419825 0.418087121875 0.43294460625 0.419507575 0.40889212812500003 0.43323863593749995 0.40670553906249995 0.433712121875 0.3928571421875 0.43797348437499994 0.3862973765625 0.44460227343750003 0.3862973765625 0.44744318125 0.3965014578125 0.46922348437499994 0.39504373125000003 0.4796401515625 0.3833819234375 0.49005681875 0.38192419843750003 0.49337121249999993 0.3724489796875 0.4862689390625 0.3629737609375 0.48390151562500006 0.37390670625 0.47774621249999993 0.37609329375 0.47017045468749996 0.3629737609375 0.462594696875 0.37609329375 0.4512310609375 0.3775510203125 0.450757575 0.369533528125 0.443655303125 0.361516034375 0.41619318125 0.3629737609375 0.409090909375 0.3811953359375 0.40956439375000003 0.39358600625 0.39820075781250003 0.39504373125000003 0.3925189390625 0.38192419843750003 0.388257575 0.388483965625 0.3858901515625 0.41253644375 0.35653409062499997 0.42419825 0.3300189390625 0.42419825 0.32670454531250004 0.4351311953125 0.33522727343750003 0.44533527656249994 0.368844696875 0.43586005781250003 0.3887310609375 0.42419825
0 0.2362689390625 0.41253644375 0.24668560624999997 0.40233236093749997 0.25994318125000004 0.40233236093749997 0.26846590937500003 0.4110787171875 0.27272727343750003 0.4016034984375 0.26278409062499997 0.380466471875 0.250473484375 0.3775510203125 0.237215909375 0.3833819234375 0.231534090625 0.380466471875 0.22395833281250002 0.389212828125 0.2201704546875 0.38483965000000003 0.20880681874999998 0.39212827968749997 0.1955492421875 0.39212827968749997 0.18465909062500002 0.4118075796875 0.20833333281250002 0.4249271140625 0.2201704546875 0.41399416875000006 0.2362689390625 0.41253644375
0 0.53456439375 0.3396501453125 0.5284090906250001 0.35641399375 0.5511363640625 0.35787172031250003 0.546875 0.3396501453125 0.53456439375 0.3396501453125
0 0.12831439375 0.2434402328125 0.1358901515625 0.2303207 0.1425189390625 0.23177842499999998 0.15009469687500002 0.22157434375 0.22679924218749997 0.21137026250000002 0.2485795453125 0.1938775515625 0.29403409062499997 0.18221574375 0.2902462125 0.1749271140625 0.2746212125 0.1698250734375 0.29119318125000004 0.1574344015625 0.33096590937500003 0.1472303203125 0.349905303125 0.1326530609375 0.39630681874999996 0.12390670625 0.39867424218749997 0.1173469390625 0.35369318125000004 0.10495626875 0.346117425 0.0932944609375 0.33380681874999996 0.09183673437499999 0.3177083328125 0.1122448984375 0.25710227343750003 0.138483965625 0.24005681874999998 0.139941690625 0.21259469687500002 0.158892128125 0.16619318125 0.1661807578125 0.05255681875 0.21865889218749998 0.018465909375 0.22740524843749998 0 0.23979591875 0.0018939390625 0.264577259375 0.061079545312500004 0.24489795937499997 0.12831439375 0.2434402328125
0 0.05255681875 0.313411078125 0.03125 0.3155976671875 0.0326704546875 0.33381924218750003 0.046401515625 0.33600583125 0.05492424218750001 0.3199708453125 0.05255681875 0.313411078125
0 0.12168560625 0.3877551015625 0.158617425 0.3731778421875 0.18892045468750002 0.37172011718750003 0.1988636359375 0.3622448984375 0.1856060609375 0.350583090625 0.189867425 0.3381924203125 0.171875 0.3294460640625 0.14204545468750002 0.32580175 0.1453598484375 0.313411078125 0.1699810609375 0.31049562656249996 0.17329545468750002 0.2966472296875 0.16903409062500002 0.29300291562499997 0.1510416671875 0.28571428593750003 0.094223484375 0.2871720109375 0.0866477265625 0.2900874640625 0.0861742421875 0.2966472296875 0.09043560625 0.29737609374999996 0.09375 0.3112244890625 0.10842802968750001 0.3279883375 0.09706439375 0.332361515625 0.08285984843750001 0.3483965015625 0.062026515625 0.3483965015625 0.00047348437500000006 0.3629737609375 0 0.41034985468749996 0.003787878125 0.41034985468749996 0.068655303125 0.39358600625 0.12168560625 0.3877551015625