1 0.1625 0.409375 0.09765625 0.10234375
1 0.2625 0.30703125 0.109375 0.15625
1 0.1328125 0.69609375 0.08359375 0.1296875
1 0.15625 0.259375 0.05703125 0.0640625
1 0.13671875 0.07265625 0.0578125 0.07421875
1 0.08359375 0.09296875 0.05078125 0.06875
1 0.2234375 0.23984375 0.0765625 0.109375
1 0.02109375 0.74765625 0.0421875 0.1515625
0 0.63818181875 0.1436974796875 0.6327272734375 0.125210084375 0.624090909375 0.117647059375 0.61818181875 0.1336134453125 0.629090909375 0.1588235296875 0.63681818125 0.1546218484375 0.63818181875 0.1436974796875
0 0.614090909375 0.38487395 0.619090909375 0.377310925 0.61 0.336974790625 0.6163636359375 0.325210084375 0.62 0.301680671875 0.6363636359375 0.274789915625 0.6372727265625 0.2394957984375 0.6254545453125 0.2142857140625 0.6245454546875 0.2008403359375 0.61318181875 0.198319328125 0.61 0.177310925 0.605909090625 0.17310924375 0.595909090625 0.171428571875 0.5836363640625 0.1890756296875 0.580909090625 0.2546218484375 0.5645454546875001 0.3050420171875 0.5654545453125001 0.3487394953125 0.5772727265625 0.3974789921875 0.59681818125 0.3798319328125 0.614090909375 0.38487395
0 0.410909090625 0.9722689078125001 0.4086363640625 0.95798319375 0.3913636359375 0.9546218484375 0.3827272734375 0.9453781515624999 0.38181818125 0.9151260499999999 0.3736363640625 0.8949579828124999 0.37181818125 0.8781512609375 0.369090909375 0.8142857140625 0.35681818125000003 0.8067226890624999 0.32999999999999996 0.83445378125 0.34454545468750003 0.8428571421875001 0.34409090937500003 0.8638655468750001 0.32954545468749996 0.8689075624999999 0.325909090625 0.8571428578125 0.319090909375 0.863025209375 0.3263636359375 0.871428571875 0.3136363640625 0.88487395 0.30818181875 0.978991596875 0.31318181875 0.9966386546875 0.3736363640625 0.99579831875 0.4086363640625 0.9949579828124999 0.410909090625 0.9722689078125001
0 1 0.0008403359375 0.90681818125 0 0.9077272734375 0.0084033609375 0.9386363640625 0.033613445312500004 0.9527272734375 0.05630252031250001 0.9463636359375001 0.0949579828125 0.9536363640625 0.125210084375 0.940909090625 0.140336134375 0.9454545453125001 0.16554621875 0.9513636359375001 0.1764705875 0.9640909093750001 0.17310924375 0.9736363640624999 0.1857142859375 0.9790909093750001 0.232773109375 0.969090909375 0.2613445375 0.969090909375 0.2831932765625 0.9804545453125 0.267226890625 1 0.259663865625 1 0.0008403359375
0 1 0.4663865546875 0.9895454546875 0.4571428578125 0.9786363640625 0.43025210156249993 0.9722727265625 0.43025210156249993 0.96818181875 0.4378151265625 0.9627272734375 0.4932773109375 0.9568181812500001 0.50420168125 0.9386363640625 0.507563025 0.9354545453125 0.5168067234375 0.9390909093750001 0.5840336140625 0.9199999999999999 0.7033613453124999 0.914090909375 0.7142857140625 0.8877272734374999 0.7243697484375 0.87318181875 0.7462184875 0.8577272734375001 0.7546218484375 0.84318181875 0.78823529375 0.83681818125 0.7848739499999999 0.8336363640625001 0.777310925 0.8300000000000001 0.7168067234375 0.82181818125 0.68487395 0.8254545453125001 0.5890756296874999 0.8154545453125 0.536974790625 0.8236363640625 0.4949579828125 0.8309090906250001 0.4815126046875 0.8327272734375001 0.45798319374999996 0.8281818187500001 0.41932773125 0.8427272734375 0.33361344531250003 0.820909090625 0.2915966390625 0.8154545453125 0.24621848750000003 0.8127272734375 0.1386554625 0.8 0.11848739531250001 0.799090909375 0.08823529375 0.809090909375 0.0647058828125 0.8136363640625 0.021008403125 0.804090909375 0.0084033609375 0.76318181875 0.001680671875 0.6968181812500001 0.0050420171875 0.6663636359375 0.08823529375 0.6736363640625 0.0966386546875 0.6745454546875 0.11176470624999998 0.6872727265624999 0.128571428125 0.7072727265625 0.232773109375 0.7036363640625 0.25798319375 0.6881818187500001 0.289915965625 0.6881818187500001 0.31512605 0.6904545453125001 0.3260504203125 0.70681818125 0.309243696875 0.7168181812500001 0.31092437031250003 0.72818181875 0.33361344531250003 0.7304545453125 0.371428571875 0.7504545453125 0.3781512609375 0.7663636359375 0.39915966406250003 0.7672727265625 0.4310924375 0.7627272734375 0.45798319374999996 0.7554545453125 0.46974789843750003 0.7572727265625 0.5588235296875 0.75 0.58067226875 0.750909090625 0.6126050421875 0.7472727265625 0.6294117640625 0.7495454546875 0.6386554624999999 0.75681818125 0.6386554624999999 0.7645454546875 0.5974789921875 0.7849999999999999 0.5764705875 0.7936363640625 0.609243696875 0.79 0.671428571875 0.7704545453125 0.7428571421875 0.755909090625 0.7495798312499999 0.7377272734375 0.7310924375 0.7186363640625 0.7680672265624999 0.665 0.7680672265624999 0.6590909093749999 0.7571428578125 0.6563636359375 0.7084033609375 0.62818181875 0.6798319328125 0.6236363640625 0.647899159375 0.6236363640625 0.622689075 0.6272727265625 0.6025210078125001 0.63181818125 0.5974789921875 0.6277272734375 0.589915965625 0.615909090625 0.586554621875 0.5886363640625001 0.5949579828125 0.5722727265625001 0.58487395 0.5613636359374999 0.61176470625 0.515 0.5932773109375 0.48318181875 0.5949579828125 0.48681818125 0.610084034375 0.5286363640625 0.6588235296875 0.5495454546875 0.640336134375 0.5695454546875001 0.6470588234375 0.5909090906250001 0.6798319328125 0.5954545453125 0.6966386546875001 0.599090909375 0.7352941171875 0.5877272734375001 0.732773109375 0.5822727265625 0.7428571421875 0.5722727265625001 0.7428571421875 0.5672727265625 0.7588235296875 0.5681818187500001 0.7722689078125 0.5827272734375 0.7974789921875 0.5927272734375 0.8277310921875 0.580909090625 0.8731092437499999 0.58181818125 0.9352941171875001 0.575 0.9512605046875 0.5650000000000001 0.9512605046875 0.5549999999999999 0.9243697484375 0.5486363640625 0.9243697484375 0.5354545453124999 0.963865546875 0.5354545453124999 0.9941176468749999 0.6013636359375 0.9983193281249999 0.6122727265625 0.971428571875 0.655909090625 0.9512605046875 0.7095454546875 0.9983193281249999 0.82681818125 0.9983193281249999 0.835 0.9949579828124999 0.8477272734374999 0.974789915625 0.864090909375 0.9310924375 0.87318181875 0.9277310921874999 0.8904545453124999 0.932773109375 0.9036363640625 0.9554621843750001 0.9095454546875 0.9966386546875 1 0.9974789921875 1 0.4663865546875
0 0.5709090906250001 0.0008403359375 0.5827272734375 0.012605042187500002 0.5804545453125 0 0.5709090906250001 0.0008403359375
0 0.635 0.015126049999999999 0.65 0.0008403359375 0.6113636359375 0 0.609090909375 0.007563024999999999 0.62181818125 0.022689075 0.6277272734375 0.01176470625 0.635 0.015126049999999999