1 0.79140625 0.63671875 0.2453125 0.3046875
1 0.0484375 0.4296875 0.096875 0.259375
1 0.08515625 0.76328125 0.16015625 0.2578125
1 0.60625 0.23828125 0.04375 0.1078125
1 0.77265625 0.85 0.4546875 0.3
0 0.11028602812499999 0.9505178359374999 0.13723872343750002 0.9240506328125001 0.171342134375 0.8791714609374999 0.18316831718749998 0.8532796312500001 0.18206820625 0.8452243953125 0.18536853749999999 0.8222094359375 0.1914191421875 0.8049482156250001 0.196094609375 0.7974683546875 0.20434543437500002 0.8020713468749999 0.20984598437500002 0.798619103125 0.21452145156250002 0.791139240625 0.21644664531250002 0.77100115 0.219471946875 0.7796317609375001 0.21672167187500002 0.787686996875 0.21617161718750003 0.8130034515625001 0.22112211249999997 0.83947065625 0.22057205781250003 0.8532796312500001 0.2238723875 0.872842346875 0.2268976890625 0.8791714609374999 0.235148515625 0.8780207140625 0.2376237625 0.8647871109375 0.235973596875 0.8498273875000001 0.2376237625 0.8314154203124999 0.2422992296875 0.8204833140625001 0.247249725 0.819332565625 0.253025303125 0.8084004609375001 0.2535753578125 0.7922899890624999 0.2477997796875 0.7836593781250001 0.2422992296875 0.7905638671874999 0.2356985703125 0.7917146140625 0.22084708437499997 0.780207134375 0.23432343281249998 0.7554660531249999 0.22799779999999997 0.7491369390625 0.21919692031250002 0.77100115 0.21837183750000003 0.7474108171875 0.21204620468750002 0.734177215625 0.18894389375 0.7238204828125 0.1804180421875 0.714039125 0.1845434546875 0.7134637515625 0.18756875625 0.7059838890625 0.1845434546875 0.6858458 0.1597909796875 0.6869965484375 0.14218921874999998 0.6996547750000001 0.1386138609375 0.7071346375 0.14631463125 0.719792865625 0.1639163921875 0.7635212890624999 0.1606160609375 0.7796317609375001 0.1639163921875 0.7968929796875 0.16281628125 0.830264671875 0.1537403734375 0.8457997703125001 0.1262376234375 0.86766398125 0.12183718437499999 0.8791714609374999 0.10588558906250001 0.8860759500000001 0.08608360781249999 0.8780207140625 0.06243124375 0.8941311859375001 0.027777778125000003 0.8469505171874999 0.023652365624999998 0.8279631765625 0.019526953125 0.8204833140625001 0.011826182812499999 0.815880321875 0.008250825 0.8210586875000001 0.007700770312499999 0.8291139234375 0.0110011 0.8452243953125 0.0283278328125 0.8849252015625 0.0437293734375 0.9010356734375 0.0459295921875 0.9090909093749999 0.0585808578125 0.9194476406250001 0.0701320125 0.9436133484375 0.07618261875 0.948216340625 0.0866336640625 0.9689298046875001 0.09130913125 0.9718066750000001 0.09653465312500001 0.970080553125 0.11028602812499999 0.9505178359374999
0 0.5462046203125 0.9487917140625 0.545654565625 0.9280782515625001 0.549779978125 0.91829689375 0.5976347640624999 0.8837744531249999 0.63943894375 0.8619102421875 0.649339934375 0.851553509375 0.66694169375 0.844649021875 0.7398239828125 0.7957422328125 0.7409240921875 0.787686996875 0.737348734375 0.7848101265625 0.7246974703125 0.7548906796875 0.707095709375 0.730724971875 0.686743675 0.6904487921875 0.6751925187500001 0.7031070203125 0.6707920796875 0.7031070203125 0.6694169421875 0.6990794015625 0.6804180421875 0.684119678125 0.675467546875 0.66800920625 0.675467546875 0.6599539703125 0.6826182625 0.648446490625 0.6831683171875 0.6403912546874999 0.6831683171875 0.6242807828125 0.6743674375 0.6081703109375 0.6743674375 0.5644418875 0.67656765625 0.5506329109375 0.68344334375 0.5420023015625001 0.7758525859375001 0.5005753734375 0.7810781078125 0.49539700781249996 0.784653465625 0.4798619109375 0.8088558859375 0.47525891875 0.8281078109375001 0.48561565 0.8300330031250001 0.470080553125 0.823157315625 0.44303797500000003 0.8160066 0.437284234375 0.7984048406250001 0.4441887234375 0.7865786578125 0.4355581125 0.7876787671875001 0.42289988437500003 0.7948294828125 0.41829689375 0.8003300328125 0.40448791718750005 0.8006050609375001 0.394706559375 0.7978547859375 0.401611046875 0.784653465625 0.40391254375 0.7821782171875 0.4102416578125 0.7808030796875001 0.42922899843750006 0.7610011 0.4384349828125 0.753025303125 0.451668584375 0.7494499453125 0.46375143906250005 0.737348734375 0.462600690625 0.7323982390625 0.45339470625 0.7202970296875 0.4510932109375 0.70269526875 0.430379746875 0.6991199124999999 0.44361334843750005 0.6900440046874999 0.46029919374999995 0.6831683171875 0.415995396875 0.6751925187500001 0.4119677796875 0.6570407046875 0.3716916 0.6476897687500001 0.3647871109375 0.635038503125 0.3670886078125 0.62706270625 0.3619102421875 0.6234873484375 0.291139240625 0.60368536875 0.287686996875 0.59955995625 0.305523590625 0.6028602859375 0.3216340625 0.6083608359375 0.32508630625 0.6083608359375 0.33774453437499996 0.617161715625 0.36075949375 0.617161715625 0.3791714609375 0.61193619375 0.39355581093750003 0.6023102312499999 0.40678941249999995 0.5979097906249999 0.42865362500000004 0.589658965625 0.44361334843750005 0.5891089109375 0.451668584375 0.5929592953125 0.457422325 0.5918591859375 0.47698504062499997 0.588283828125 0.4833141546875 0.5728822874999999 0.48561565 0.56930693125 0.49079401562499997 0.57150715 0.5207134640625 0.5684818484374999 0.530494821875 0.5563806375 0.527042578125 0.5431793171875 0.51438435 0.525027503125 0.512082853125 0.511276128125 0.5293440734375 0.5013751375 0.5362485609375 0.491749175 0.5517836593750001 0.4922992296875 0.5828538546875001 0.48597359687499997 0.598388953125 0.45517051718749996 0.605293440625 0.44526952656249996 0.614499425 0.41886688593750004 0.6651323359375 0.40731573125000003 0.676639815625 0.4029152921875 0.6996547750000001 0.3968646859375 0.7042577671875 0.38366336562500003 0.6996547750000001 0.3737623765625 0.7111622546875 0.36881188125 0.7111622546875 0.361661165625 0.7203682390624999 0.35726072656249996 0.7353279625 0.3476347640625 0.7428078250000001 0.3448844890625 0.7543153046875 0.3443344328125 0.7727272734375 0.33030803125 0.7871116218750001 0.3253575359375 0.8043728421875 0.3116061609375 0.815880321875 0.298404840625 0.814729575 0.2882288234375 0.837169159375 0.2879537953125 0.8457997703125001 0.3099559953125 0.8504027625000001 0.3085808578125 0.865937859375 0.3102310234375 0.8785960875000001 0.32260726093750003 0.9159953968749999 0.3297579765625 0.91829689375 0.33718371875 0.884349828125 0.349284928125 0.855581128125 0.35643564375 0.830264671875 0.360836084375 0.787686996875 0.3803630359375 0.7525891828125 0.395214521875 0.747986190625 0.40401540156250004 0.7537399312499999 0.41721672187500003 0.785960875 0.44196919687499997 0.8020713468749999 0.45077007656249996 0.815880321875 0.4603960390625 0.852128884375 0.470847084375 0.8716915999999999 0.47882288281249996 0.9044879171875 0.4870737078125 0.9010356734375 0.49449945 0.8866513234375001 0.4911991203125 0.862485615625 0.49257425781249997 0.851553509375 0.5104510453125 0.8544303796875001 0.509900990625 0.862485615625 0.5019251921875 0.869965478125 0.5 0.8785960875000001 0.501650165625 0.90391254375 0.5005500546875 0.943037975 0.492024203125 0.951668584375 0.47442244218749996 0.983889528125 0.47332233281249997 0.9942462593749999 0.5434543453125 0.9959723828125 0.5577557750000001 0.9936708859375001 0.5462046203125 0.9487917140625
0 0.07205720625 0.3112773296875 0.0781078109375 0.29631760625000003 0.078657865625 0.2848101265625 0.10918591875000001 0.280782509375 0.11056105624999998 0.27100114999999997 0.10588558906250001 0.258918296875 0.1014851484375 0.2543153046875 0.09048404843749999 0.25316455625 0.082783278125 0.2635212890625 0.0750825078125 0.2646720375 0.060231023437499996 0.2761795171875 0.05528052812499999 0.27272727343750003 0.051430143750000004 0.2796317609375 0.0393289328125 0.287686996875 0.0343784375 0.28538549999999996 0.0239273921875 0.294591484375 0.019251925 0.283659378125 0.019251925 0.2974683546875 0.0151265125 0.30494821562499996 0.039878987500000004 0.3141542 0.059680968749999994 0.3452243953125 0.0682068203125 0.35270425781250003 0.07205720625 0.33314154218750003 0.07205720625 0.3112773296875
0 0.05418041875 0.24741081718750002 0.0591309125 0.25316455625 0.07068206875000001 0.2416570765625 0.07893289375 0.242807825 0.0836083609375 0.237629459375 0.08470847031249999 0.228423475 0.0778327828125 0.2209436140625 0.047029703125 0.2186421171875 0.043179317187499996 0.22899885000000003 0.038778878125 0.22784810156250002 0.034653465625000004 0.2353279625 0.036853685937500005 0.247986190625 0.033553354687499995 0.2548906796875 0.036853685937500005 0.2560414265625 0.041529153125 0.24856156562499998 0.05418041875 0.24741081718750002
0 0.0880088015625 0.541426928125 0.0907590765625 0.519562715625 0.0866336640625 0.5109321062500001 0.0668316828125 0.51783659375 0.0327282734375 0.54315305 0.000275028125 0.559263521875 0 0.587456846875 0.0088008796875 0.597813578125 0.0750825078125 0.556962025 0.0880088015625 0.541426928125
0 0.994774478125 0.33947065625 0.990099009375 0.355005753125 0.9922992296875 0.38607595 0.9895489546875 0.40333716875 0.9922992296875 0.42289988437500003 0.990649065625 0.4355581125 0.9950495046875 0.4493670890625 0.9911991203125 0.46777905625000005 0.9953245328125 0.4741081703125 1 0.47468354375 0.999724971875 0.337169159375 0.994774478125 0.33947065625