1 0.2859375 0.62734375 0.23984375 0.22890625
1 0.640625 0.471875 0.2296875 0.26875
1 0.81015625 0.396875 0.20390625 0.2375
1 0.91796875 0.28125 0.14375 0.16328125
1 0.78046875 0.24375 0.1015625 0.09921875
1 0.6875 0.16328125 0.121875 0.09609375
1 0.65 0.28125 0.1421875 0.1421875
1 0.49453125 0.325 0.1453125 0.1734375
1 0.2890625 0.42890625 0.125 0.15546875
1 0.09375 0.58671875 0.1875 0.2296875
1 0.06875 0.1 0.08125 0.13046875
1 0.37578125 0.2203125 0.07109375 0.12265625
1 0.5125 0.1515625 0.0578125 0.109375
1 0.96015625 0.85 0.0796875 0.3
1 0.7671875 0.84453125 0.20703125 0.30859375
1 0.2203125 0.07578125 0.23984375 0.1453125
0 0.9997390390625001 0.3188559328125 0.995041753125 0.32838983125 0.9804279749999999 0.33156779687500004 0.9626826718749999 0.349576271875 0.9577244265625 0.3585805078125 0.9741649265625 0.3802966109375 0.9874739046875 0.40836864375 0.9906054281250001 0.427436440625 0.9911273484375 0.45391949218749994 0.9942588718750001 0.4549788140625 1 0.44862288125000005 0.9997390390625001 0.3188559328125
0 0.0472338203125 0.9703389828125 0.051670146875 0.9719279656250001 0.054801670312499995 0.9909957625000001 0.058716075 0.9968220343749999 0.08585595 0.9915254234375 0.09368475937500001 0.9968220343749999 0.6349164921875 0.9957627125 0.63622129375 0.986758475 0.633611690625 0.96875 0.6320459296875 0.9073093218749999 0.6398747390625 0.84586864375 0.6510960328125 0.830508475 0.6620563671874999 0.830508475 0.6672755734375 0.8262711859375 0.6852818375 0.804555084375 0.6672755734375 0.793432203125 0.659707725 0.780190678125 0.6602296453125 0.7526483046875 0.6782359078125 0.7362288140625 0.6910229640625001 0.7092161015625 0.69650313125 0.6906779656250001 0.71007306875 0.68961864375 0.72364300625 0.7012711859375 0.727035490625 0.7092161015625 0.727035490625 0.73463983125 0.724686846875 0.7457627125 0.7171189984375 0.7505296609375 0.71607515625 0.7590042375 0.7179018796875 0.76588983125 0.7215553234375001 0.7574152546875 0.7309498953125 0.75211864375 0.7531315234375 0.7251059328125 0.755741128125 0.717690678125 0.755741128125 0.675317796875 0.7664405015625 0.6536016953125 0.7820981203125 0.6536016953125 0.7896659703125 0.6700211859375 0.7930584546875 0.6875 0.811325678125 0.669491525 0.823851775 0.6493644062499999 0.8311586640625 0.646186440625 0.8447286015625 0.6292372875 0.849686846875 0.61387711875 0.840292275 0.5820974578125 0.840814196875 0.568326271875 0.8361169109375 0.549258475 0.8319415453125 0.5418432203125 0.832463465625 0.510063559375 0.8462943624999999 0.46716101718749997 0.8629958249999999 0.47033898281250003 0.86664926875 0.4777542375 0.8786534453125 0.47563559375000003 0.8823068890625001 0.48728813593750003 0.8870041750000001 0.4883474578125 0.8906576203125001 0.49576271250000004 0.8940501046874999 0.43802966093749995 0.8893528187499999 0.423199153125 0.8859603343750001 0.41949152500000003 0.86664926875 0.44491525468750004 0.85464509375 0.4491525421875 0.8468162843749999 0.45656779687500004 0.8389874734375 0.4724576265625 0.823329853125 0.4777542375 0.8034968687499999 0.501059321875 0.7961899796874999 0.5031779656250001 0.7826200421875 0.516949153125 0.7570459296875 0.5042372875 0.7546972859375 0.514300846875 0.7546972859375 0.5344279656250001 0.7492171187500001 0.5519067796875 0.7293841343749999 0.5667372875 0.7173799578125 0.581567796875 0.7038100203125001 0.5911016953125 0.700678496875 0.5974576265625 0.6907620046875 0.60487288125 0.676670146875 0.608050846875 0.6505741125 0.5752118640624999 0.6354384140625 0.5656779656250001 0.623956159375 0.5519067796875 0.6171711906249999 0.5497881359375001 0.5905532359375 0.519067796875 0.580114821875 0.5148305078125001 0.5446242171875 0.4724576265625 0.518528184375 0.454449153125 0.5224425890625 0.43697033906250005 0.5180062624999999 0.42478813593750003 0.49504175312500004 0.438559321875 0.48512526093749997 0.438559321875 0.47546972812500005 0.42425847499999997 0.4744258875 0.41472457656249995 0.471033403125 0.4088983046875 0.42719206718749997 0.3697033890625 0.4068371609375 0.35699152500000003 0.4050104390625 0.3501059328125 0.4144050109375 0.31726694843750003 0.4120563671875 0.311440678125 0.4005741125 0.31673728749999996 0.3966597078125 0.31408898281250003 0.3940501046875 0.3034957625 0.396398746875 0.26906779687500004 0.3922233828125 0.26800847499999997 0.3744780796875 0.27966101718749997 0.3494258875 0.289194915625 0.3327244265625 0.2817796609375 0.327244259375 0.2918432203125 0.3319415453125 0.3215042375 0.33141962343750003 0.33951271250000004 0.3282881 0.3585805078125 0.31941544843749997 0.38188559375 0.3267223375 0.41260593281249996 0.34107515624999996 0.4279661015625 0.345250521875 0.44173728749999996 0.357254696875 0.43326271250000004 0.369258871875 0.436440678125 0.37656576249999996 0.45021186406249997 0.38335073125 0.45550847499999997 0.3856993734375 0.46451271250000004 0.3849164921875 0.4724576265625 0.36873695156249997 0.4862288140625 0.35829853906250003 0.4862288140625 0.35307933125 0.476694915625 0.350469728125 0.4777542375 0.3481210859375 0.4909957625 0.3491649265625 0.5005296609375 0.3541231734375 0.5095338984375 0.3609081421875 0.5116525421875 0.3645615859375 0.518008475 0.39692066875 0.5296610171875 0.4034446765625 0.5418432203125 0.4044885171875 0.6011652546875 0.40709812031250003 0.6276483046875 0.4044885171875 0.6435381359375001 0.405532359375 0.65413135625 0.39848642968750003 0.6599576265625 0.3924843421875 0.6710805078125001 0.390396659375 0.700741525 0.38778705625 0.7092161015625 0.373956159375 0.7256355937500001 0.2920146140625 0.7256355937500001 0.2867954078125 0.7203389828125 0.272181628125 0.7182203390625 0.23147181562500002 0.7235169484374999 0.20955114843749997 0.7150423734375 0.176670146875 0.7097457625 0.171972859375 0.7150423734375 0.1685803765625 0.7113347453125 0.1670146140625 0.6700211859375 0.1610125265625 0.6324152546875 0.15735908125 0.6334745765625 0.13256785 0.6806144062499999 0.12891440468749998 0.700741525 0.12604384062500001 0.704449153125 0.11612734843750001 0.705508475 0.1077766171875 0.6970338984375 0.09786012499999999 0.6949152546875 0.0002609609375 0.68961864375 0 0.9962923734375 0.016179540625 0.9984110171875 0.0315762 0.9947033890625001 0.0472338203125 0.9703389828125
0 0.9457202499999999 0.510063559375 0.9256263046875001 0.5148305078125001 0.90579331875 0.498940678125 0.8943110640624999 0.4947033890625 0.8950939453125001 0.43591101718749997 0.8909185796875001 0.41896186406249997 0.8864822546875001 0.416313559375 0.876043840625 0.42902542343750005 0.8684759921874999 0.45074152500000003 0.8763048015624999 0.4549788140625 0.8716075156249999 0.46239406718750004 0.8757828812499999 0.469809321875 0.8783924843750001 0.485699153125 0.8903966593750001 0.5026483046875 0.8982254703124999 0.54713983125 0.8914405015625 0.5640889828125 0.8914405015625 0.5693855937500001 0.8945720250000001 0.5715042375 0.9271920671875 0.5360169484374999 0.9457202499999999 0.510063559375