1 0.3078125 0.59609375 0.2265625 0.13203125
1 0.64375 0.58046875 0.0921875 0.06640625
1 0.5 0.50390625 0.0453125 0.0875
1 0.228125 0.48984375 0.09140625 0.0921875
1 0.54296875 0.5859375 0.1109375 0.07890625
1 0.45703125 0.28984375 0.03828125 0.04765625
1 0.28515625 0.35078125 0.05390625 0.07109375
1 0.325 0.2765625 0.04375 0.08046875
1 0.24453125 0.053125 0.028125 0.04765625
1 0.59453125 0.771875 0.1890625 0.2375
1 0.40078125 0.27109375 0.0359375 0.0359375
0 0.8704682781249999 0.7225891671875 0.8500755281249999 0.719947159375 0.8436555890624999 0.725891678125 0.8447885203125001 0.7556142671875 0.8568731125 0.7569352703125001 0.8629154078125 0.7503302515625 0.8689577046875 0.7542932625 0.8704682781249999 0.7622192859375 0.8738670687500001 0.761558784375 0.880664653125 0.747027740625 0.8704682781249999 0.7225891671875
0 0.79833836875 0.6651254953125 0.8043806640625 0.658520475 0.803625378125 0.6321003968750001 0.7715256796875 0.6274768828124999 0.7609516609375 0.63143989375 0.7658610265625 0.65191545625 0.7817220546875 0.671730515625 0.789274925 0.7060766187499999 0.7930513593749999 0.700792603125 0.79833836875 0.6651254953125
0 0.7326283984375 0.8368560109375001 0.72054380625 0.8236459703125 0.7182779453125 0.7959048875 0.7069486406250001 0.7787318359375 0.6903323265625 0.7338177015625 0.6895770390625 0.67305151875 0.686555890625 0.6664464999999999 0.696752265625 0.6657859968750001 0.702039275 0.6829590484375 0.70241691875 0.6598414796875 0.7092145015625 0.6307793921875 0.7012839875 0.626155878125 0.6469033234375 0.624834875 0.6363293046875 0.6182298546875 0.6310422953125 0.6208718625 0.6242447125 0.6142668421875 0.6231117828125 0.6241743718749999 0.611027190625 0.6373844125 0.6117824765625001 0.6704095109375 0.6087613296875001 0.682298546875 0.600453171875 0.6875825625 0.6072507546875 0.707397621875 0.6431268875 0.7542932625 0.6604984890625001 0.759577278125 0.6654078546875 0.7708058125 0.6654078546875 0.7826948484375 0.6918428999999999 0.8236459703125 0.693353475 0.830250990625 0.6895770390625 0.8447820343749999 0.69222054375 0.8494055484375 0.702039275 0.8507265515625001 0.705815709375 0.8652575953125 0.7141238671875 0.8348745046875001 0.715256796875 0.859313078125 0.7303625375 0.8672391015625 0.7348942593750001 0.8566710703125 0.7326283984375 0.8368560109375001
0 0.8738670687500001 0.9755614265625001 0.8716012078125001 0.963672390625 0.8731117828125001 0.9478203437499999 0.8704682781249999 0.9431968296875001 0.8591389734374999 0.9630118890625001 0.8478096671875001 0.9603698812499999 0.8391238671875 0.9491413468750001 0.8406344406249999 0.9332893 0.8304380671875 0.9141347421875 0.8157099703125 0.9055482171874999 0.8243957703125 0.9009247031250001 0.8255287015624999 0.89365918125 0.8157099703125 0.8698811093750001 0.8081571000000001 0.8236459703125 0.8141993953125001 0.774768825 0.8315709968749999 0.7483487453125 0.8293051359374999 0.73117569375 0.8236404828125 0.7173051515625 0.804003021875 0.7159841484375 0.7994712984375 0.7225891671875 0.7953172203125 0.7206076625 0.792673715625 0.7080581234375 0.7851208453125 0.7107001328125 0.783232628125 0.7430647296874999 0.77794561875 0.761558784375 0.7813444109375001 0.767503303125 0.7888972812499999 0.767503303125 0.7907854984375 0.774768825 0.7851208453125 0.7899603703125 0.7805891234375 0.7859973578125 0.77945619375 0.7906208718750001 0.792296071875 0.8738441218749999 0.7994712984375 0.8956406875 0.8085347437499999 0.8996036984375 0.78738670625 0.9009247031250001 0.7775679765625 0.8877146625 0.7477341390625 0.8778071328125 0.7824773406250001 0.8817701453125 0.7817220546875 0.8566710703125 0.765483384375 0.792602378125 0.7613293046875 0.7959048875 0.7620845921875 0.8038309109374999 0.7530211484375 0.8210039625000001 0.7507552875 0.8447820343749999 0.7386706953125 0.8632760890625001 0.74018126875 0.8712021140624999 0.7201661625 0.871862615625 0.7179003015625 0.8678996031249999 0.7084592140625 0.8976221921875001 0.7046827796875 0.9464993390625001 0.716767371875 0.9610303828125 0.7246978859375 0.9960369874999999 0.754154078125 0.9973579921875 0.7609516609375 0.984147953125 0.763972809375 0.9973579921875 0.7696374625 0.996697490625 0.8629154078125 0.9960369874999999 0.8738670687500001 0.9755614265625001
0 0.6374622359375001 0.51453104375 0.6359516609375 0.5013210046875 0.6280211484375 0.4874504625 0.6185800609375 0.48150594375000005 0.62386706875 0.46433289375 0.6170694859375 0.411492734375 0.609516615625 0.38639365937500003 0.5966767374999999 0.36657860000000003 0.5944108765625 0.3586525765625 0.5951661625 0.3295904890625 0.591012084375 0.3236459703125 0.5645770390625 0.3170409515625 0.55853474375 0.32232496718750003 0.5419184296874999 0.3236459703125 0.467145015625 0.32100396249999996 0.4407099703125 0.324966975 0.43806646562499996 0.3295904890625 0.43580060468750004 0.3837516515625 0.42787009062500003 0.384412153125 0.42409365625 0.3963011890625 0.41616314218749995 0.400924703125 0.4169184296875 0.43394980156249996 0.429003021875 0.441875825 0.431646525 0.47027741093750003 0.43277945625 0.4537648609375 0.44146525625 0.442536328125 0.45506042343750003 0.442536328125 0.46336857968749995 0.4597093796875 0.467522659375 0.43791281406250004 0.467522659375 0.41545574687500003 0.47092144999999996 0.41215323593750003 0.4743202421875 0.4445178328125 0.47847432031250003 0.457067371875 0.48602719062500005 0.46235138750000004 0.51850453125 0.4663143984375 0.524924471875 0.4920739765625 0.5298338375 0.4940554828125 0.533610271875 0.503302509375 0.5547583078125 0.488771465625 0.5691087609375 0.4874504625 0.577039275 0.476221928125 0.581193353125 0.4610303828125 0.5925226593749999 0.45574636718750006 0.6072507546875 0.469616909375 0.610271903125 0.51849405625 0.6132930515624999 0.5224570671875 0.6280211484375 0.521796565625 0.6374622359375001 0.51453104375
0 1 0.43659180937500003 0.9950906343750001 0.43328930000000004 0.985271903125 0.43989432031250003 0.9263595171875 0.442536328125 0.9180513593749999 0.43989432031250003 0.91465256875 0.4326287984375 0.917296071875 0.424042271875 0.928625378125 0.41611624843749995 0.9988670687500001 0.424042271875 1 0.3335535 0.9331571000000001 0.33553500625 0.9097432031249999 0.324966975 0.9067220546874999 0.3315719953125 0.9014350453125 0.3289299875 0.8946374625000001 0.334214003125 0.8844410875 0.32298546875 0.8946374625000001 0.31439894375 0.8984138968750001 0.32100396249999996 0.9059667671874999 0.315719946875 0.9116314203125 0.30184940625 0.9101208453125 0.27542932656249997 0.92258308125 0.27212681562499996 0.9263595171875 0.280052840625 0.936933534375 0.261558784375 0.9425981875 0.267503303125 0.9482628406250001 0.28533685625 0.9565709968749999 0.280052840625 0.967145015625 0.2879788640625 0.9996223562500001 0.28401585156250003 1 0.1710700125 0.985271903125 0.167767503125 0.9694108765625 0.178335534375 0.9339123859375 0.178335534375 0.9104984890625 0.1875825625 0.9021903328124999 0.196829590625 0.8946374625000001 0.196829590625 0.8863293046875 0.1889035671875 0.8478096671875001 0.1902245703125 0.83723565 0.196829590625 0.8024924468749999 0.20211360625000002 0.7964501515625 0.2100396296875 0.7526435046875 0.2087186265625 0.7375377640624999 0.2100396296875 0.73149546875 0.21532364531249998 0.686933534375 0.207397621875 0.6718277953125 0.1994715984375 0.6476586109375 0.19815059375 0.6393504531249999 0.191545575 0.6030966765625 0.1836195515625 0.5743957703125 0.18494055468749998 0.5777945625 0.21598414843749997 0.5849697890625001 0.2391017171875 0.5887462234374999 0.241743725 0.5936555890624999 0.225231175 0.601586103125 0.217965653125 0.6166918421875 0.21928665781249998 0.6329305140625 0.23844121562499998 0.638972809375 0.2516512546875 0.639728096875 0.29920739687500003 0.643882175 0.3183619546875 0.65294561875 0.31439894375 0.658987915625 0.319682959375 0.6808912390625 0.3117569359375 0.688066465625 0.29920739687500003 0.6903323265625 0.2846763546875 0.6997734140625 0.274768825 0.734516615625 0.27212681562499996 0.7394259812499999 0.282034346875 0.7420694859375 0.32100396249999996 0.7533987921875 0.3130779390625 0.773791540625 0.319682959375 0.7805891234375 0.3117569359375 0.7851208453125 0.3315719953125 0.792673715625 0.3183619546875 0.7964501515625 0.32232496718750003 0.8043806640625 0.308454425 0.8058912390625 0.2807133421875 0.8077794562499999 0.274768825 0.813066465625 0.27344782031250003 0.8149546828125 0.29920739687500003 0.8285498484374999 0.303170409375 0.827039275 0.3256274765625 0.831193353125 0.3289299875 0.8323262843749999 0.321664465625 0.8395015109375 0.3130779390625 0.8436555890624999 0.3295904890625 0.8395015109375 0.334214003125 0.8296827796875 0.330250990625 0.8206193359375 0.33949801874999996 0.812311178125 0.3368560109375 0.8085347437499999 0.3513870546875 0.8002265859375 0.33289299843750003 0.7972054375 0.33949801874999996 0.7851208453125 0.33949801874999996 0.7805891234375 0.348745046875 0.7726586109375 0.3507265515625 0.7817220546875 0.37714663125 0.7956948640625 0.3923381765625 0.79833836875 0.40752972187500003 0.8047583078124999 0.41479524375 0.8757552875 0.40951122812499996 0.8799093656249999 0.37318362031249996 0.8825528703125001 0.36856010625 0.8874622359375 0.37054161093750004 0.890483384375 0.38507265468749996 0.889728096875 0.40620871875000003 0.89350453125 0.41677675000000003 0.9093655593750001 0.426023778125 0.9059667671874999 0.44385733125 0.8870845921875 0.4451783359375 0.878776434375 0.4663143984375 0.8742447125 0.449141346875 0.8432779453125001 0.44782034375 0.8319486406250001 0.45178335468749997 0.8277945624999999 0.45904887656250004 0.8383685796875 0.4775429328125 0.8429003015625 0.494715984375 0.841389728125 0.5039630125000001 0.8315709968749999 0.51849405625 0.8345921453124999 0.55019815 0.859516615625 0.6043593125 0.8632930515625 0.6307793921875 0.8723564953125 0.6400264203125 0.8912386703124999 0.69815059375 0.8912386703124999 0.7206076625 0.8844410875 0.7351387046875 0.8874622359375 0.740422721875 0.8882175234374999 0.761558784375 0.8965256796875 0.776089828125 0.8957703921875 0.7879788640625 0.890483384375 0.7959048875 0.888972809375 0.8064729187499999 0.8919939578125 0.830250990625 0.888972809375 0.8923381765625 0.8829305140624999 0.9055482171874999 0.8829305140624999 0.9359313078125 0.8761329312499999 0.9464993390625001 0.8746223562500001 0.988771465625 0.8795317218750001 0.9960369874999999 1 0.9953764859374999 1 0.938573315625 0.9882930515625 0.9365918093750001 0.9750755281249999 0.9227212687499999 0.9690332328125001 0.8791281375000001 0.9728096671875001 0.83949801875 0.9913142 0.8322324968749999 1 0.8223249671874999 1 0.43659180937500003
0 0 0.894980184375 0.023791540625 0.8863936593749999 0.02870090625 0.8976221921875001 0.024546828125 0.907529721875 0 0.9147952437500001 0.00037764375 0.9960369874999999 0.676737159375 0.996697490625 0.6831571000000001 0.9960369874999999 0.6850453171875001 0.988771465625 0.6812688828125 0.9623513875 0.6756042296875 0.955085865625 0.664274925 0.96433289375 0.6616314203125 0.9610303828125 0.676737159375 0.9346103031249999 0.676737159375 0.91875825625 0.6710725078124999 0.896961690625 0.6514350453125 0.8837516515624999 0.621223565625 0.896961690625 0.6121601203125 0.8943196828125 0.5653323265625 0.8216644656250001 0.55702416875 0.799207396875 0.5411631421875 0.7899603703125 0.5407854984375 0.7694848078125001 0.5060422953125 0.7140026421875 0.4984894265625 0.6836195515625 0.49962235625 0.6776750328125 0.552492446875 0.655217965625 0.5649546828124999 0.61889035625 0.563066465625 0.615587846875 0.5298338375 0.6116248343749999 0.49358006093749995 0.6142668421875 0.48942598125 0.6109643328125001 0.48564954687500006 0.5805812421875001 0.4822507546875 0.5746367234374999 0.47092144999999996 0.5667107 0.45506042343750003 0.5706737125 0.447507553125 0.5640686921875 0.43919939531249996 0.565389696875 0.4301359515625 0.557463671875 0.418051359375 0.55614266875 0.41389728124999997 0.5607661828125 0.41389728124999997 0.5713342140625 0.41918429062499996 0.58982826875 0.418429003125 0.6254953765625 0.4222054375 0.6268163796875 0.4206948640625 0.613606340625 0.42333836874999997 0.6116248343749999 0.43542296093750005 0.630118890625 0.447885196875 0.6387054156249999 0.44561933593749997 0.6492734484375 0.43806646562499996 0.657199471875 0.4361782484375 0.669749009375 0.38481873125 0.6776750328125 0.3814199390625 0.6638044921875 0.3734894265625 0.6538969609375 0.32061933593749997 0.6538969609375 0.302492446875 0.659180978125 0.25566465312500003 0.655217965625 0.25113293125 0.66446499375 0.2382930515625 0.6671070015625 0.2337613296875 0.659180978125 0.2277190328125 0.6657859968750001 0.22016616249999998 0.655217965625 0.17333836875 0.655217965625 0.149546828125 0.6387054156249999 0.14350453125 0.6043593125 0.1329305140625 0.5911492734375 0.1359516609375 0.5660501984375 0.1344410875 0.5554821671875 0.14539275000000002 0.5442536328124999 0.149924471875 0.532364596875 0.1552114796875 0.536327609375 0.1695619328125 0.5204755609375 0.1808912390625 0.517833553125 0.18580060468749998 0.5013210046875 0.1812688828125 0.494715984375 0.18202416875 0.4881109640625 0.1925981875 0.46036988125 0.18919939531250002 0.45574636718750006 0.168806646875 0.45178335468749997 0.1635196375 0.4610303828125 0.149924471875 0.46367239062500004 0.148036253125 0.4709379125 0.1503021140625 0.4867899609375 0.1461480359375 0.4874504625 0.14048338437500002 0.455085865625 0.1416163140625 0.3923381765625 0.14652567968750002 0.3996036984375 0.1548338375 0.44583883750000003 0.158232628125 0.44782034375 0.1699395765625 0.43394980156249996 0.17296072499999998 0.41677675000000003 0.1842900296875 0.400924703125 0.18919939531250002 0.384412153125 0.23451661562499998 0.380449140625 0.2507552875 0.38507265468749996 0.24735649531249998 0.3910171734375 0.20430513593750002 0.3910171734375 0.19675226562499998 0.3963011890625 0.1842900296875 0.4194187578125 0.18391238593749998 0.43461030312500004 0.2012839875 0.43725231249999996 0.20430513593750002 0.44782034375 0.215634440625 0.43857331562499996 0.236027190625 0.4359313078125 0.265483384375 0.43857331562499996 0.27152567968749997 0.45178335468749997 0.27794561875 0.4537648609375 0.274169184375 0.465653896875 0.27794561875 0.494715984375 0.2764350453125 0.51453104375 0.264728096875 0.5191545578125 0.2632175234375 0.5297225890624999 0.21941087656249997 0.5442536328124999 0.216767371875 0.558124175 0.2224320234375 0.5693527078125 0.260196375 0.571994715625 0.30853474375 0.5601056796874999 0.321374621875 0.561426684375 0.3255287015625 0.53963011875 0.32968277968750004 0.5350066046874999 0.342145015625 0.5568031703125 0.3451661625 0.4630118890625 0.28058912343750003 0.4610303828125 0.27870090625 0.4537648609375 0.2820996984375 0.45046235156250003 0.39010574062500003 0.44649933906249994 0.40370090625 0.442536328125 0.407854984375 0.43659180937500003 0.407854984375 0.40224570625 0.4014350453125 0.3857331578125 0.371223565625 0.3870541609375 0.3334592140625 0.380449140625 0.25868579999999997 0.38969616875 0.2530211484375 0.38507265468749996 0.25755287031249996 0.375825628125 0.2583081578125 0.35204755625 0.2620845921875 0.33751651250000003 0.260196375 0.33289299843750003 0.24886706875 0.3276089828125 0.22016616249999998 0.3276089828125 0.21072507499999998 0.321664465625 0.2099697890625 0.3163804484375 0.21978852031249999 0.3005284015625 0.22054380624999997 0.27542932656249997 0.2469788515625 0.223910171875 0.25226586093750003 0.20013209999999998 0.264350453125 0.1869220609375 0.2632175234375 0.1704095109375 0.24282477343750003 0.19286657812500002 0.22016616249999998 0.20211360625000002 0.21185800625 0.211360634375 0.2114803625 0.2410832234375 0.1824018125 0.2932628796875 0.1718277953125 0.2985468953125 0.15294561874999998 0.3421400265625 0.140105740625 0.3513870546875 0.106117825 0.41083223281250003 0.091012084375 0.42536327656250006 0.0800604234375 0.42866578593750004 0.07703927499999999 0.4392338171875 0.0789274921875 0.5006605015625001 0.072507553125 0.461690884375 0.0657099703125 0.3784676359375 0.0762839875 0.357331571875 0.0638217515625 0.3513870546875 0.023791540625 0.35006605 0.02001510625 0.3434610296875 0 0.3401585203125 0.00037764375 0.40951122812499996 0.042673715625000004 0.4068692203125 0.055135951562499994 0.41281373906249996 0.051737159374999994 0.424042271875 0 0.4273447828125 0.00037764375 0.799207396875 0.00981873125 0.78533685625 0.015861026562499998 0.7602377812500001 0.0453172203125 0.707397621875 0.0558912390625 0.6809775421875 0.0589123859375 0.658520475 0.07024169218750001 0.6254953765625 0.08987915468749999 0.6017173046875001 0.0944108765625 0.570013209375 0.0944108765625 0.5013210046875 0.0985649546875 0.48480845468749995 0.10649546875 0.5066050203125 0.10574018125 0.51453104375 0.11291540781250001 0.517833553125 0.1223564953125 0.5343461031250001 0.12537764375 0.5541611625 0.12160120781249999 0.617569353125 0.1189577046875 0.624834875 0.109894259375 0.630118890625 0.100830815625 0.6525759578125 0.0929003015625 0.658520475 0.0944108765625 0.6875825625 0.092145015625 0.7047556140625 0.07968277968750001 0.7159841484375 0.054003021875 0.7120211359375 0.013595165624999999 0.7959048875 0.016616314062500002 0.8381770140624999 0.0117069484375 0.8414795249999999 0.007930514062500001 0.8348745046875001 0 0.8421400265625 0 0.894980184375
0 0.572507553125 0.2965653890625 0.5645770390625 0.26023778124999997 0.5608006046875 0.2681638046875 0.5411631421875 0.2681638046875 0.5343655593750001 0.2628797890625 0.5268126890625 0.2681638046875 0.52001510625 0.2642007921875 0.49962235625 0.2708058125 0.49055891249999994 0.2668428 0.47960725000000004 0.29392338125 0.47960725000000004 0.303170409375 0.48451661562500004 0.3077939234375 0.5151057406249999 0.308454425 0.5706193359375 0.3077939234375 0.572507553125 0.2965653890625
0 0.2968277953125 0.303170409375 0.2960725078125 0.27542932656249997 0.3251510578125 0.261558784375 0.32968277968750004 0.22324967031249998 0.3553625375 0.2536327609375 0.3765105734375 0.2457067375 0.38028700937500004 0.2391017171875 0.388595165625 0.2628797890625 0.3931268875 0.25627476875 0.4263595171875 0.254953765625 0.43844410937499995 0.2708058125 0.44108761406249997 0.26882430625 0.44108761406249997 0.2542932625 0.445996978125 0.250990753125 0.4641238671875 0.2536327609375 0.4837613296875 0.2483487453125 0.4920694859375 0.26023778124999997 0.5018882171875 0.254953765625 0.5653323265625 0.2536327609375 0.5747734140625 0.2410832234375 0.563444109375 0.18560105625 0.55702416875 0.1743725234375 0.48149546875000004 0.178335534375 0.4728096671875 0.20013209999999998 0.475075528125 0.21466314375 0.47092144999999996 0.21664465000000002 0.467145015625 0.2087186265625 0.46336857968749995 0.23249669687500002 0.4599697890625 0.2305151921875 0.457326284375 0.21268163750000002 0.4490181265625 0.211360634375 0.4346676734375 0.217965653125 0.388595165625 0.2140026421875 0.3810422953125 0.21928665781249998 0.3100453171875 0.217965653125 0.2972054375 0.225891678125 0.25566465312500003 0.221928665625 0.25 0.2291941875 0.23942598125 0.263540290625 0.24395770468750003 0.278071334375 0.24395770468750003 0.29392338125 0.23451661562499998 0.2998679 0.22016616249999998 0.29194187656250004 0.216767371875 0.308454425 0.21941087656249997 0.3130779390625 0.2367824765625 0.31043593125 0.2477341390625 0.3150594453125 0.29418429062499996 0.3077939234375 0.2968277953125 0.303170409375
0 0.39010574062500003 0.55614266875 0.4059667671875 0.55217965625 0.4169184296875 0.54359313125 0.41993957656249997 0.5211360640625 0.418051359375 0.511228534375 0.3969033234375 0.5151915453125 0.39350453124999996 0.5079260234375 0.3927492453125 0.48150594375000005 0.3961480359375 0.47688243124999996 0.40898791562500003 0.4755614265625 0.40823262812500005 0.457067371875 0.4021903328125 0.46367239062500004 0.3719788515625 0.4597093796875 0.3553625375 0.4610303828125 0.351208459375 0.465653896875 0.351208459375 0.5568031703125 0.3542296078125 0.5620871859375 0.360649546875 0.5548216640625 0.39010574062500003 0.55614266875
0 0.7960725078124999 0.5079260234375 0.7960725078124999 0.46697490156250004 0.802114803125 0.4524438578125 0.802114803125 0.4392338171875 0.774169184375 0.3837516515625 0.773413896875 0.375825628125 0.7571752265625 0.348745046875 0.7439577046875 0.40224570625 0.746223565625 0.429986790625 0.7432024171875 0.4392338171875 0.7416918421875 0.469616909375 0.7469788515625 0.48150594375000005 0.74018126875 0.4920739765625 0.7386706953125 0.5079260234375 0.74962235625 0.541611625 0.765483384375 0.5336856015625 0.7771903328125 0.5515191546875 0.77945619375 0.515852046875 0.7960725078124999 0.5079260234375
0 0.6638972812499999 0.525099075 0.6593655593750001 0.5066050203125 0.6552114796875 0.4940554828125 0.643882175 0.491413475 0.6412386703124999 0.494715984375 0.6442598187499999 0.5 0.6442598187499999 0.5211360640625 0.648036253125 0.5409511234375 0.6593655593750001 0.548877146875 0.66465256875 0.544914134375 0.6638972812499999 0.525099075
0 0.7609516609375 0.590488771875 0.7707703921875 0.601056803125 0.7764350453125 0.5779392343749999 0.7756797578125 0.5528401578125 0.7715256796875 0.5482166453125 0.7439577046875 0.548877146875 0.725075528125 0.4881109640625 0.726586103125 0.465653896875 0.7228096671875 0.45112285312499995 0.72054380625 0.41281373906249996 0.7092145015625 0.39696169062500003 0.6990181265625 0.3659180984375 0.6748489421875 0.36063408125 0.676737159375 0.3388375171875 0.67258308125 0.3315719953125 0.6521903328125 0.33949801874999996 0.6393504531249999 0.33289299843750003 0.6336858000000001 0.3441215328125 0.63406344375 0.3540290625 0.6559667671875 0.3540290625 0.6620090640625 0.36327608906250003 0.67258308125 0.36459709375 0.6763595171875 0.3778071328125 0.686555890625 0.38507265468749996 0.6903323265625 0.40620871875000003 0.6888217515624999 0.461690884375 0.667673715625 0.5528401578125 0.6858006046875 0.5607661828125 0.6899546828124999 0.615587846875 0.7288519640625 0.61889035625 0.754909365625 0.61690885 0.7609516609375 0.590488771875
0 0.0743957703125 0.326287978125 0.0638217515625 0.3025099078125 0.0592900296875 0.30647291875 0.050981873437500005 0.30383091093750003 0.044561932812499996 0.28335535 0.044561932812499996 0.267503303125 0.03965256875 0.2575957734375 0.02001510625 0.2708058125 0.0128398796875 0.28863936562500003 0.016238670312500002 0.330250990625 0.0358761328125 0.3368560109375 0.071374621875 0.33553500625 0.0777945625 0.342800528125 0.07930513593750001 0.3507265515625 0.07930513593750001 0.3203434609375 0.0743957703125 0.326287978125
0 0.14048338437500002 0.313738440625 0.1616314203125 0.274108321875 0.16276435 0.26023778124999997 0.15370090625 0.25231175625 0.13406344375 0.2589167765625 0.1317975828125 0.2826948484375 0.12197885156249999 0.2708058125 0.11518126875000001 0.27344782031250003 0.0989425984375 0.308454425 0.0989425984375 0.3163804484375 0.0947885203125 0.31043593125 0.08987915468749999 0.31770145312500003 0.090634440625 0.35204755625 0.1083836859375 0.36063408125 0.114803625 0.37054161093750004 0.139728096875 0.3295904890625 0.14048338437500002 0.313738440625