1 0.3203125 0.6296875 0.03203125 0.0484375
1 0.20546875 0.77734375 0.02421875 0.03515625
1 0.1984375 0.80546875 0.02421875 0.0265625
1 0.0734375 0.9296875 0.0203125 0.03203125
1 0.47421875 0.44375 0.01875 0.03203125
1 0.503125 0.42421875 0.01796875 0.028125
1 0.57265625 0.28515625 0.01796875 0.028125
1 0.41015625 0.434375 0.01953125 0.03125
1 0.35703125 0.609375 0.01796875 0.03125
1 0.65 0.1328125 0.01875 0.03125
1 0.45859375 0.490625 0.0140625 0.021875
1 0.559375 0.3359375 0.0140625 0.02109375
1 0.53515625 0.38046875 0.015625 0.025
1 0.63359375 0.184375 0.01875 0.03125
0 1 0.1082901546875 0.984391534375 0.0974093265625 0.9542328046874999 0.08808290156250001 0.94312169375 0.0891191703125 0.9304232796875 0.1067357515625 0.8992063484375 0.0984455953125 0.8822751328124999 0.10569948124999999 0.8738095234375001 0.09637305625 0.86798941875 0.09637305625 0.8624338625 0.1072538859375 0.8632275125 0.1160621765625 0.878042328125 0.1367875640625 0.890740740625 0.13575129531250002 0.9013227515625 0.1492227984375 0.924603175 0.153367875 0.9415343921874999 0.1689119171875 0.946560846875 0.179792746875 0.9486772484375001 0.20569948125 0.9402116406250001 0.2450777203125 0.9423280421875001 0.2678756484375 0.9402116406250001 0.2937823828125 0.9444444437499999 0.30725388593749997 0.9460317453125 0.3414507765625 0.9410052906249999 0.35440414531250003 0.933597884375 0.36165803125 0.921428571875 0.3606217609375 0.9140211640624999 0.366839378125 0.8981481484374999 0.3699481859375 0.8859788359375 0.3678756484375 0.8669312171874999 0.35440414531250003 0.847354496875 0.3502590671875 0.828306878125 0.337823834375 0.8108465609375 0.34093264218749997 0.80608465625 0.3367875640625 0.8 0.322797928125 0.8005291 0.3155440421875 0.8076719578124999 0.3025906734375 0.8171957671875001 0.30051813437499997 0.821693121875 0.2834196890625 0.815343915625 0.276165803125 0.8113756609375 0.261139896875 0.8079365078125 0.2595854921875 0.80634920625 0.2450777203125 0.815343915625 0.2222797921875 0.8079365078125 0.2108808296875 0.8047619046875001 0.1787564765625 0.79973545 0.1782383421875 0.7965608468750001 0.185492228125 0.7695767203125 0.213471503125 0.7682539687500001 0.2326424875 0.7740740734375 0.247150259375 0.7724867718749999 0.26994818593750003 0.7764550265625 0.2766839375 0.7833333328125 0.2777202078125 0.7923280421875 0.2673575125 0.7965608468750001 0.2683937828125 0.8015873015625001 0.2782383421875 0.7992063484374999 0.2880829015625 0.79391534375 0.291191709375 0.7891534390625 0.2891191703125 0.784391534375 0.2787564765625 0.78174603125 0.291191709375 0.7769841265624999 0.2922279796875 0.7682539687500001 0.30725388593749997 0.7767195765625 0.31968911875 0.7806878312500001 0.33575129531250003 0.7965608468750001 0.33471502656249996 0.8007936515624999 0.347150259375 0.8121693125 0.3601036265625 0.8074074078125 0.36735751250000004 0.80634920625 0.3922279796875 0.79444444375 0.40207253906249996 0.783862434375 0.40207253906249996 0.7806878312500001 0.3979274609375 0.775661375 0.40155440468750003 0.7735449734375 0.4077720203125 0.7814814812499999 0.42435233125 0.78201058125 0.43782383437499994 0.7801587296875 0.442487046875 0.7708994703125 0.4461139890625 0.774603175 0.4606217609375 0.774603175 0.4699481859375 0.7690476187499999 0.479792746875 0.7621693125 0.480829015625 0.7510582015625 0.472538859375 0.7373015875 0.471502590625 0.7304232796875 0.4590673578125 0.716137565625 0.4507772015625 0.70582010625 0.4606217609375 0.69365079375 0.5 0.6949735453125 0.5077720203125 0.7018518515625 0.5139896375 0.70661375625 0.5119170984375 0.7129629625 0.49740932656250003 0.7171957671875 0.49430051875 0.721428571875 0.49740932656250003 0.7256613749999999 0.508808290625 0.7351851859375 0.5067357515625 0.7378306875 0.5170984453125 0.7425925921875 0.5202072531249999 0.7613756609375 0.551813471875 0.7629629625 0.5694300515624999 0.7608465609375 0.59637305625 0.753174603125 0.6082901546875 0.7378306875 0.6062176171875 0.724603175 0.62901554375 0.7177248671875 0.62901554375 0.7018518515625 0.6145077718749999 0.697619046875 0.6020725390624999 0.6896825390625 0.5979274609375 0.6798941796875 0.5829015546874999 0.6772486765625 0.5735751296875 0.6772486765625 0.561139896875 0.66878306875 0.53834196875 0.6732804234375 0.5212435234374999 0.6785714281249999 0.5170984453125 0.6865079359374999 0.518134715625 0.6867724875000001 0.5082901546875 0.6732804234375 0.50569948125 0.671164021875 0.4984455953125 0.6669312171875 0.49948186562499997 0.6547619046875 0.527461140625 0.6428571421875 0.5310880828125 0.6417989421875 0.53834196875 0.6492063484374999 0.5507772015625 0.647354496875 0.557512953125 0.6383597890625 0.565803109375 0.627777778125 0.5647668390625 0.624338625 0.59637305625 0.61878306875 0.594818653125 0.6148148140624999 0.5984455953125 0.61798941875 0.6222797921875001 0.6116402109375 0.672020725 0.6076719578125 0.6777202078125 0.5970899468749999 0.679792746875 0.5820105812499999 0.7072538859375 0.58068783125 0.71502590625 0.5706349203125 0.72435233125 0.5582010578125 0.752849740625 0.553174603125 0.7823834203125 0.5354497359375 0.7839378234375001 0.5306878312500001 0.8119170984374999 0.5296296296875 0.8367875640625 0.5230158734375 0.8435233156249999 0.51931216875 0.8538860109374999 0.5129629625 0.8580310875 0.4981481484375 0.8507772015624999 0.49444444374999996 0.8569948187499999 0.490740740625 0.8569948187499999 0.4761904765625 0.8917098453125 0.4772486765625 0.9145077718750001 0.474867725 0.918134715625 0.4669312171875 0.9160621765625001 0.460052909375 0.9326424875000001 0.45105820156250004 0.9419689124999999 0.44920634843749996 0.9455958546875 0.447089946875 0.9725388593750001 0.43386243437500005 0.991191709375 0.44312169375000005 0.9937823828125 0.447619046875 0.9725388593750001 0.4547619046875 0.9699481859375 0.4582010578125 0.9766839375 0.45555555625000005 0.991191709375 0.459523809375 0.9968911921875 0.8648148140625 0.9979274609375001 0.871693121875 0.9968911921875 0.8801587296875001 0.9886010359374999 0.9029100531250001 0.9854922281249999 0.9198412703125 0.9751295343749999 0.9304232796875 0.9740932640625 0.9526455031250001 0.986528496875 0.9611111109375001 0.9968911921875 0.9735449734375001 0.9974093265624999 0.98068783125 0.9958549218750001 0.9830687828125001 0.9901554406249999 0.9830687828125001 0.9538860109374999 0.984920634375 0.9502590671875 1 0.9487046625 1 0.1082901546875
0 0.9825396828124999 0.9932642484375 0.984391534375 0.9512953375000001 1 0.9487046625 0.9992063484375 0.10569948124999999 0.95634920625 0.08808290156250001 0.9410052906249999 0.090155440625 0.9293650796874999 0.10466321249999999 0.9145502640625001 0.10362694374999999 0.8880952375 0.091191709375 0.8701058203125 0.091191709375 0.8624338625 0.10103626875 0.8624338625 0.11658031093750001 0.8701058203125 0.13264248750000002 0.8912698406249999 0.13575129531250002 0.9013227515625 0.1492227984375 0.922486771875 0.15233160625 0.9394179890625001 0.165803109375 0.9455026453125001 0.17564766874999999 0.9486772484375001 0.2046632125 0.9402116406250001 0.2450777203125 0.9417989421874999 0.26994818593750003 0.9396825390625001 0.28652849687500004 0.940740740625 0.29896373125000003 0.94391534375 0.30725388593749997 0.9460317453125 0.33937823906250003 0.9455026453125001 0.3455958546875 0.9378306875 0.3606217609375 0.921428571875 0.36165803125 0.909259259375 0.3678756484375 0.8870370375000001 0.366839378125 0.8346560843749999 0.34300518125 0.828306878125 0.3367875640625 0.8119047625 0.3398963734375 0.803703703125 0.3300518140625 0.8010582015625 0.322797928125 0.8021164015625001 0.3165803109375 0.8071428578125 0.3046632125 0.81878306875 0.30051813437499997 0.8227513234374999 0.2834196890625 0.8195767203125 0.2730569953125 0.815873015625 0.26994818593750003 0.8148148140625 0.26165803125 0.8084656078125001 0.25233160625 0.8084656078125001 0.2450777203125 0.8142857140625 0.23056994843749998 0.815343915625 0.219170984375 0.8074074078125 0.20259067343749998 0.8052910046875 0.1766839375 0.7986772484375 0.17616580312500002 0.774867725 0.20932642499999998 0.7682539687500001 0.21398963750000002 0.7677248671875 0.23160621718750002 0.771428571875 0.24404145000000002 0.7724867718749999 0.26165803125 0.7708994703125 0.277202071875 0.7735449734375 0.2927461140625 0.7690476187499999 0.29430051874999996 0.7629629625 0.3082901546875 0.7727513234375001 0.3160621765625 0.7806878312500001 0.3398963734375 0.7896825390625 0.33575129531250003 0.7984126984375 0.33834196875 0.8 0.3487046625 0.80687830625 0.36113989687500003 0.80582010625 0.3932642484375 0.7960317453125 0.40207253906249996 0.7880952375 0.40103626875 0.7806878312500001 0.39481865312500003 0.7730158734375 0.399481865625 0.7708994703125 0.408808290625 0.78095238125 0.42435233125 0.78201058125 0.4357512953125 0.7801587296875 0.44145077656250004 0.7671957671875 0.4450777203125 0.774603175 0.4606217609375 0.774603175 0.4689119171875 0.771693121875 0.47772020781249996 0.7621693125 0.480829015625 0.7489417984375 0.47046632187500004 0.7367724875 0.47046632187500004 0.7298941796875 0.45595854999999996 0.7208994703125 0.44766839375 0.709259259375 0.451813471875 0.70582010625 0.4585492234375 0.7015873015625 0.4792746109375 0.6920634921875 0.49896373125000004 0.697619046875 0.5119170984375 0.7013227515625 0.5139896375 0.716137565625 0.49637305625000006 0.721957671875 0.4984455953125 0.7256613749999999 0.5077720203125 0.7351851859375 0.5067357515625 0.7367724875 0.5160621765625 0.7425925921875 0.519170984375 0.7613756609375 0.5538860109375 0.7619047625 0.591191709375 0.75634920625 0.6062176171875 0.7373015875 0.609326425 0.73148148125 0.6155440421875 0.7256613749999999 0.6300518140625 0.7140211640625 0.62901554375 0.6902116406250001 0.6031088078125 0.6767195765625 0.5766839375 0.6740740734374999 0.5538860109375 0.66931216875 0.5373057 0.6743386250000001 0.519170984375 0.6859788359375 0.518134715625 0.6878306875 0.5113989640625001 0.6828042328125 0.50569948125 0.6785714281249999 0.5119170984375 0.674867725 0.5077720203125 0.671957671875 0.49896373125000004 0.6759259265625001 0.49119170937499995 0.6669312171875 0.49637305625000006 0.658994709375 0.5067357515625 0.6552910046875 0.527461140625 0.6431216937500001 0.527461140625 0.6375661375 0.5155440421875 0.6391534390625 0.49378238281250003 0.6428571421875 0.48031088125 0.652380953125 0.4689119171875 0.6669312171875 0.423834196875 0.678835978125 0.4139896375 0.68095238125 0.39430051875 0.69312169375 0.36113989687500003 0.6994709 0.333160621875 0.70555555625 0.3212435234375 0.7140211640625 0.3160621765625 0.7206349203125 0.3 0.7195767203125001 0.28134715 0.7232804234375 0.2637305703125 0.7386243390625 0.23782383437500001 0.75026455 0.20155440468750002 0.765079365625 0.181865284375 0.7735449734375 0.13834196875 0.7825396828125 0.1310880828125 0.7825396828125 0.11761657968749999 0.7862433859375 0.1082901546875 0.7925925921875 0.1 0.7992063484374999 0.081865284375 0.8089947093750001 0.06994818593749999 0.80026455 0.062176165625 0.7955026453125 0.0642487046875 0.7830687828125 0.053367874999999995 0.7886243390625001 0.0393782390625 0.7960317453125 0.033160621875000004 0.80026455 0.0414507765625 0.8103174609374999 0.0404145078125 0.8132275124999999 0.019170984375 0.8119047625 0.013471503125000001 0.80661375625 0.013471503125000001 0.80582010625 0.02435233125 0.803439153125 0.025906735937499998 0.80026455 0.012435232812499999 0.7923280421875 0.012435232812499999 0.789947090625 0.0160621765625 0.7923280421875 0.022797928125 0.7965608468750001 0.018652850000000002 0.7989417984375 0.02435233125 0.7955026453125 0.0269430046875 0.7923280421875 0.023834196874999998 0.7886243390625001 0.02901554375 0.7857142859375 0.0233160625 0.7867724875000001 0.015025906250000002 0.784391534375 0.0113989640625 0.7814814812499999 0.0160621765625 0.78174603125 0.024870465624999998 0.7764550265625 0.024870465624999998 0.7727513234375001 0.0310880828125 0.76931216875 0.0233160625 0.7695767203125 0.0072538859375 0.7664021156249999 0.014507771875 0.759523809375 0.014507771875 0.759788359375 0.0233160625 0.7574074078125 0.027979274999999998 0.752645503125 0.024870465624999998 0.7449735453125 0.0305699484375 0.7449735453125 0.0357512953125 0.74973545 0.0461139890625 0.7518518515625 0.066839378125 0.7489417984375 0.08808290156250001 0.7452380953125 0.0870466328125 0.7415343921875001 0.09222797968749999 0.7386243390625 0.08445595781250001 0.7370370375 0.06165803125 0.7335978843750001 0.0590673578125 0.73068783125 0.0689119171875 0.733862434375 0.077202071875 0.7335978843750001 0.0860103625 0.7293650796875 0.0870466328125 0.7256613749999999 0.079792746875 0.722486771875 0.0870466328125 0.709259259375 0.09222797968749999 0.703703703125 0.086528496875 0.7005291 0.0595854921875 0.6981481484375001 0.055958549999999996 0.6957671953125 0.095854921875 0.7015873015625 0.1155440421875 0.7005291 0.133160621875 0.69365079375 0.146632125 0.690740740625 0.16269430000000001 0.6796296296875 0.17616580312500002 0.671428571875 0.1766839375 0.6735449734375 0.181865284375 0.6735449734375 0.1932642484375 0.6642857140625 0.1968911921875 0.659523809375 0.20932642499999998 0.65582010625 0.21036269375 0.653439153125 0.22642487031249997 0.647354496875 0.24145077656249997 0.639947090625 0.24559585468749998 0.63095238125 0.26010362656249997 0.61825396875 0.2580310875 0.61798941875 0.2461139890625 0.6105820109375 0.238860103125 0.6116402109375 0.23056994843749998 0.6039682546875 0.21761657968749998 0.6010582015625 0.23782383437500001 0.6074074078125 0.26165803125 0.6005290999999999 0.26891191718749996 0.603703703125 0.2792746109375 0.5989417984375 0.2844559578125 0.6047619046875 0.28963730625 0.6079365078125 0.3031088078125 0.60582010625 0.3176165796875 0.5960317453124999 0.32227979218749997 0.5886243390625 0.308808290625 0.5825396828125 0.322797928125 0.5867724875 0.3455958546875 0.5867724875 0.3538860109375 0.5828042328125 0.36269429999999997 0.566402115625 0.3689119171875 0.553174603125 0.41139896406250004 0.5452380953125 0.4124352328125 0.5388888890625 0.42694300468749996 0.5325396828125 0.4300518140625 0.528042328125 0.447150259375 0.5224867718749999 0.45803108750000004 0.5103174609375001 0.4590673578125 0.50687830625 0.4782383421875 0.49365079375 0.49274611406249996 0.49179894218750003 0.5108808296875 0.484920634375 0.518134715625 0.47116402187500006 0.5170984453125 0.4669312171875 0.538860103125 0.44126984062499996 0.5694300515624999 0.4354497359375 0.5974093265625 0.42883597812499996 0.6124352328125 0.4082010578125 0.609326425 0.40449735468750003 0.58134715 0.39973545 0.58134715 0.39391534375 0.5886010359375 0.391005290625 0.5953367875 0.390476190625 0.6067357515625 0.3947089953125 0.6222797921875001 0.3952380953125 0.6398963734375 0.3859788359375 0.6715025906250001 0.3732804234375 0.6829015546874999 0.3611111109375 0.6839378234375 0.3550264546875 0.7020725390625 0.34417989375 0.7170984453125 0.33095238125000004 0.7129533671875 0.327513228125 0.705181346875 0.32566137500000003 0.6829015546874999 0.32063492031249996 0.7155440421875 0.3103174609375 0.74404145 0.2986772484375 0.747150259375 0.2947089953125 0.734196890625 0.2917989421875 0.73367875625 0.2865079359375 0.74300518125 0.28121693125 0.7450777203125 0.27777777812500004 0.7632124359375 0.265608465625 0.7829015546875 0.2507936515625 0.8222797921874999 0.24417989375000002 0.8310880828125 0.23941798906249998 0.8352331609375 0.22407407343750002 0.8341968906250001 0.215608465625 0.84766839375 0.2071428578125 0.851813471875 0.20105820156249998 0.8378238343750001 0.2015873015625 0.8222797921874999 0.19973544999999998 0.8207253890624999 0.1883597890625 0.8305699484375 0.19206349218750002 0.84404145 0.190740740625 0.8538860109374999 0.184391534375 0.8580310875 0.172222221875 0.8487046625 0.1624338625 0.8606217609375 0.16931216875 0.8720207249999999 0.1708994703125 0.8834196890625 0.16931216875 0.8917098453125 0.1616402109375 0.8963730562500001 0.1542328046875 0.9160621765625001 0.1394179890625 0.927461140625 0.1261904765625 0.91502590625 0.11455026406249999 0.9212435234375 0.116137565625 0.9347150265625 0.12328042343750001 0.9362694296875 0.124338625 0.9445595859375 0.12195767187499999 0.948186528125 0.11455026406249999 0.9450777203125 0.1148148140625 0.9373056999999999 0.11031746093749999 0.9253886015624999 0.10608465625 0.9295336781250001 0.10185185156250001 0.9212435234375 0.0957671953125 0.9300518140625 0.10264550312500001 0.9362694296875 0.103174603125 0.9455958546875 0.0986772484375 0.9554404140624999 0.09444444375 0.9554404140624999 0.0896825390625 0.9419689124999999 0.0822751328125 0.94300518125 0.0772486765625 0.9559585500000001 0.0798941796875 0.9704663218749999 0.0917989421875 0.9823834203124999 0.09444444375 0.9917098453125 0.10661375625 0.9917098453125 0.11825396875000001 0.9968911921875 0.3764550265625 0.9958549218750001 0.38148148125 0.9901554406249999 0.3830687828125 0.961139896875 0.38703703749999996 0.9502590671875 0.3955026453125 0.94300518125 0.4198412703125 0.94404145 0.424338625 0.9207253890624999 0.4378306875 0.900518134375 0.4547619046875 0.8994818656250001 0.45502645468749997 0.8844559578125001 0.4619047625 0.866839378125 0.46349206406250004 0.8461139890625 0.46772486718749995 0.8274611406249999 0.474867725 0.8176165796875001 0.49444444374999996 0.8113989640625 0.502645503125 0.7911917093749999 0.5005291 0.772538859375 0.5023809531250001 0.7585492234375 0.5071428578125 0.7585492234375 0.5134920640625 0.7512953375 0.525132275 0.7492227984375 0.5322751328125 0.7310880828124999 0.5362433859375 0.7025906734375 0.552910053125 0.69896373125 0.552380953125 0.6896373062500001 0.55661375625 0.6626943 0.5619047625 0.6585492234375 0.5629629625 0.6450777203125 0.565343915625 0.6404145078125 0.5838624343750001 0.6145077718749999 0.5928571421875 0.609326425 0.5970899468749999 0.59896373125 0.60608465625 0.5968911921875 0.6119047625 0.6 0.6169312171875 0.61502590625 0.6132275125 0.6689119171875 0.6082010578125 0.6777202078125 0.596560846875 0.679792746875 0.58068783125 0.7129533671875 0.5706349203125 0.7222797921875 0.5576719578125 0.7538860109375001 0.553174603125 0.78134715 0.5314814812499999 0.7834196890625 0.5328042328125 0.800518134375 0.5296296296875 0.8264248703125 0.5182539687500001 0.8549222796875 0.5140211640625 0.8580310875 0.5071428578125 0.8538860109374999 0.49973545 0.8424870468749999 0.49444444374999996 0.8528497406250001 0.489947090625 0.8544041453125001 0.47460317500000004 0.8937823828125 0.4761904765625 0.9145077718750001 0.4669312171875 0.9170984453125 0.460052909375 0.93367875625 0.45529100468749995 0.9367875640625 0.447619046875 0.952849740625 0.4481481484375 0.9663212437500001 0.4547619046875 0.9730569953125 0.4582010578125 0.981865284375 0.45555555625000005 0.9922279796875 0.45846560781249995 0.9979274609375001 0.60026455 0.9948186531250001 0.8706349203125001 0.9968911921875 0.88121693125 0.98963730625 0.9304232796875 0.976165803125 0.946296296875 0.9823834203124999 0.9605820109375 0.9989637312499999 0.9693121687499999 0.9984455953125 0.98068783125 0.9968911921875 0.9825396828124999 0.9932642484375
0 0.102380953125 0.8538860109374999 0.10767195781250001 0.846632125 0.1074074078125 0.8305699484375 0.11031746093749999 0.8269430046874999 0.125132275 0.827979275 0.12645502656250002 0.8367875640625 0.124338625 0.8461139890625 0.128306878125 0.8549222796875 0.14365079375 0.8549222796875 0.14947090000000002 0.8528497406250001 0.15634920624999998 0.8455958546875 0.1579365078125 0.83834196875 0.1613756609375 0.8378238343750001 0.15661375625 0.8347150265625001 0.15687830625000002 0.827979275 0.1764550265625 0.8207253890624999 0.1772486765625 0.81502590625 0.171428571875 0.809844559375 0.16931216875 0.7953367874999999 0.165343915625 0.7875647671875 0.1611111109375 0.79896373125 0.15634920624999998 0.8 0.14947090000000002 0.794818653125 0.1415343921875 0.795854921875 0.13677248749999998 0.8020725390625 0.128835978125 0.794818653125 0.1269841265625 0.7839378234375001 0.13677248749999998 0.772020725 0.1415343921875 0.7740932640625 0.1637566140625 0.7606217609375 0.175396825 0.766839378125 0.1769841265625 0.772020725 0.1761904765625 0.7601036265625 0.171957671875 0.752849740625 0.184126984375 0.7238341968750001 0.18809523749999998 0.7170984453125 0.1923280421875 0.728497409375 0.20052910000000002 0.7238341968750001 0.20052910000000002 0.7113989640625 0.1984126984375 0.7082901546875 0.20052910000000002 0.7 0.1957671953125 0.694818653125 0.19470899531250002 0.6803108812499999 0.197619046875 0.6715025906250001 0.20238095312499998 0.6683937828125 0.208730159375 0.6549222796875 0.21984127031249998 0.6538860109375 0.234656084375 0.6642487046875 0.24312169374999998 0.66632124375 0.25105820156249997 0.662176165625 0.25634920625 0.66632124375 0.25820105781249997 0.6595854921875001 0.25502645468749996 0.6461139890625 0.25026455 0.6388601031250001 0.2507936515625 0.618134715625 0.265079365625 0.6088082906250001 0.26746031718749996 0.5844559578124999 0.2738095234375 0.585492228125 0.274867725 0.595854921875 0.27989417968749997 0.59637305625 0.28148148125 0.6067357515625 0.27989417968749997 0.6305699484375 0.2822751328125 0.6362694296875 0.2862433859375 0.618134715625 0.283597884375 0.6077720203125 0.2862433859375 0.5922279796875001 0.278571428125 0.58134715 0.274867725 0.58134715 0.2735449734375 0.5735751296875 0.2828042328125 0.553367875 0.2862433859375 0.5580310875000001 0.2851851859375 0.5694300515624999 0.2867724875 0.571502590625 0.2867724875 0.5538860109375 0.2952380953125 0.546632125 0.2925925921875 0.53834196875 0.29338624375 0.529533678125 0.297089946875 0.5367875640624999 0.302380953125 0.538860103125 0.30555555624999997 0.553367875 0.30978835937500004 0.5492227984375 0.3116402109375 0.551813471875 0.3137566140625 0.5756476687500001 0.31772486718750004 0.5782383421875 0.3195767203125 0.56632124375 0.3240740734375 0.5585492234375 0.334920634375 0.5528497406249999 0.3298941796875 0.5492227984375 0.328571428125 0.543523315625 0.334656084375 0.5430051812500001 0.340211640625 0.5227979281249999 0.34417989375 0.5222797921875 0.347619046875 0.5155440421875 0.341269840625 0.5051813468749999 0.340740740625 0.48445595781249995 0.3457671953125 0.47461139843750005 0.353174603125 0.471502590625 0.36058201093750003 0.45803108750000004 0.3648148140625 0.45803108750000004 0.3727513234375 0.4673575125 0.37910052968749997 0.462176165625 0.375132275 0.45440414531249995 0.378571428125 0.4300518140625 0.39074074062499997 0.4300518140625 0.38941798906249997 0.4461139890625 0.3928571421875 0.451813471875 0.39576719531250004 0.4461139890625 0.39365079375 0.43782383437499994 0.3947089953125 0.43160621718750003 0.40396825468750003 0.4155440421875 0.4119047625 0.4155440421875 0.43095238125 0.42797927500000005 0.4357142859375 0.424870465625 0.4515873015625 0.4259067359375 0.4521164015625 0.42176165781249997 0.44126984062499996 0.41502590625 0.447619046875 0.40466321250000004 0.45079365156250006 0.37979274687500003 0.45555555625000005 0.3766839375 0.45608465625 0.36943005156250003 0.453439153125 0.36113989687500003 0.459523809375 0.3595854921875 0.4669312171875 0.36476683906249996 0.47116402187500006 0.3398963734375 0.4796296296875 0.34300518125 0.4828042328125 0.337823834375 0.48518518593750004 0.351813471875 0.48465608437499996 0.3683937828125 0.48809523749999995 0.3689119171875 0.490740740625 0.356476684375 0.4928571421875 0.3689119171875 0.4981481484375 0.3699481859375 0.5052910046875 0.3538860109375 0.5015873015625 0.3445595859375 0.50687830625 0.3310880828125 0.49973545 0.3326424875 0.49444444374999996 0.34300518125 0.4873015875 0.3321243515625 0.490740740625 0.319170984375 0.4981481484375 0.3212435234375 0.49947090000000005 0.30725388593749997 0.5126984125 0.2927461140625 0.5100529093749999 0.2844559578125 0.515608465625 0.27150259062500004 0.5235449734375 0.2694300515625 0.525661375 0.272538859375 0.533597884375 0.2590673578125 0.5373015875 0.2642487046875 0.5380952375 0.2544041453125 0.5425925921875 0.24974093281249998 0.55634920625 0.2507772015625 0.5619047625 0.2461139890625 0.5574074078125 0.2404145078125 0.5489417984375 0.242487046875 0.5415343921875 0.23937823906250003 0.5375661375 0.23056994843749998 0.540740740625 0.22642487031249997 0.5412698406249999 0.21502590625 0.5452380953125 0.21036269375 0.55026455 0.2160621765625 0.5518518515624999 0.2233160625 0.5486772484375 0.23160621718750002 0.5515873015625 0.2321243515625 0.5619047625 0.21502590625 0.5608465609375 0.208808290625 0.5550264546875 0.200518134375 0.55661375625 0.19430051875 0.5669312171875001 0.18031088125 0.5769841265625 0.175129534375 0.58095238125 0.1683937828125 0.58148148125 0.16113989687500002 0.5761904765625 0.1487046625 0.5804232796875 0.1393782390625 0.5772486765625 0.133160621875 0.5772486765625 0.123834196875 0.58068783125 0.1160621765625 0.584391534375 0.1170984453125 0.590476190625 0.1062176171875 0.5886243390625 0.10155440468750002 0.58068783125 0.10155440468750002 0.578835978125 0.0927461140625 0.584920634375 0.0860103625 0.5878306875 0.077202071875 0.5865079359375 0.061139896875 0.596560846875 0.056994818749999995 0.60026455 0.0487046625 0.6084656078124999 0.057512953125 0.6111111109375 0.0357512953125 0.6148148140624999 0.0316062171875 0.60582010625 0.0160621765625 0.6105820109375 0.008808290625 0.6050264546874999 0.005181346875 0.5880952374999999 0.0062176171875 0.5822751328125 0.012435232812499999 0.5611111109375 0.014507771875 0.55687830625 0.021761657812499998 0.552380953125 0.019170984375 0.5521164015625 0.0072538859375 0.5394179890624999 0.0031088078125000003 0.01931216875 0.0020725390625 0.0039682546875000006 0.005181346875 0.0015873015625 0.0222797921875 0.0010582015625 0.07098445625000001 0.0021164015625 0.8461139890625 0.003174603125 0.8544041453125001 0.0071428578125 0.8580310875 0.0198412703125 0.8601036265625 0.027777778125000003 0.8590673578124999 0.03148148125 0.8538860109374999 0.040476190625000005 0.8559585500000001 0.0449735453125 0.8388601031249999 0.0515873015625 0.8259067359375001 0.061111110937500004 0.8259067359375001 0.065079365625 0.8305699484375 0.065079365625 0.8378238343750001 0.07116402187500001 0.8559585500000001 0.0867724875 0.8595854921875 0.09338624375 0.8538860109374999 0.102380953125 0.8538860109374999