1 0.440625 0.42421875 0.1484375 0.19375
1 0.22109375 0.33046875 0.17109375 0.16640625
1 0.37890625 0.2578125 0.11484375 0.09765625
1 0.453125 0.2734375 0.059375 0.0859375
1 0.90234375 0.7390625 0.13125 0.16796875
1 0.85390625 0.38984375 0.0703125 0.08984375
1 0.8015625 0.34375 0.03984375 0.0546875
1 0.746875 0.4421875 0.18046875 0.134375
1 0.09375 0.61328125 0.18671875 0.3390625
1 0.24609375 0.88984375 0.05390625 0.15625
1 0.4375 0.83359375 0.10625 0.33203125
1 0.70390625 0.2484375 0.03828125 0.05234375
1 0.76484375 0.70234375 0.06953125 0.071875
1 0.2453125 0.1859375 0.03515625 0.03125
1 0.1625 0.2171875 0.05859375 0.05625
1 0.11015625 0.246875 0.06484375 0.0484375
1 0.190625 0.18984375 0.0296875 0.034375
0 0.593504453125 0.2265100671875 0.6052907281250001 0.2192393734375 0.6092194859375 0.21085011250000002 0.611314825 0.19742729375 0.619434259375 0.1856823265625 0.63933996875 0.1879194625 0.6529596640625 0.19686800937499999 0.655055003125 0.20357941875000002 0.6610790984375 0.20078299843749997 0.655055003125 0.19686800937499999 0.6519119953125 0.1868008953125 0.6466736515625 0.1856823265625 0.639863803125 0.17337807656249998 0.6278156109374999 0.168903803125 0.620481928125 0.15883668906249998 0.6100052390624999 0.1599552578125 0.6000523828125 0.154362415625 0.5921948671874999 0.140939596875 0.5827658453125 0.14429530156249998 0.581456259375 0.14261744999999998 0.5845992671875 0.134787471875 0.5806705078125 0.1263982109375 0.5788370875 0.133668903125 0.580408590625 0.14261744999999998 0.575170246875 0.15156599531249998 0.58538501875 0.156599553125 0.5893137765625001 0.16834451875 0.5817181765624999 0.1722595078125 0.5764798328125 0.1655480984375 0.5662650609375001 0.190715884375 0.5662650609375001 0.201901565625 0.572812990625 0.24272930625 0.5903614453125 0.24776286406249998 0.59298061875 0.244407159375 0.593504453125 0.2265100671875
0 0.5764798328125 0.5313199109375 0.5806705078125 0.5391498875 0.583813515625 0.533557046875 0.5932425359375 0.5313199109375 0.5963855421875001 0.5425055921874999 0.6000523828125 0.532438478125 0.6100052390624999 0.5290827734375 0.611314825 0.52181208125 0.6160293343750001 0.515100671875 0.6152435828125 0.5089485453125 0.6076479828125 0.49944071562500003 0.5948140390625001 0.4563758390625 0.5811943421875 0.44407158906250005 0.5754321640625 0.446308725 0.5720272390625001 0.4401566 0.5704557359375 0.417785234375 0.5636458875 0.4010067109375 0.56259821875 0.38646532499999997 0.5568360390625 0.37080536875000003 0.5568360390625 0.3607382546875 0.5730749078125 0.33389261718749996 0.5835515984375 0.31040268437499996 0.582503928125 0.30145413906249996 0.5887899421875 0.2891498875 0.5887899421875 0.2802013421875 0.5806705078125 0.26957494375 0.5623363015625 0.2684563765625 0.5557883703125001 0.2723713640625 0.5589313781249999 0.2925055921875 0.55840754375 0.30257270625 0.5557883703125001 0.3182326625 0.5510738609375 0.32941834375 0.5489785234375 0.36185682343750003 0.542692509375 0.38646532499999997 0.53352540625 0.3892617453125 0.5303823984375 0.3959731546875 0.5220010484375 0.398210290625 0.517810371875 0.40827740468749996 0.5099528546875 0.41163310937500003 0.4944997375 0.45357941874999996 0.49083289687500004 0.47035794218750004 0.491880565625 0.47818791875000005 0.487689890625 0.48601789687499997 0.48873755937499996 0.4960850109375 0.4861183859375 0.501677853125 0.48664222031250004 0.5117449671875 0.49476165468750005 0.532438478125 0.501571503125 0.541387025 0.514667365625 0.5425055921874999 0.5212152953125 0.5363534671875 0.5002619171875 0.528523490625 0.5020953375 0.5 0.5612886328125 0.49776286406250003 0.5618124671875 0.5033557046875 0.549240440625 0.5044742734375001 0.542692509375 0.5117449671875 0.54740701875 0.51957494375 0.549240440625 0.54026845625 0.55290728125 0.533557046875 0.5618124671875 0.5313199109375 0.565217390625 0.5430648765625 0.568622315625 0.533557046875 0.5764798328125 0.5313199109375
0 0.8632792031250001 0.42673378125 0.8603981140625001 0.41834451875 0.850445259375 0.40492169999999994 0.8331587218750001 0.3948545859375 0.814824515625 0.372483221875 0.800680984375 0.3624161078125 0.7922996328125 0.3657718125 0.7875851234375 0.35234899375 0.7794656890625 0.34395973125 0.7799895234374999 0.31935122968749996 0.784442115625 0.3143176734375 0.7993713984374999 0.31040268437499996 0.796490309375 0.305369128125 0.7870612890625 0.3008948546875 0.726296490625 0.2472035796875 0.72027239375 0.2522371359375 0.7234154 0.2600671140625 0.7184389734375001 0.265100671875 0.694866421875 0.2606263984375 0.6883184906250001 0.25111856875 0.6883184906250001 0.23434004531250002 0.6841278156249999 0.2265100671875 0.687270821875 0.21868008906249997 0.686223153125 0.21308724843750002 0.6838658984375 0.209172259375 0.67810371875 0.210290828125 0.6707700359375 0.20134228125 0.6668412781249999 0.20413870312500002 0.6668412781249999 0.2119686796875 0.6807228921874999 0.22595078281249997 0.680984809375 0.23434004531250002 0.6744368781250001 0.23601789687500002 0.6665793609375 0.22818791875 0.6589837609375 0.2265100671875 0.6616029328125 0.23322147656249997 0.6589837609375 0.2678970921875 0.6896280781249999 0.3020134234375 0.709009953125 0.3344519015625 0.7336301734374999 0.338926175 0.7441068625 0.3478747203125 0.7524882140625 0.3747203578125 0.760869565625 0.37919463124999997 0.7729177578125 0.41163310937500003 0.77972760625 0.4172259515625 0.789942378125 0.4155480984375 0.7928234671875 0.38814317656249997 0.7941330546875001 0.417785234375 0.796490309375 0.42617449687500003 0.81220534375 0.4317673375 0.8279203765625001 0.458612975 0.8389209015624999 0.45525727031249996 0.8520167624999999 0.458612975 0.8554216875 0.47147650937499996 0.862231534375 0.44351230468749997 0.8632792031250001 0.42673378125
0 0.55840754375 0.9200223718749999 0.5557883703125001 0.9088366890625 0.5489785234375 0.8965324390625 0.54740701875 0.877516778125 0.5374541640625 0.8383668906249999 0.5332634890625 0.8294183437499999 0.5322158203125 0.8070469796875 0.52592980625 0.7746085015624999 0.5230487171875 0.7662192390625 0.517810371875 0.763982103125 0.511262440625 0.7522371359375 0.51073860625 0.65380313125 0.5062860140625001 0.6599552578125001 0.5026191718749999 0.656599553125 0.49895233125000005 0.6789709171875 0.4869041390625 0.67449664375 0.47904662187499997 0.6923937359375001 0.47485594531249997 0.6856823265624999 0.47014143593749996 0.6856823265624999 0.4711891046875 0.6935123046875 0.4751178625 0.69519015625 0.4706652703125 0.6968680093749999 0.46883184843750003 0.703020134375 0.471451021875 0.7209172265625 0.46202200156249995 0.7354586125 0.46202200156249995 0.7589485453125 0.487689890625 0.99272930625 0.4895233109375 0.9977628640624999 0.5542168671875001 0.9972035796875 0.5573598750000001 0.9703579421875 0.55840754375 0.9200223718749999
0 1 0.51957494375 0.9834992140625 0.5111856828125 0.985332634375 0.5061521250000001 0.9840230484375001 0.50111856875 0.980618125 0.50727069375 0.9753797796875 0.5363534671875 0.972498690625 0.54026845625 0.9732844421875001 0.5027964203125 0.957307490625 0.4955257265625 0.9518072296875 0.47818791875000005 0.9533787328125 0.4692393734375 0.9442116296874999 0.4608501125 0.938973284375 0.4507829984375 0.903352540625 0.41498881406250004 0.897852278125 0.418903803125 0.895756940625 0.444630871875 0.8928758515625 0.4485458609375 0.8881613406250001 0.446308725 0.8844945 0.4351230421875 0.870874803125 0.42505592812500004 0.8658983765625001 0.44351230468749997 0.8606600312499999 0.500559284375 0.8630172859374999 0.5033557046875 0.8745416453124999 0.4966442953125 0.8865898375000001 0.5246085015624999 0.8962807749999999 0.5363534671875 0.8941854375 0.5508948546875 0.8952331062500001 0.566554809375 0.8863279203125 0.5710290828125 0.8884232578125 0.594519015625 0.8852802515624999 0.6101789703125 0.8863279203125 0.6459731546875 0.92325825 0.670022371875 0.93740178125 0.6901566 0.9426401249999999 0.683445190625 0.9442116296874999 0.6979865765625 0.9701414359375 0.73657718125 0.96856993125 0.791387025 0.9667365109375 0.79642058125 0.9599266625 0.79865771875 0.9554740703125001 0.8081655484375 0.9470927187499999 0.864093959375 0.9499738078125001 0.8668903796875 0.9544264015625 0.8629753921875001 0.9544264015625 0.837248321875 0.957307490625 0.832214765625 0.9638554218750001 0.866331096875 0.969093765625 0.8741610734374999 0.9769512828125 0.9077181203125001 0.9774751171875 0.9289709171875 0.9743321109374999 0.9368008953125001 0.9738082765625 0.9558165546874999 0.976689365625 0.9608501125 0.9882137249999999 0.9642058171875 0.9905709796875 0.9759507828125 0.9905709796875 0.9960850109375 1 0.9983221468749999 1 0.51957494375
0 0.7606076484375001 0.9423937359375 0.7558931375 0.9300894859375 0.7558931375 0.9211409390625 0.7611314828125 0.886465325 0.768989 0.8629753921875001 0.77213200625 0.8383668906249999 0.777108434375 0.8355704703125 0.780775275 0.8422818796874999 0.7881089578125 0.8131991046874999 0.795966475 0.831096196875 0.8001571500000001 0.8277404921875 0.8080146671874999 0.8478747203125 0.811681509375 0.8478747203125 0.815872184375 0.8612975390625 0.827134625 0.8484340046875 0.8308014671875 0.8294183437499999 0.8313253015625 0.8092841156249999 0.834730225 0.8098433999999999 0.8446830796875 0.863534675 0.850445259375 0.870246084375 0.8541121 0.8668903796875 0.8598742796875 0.870246084375 0.8666841281250001 0.8612975390625 0.871922471875 0.8747203578124999 0.88344683125 0.8881431765625001 0.9017810374999999 0.863534675 0.9020429546875001 0.8540268453125 0.9059717125000001 0.8478747203125 0.9096385546875 0.851230425 0.9138292296875001 0.86465324375 0.91801990625 0.8579418343749999 0.9222105812500001 0.863534675 0.9258774234375 0.8478747203125 0.9332111046874999 0.86465324375 0.93530644375 0.863534675 0.94604505 0.8383668906249999 0.9518072296875 0.8070469796875 0.95128339375 0.795861296875 0.9468308015625 0.7930648765625 0.937925615625 0.8064876953125 0.920639078125 0.8020134234375 0.9169722374999999 0.804250559375 0.9143530640625 0.8131991046874999 0.9096385546875 0.8120805375 0.9054478781249999 0.8210290828125 0.8954950234375 0.8243847875 0.8829229968750001 0.8087248328125 0.8551597687499999 0.7561521250000001 0.8507071765625 0.769015659375 0.8501833421875 0.7790827734375 0.8431115765625 0.791946309375 0.8378732328125 0.7941834453125 0.8273965421874999 0.789709171875 0.8195390250000001 0.7941834453125 0.8080146671874999 0.7863534671875 0.7951807234375 0.770134228125 0.793085384375 0.76342281875 0.7946568890625 0.743288590625 0.7917757984375 0.73042505625 0.76453640625 0.73042505625 0.7514405453124999 0.7382550328125 0.7367731796875 0.7337807609375 0.7336301734374999 0.736017896875 0.7289156625000001 0.749440715625 0.7210581453125 0.7527964203125 0.6980094296875 0.7270693515625 0.6676270296875 0.67673378125 0.6597695125 0.6800894859375 0.64353064375 0.6711409390624999 0.639863803125 0.6532438484374999 0.5220010484375 0.6498881437499999 0.5191199578125001 0.65380313125 0.5170246203125 0.6940715890625 0.5196437921875 0.7197986578125 0.522262965625 0.7231543625 0.5316919859375 0.784675615625 0.547930853125 0.8596196875000001 0.559979046875 0.8965324390625 0.559979046875 0.9043624156250001 0.5633839703125 0.899328859375 0.5662650609375001 0.9043624156250001 0.565217390625 0.9300894859375 0.5770036671875001 0.9977628640624999 0.7590361453125001 0.9972035796875 0.7616553171875 0.9546979859375 0.7606076484375001 0.9423937359375
0 0.3965426921875 0.9692393734375001 0.3949711890625 0.9636465328125 0.390256678125 0.8305369125000001 0.38920900937499997 0.70973154375 0.3907805140625 0.6873601796875 0.40073336875 0.6784116328125 0.3944473546875 0.6314317671875 0.3928758515625 0.5922818796875 0.40020953437499995 0.5699105140625 0.3965426921875 0.555369128125 0.3965426921875 0.5453020140625 0.3986380296875 0.5318791953125 0.402304871875 0.527404921875 0.37375589374999996 0.5156599546875 0.371922471875 0.49944071562500003 0.36825563125 0.4949664421875 0.3713986375 0.487136465625 0.3713986375 0.4770693515625 0.3685175484375 0.46979865781249996 0.36406495625 0.4692393734375 0.36354112031249997 0.45022371406249995 0.3690413828125 0.446308725 0.370874803125 0.4345637578125 0.37585123125000003 0.42281879218749996 0.390256678125 0.4021252796875 0.388685175 0.3450783 0.38475641718750003 0.35570469843749997 0.3823991625 0.34395973125 0.376375065625 0.3366890375 0.3745416453125 0.3428411640625 0.3761131484375 0.378635346875 0.3740178109375 0.39541387031249997 0.36825563125 0.4021252796875 0.366684128125 0.41331096250000005 0.3648507078125 0.4172259515625 0.361183865625 0.41163310937500003 0.35751702500000004 0.42058165625 0.34651650156249997 0.42953020156250005 0.34206390781249996 0.42785234843750003 0.34127815625 0.41498881406250004 0.33577789375 0.42785234843750003 0.335254059375 0.43903803124999996 0.3326348875 0.444630871875 0.3376113140625 0.44519015624999997 0.3399685703125 0.45246085 0.32975379843749997 0.4642058171875 0.325563121875 0.4563758390625 0.3232058671875 0.4625279640625 0.3268727078125 0.46700223750000003 0.3268727078125 0.4759507828125 0.32294395 0.48322147656250003 0.3174436875 0.48042505625 0.3174436875 0.528523490625 0.32215819843750004 0.5363534671875 0.323467784375 0.6040268453125 0.31770560468750003 0.60738255 0.31534835 0.60234899375 0.3106338390625 0.5050335578125 0.3064431640625 0.48825503281250004 0.2983237296875 0.493288590625 0.2941330546875 0.47427293125 0.27422734375 0.47203579375000004 0.27160817187499997 0.467561521875 0.2697747515625 0.4692393734375 0.2676794140625 0.487136465625 0.2687270828125 0.5039149890625 0.2632268203125 0.505592840625 0.2577265578125 0.513982103125 0.2561550546875 0.5307606265625 0.2509167109375 0.5374720359375 0.249869040625 0.54753915 0.24567836562499998 0.554250559375 0.241225771875 0.574944071875 0.22812991093749999 0.5827740484375 0.21241487656250002 0.5827740484375 0.2092718703125 0.59395973125 0.2022001046875 0.6034675609375 0.20272393906250002 0.6280760625 0.2082242015625 0.628635346875 0.211105290625 0.635906040625 0.211105290625 0.662751678125 0.2163436359375 0.6694630874999999 0.21477213125 0.6873601796875 0.21162912500000003 0.69519015625 0.21372446250000002 0.7074944078125001 0.20900995312499998 0.729865771875 0.212152959375 0.73769575 0.21608171875 0.765100671875 0.2173913046875 0.7466442953125 0.21503405 0.737136465625 0.2239392359375 0.736017896875 0.22577265624999998 0.743288590625 0.22420115312500002 0.755592840625 0.226820325 0.76230425 0.2247249875 0.7678970921875 0.2247249875 0.795861296875 0.2184389734375 0.80480984375 0.2221058140625 0.8137583890625001 0.2194866421875 0.8159955249999999 0.2158198015625 0.837248321875 0.2158198015625 0.864093959375 0.2053431109375 0.8719239375000001 0.2158198015625 0.8875838921874999 0.2163436359375 0.9010067109375001 0.204557359375 0.9038031312499999 0.2022001046875 0.8920581656250001 0.20377160781249998 0.8719239375000001 0.200366684375 0.8680089484375 0.1990570984375 0.8887024609375 0.194866421875 0.898769575 0.19381875312500002 0.9144295296875 0.200366684375 0.9418344515625 0.204033525 0.9071588359374999 0.2200104765625 0.9088366890625 0.225248821875 0.8887024609375 0.225248821875 0.8551454140624999 0.23965426875 0.818791946875 0.24489261406249999 0.8165548093749999 0.2632268203125 0.8232662187500001 0.265584075 0.8282997765625 0.266107909375 0.8685682328125001 0.2692509171875 0.898769575 0.2611314828125 0.9217002234375 0.24017810312500001 0.954138703125 0.2312729171875 0.954138703125 0.2270822421875 0.9496644296874999 0.2236773171875 0.9222595078125 0.219748559375 0.9138702453124999 0.2113672078125 0.9172259515625001 0.21162912500000003 0.9379194625 0.20953378749999998 0.944630871875 0.21058145625 0.959172259375 0.2058669453125 0.971476509375 0.20953378749999998 0.98042505625 0.20874803593750002 0.9888143171875001 0.2270822421875 0.9966442953125 0.24017810312500001 0.993288590625 0.28837087499999997 0.9977628640624999 0.3949711890625 0.9972035796875 0.3965426921875 0.99272930625 0.3965426921875 0.9692393734375001
0 0.42771084375 0.3668903796875 0.43399685625 0.3478747203125 0.44054478750000003 0.3428411640625 0.44106862187500007 0.3350111859375 0.4463069671875 0.3271812078125 0.4457831328125 0.323825503125 0.43766369843749997 0.32102908281250003 0.4355683609375 0.30872483281249996 0.42142482968749995 0.30313199062499996 0.41985332656249996 0.2863534671875 0.41461498125 0.2930648765625 0.41121005781250003 0.3003355703125 0.4101623890625 0.3215883671875 0.3949711890625 0.3361297546875 0.3970665265625 0.39429530156250003 0.41566264999999997 0.3814317671875 0.42771084375 0.3668903796875
0 0.2540597171875 0.9893736015625001 0.25144054531250004 0.98042505625 0.25510738593750004 0.9748322140625 0.25667888906249997 0.9636465328125 0.259821896875 0.960290828125 0.265060240625 0.93903803125 0.26244106875 0.9289709171875 0.25903614531249997 0.926174496875 0.23965426875 0.954138703125 0.233892090625 0.954138703125 0.23153483437500003 0.960290828125 0.22158197968749999 0.9088366890625 0.22996333125 0.8752796421875001 0.226820325 0.8540268453125 0.24174960781250002 0.8176733781250001 0.254321634375 0.8165548093749999 0.2616553171875 0.8221476515624999 0.2634887375 0.8193512296875 0.2634887375 0.80480984375 0.254321634375 0.8064876953125 0.25013095937499996 0.803131990625 0.24724986875 0.7880313203125 0.24698795156250003 0.7706935125000001 0.23336825625 0.765100671875 0.219748559375 0.7662192390625 0.2163436359375 0.7477628640625 0.2173913046875 0.7265100671875 0.2118910421875 0.721476509375 0.2077003671875 0.73042505625 0.205605028125 0.7293064874999999 0.20639078125000002 0.7209172265625 0.1985332640625 0.7119686796875 0.20141435312499997 0.7114093953125 0.2042954421875 0.704138703125 0.206914615625 0.6907158843750001 0.20508119374999997 0.681208053125 0.1990570984375 0.6873601796875 0.1990570984375 0.6929530203125001 0.202462021875 0.695749440625 0.1966998421875 0.6935123046875 0.1888423265625 0.70357941875 0.18124672656250002 0.7209172265625 0.1801990578125 0.728747203125 0.18438973281249998 0.7332214765625 0.1859612359375 0.7802013421875 0.19119958125 0.8059284109375 0.19224725 0.8294183437499999 0.1980094296875 0.8674496640625 0.1961760078125 0.8847874718750001 0.19015191250000002 0.8685682328125001 0.1726034578125 0.7270693515625 0.1707700359375 0.728747203125 0.17181770624999998 0.73769575 0.16107909843749998 0.7550335578125 0.157150340625 0.7667785234375 0.15662650625000002 0.7813199109375 0.1639601890625 0.84395973125 0.1749607125 0.9133109625 0.17548454687499998 0.9233780765624999 0.1731272921875 0.9295302015625 0.1702462015625 0.9256152125 0.1660555265625 0.9043624156250001 0.14903090624999998 0.7751677859375 0.1380303828125 0.7852349000000001 0.1259821890625 0.7863534671875 0.1196961765625 0.7852349000000001 0.11393399687500001 0.777404921875 0.09874279687500001 0.804250559375 0.0741225765625 0.8299776281250001 0.0353588265625 0.832214765625 0.0324777375 0.852908278125 0.0324777375 0.879753915625 0.02592980625 0.899328859375 0.0206914609375 0.90604026875 0.015715034375 0.9043624156250001 0.017286537499999997 0.9222595078125 0.026191723437499998 0.9625279640625 0.024358303125 0.9697986578125001 0.0217391296875 0.9697986578125001 0.016762703125 0.9569351234375001 0.0083813515625 0.9110738250000001 0.0034049234375 0.9026845640625 0 0.91219239375 0.0002619171875 0.9977628640624999 0.1801990578125 0.9983221468749999 0.251178628125 0.9955257265625 0.2540597171875 0.9893736015625001