1 0.63359375 0.15390625 0.07578125 0.1078125
1 0.55078125 0.284375 0.07890625 0.13515625
1 0.9125 0.08046875 0.10703125 0.1109375
1 0.79765625 0.80078125 0.40390625 0.3984375
1 0.3984375 0.3125 0.1984375 0.1359375
1 0.6421875 0.28125 0.08515625 0.11015625
1 0.5640625 0.175 0.0703125 0.09609375
1 0.02734375 0.24296875 0.05390625 0.10625
1 0.725 0.28515625 0.07734375 0.09921875
1 0.88515625 0.375 0.22890625 0.37890625
1 0.49765625 0.0703125 0.14296875 0.090625
1 0.06796875 0.1671875 0.1359375 0.159375
1 0.43984375 0.19140625 0.16796875 0.1140625
1 0.80546875 0.07421875 0.0765625 0.0609375
1 0.3140625 0.11484375 0.040625 0.046875
1 0.3265625 0.1796875 0.05859375 0.05234375
1 0.075 0.05078125 0.15 0.0671875
1 0.7171875 0.05625 0.0875 0.05234375
1 0.6609375 0.1078125 0.028125 0.04453125
1 0.778125 0.19765625 0.05390625 0.0890625
1 0.91015625 0.2140625 0.08203125 0.046875
0 0.3140782828125 0.43020595000000006 0.321338384375 0.41132723125000004 0.3298611109375 0.3993135015625 0.3386994953125 0.400457665625 0.34659090937500003 0.41933638437500004 0.352588384375 0.425629290625 0.37531565625 0.4199084671875 0.4011994953125 0.4199084671875 0.415088384375 0.409610984375 0.42455808125 0.413043478125 0.46243686874999995 0.40503432500000003 0.47506313125000005 0.40732265468750006 0.4813762625 0.4027459953125 0.490214646875 0.4038901609375 0.49400252499999997 0.3993135015625 0.49842171718749995 0.40503432500000003 0.5072601015625 0.3981693359375 0.54955808125 0.3993135015625 0.5520833328125 0.393592678125 0.5580808078125 0.3918764296875 0.553661615625 0.378146453125 0.5571338390625 0.3729977109375 0.5609217171875 0.37757437031249996 0.5729166671875 0.37643020625 0.577967171875 0.3867276890625 0.5924873734375 0.3901601828125 0.6139520203125 0.38215102968750003 0.6549873734375 0.37757437031249996 0.6581439390625 0.3695652171875 0.6619318187500001 0.368421053125 0.7256944437499999 0.36270022812499997 0.7266414140624999 0.34153318125 0.7256944437499999 0.33638443906250004 0.7136994953125 0.335240275 0.7061237375 0.3283752859375 0.696654040625 0.31350114375000004 0.6897095953125 0.31350114375000004 0.6865530296875 0.321510296875 0.6448863640625 0.3249427921875 0.609532828125 0.318077803125 0.6082702015625 0.3123569796875 0.602588384375 0.308924484375 0.6022727265625 0.31407322656250003 0.61300505 0.327803203125 0.6111111109375 0.3346681921875 0.616161615625 0.34153318125 0.6142676765624999 0.3552631578125 0.6089015156250001 0.3661327234375 0.54324495 0.3695652171875 0.5381944437499999 0.3661327234375 0.5359848484375 0.356407321875 0.522411615625 0.33638443906250004 0.5110479796875 0.3295194515625 0.4895833328125 0.3443935921875 0.4861111109375 0.362128146875 0.478851009375 0.368421053125 0.4738005046875 0.38329519375 0.4397095953125 0.3867276890625 0.42897727343750003 0.3695652171875 0.38731060624999997 0.37643020625 0.36963383906249997 0.37414187656250003 0.3582702015625 0.3489702515625 0.3488005046875 0.3478260875 0.341224746875 0.3375286046875 0.3235479796875 0.33867276875 0.30965909062499997 0.3295194515625 0.3020833328125 0.3375286046875 0.2998737375 0.3472540046875 0.3042929296875 0.422768878125 0.30681818125000004 0.43421052656250003 0.30965909062499997 0.429061784375 0.3140782828125 0.43020595000000006
0 0 0.9959954234374999 0.1265782828125 0.9965675062500001 0.1417297984375 0.9931350109375 0.147411615625 0.9977116703125001 0.19255050468749998 0.9971395875000001 0.1950757578125 0.9868421046875 0.203282828125 0.8323798625000001 0.20422979843750003 0.8283752859375 0.2203282828125 0.8175057203125 0.215909090625 0.8026315796875 0.20643939375000003 0.7282608703125 0.20833333281250002 0.6950800921875 0.2114898984375 0.6824942796875 0.2108585859375 0.6024027453125 0.2080176765625 0.5961098390624999 0.20422979843750003 0.6075514875 0.20012626249999999 0.6035469109375 0.19255050468749998 0.5417620140625 0.1884469703125 0.529748284375 0.18465909062500002 0.5389016015625 0.181502525 0.524027459375 0.165088384375 0.524027459375 0.1609848484375 0.51887871875 0.16130050468749998 0.5102974828125 0.17518939375 0.504576659375 0.13731060625 0.4942791765625 0.1335227265625 0.5 0.1171085859375 0.5057208234375 0.1139520203125 0.5137299765625001 0.10006313124999999 0.5148741421875 0.096590909375 0.510869565625 0.0953282828125 0.4834096109375 0.10321969687500002 0.47940503437500004 0.153093434375 0.48169336406249996 0.1808712125 0.4942791765625 0.183712121875 0.485697940625 0.183712121875 0.46853546875 0.17803030312499998 0.4181922203125 0.17518939375 0.41418764374999995 0.15625 0.41418764374999995 0.15214646406250001 0.4090389015625 0.152462121875 0.40503432500000003 0.16319444375 0.40503432500000003 0.1669823234375 0.409610984375 0.1764520203125 0.4038901609375 0.1789772734375 0.3981693359375 0.18339646406250001 0.3981693359375 0.1890782828125 0.4118993140625 0.2171717171875 0.42620137343750003 0.22285353593749999 0.4925629296875 0.227588384375 0.511441646875 0.2414772734375 0.50343249375 0.24684343437499998 0.485697940625 0.2566287875 0.4691075515625 0.2667297984375 0.47254004531250005 0.278724746875 0.45881006874999997 0.290088384375 0.4656750578125 0.2922979796875 0.46167048125 0.2922979796875 0.4467963390625 0.296717171875 0.42963386718749996 0.2929292921875 0.3392448515625 0.28882575781250003 0.32723112187500003 0.27493686875 0.32265446249999996 0.2604166671875 0.280320365625 0.2509469703125 0.27688787187499997 0.2455808078125 0.2854691078125 0.24747474687499998 0.327803203125 0.24431818125000002 0.340389015625 0.24431818125000002 0.356407321875 0.24179292968750002 0.36098398125000003 0.24305555625 0.3850114421875 0.23705808125 0.3913043484375 0.22632575781250003 0.3913043484375 0.2209595953125 0.3838672765625 0.2203282828125 0.3632723109375 0.2294823234375 0.3524027453125 0.2414772734375 0.35926773437500004 0.24179292968750002 0.3426773453125 0.23737373750000001 0.333524028125 0.23169191875 0.27173912968749997 0.2253787875 0.28318077812500003 0.2238005046875 0.30091533125000003 0.21843434374999998 0.261441646875 0.20833333281250002 0.2488558359375 0.2039141421875 0.2362700234375 0.2039141421875 0.225972540625 0.21464646406250001 0.20537757499999998 0.21780302968749998 0.17105263125 0.22001262656249998 0.1670480546875 0.2234848484375 0.1779176203125 0.22632575781250003 0.178489703125 0.22695707031249998 0.1704805484375 0.23137626249999999 0.1762013734375 0.234217171875 0.16647597187500002 0.2297979796875 0.11498855781249999 0.2329545453125 0.10125858125000001 0.234848484375 0.009725399999999999 0.23137626249999999 0.0011441640625 0.203598484375 0.0011441640625 0.1957070703125 0.008581235937499999 0.1941287875 0.0228832953125 0.1884469703125 0.01601830625 0.18497474687499998 0.0623569796875 0.17266414218749998 0.0594965671875 0.171717171875 0.07837528593750001 0.1688762625 0.086956521875 0.162247475 0.042906178125 0.15593434374999998 0.034897025 0.1571969703125 0.0497711671875 0.1546717171875 0.05663615625 0.15340909062500002 0.1069794046875 0.1508838390625 0.093249428125 0.1455176765625 0.0881006859375 0.140782828125 0.0943935921875 0.1376262625 0.1115560640625 0.138257575 0.19050343281249998 0.1335227265625 0.1830663609375 0.1297348484375 0.185354690625 0.10574494999999999 0.24141876406249999 0.08680555625 0.24370709375000002 0.084595959375 0.24771167031250002 0.08901515156249999 0.31292906249999997 0.08680555625 0.3203661328125 0.08080808125 0.31292906249999997 0.07638888906249999 0.25 0.0678661609375 0.24370709375000002 0.056186868749999994 0.2488558359375 0.05271464687500001 0.27803203593750003 0.027777778125000003 0.292334096875 0.03125 0.302059496875 0.0397727265625 0.3014874140625 0.0429292921875 0.31407322656250003 0.039457070312499995 0.3249427921875 0.027462121875000002 0.32608695625 0.023358585937500002 0.3220823796875 0.019886364062500002 0.308924484375 0.014520201562500001 0.3106407328125 0.014520201562500001 0.34153318125 0.01893939375 0.36899313437500003 0.01893939375 0.3918764296875 0.023358585937500002 0.42963386718749996 0.027146464062499997 0.44107551562499997 0.027777778125000003 0.47540045781250007 0.02430555625 0.48398169375 0.0202020203125 0.476544621875 0.015782828125000002 0.4456521734375 0.0107323234375 0.3850114421875 0.007891414062500001 0.37757437031249996 0 0.381578946875 0 0.9959954234374999
0 0.6458333328125 0.9879862703125 0.6417297984375 0.9805491984374999 0.6234217171875 0.9679633875 0.6193181812499999 0.9593821515625001 0.6180555562500001 0.9307780328125 0.627525253125 0.9044622421874999 0.6243686875 0.8758581234375 0.6256313125 0.8518306640625 0.611742425 0.84153318125 0.6098484843749999 0.82894736875 0.6022727265625 0.8175057203125 0.59343434375 0.7808924484374999 0.5827020203125 0.761441646875 0.5839646468749999 0.7397025171875 0.59375 0.7254004578125001 0.6205808078125 0.7328375281249999 0.6231060609375 0.675629290625 0.6199494953125 0.6618993140625 0.6231060609375 0.647025171875 0.6385732328125 0.640732265625 0.8197601015625 0.6052631578125001 0.8273358578125001 0.6052631578125001 0.8481691921875001 0.6304347828125 0.858901515625 0.63615560625 0.8667929296875 0.618421053125 0.8623737374999999 0.6104119 0.871212121875 0.593249428125 0.8756313125 0.5600686500000001 0.859532828125 0.5354691078125 0.822285353125 0.4942791765625 0.79955808125 0.48398169375 0.794507575 0.4691075515625 0.784406565625 0.46681922187499997 0.7806186875 0.45308924531250006 0.7698863640625 0.450800915625 0.765467171875 0.4393592671875 0.753472221875 0.43592677343749997 0.7490530296875 0.4279176203125 0.7446338390625 0.4279176203125 0.7357954546875 0.4427917625 0.7256944437499999 0.44508009218750005 0.7136994953125 0.429061784375 0.7061237375 0.434782609375 0.68718434375 0.4118993140625 0.67455808125 0.4038901609375 0.6714015156250001 0.397025171875 0.6392045453125 0.4061784890625 0.6202651515625 0.4061784890625 0.6152146468749999 0.416475971875 0.6051136359375 0.42219679687499995 0.5571338390625 0.4233409609375 0.505997475 0.4370709375 0.49273989843750005 0.4370709375 0.4864267671875 0.4324942796875 0.4763257578125 0.4393592671875 0.4416035359375 0.4427917625 0.4201388890625 0.44965675000000005 0.4081439390625 0.4473684203125 0.397411615625 0.45308924531250006 0.365214646875 0.454233409375 0.35385100937499997 0.4599542328125 0.3203914140625 0.457665903125 0.3052398984375 0.4622425625 0.3020833328125 0.46681922187499997 0.29829545468749996 0.4622425625 0.29608585781249996 0.47311212812500003 0.30050505 0.5040045765625 0.29829545468749996 0.520594965625 0.278724746875 0.529748284375 0.26294191875 0.5263157890625 0.2335858578125 0.53832951875 0.23611111093749998 0.5543478265624999 0.234217171875 0.6046910750000001 0.24053030312499998 0.6607551484374999 0.23989899062500003 0.7351258578125 0.2357954546875 0.7620137296875 0.234217171875 0.7488558359375 0.23737373750000001 0.700800915625 0.236742425 0.6538901609375001 0.228535353125 0.6172768875 0.22411616093750003 0.6104119 0.21843434374999998 0.571510296875 0.2140151515625 0.5657894734375 0.2121212125 0.618421053125 0.21338383906249997 0.6779176203125 0.221590909375 0.6859267734375 0.2260101015625 0.7305491984375 0.22411616093750003 0.741990846875 0.2260101015625 0.761441646875 0.222222221875 0.775171625 0.22443181874999998 0.7791762015625 0.23137626249999999 0.7700228828125 0.2329545453125 0.774027459375 0.2272727265625 0.8312356984375 0.20707070781249998 0.8461098390625 0.20012626249999999 0.989130434375 0.202967171875 0.9965675062500001 0.2140151515625 0.9971395875000001 0.6423611109375 0.9954233406249999 0.6458333328125 0.9879862703125
0 0.6729797984375 0.0005720828125 0.6808712124999999 0.0057208234375 0.728851009375 0.00343249375 0.765782828125 0.012013729687499999 0.76925505 0 0.6729797984375 0.0005720828125
0 0.8551136359375 0.025171624999999996 0.858901515625 0.0183066359375 0.8721590906250001 0.0183066359375 0.87531565625 0.025171624999999996 0.8797348484375 0.0263157890625 0.884785353125 0.0194508015625 0.90056818125 0.0148741421875 0.9015151515625 0.0005720828125 0.7758838390625 0.0005720828125 0.7765151515625 0.008581235937499999 0.784406565625 0.01601830625 0.7863005046875 0.0068649890625 0.7951388890625 0.008009153125 0.7973484843749999 0.015446225 0.794507575 0.0228832953125 0.827967171875 0.033180778125 0.8393308078124999 0.042334096875 0.8459595953125 0.041762014062500005 0.8513257578125 0.0228832953125 0.8551136359375 0.025171624999999996
0 1 0.0474828375 0.99968434375 0 0.9034090906250001 0.0005720828125 0.9034090906250001 0.013157895312500001 0.9103535359375 0.018878718750000002 0.91256313125 0.036613271875 0.96306818125 0.044622425 0.9728535359375 0.0623569796875 0.972537878125 0.0800915328125 0.9930555562500001 0.085240275 0.996212121875 0.0818077796875 1 0.0474828375
0 0.247159090625 0.1475972546875 0.24873737343750002 0.1573226546875 0.2515782828125 0.1590389015625 0.2604166671875 0.1510297484375 0.27367424218749997 0.1510297484375 0.28882575781250003 0.144164759375 0.291035353125 0.13901601875 0.291035353125 0.109267734375 0.2951388890625 0.1006864984375 0.30965909062499997 0.0892448515625 0.322285353125 0.09610983906250001 0.34438131250000004 0.094965675 0.3510101015625 0.07837528593750001 0.349747475 0.0577803203125 0.33806818125000004 0.049199084375 0.297032828125 0.049199084375 0.294507575 0.045766590625 0.29356060624999997 0.050915331249999994 0.296717171875 0.055491990625 0.294507575 0.0720823796875 0.2698863640625 0.07551487343749999 0.26641414218750004 0.0726544625 0.26704545468749996 0.0577803203125 0.2604166671875 0.036613271875 0.25347222187499996 0.033180778125 0.240845959375 0.0354691078125 0.24305555625 0.041762014062500005 0.24368686875 0.06693363906250001 0.23800505 0.1081235703125 0.2392676765625 0.143592678125 0.24368686875 0.1607551484375 0.24684343437499998 0.1573226546875 0.247159090625 0.1475972546875
0 0.296717171875 0.05663615625 0.29356060624999997 0.0406178484375 0.28693181874999996 0.029748284375 0.2616792921875 0.0320366125 0.26010100937499997 0.036041190625000004 0.2645202015625 0.0486270015625 0.265782828125 0.0737986265625 0.2765151515625 0.07837528593750001 0.2948232328125 0.0737986265625 0.296717171875 0.05663615625