1 0.83125 0.48671875 0.30859375 0.225
1 0.23046875 0.72265625 0.4109375 0.3234375
1 0.3265625 0.27734375 0.08515625 0.07734375
1 0.44765625 0.253125 0.09765625 0.07265625
1 0.1484375 0.24921875 0.16328125 0.09765625
1 0.671875 0.2375 0.05859375 0.03828125
1 0.70703125 0.26015625 0.0328125 0.0234375
1 0.784375 0.29375 0.05 0.0546875
1 0.215625 0.4984375 0.22265625 0.14921875
1 0.13046875 0.34921875 0.2171875 0.0859375
1 0.33359375 0.203125 0.03984375 0.028125
0 0.78046875 0.9907300109375001 0.7872395828125 0.9953650062499999 0.9997395828125001 0.9953650062499999 1 0.6402085750000001 0.97734375 0.6396292 0.97265625 0.6407879484375 0.9690104171874999 0.6488991890625 0.9153645828125001 0.6535341828125001 0.90234375 0.6593279265625 0.88984375 0.6581691765625 0.8825520828125001 0.6639629203124999 0.8768229171874999 0.6639629203124999 0.8747395828125001 0.6488991890625 0.8744791671875 0.6633835453125 0.8677083328125 0.6981460015625001 0.8669270828125001 0.7288528390625 0.8640625 0.6645422937500001 0.8622395828125 0.662804171875 0.85703125 0.6709154109375 0.8481770828125 0.6685979140625 0.8393229171875 0.660486675 0.8375 0.652954809375 0.8385416671874999 0.6390498265625 0.8471354171875 0.6118192359375 0.85859375 0.6002317500000001 0.86328125 0.6095017375 0.8682291671875 0.6042873703125 0.8708333328125001 0.586906140625 0.87109375 0.5585168015625 0.8638020828125 0.567786790625 0.8481770828125 0.5643105453125 0.81171875 0.5712630359374999 0.7731770828125 0.5434530703125 0.7596354171875 0.527230590625 0.7578125 0.5150637312499999 0.7533854171875001 0.5063731171875 0.74609375 0.5260718421874999 0.7393229171875 0.5191193515625 0.7221354171875001 0.5179606031249999 0.71015625 0.50521436875 0.7059895828125 0.4889918890625 0.70390625 0.4936268828125 0.6934895828125 0.49130938593750006 0.68671875 0.47508690624999994 0.6763020828124999 0.4843568953125 0.6731770828125 0.5017381234375 0.6658854171875 0.50521436875 0.6625 0.4965237546875 0.6692708328125 0.48609501718750003 0.6723958328124999 0.40961761250000006 0.6640625 0.40150637343750006 0.66484375 0.3904982625 0.6752604171875001 0.387022015625 0.6786458328125 0.3933951328125 0.6760416671875 0.4258400921875 0.6765625 0.46871378906250005 0.67890625 0.47161066093750004 0.6825520828125 0.46581691718749996 0.6872395828125 0.4692931640625 0.6903645828125 0.466975665625 0.6932291671875 0.457126303125 0.6932291671875 0.43626882968749997 0.68671875 0.427578215625 0.6825520828125 0.4287369640625 0.68125 0.4235225953125 0.6796875 0.3957126296875 0.6817708328125 0.39223638437499997 0.6817708328125 0.382966396875 0.67890625 0.37427578281249996 0.64453125 0.36152954843749996 0.6393229171875 0.3557358046875 0.6315104171875 0.36152954843749996 0.6278645828125 0.3499420625 0.6080729171875 0.34878331406249996 0.5981770828124999 0.35225955937500003 0.5973958328125 0.3667439171875 0.5903645828124999 0.37775202812500003 0.5875 0.3760139046875 0.5846354171875 0.358053303125 0.5799479171875 0.3557358046875 0.57265625 0.362688296875 0.56640625 0.3603708 0.5330729171875 0.371958284375 0.52890625 0.3789107765625 0.5059895828125 0.387022015625 0.47473958281249995 0.373117034375 0.4622395828125 0.3592120515625 0.4625 0.3493626890625 0.4671875 0.342410196875 0.4671875 0.31460023125 0.45494791718750005 0.2966396296875 0.44635416718750004 0.29490150625 0.44375 0.331981459375 0.4453125 0.34009269999999997 0.44140625 0.3418308234375 0.44322916718750005 0.331981459375 0.43958333281249995 0.2856315171875 0.42421875 0.2838933953125 0.4223958328125 0.297219003125 0.4213541671875 0.36558516874999997 0.41692708281249996 0.37427578281249996 0.41432291718750003 0.373117034375 0.41223958281249995 0.36500579375000003 0.40416666718750005 0.3736964078125 0.40442708281249995 0.37775202812500003 0.40833333281249995 0.37949014999999997 0.4088541671875 0.40034762500000004 0.4036458328125 0.40845886406250004 0.4036458328125 0.432792584375 0.40026041718750005 0.43800695312500004 0.3973958328125 0.42815758906249995 0.3963541671875 0.407300115625 0.3924479171875 0.4113557359375 0.38984375 0.4032444953125 0.3856770828125 0.41483198125 0.3760416671875 0.42815758906249995 0.3830729171875 0.43453070625 0.3859375 0.44206257187500003 0.39114583281250004 0.46176129843749997 0.3895833328125 0.4756662796875 0.3921875 0.48725376562499995 0.390625 0.5139049828125 0.3786458328125 0.5417149484375 0.378125 0.5509849359375 0.38619791718749996 0.5689455390625 0.40442708281249995 0.5689455390625 0.41223958281249995 0.5758980296875 0.415625 0.6077636156249999 0.43541666718750005 0.6460023171875 0.4375 0.6645422937500001 0.4447916671875 0.679606025 0.4479166671875 0.7340672078125 0.4515625 0.747972190625 0.45208333281249996 0.8082271140625 0.4557291671875 0.8302433375 0.4546875 0.852259559375 0.45625 0.8638470453125 0.4526041671875 0.873117034375 0.45416666718750004 0.8812282734375 0.453125 0.8904982625000001 0.4557291671875 0.8997682499999999 0.4526041671875 0.9067207421875001 0.45416666718750004 0.917149478125 0.45208333281249996 0.92526071875 0.4526041671875 0.9356894546875001 0.45 0.942641946875 0.453125 0.9600231750000001 0.4536458328125 0.9866743921875001 0.47421875 0.9965237546875001 0.5966145828125 0.9965237546875001 0.5994791671875 0.977404403125 0.6 0.9414831984375001 0.5973958328125 0.9206257234375 0.6005208328125 0.907879490625 0.5994791671875 0.8812282734375 0.6020833328124999 0.7966396296875 0.6010416671875001 0.7641946703125 0.5979166671875 0.7514484359375 0.5979166671875 0.7410196984375 0.6002604171875 0.73464658125 0.6033854171875 0.73464658125 0.6072916671875 0.742178446875 0.6135416671875 0.7734646578125 0.6130208328125 0.782734646875 0.6080729171875 0.7867902671875 0.6067708328125 0.7943221328125001 0.60625 0.9101969875 0.6078125 0.92526071875 0.6052083328125 0.93453070625 0.6041666671875 0.9808806484374999 0.60703125 0.9953650062499999 0.6171875 0.9959443796875 0.7768229171875001 0.9953650062499999 0.78046875 0.9907300109375001
0 0.2643229171875 0.3267670921875 0.2669270828125 0.33487833125 0.2666666671875 0.2891077640625 0.2638020828125 0.282734646875 0.23307291718749998 0.28736964062500003 0.2296875 0.2763615296875 0.22734375 0.25028968749999997 0.22291666718749997 0.2682502890625 0.22395833281250002 0.30533024375 0.23984375 0.3105446125 0.24114583281250002 0.3215527234375 0.2359375 0.331981459375 0.2401041671875 0.3366164546875 0.25390625 0.3267670921875 0.2643229171875 0.3267670921875
0 0.21588541718749998 0.2641946703125 0.21067708281250003 0.26651216718750004 0.20807291718749998 0.278099653125 0.20442708281250002 0.2688296640625 0.20026041718749998 0.2688296640625 0.15703125 0.27925840156250004 0.1515625 0.287949015625 0.16484375 0.3012746234375 0.18515625 0.30011587500000003 0.20807291718749998 0.307068365625 0.21223958281250002 0.28505214375 0.2140625 0.30533024375 0.2171875 0.3064889921875 0.21875 0.2856315171875 0.21588541718749998 0.2641946703125
0 0.3947916671875 0.37949014999999997 0.3963541671875 0.39455388125 0.39791666718749996 0.35515643125 0.40546875 0.35457705625 0.41041666718750003 0.34472769375 0.4109375 0.2914252609375 0.40859375 0.278099653125 0.40390625 0.27925840156250004 0.40026041718750005 0.28968713749999997 0.39609375 0.28736964062500003 0.396875 0.297219003125 0.3924479171875 0.30243337187499997 0.39114583281250004 0.287949015625 0.3953125 0.279837775 0.38515625 0.272305909375 0.3817708328125 0.2786790265625 0.3817708328125 0.3539976828125 0.3838541671875 0.38412514531249997 0.3817708328125 0.3933951328125 0.3841145828125 0.397450753125 0.3895833328125 0.39687137968749997 0.3919270828125 0.3765932796875 0.3947916671875 0.37949014999999997
0 0.3770833328125 0.37717265312500003 0.3765625 0.31460023125 0.3731770828125 0.2931633828125 0.36380208281250004 0.2966396296875 0.36953125 0.30011587500000003 0.3713541671875 0.3064889921875 0.3611979171875 0.3140208578125 0.3544270828125 0.307068365625 0.34296875 0.3105446125 0.3408854171875 0.30475086875 0.3309895828125 0.30475086875 0.3333333328125 0.3157589796875 0.33046875 0.322132096875 0.3260416671875 0.31460023125 0.32890625 0.30475086875 0.3096354171875 0.2989571265625 0.30625 0.3064889921875 0.3083333328125 0.32271147187500004 0.3059895828125 0.3267670921875 0.3036458328125 0.32271147187500004 0.3057291671875 0.30533024375 0.29921875 0.29548088125 0.2744791671875 0.292584009375 0.2744791671875 0.337775203125 0.2903645828125 0.3603708 0.31015625 0.3592120515625 0.3231770828125 0.37775202812500003 0.33046875 0.3962920046875 0.3322916671875 0.3933951328125 0.3307291671875 0.3760139046875 0.3322916671875 0.3493626890625 0.3377604171875 0.3383545765625 0.3401041671875 0.3493626890625 0.3416666671875 0.39223638437499997 0.3583333328125 0.40034762500000004 0.37161458281250004 0.3904982625 0.3770833328125 0.37717265312500003