1 0.06328125 0.165625 0.040625 0.04609375
1 0.13125 0.19609375 0.0421875 0.06953125
1 0.28125 0.20234375 0.03125 0.0515625
1 0.32578125 0.209375 0.06640625 0.07265625
1 0.3453125 0.15390625 0.028125 0.0515625
1 0.39453125 0.14921875 0.04921875 0.0515625
1 0.44609375 0.0828125 0.04765625 0.0515625
1 0.5359375 0.38359375 0.01875 0.04140625
0 0.48791382031249997 0 0.48397267499999996 0.007919746875 0.48607461875 0.019535375 0.49054125 0.0190073921875 0.49369416718750003 0.0306230203125 0.5015764578125 0.0432946140625 0.5089332625 0.0475184796875 0.51392538125 0.0575501578125 0.5165528109374999 0.088173178125 0.5191802421875 0.0955649421875 0.5176037828125 0.1029567046875 0.5215449296875 0.102428721875 0.52758801875 0.111404434375 0.5270625328125 0.1346356921875 0.5215449296875 0.1605068640625 0.5099842359375 0.159450896875 0.5063058328125 0.1668426609375 0.496321596875 0.174234425 0.482658959375 0.16895459375 0.4784550703125 0.185850053125 0.471361009375 0.1810982046875 0.4692590640625 0.15997888124999998 0.46689437656250005 0.1541710671875 0.459537571875 0.159450896875 0.4534944828125 0.1578669484375 0.4519180234375 0.1420274546875 0.45401996875000006 0.13357972499999998 0.45165528125 0.12882787812500002 0.44666316406249995 0.1346356921875 0.4508670515625 0.143083421875 0.44981607968750004 0.15153115156250002 0.447976878125 0.15839493124999998 0.44035733125 0.1684266109375 0.43983184375000006 0.1853220703125 0.45034156562499994 0.189545934375 0.44508670468749995 0.19799366406250002 0.4474513921875 0.20802534375 0.4521807671875 0.19957761406250002 0.45638465625 0.2122492078125 0.4637414609375 0.21752903906249998 0.46820809218750004 0.2265047515625 0.46689437656250005 0.2513199578125 0.46321597499999995 0.2513199578125 0.45927482968750005 0.244456178125 0.459800315625 0.2370644140625 0.45533368437500005 0.23231256562499997 0.43720441406250005 0.23495248124999998 0.436678928125 0.244456178125 0.4395691015625 0.2523759234375 0.4427220171875 0.248152059375 0.4511297953125 0.2523759234375 0.45533368437500005 0.2470960921875 0.45901208593750004 0.255543821875 0.46452969062499994 0.257127771875 0.4600630578125 0.271383315625 0.45454545468749996 0.2761351640625 0.45007882343750005 0.294614571875 0.43746715781249995 0.29567053906249996 0.43221229687499996 0.29250264062500003 0.42800840781250005 0.281942978125 0.4143457703125 0.276663146875 0.40777719375 0.26346356875 0.4051497640625 0.2486800421875 0.40120861874999997 0.2449841609375 0.3959537578125 0.258711721875 0.3875459796875 0.26504751875 0.38229111875 0.276663146875 0.37808723125 0.276663146875 0.374671571875 0.26663146718749997 0.374146084375 0.23178458281249997 0.3825538625 0.1969376984375 0.3825538625 0.189545934375 0.3807146609375 0.185850053125 0.376510771875 0.193241815625 0.3717813984375 0.185850053125 0.36862848125 0.1900739171875 0.3657383078125 0.1821541703125 0.36626379375 0.1420274546875 0.368891225 0.12724392812500002 0.37230688437500004 0.1246040125 0.37572254374999997 0.1135163671875 0.37335785625 0.0865892296875 0.372044140625 0.0955649421875 0.3633736203125 0.10665258749999999 0.3552285859375 0.1261879625 0.3599579609375 0.1420274546875 0.35943247500000003 0.16948257656250001 0.35890698906249996 0.1821541703125 0.3562795578125 0.18848996875 0.35733053125 0.19799366406250002 0.351550184375 0.205385428125 0.351550184375 0.21488912343750002 0.3544403578125 0.23125659999999998 0.36836573906250003 0.23600844843750002 0.36678927968749997 0.24551214375 0.37046768281250003 0.25395987343750004 0.37099316875 0.26663146718749997 0.368891225 0.30042238593750004 0.364950078125 0.3009503703125 0.36127167656250003 0.2407602953125 0.35943247500000003 0.244456178125 0.3568050453125 0.28458289375 0.35890698906249996 0.2993664203125 0.3547031 0.30781415 0.35969521875 0.3125659984375 0.36862848125 0.310454065625 0.37230688437500004 0.315733896875 0.3807146609375 0.3136219640625 0.38859695156249996 0.3189017953125 0.393063584375 0.3289334734375 0.39411455625 0.35005279843750003 0.3983184453125 0.3542766625 0.39437729843749997 0.3632523765625 0.3854440359375 0.37064413906250004 0.3807146609375 0.383315734375 0.37335785625 0.38859556562500003 0.356016815625 0.37909186875 0.3533893859375 0.37381203749999997 0.349185496875 0.3759239703125 0.34550709375 0.37064413906250004 0.339726746875 0.37381203749999997 0.337624803125 0.37909186875 0.329217025 0.37909186875 0.3231739359375 0.3732840546875 0.32264845000000003 0.3606124609375 0.3250131375 0.354804646875 0.329217025 0.36114044375 0.3339464 0.3558606125 0.33709931718749997 0.3590285109375 0.33893851875 0.3563885953125 0.3339464 0.3463569171875 0.323699421875 0.3394931359375 0.3242249078125 0.33104540625 0.3286915390625 0.323125659375 0.33893851875 0.31626187968749997 0.337624803125 0.31151003125 0.3315817125 0.30781415 0.335260115625 0.301478353125 0.3339464 0.2977824703125 0.32974251250000003 0.305174234375 0.3250131375 0.29567053906249996 0.31502890156249996 0.29355860625 0.3129269578125 0.3009503703125 0.3060956390625 0.3020063359375 0.298213346875 0.28933474062500003 0.292433 0.3009503703125 0.2829742515625 0.29355860625 0.275091959375 0.29989440312500004 0.2666841828125 0.29567053906249996 0.26248029375000004 0.3009503703125 0.2572254328125 0.3009503703125 0.2517078296875 0.29197465624999996 0.25144508593750003 0.287222809375 0.2493431421875 0.29250264062500003 0.24251182343750002 0.29355860625 0.2299001578125 0.287222809375 0.2262217546875 0.287222809375 0.2241198109375 0.29250264062500003 0.192590646875 0.29355860625 0.1768260640625 0.2851108765625 0.16421439843750002 0.2861668421875 0.157645821875 0.280359028125 0.1573830796875 0.27560718125 0.1615869671875 0.2745512140625 0.1636889125 0.281942978125 0.1673673140625 0.281942978125 0.1699947453125 0.2682154171875 0.1768260640625 0.271383315625 0.1828691546875 0.2613516375 0.18523384062499998 0.2513199578125 0.1894377296875 0.248152059375 0.204151340625 0.2502639921875 0.2115081453125 0.2470960921875 0.2117708875 0.22967265 0.22385706718749998 0.212777190625 0.2241198109375 0.203801478125 0.22832370000000002 0.2027455125 0.2296374140625 0.211721225 0.23515501875 0.22175290468750003 0.25354703125 0.21436114062499997 0.24724119843749998 0.20591341093749999 0.243037309375 0.20802534375 0.2369942203125 0.19799366406250002 0.2390961640625 0.1863780359375 0.244351025 0.1800422390625 0.240672621875 0.15469905 0.2422490796875 0.1420274546875 0.24724119843749998 0.136219640625 0.25144508593750003 0.1383315734375 0.2551234890625 0.12882787812500002 0.2577509203125 0.13727560781249998 0.2630057796875 0.1425554375 0.2645822390625 0.1393875390625 0.2700998421875 0.1420274546875 0.2653704671875 0.15047518437500002 0.2630057796875 0.1668426609375 0.25354703125 0.1721224921875 0.24908039999999998 0.1800422390625 0.25827640625 0.1953537484375 0.26326852343749996 0.19588173125 0.26642143906250004 0.1810982046875 0.2771939046875 0.1531151 0.2792958484375 0.15205913437500002 0.2829742515625 0.15839493124999998 0.2874408828125 0.15047518437500002 0.2816605359375 0.143083421875 0.28586442500000003 0.1367476234375 0.2837624796875 0.1261879625 0.28586442500000003 0.11034846875 0.2837624796875 0.1019007390625 0.2898055703125 0.0939809921875 0.2955859171875 0.0992608234375 0.2968996328125 0.094508975 0.29295848593749996 0.08342133125 0.29033105625 0.0823653640625 0.28770362656250004 0.0929250265625 0.2803468203125 0.0887011609375 0.28060956406250004 0.1029567046875 0.27824487656249997 0.11193241875 0.270888071875 0.10770855312500001 0.2666841828125 0.112988384375 0.265895953125 0.1061246046875 0.2679978984375 0.1029567046875 0.26563321093750003 0.0918690609375 0.26195480781249997 0.09081309374999999 0.2588018921875 0.0992608234375 0.25354703125 0.0855332625 0.243037309375 0.0855332625 0.23988439375 0.0770855328125 0.233841303125 0.082893346875 0.22779821406249998 0.10770855312500001 0.2162375203125 0.1224920796875 0.21203363125000002 0.112988384375 0.20730425624999999 0.1098204859375 0.2004729375 0.12354804687500001 0.1839201265625 0.1261879625 0.1883867578125 0.130939809375 0.19364161875000002 0.1277719109375 0.19626904843749998 0.13516367499999998 0.199421965625 0.130939809375 0.20126116718749998 0.13357972499999998 0.19600630624999998 0.1473072859375 0.19626904843749998 0.15205913437500002 0.204151340625 0.1510031671875 0.202837625 0.143083421875 0.21413557499999997 0.12882787812500002 0.21991592187500003 0.13727560781249998 0.2325275875 0.130939809375 0.2369942203125 0.143083421875 0.18891224375 0.22175290468750003 0.1802417234375 0.2201689546875 0.19626904843749998 0.1879619859375 0.20178665312500002 0.18321013749999998 0.201523909375 0.1721224921875 0.192590646875 0.180570221875 0.1868103 0.180570221875 0.178402521875 0.19957761406250002 0.1652653703125 0.21541710625000002 0.162375196875 0.2254487859375 0.1621124546875 0.2460401265625 0.1489753015625 0.2449841609375 0.140567525 0.255543821875 0.139253809375 0.2613516375 0.1445086703125 0.2771911296875 0.146347871875 0.29250264062500003 0.0985286390625 0.294614571875 0.0924855484375 0.30781415 0.0930110359375 0.3152059140625 0.089595375 0.323125659375 0.08223857031250001 0.327349525 0.061219128125 0.3558606125 0.047031003125 0.367476240625 0.043352601562499996 0.3632523765625 0.0417761421875 0.37064413906250004 0.031266421875 0.383315734375 0.02758801875 0.37170010625 0.025486075000000004 0.3801478359375 0.0207567 0.37909186875 0.017866526562500002 0.37539598750000003 0.017341040625 0.369060190625 0.023909615625 0.3579725453125 0.044403573437499996 0.34530095 0.06857593281249999 0.3062302 0.07067787656249999 0.2988384375 0.08013662656250001 0.2903907078125 0.08276405625 0.281942978125 0.0937992640625 0.2777191125 0.09222280625 0.2671594515625 0.106936415625 0.2597676875 0.10956384687500001 0.2523759234375 0.11586967968749999 0.2502639921875 0.118759853125 0.244456178125 0.10641092968750002 0.21752903906249998 0.0995796109375 0.2206969375 0.0391487125 0.21752903906249998 0.031266421875 0.22175290468750003 0.027850762499999997 0.212777190625 0.02758801875 0.203801478125 0.023909615625 0.209081309375 0.0215449296875 0.205385428125 0.0283762484375 0.18321013749999998 0.02995270625 0.166314678125 0.0283762484375 0.1578669484375 0.033631109375 0.15047518437500002 0.032054650000000004 0.1420274546875 0.0441408296875 0.11246040156249999 0.0430898578125 0.1029567046875 0.044666315625 0.0955649421875 0.0375722546875 0.0929250265625 0.036784025 0.10718057031249999 0.0328428796875 0.112988384375 0.029164476562500003 0.10770855312500001 0.0191802421875 0.10876452031249999 0.016027325000000002 0.112988384375 0.0118234359375 0.1045406546875 0.003415659375 0.10559662031249999 0 0.10084477343750001 0 0.26768743437500003 0.0065685765625 0.2745512140625 0.010509721875 0.286694825 0.010246978125 0.29250264062500003 0 0.30253431875 0 0.3268215421875 0.004729375 0.3321013734375 0.0039411453125 0.344244984375 0 0.3363252375 0 0.3563885953125 0.0039411453125 0.35269271406249997 0.003678403125 0.36272439218749997 0.009984235937499999 0.37539598750000003 0.004992117187500001 0.38753959843749997 0 0.38806758124999996 0 0.6816261875 0.0052548609375 0.6890179515625 0.0073568046875 0.6995776140625 0.0052548609375 0.710137275 0 0.714361140625 0.00026274375 0.99472016875 0.4080399375 0.99472016875 0.4432475046875 0.9978880671875 0.45060430937499996 0.9915522703124999 0.459537571875 0.9904963046875 0.46741986406249997 0.9989440343749999 0.47582764062500005 0.9957761359375 0.482658959375 0.9746568109375 0.498949028125 0.972544878125 0.50446663125 0.9783526921875 0.5039411453125 0.98574445625 0.5084077765624999 0.9968321015624999 0.5141881234375 0.9989440343749999 0.5294272203125 0.9904963046875 0.5291644765625 0.9699049625 0.5331056234375 0.9619852171875 0.5386232265625 0.9625132000000001 0.540199684375 0.9456177406249999 0.537834996875 0.9408658921875 0.533631109375 0.942977825 0.528638990625 0.9382259765625 0.5307409359374999 0.9149947203125001 0.524435103125 0.90021119375 0.5270625328125 0.8907074968750001 0.5212821859375001 0.8738120374999999 0.5257488171875 0.864836325 0.53021545 0.8706441390625 0.5307409359374999 0.8653643078125001 0.52758801875 0.8600844765625 0.53021545 0.84530095 0.5296899625 0.8357972546875001 0.5391487125000001 0.8252375921875 0.54125065625 0.8199577609375 0.5407251703125 0.8115100312499999 0.5478192328125 0.7951425546875 0.554125065625 0.7930306234375 0.5648975296875001 0.8041182687499999 0.5696269046875 0.8199577609375 0.5722543359375 0.84530095 0.5846032578125 0.8595564937500001 0.5974776671875001 0.8822597671875 0.6006305828125 0.8928194296875 0.6032580140625 0.9213305171874999 0.608512875 0.9329461453125001 0.6090383609375001 0.9551214359375001 0.614293221875 0.9868004218750001 0.6182343671874999 0.9957761359375 0.6642143984375 0.99841605 0.669469259375 0.9931362203124999 0.662637940625 0.9699049625 0.6621124546875 0.9487856390625 0.657908565625 0.922386484375 0.6468733578125 0.9076029562500001 0.6502890171875 0.8975712781249999 0.6429322125 0.8944033796875 0.635049921875 0.876451953125 0.63137151875 0.8753959874999999 0.62007356875 0.856916578125 0.618497109375 0.8463569171875 0.611665790625 0.8294614578124999 0.6132422484375 0.8041182687499999 0.606936415625 0.7808870109375 0.608512875 0.77032735 0.6040462421874999 0.7613516375 0.595901209375 0.755543821875 0.595375721875 0.7217529046875 0.5893326328125 0.7138331578125 0.58039936875 0.6927138328125 0.567787703125 0.6916578671875 0.5648975296875001 0.685850053125 0.5664739890625 0.670010559375 0.5641093015624999 0.6652587125 0.5572779828125001 0.6652587125 0.55307409375 0.6589229140625 0.5496584343750001 0.6710665265625 0.5535995796875001 0.673706440625 0.557540725 0.685850053125 0.537834996875 0.689545934375 0.533368365625 0.6805702218749999 0.5294272203125 0.65997888125 0.51156069375 0.6589229140625 0.5018392015625001 0.646779303125 0.5099842359375 0.6282998937500001 0.5141881234375 0.6261879625 0.5178665265625 0.6335797249999999 0.5207567 0.6309398093749999 0.5212821859375001 0.623548046875 0.512874409375 0.6151003171875 0.5165528109374999 0.6077085531249999 0.514713609375 0.6019007390625 0.50210194375 0.597676875 0.498949028125 0.611404434375 0.49421965312499994 0.61034846875 0.4923804515625 0.600316790625 0.49395690937500003 0.5876451953124999 0.50210194375 0.588173178125 0.50446663125 0.5834213312500001 0.48843930625 0.57655755 0.4913294796875 0.5665258718749999 0.4881765640625 0.5601900734374999 0.49395690937500003 0.5538542765625001 0.49395690937500003 0.5422386484375 0.4913294796875 0.5359028515625 0.49421965312499994 0.5227032734375 0.498949028125 0.52481520625 0.5052548609375 0.5121436109374999 0.507882290625 0.5121436109374999 0.510509721875 0.519535375 0.5141881234375 0.519535375 0.5165528109374999 0.51267159375 0.5141881234375 0.5079197468750001 0.5099842359375 0.5100316796875 0.50919600625 0.4957761359375 0.50210194375 0.48574445624999996 0.4947451390625 0.49313622031250004 0.49080399375 0.49155227031250004 0.4947451390625 0.4772967265625 0.50026274375 0.47465681093749995 0.49789805625000005 0.46673706406250004 0.4913294796875 0.46092924999999996 0.491854965625 0.449313621875 0.5 0.441393875 0.5063058328125 0.42872228124999995 0.5094587500000001 0.43611404374999996 0.5191802421875 0.44086589218750005 0.51865475625 0.449313621875 0.5215449296875 0.4604012671875 0.5294272203125 0.450897571875 0.538097740625 0.4567053859375 0.538097740625 0.47465681093749995 0.5459800312499999 0.5042238640625001 0.5417761421875 0.534846884375 0.533631109375 0.536430834375 0.5294272203125 0.5269271390625 0.5257488171875 0.5395987328125 0.5178665265625 0.5300950375 0.5141881234375 0.5374868 0.50683131875 0.54276663125 0.50210194375 0.5374868 0.4992117703125 0.55174234375 0.50210194375 0.5617740234374999 0.5039411453125 0.5601900734374999 0.5028901734375 0.550686378125 0.5063058328125 0.5448785640625 0.5141881234375 0.5480464625 0.5168155546875 0.5575501578125001 0.5257488171875 0.5480464625 0.5294272203125 0.554382259375 0.533631109375 0.554382259375 0.5354703093750001 0.5665258718749999 0.5331056234375 0.5839493140625 0.52522333125 0.5913410765625 0.514713609375 0.5797254484375001 0.5107724640625 0.5834213312500001 0.5157645828125 0.5966209078125 0.5223331578125 0.597148890625 0.5236468734375 0.6240760296875 0.5341565953125 0.6198521640625 0.5441408296875 0.6367476234375 0.55780346875 0.6335797249999999 0.5651602734375001 0.63885955625 0.567787703125 0.6652587125 0.59222280625 0.662618796875 0.57619548125 0.661034846875 0.5712033625 0.6552270328125 0.5743562796874999 0.6383315734375 0.5722543359375 0.61404435 0.5685759328125 0.6034846890625001 0.5648975296875001 0.5760295671875 0.5638465578125 0.5200633578125 0.5606936421875 0.5137275609375 0.5522858640625 0.46620908125 0.55307409375 0.45723336875 0.5685759328125 0.449313621875 0.5643720437499999 0.444033790625 0.5625328421875 0.43611404374999996 0.5572779828125001 0.4382259765625 0.5499211765625 0.4276663140625 0.5399369421875 0.4308342140625 0.533631109375 0.44561774062500004 0.5257488171875 0.44456177343750003 0.5191802421875 0.426082365625 0.5207567 0.41657866875 0.51865475625 0.41024287187499997 0.52522333125 0.4044350578125 0.533631109375 0.40865892343750004 0.53704676875 0.4017951421875 0.528638990625 0.38806758124999996 0.521807671875 0.369060190625 0.5317919078125 0.36378035937500003 0.5312664218750001 0.3468849 0.5331056234375 0.344244984375 0.5373095109375 0.34213305156249996 0.5409879140625 0.34530095 0.5433526015625 0.37434002187500004 0.5417761421875 0.40285110937499996 0.5499211765625 0.40760295625 0.5535995796875001 0.402323125 0.5609563843750001 0.41288278749999996 0.56673673125 0.4107708546875 0.5688386750000001 0.402323125 0.57619548125 0.40865892343750004 0.576983709375 0.433474128125 0.584077771875 0.43928194375 0.5924855484375 0.46568109843750005 0.6008933265625 0.4730728609375 0.608512875 0.48732840624999996 0.6132422484375 0.5327349531250001 0.616132421875 0.5385427671875 0.6237519703125 0.53907075 0.6300578031249999 0.5760295671875 0.6300578031249999 0.5992608234375 0.6355754078125 0.6029567046875 0.639516553125 0.612988384375 0.6400420390625 0.636219640625 0.6374146078125 0.646779303125 0.64083026875 0.6557550156249999 0.6481870734374999 0.661034846875 0.6526537046875001 0.670010559375 0.657908565625 0.6942977828125 0.66106148125 0.7259767687500001 0.6573830796875 0.7333685328125 0.665002628125 0.7529039078124999 0.671571203125 0.7565997890625 0.672622175 0.781942978125 0.6710457171875001 0.7967265046875001 0.67524960625 0.8041182687499999 0.6757750921875 0.8115100312499999 0.6731476609375 0.828405490625 0.6805044671875 0.8600844765625 0.683131896875 0.8843717 0.6862848140625 0.8907074968750001 0.6868103 0.9076029562500001 0.682080925 0.9382259765625 0.6904887015625001 0.9625132000000001 0.6891749875000001 0.99472016875 0.692327903125 0.9978880671875 0.7217551234374999 0.99472016875 0.8368365734375001 0.9978880671875 0.846820809375 0.99472016875 0.8465580656249999 0.9656810984374999 0.8486600109375001 0.9551214359375001 0.8470835515624999 0.9456177406249999 0.851550184375 0.9419218578124999 0.853652128125 0.94825765625 0.8562795578125 0.94825765625 0.8570677874999999 0.9308342140624999 0.8507619546875 0.9213305171874999 0.8483972671875 0.910242871875 0.835522859375 0.8928194296875 0.8313189703124999 0.878035903125 0.8297425125 0.8516367468749999 0.8255386234375001 0.8336853218750001 0.8118759859375 0.8115100312499999 0.7929584859375 0.7565997890625 0.7908565421875 0.7418162625 0.784550709375 0.7280887015624999 0.770888071875 0.6710665265625 0.7693116125 0.6309398093749999 0.7635312671875 0.597148890625 0.7490804 0.5786694828125001 0.7383079343750001 0.5496304125 0.7251707828125 0.529567053125 0.719915921875 0.5073917640625 0.71203363125 0.4968321015625 0.7136100890625 0.47043294687500004 0.7115081453125 0.45987328437499997 0.6904887015625001 0.44086589218750005 0.682080925 0.41129883906250003 0.6815554390624999 0.39651531093750003 0.6828691546875 0.3917634640625 0.6897004734375 0.3864836328125 0.7149238046875 0.3928194296875 0.7616920656249999 0.3864836328125 0.76484498125 0.3769799359375 0.79269574375 0.378035903125 0.7990015765625 0.38859556562500003 0.8084603265625001 0.39598732812500004 0.8189700468750001 0.38965153125 0.8279033109375 0.390707496875 0.8357856015625 0.3769799359375 0.8436678921875 0.3759239703125 0.8476090390625 0.38067581875 0.8631108781249999 0.4255543828125 0.874671571875 0.4329461453125 0.876510771875 0.43875395937499995 0.8759852859375 0.4524815203125 0.8738833421875001 0.4577613515625 0.876510771875 0.465153115625 0.8709931687499999 0.47940865937500005 0.8683657390624999 0.4709609296875 0.8575932734375 0.47360084531249996 0.8633736203125 0.47676874375 0.8644245921874999 0.48944033749999993 0.8667892796875 0.49419218593750003 0.8749343140624999 0.48944033749999993 0.8809774046875001 0.45723336875 0.88938518125 0.4551214359375 0.9067262218750001 0.481520590625 0.9219653171875001 0.4899683203125 0.9256437203125 0.49947201718749995 0.9582238578125001 0.50158395 0.96111403125 0.49049630468750005 0.9605885437499999 0.4809926078125 0.9545454546875 0.46990496249999997 0.94718865 0.46462513124999993 0.9406200734375 0.44192185781250004 0.9343142406249999 0.433474128125 0.9308985812499999 0.406546990625 0.9019968468749999 0.3938753953125 0.8794009453125 0.3695881734375 0.870730425 0.3553326296875 0.869679453125 0.33104540625 0.8783499734375001 0.323125659375 0.8983184453125 0.3305174234375 0.913557540625 0.35269271406249997 0.936678928125 0.37170010625 0.939043615625 0.3785638859375 0.9395691015625 0.39545934531250004 0.952968996875 0.4107708546875 0.959800315625 0.40865892343750004 0.968733578125 0.3980992609375 0.9766158703125001 0.3970432953125 0.98870205 0.40971488906250003 0.9944823968750001 0.42238648437500004 1 0.42502639843749995 0.9997372562500001 0.0031678984374999995 0.9929059375 0.0105596625 0.9844981609375001 0.0042238640625 0.9750394109375 0.0105596625 0.9692590640625 0.006335796874999999 0.9603258015625 0.009503695312500001 0.952968996875 0.001055965625 0.9450867046875 0.009503695312500001 0.943510246875 0.0021119328125 0.931949553125 0 0.9335260109375 0.0073917640625 0.93799264375 0.007919746875 0.9256437203125 0.016895459374999998 0.918286915625 0.006335796874999999 0.9146085125000001 0.011615628125000001 0.910404625 0.0073917640625 0.9067262218750001 0.0105596625 0.894902784375 0.007919746875 0.9014713609375 0 0.676037834375 0 0.6713084609375 0.0042238640625 0.6639516546875 0 0.48791382031249997 0
0 0.6652653703125 0.9889123546875 0.6615869671875 0.9456177406249999 0.6584340515625 0.93928194375 0.655281134375 0.919218584375 0.6479243296874999 0.9086589234375 0.6476615875 0.89862724375 0.6400420390625 0.8928194296875 0.6382028375 0.8827877515625 0.627693115625 0.876451953125 0.6261166578124999 0.8669482578125001 0.618497109375 0.8600844765625 0.6179716234375 0.8495248156249999 0.61061481875 0.8294614578124999 0.6111403046875 0.8041182687499999 0.6064109296875 0.7808870109375 0.606936415625 0.7724392812499999 0.595901209375 0.76504751875 0.5948502359375001 0.7259767687500001 0.5924855484375 0.7201689546875001 0.5861797156249999 0.718057021875 0.5859169734375 0.7111932421875 0.5782974249999999 0.7001055968750001 0.5730425640625 0.7001055968750001 0.563583815625 0.6906019 0.5609563843750001 0.6758183734375 0.5606936421875 0.685850053125 0.5557015234375 0.7032734953124999 0.5488702046875 0.7043294609374999 0.5457172890625 0.6927138328125 0.5415134 0.6969376984375 0.5383604828124999 0.6916578671875 0.528901734375 0.6874340015625 0.5257488171875 0.710665259375 0.5223331578125 0.7027455125000001 0.5249605890625 0.685850053125 0.522070415625 0.6779303062500001 0.5178665265625 0.673706440625 0.5141881234375 0.6832101374999999 0.5047293749999999 0.6863780359375 0.5076195484375 0.67951425625 0.5063058328125 0.6758183734375 0.49789805625000005 0.672650475 0.49553336875 0.6763463562500001 0.49553336875 0.691129884375 0.4992117703125 0.6953537484375001 0.50446663125 0.7175290390625 0.49842354218749996 0.73495248125 0.49369416718750003 0.7328405484375 0.4900157640625 0.72439281875 0.4881765640625 0.7333685328125 0.48922753593749996 0.7407602953125 0.49369416718750003 0.7497360078125 0.5031529171875 0.7529039078124999 0.5107724640625 0.7639915515625 0.51392538125 0.7724392812499999 0.51129795 0.7798310453124999 0.5165528109374999 0.7851108765625 0.5176037828125 0.8020063359374999 0.5126116656249999 0.814149946875 0.5063058328125 0.8152059140624999 0.498686284375 0.7977824703125 0.49842354218749996 0.786694825 0.4900157640625 0.786694825 0.487125590625 0.7977824703125 0.478192328125 0.8115100312499999 0.482658959375 0.81309398125 0.48607461875 0.8199577609375 0.4855491328125 0.828405490625 0.49027850781250004 0.8579725453125 0.48607461875 0.866420275 0.4868628484375 0.8732840546875 0.491854965625 0.8674762406250001 0.49080399375 0.8590285109375 0.49448239687499995 0.8579725453125 0.5057803468750001 0.8268215421875 0.5136626375 0.8289334734375 0.5170782968750001 0.84530095 0.5225959015625 0.85216473125 0.528638990625 0.8431890171875001 0.52758801875 0.8241816265624999 0.52995270625 0.8162618796875 0.537834996875 0.8183738125 0.549395690625 0.789862725 0.55780346875 0.7930306234375 0.563583815625 0.8004223859374999 0.5706778765625 0.8189017953125 0.5733053078125 0.8431890171875001 0.588807146875 0.863780359375 0.6006305828125 0.88965153125 0.6022070421875 0.9086589234375 0.6090383609375001 0.929778246875 0.6111403046875 0.9699049625 0.6192853390625 0.99472016875 0.6636889125 0.9994720171875 0.67052023125 0.9941921859375 0.6652653703125 0.9889123546875
0 0.49421965312499994 0 0.49159222343750003 0.001055965625 0.489753021875 0.007919746875 0.49395690937500003 0.035374868749999996 0.5073568046875 0.04435058125 0.5144508671875 0.054382259375 0.5155018390625 0.070221753125 0.51865475625 0.0850052796875 0.5212821859375001 0.0871172125 0.5191802421875 0.09978880625 0.507882290625 0.10559662031249999 0.49816079843749994 0.094508975 0.4947451390625 0.07602956718750001 0.47898055624999997 0.06758183749999999 0.47004729375 0.066525871875 0.46820809218750004 0.070221753125 0.474513925 0.0797254484375 0.46820809218750004 0.09239704374999999 0.4661061484375 0.10929250312500001 0.46794535000000004 0.112988384375 0.47582764062500005 0.112988384375 0.492117709375 0.1224920796875 0.4934314234375 0.12724392812500002 0.48633736250000004 0.1319957765625 0.48633736250000004 0.13727560781249998 0.5063058328125 0.1383315734375 0.5094587500000001 0.1457233375 0.51156069375 0.14466737031250002 0.5199684703125 0.10137275625 0.5265370468749999 0.1135163671875 0.5281135046875 0.12513199531250002 0.5233841296875 0.1525871171875 0.519442984375 0.1615628296875 0.510509721875 0.159450896875 0.5063058328125 0.16789862656250001 0.4957961109375 0.174234425 0.48528639062499995 0.1721224921875 0.482658959375 0.1668426609375 0.4784550703125 0.198521646875 0.478192328125 0.1906019 0.4716237515625 0.1847940859375 0.45874934375 0.189545934375 0.45769837031250005 0.205385428125 0.4703100375 0.223336853125 0.4774040984375 0.249208025 0.4831844453125 0.2470960921875 0.49421965312499994 0.255543821875 0.498949028125 0.248152059375 0.5073568046875 0.2460401265625 0.5144508671875 0.2645195359375 0.5181292703125 0.285638859375 0.5176037828125 0.2940865890625 0.512874409375 0.30042238593750004 0.512874409375 0.30781415 0.5097214921875 0.3152059140625 0.508145034375 0.3394931359375 0.5028901734375 0.3542766625 0.4947451390625 0.36008447656250003 0.4900157640625 0.3579725453125 0.4855491328125 0.36272439218749997 0.48397267499999996 0.37117212187500004 0.49842354218749996 0.3769799359375 0.5063058328125 0.37064413906250004 0.50919600625 0.37750792031249997 0.5086705203124999 0.38489968281250003 0.501313715625 0.3944033796875 0.5047293749999999 0.4033790921875 0.5183920125 0.405491025 0.522070415625 0.39598732812500004 0.524172359375 0.4033790921875 0.5304781921874999 0.4044350578125 0.53231739375 0.4017951421875 0.5312664218750001 0.3944033796875 0.525486075 0.38806758124999996 0.5223331578125 0.37117212187500004 0.5257488171875 0.36114044375 0.5296899625 0.358500528125 0.53205465 0.3463569171875 0.53888596875 0.344244984375 0.5417761421875 0.3489968328125 0.5454545453125 0.37117212187500004 0.5454545453125 0.4017951421875 0.549395690625 0.405491025 0.55307409375 0.39598732812500004 0.5557015234375 0.4044350578125 0.5604308984374999 0.40865892343750004 0.5767209671875 0.40760295625 0.5785601687499999 0.433474128125 0.5859169734375 0.44192185781250004 0.5940620078125 0.46673706406250004 0.6019442984375 0.4730728609375 0.6090383609375001 0.48732840624999996 0.6121912765624999 0.5263991546875 0.6248029421875 0.545406546875 0.6263794015624999 0.5601900734374999 0.6316342609375 0.5760295671875 0.6311087750000001 0.5918690609375 0.6400420390625 0.61193241875 0.6410930109375 0.6541710671875001 0.6505517609375 0.662618796875 0.6584340515625 0.693241815625 0.6621124546875 0.7175290390625 0.66106148125 0.7407602953125 0.6655281140625 0.751847940625 0.6720966890625 0.7587117218749999 0.672622175 0.7967265046875001 0.676300578125 0.8189017953125 0.6747241203125001 0.8357972546875001 0.6789280078125 0.8484688484375 0.682080925 0.8759239703125001 0.6862848140625 0.8907074968750001 0.6868103 0.9149947203125001 0.683131896875 0.9382259765625 0.6910141875 0.9614572328125 0.6915396734375 0.9762407609375 0.6883867578125 0.9941921859375 0.6939043609375 1 0.69837099375 1 0.705990540625 0.9957761359375 0.7180767203125 0.9978880671875 0.73751970625 0.993664203125 0.8436678921875 0.9978880671875 0.84550709375 0.9941921859375 0.8460325796875001 0.9593453015625 0.8428796640625 0.9382259765625 0.8494482390625 0.9387539593750001 0.853914871875 0.9308342140624999 0.8491854968749999 0.922386484375 0.85023646875 0.9149947203125001 0.837362059375 0.8975712781249999 0.834997371875 0.8917634640625 0.834997371875 0.8833157343750001 0.8297425125 0.8759239703125001 0.8292170249999999 0.85058078125 0.826064109375 0.8357972546875001 0.8215974781250001 0.8321013734375 0.819232790625 0.8210137281250001 0.8050446656249999 0.7988384374999999 0.8045191796875001 0.788278775 0.7992643187499999 0.781942978125 0.7945349453125 0.7576557546875 0.7840252234375 0.7344244984375 0.7813977921874999 0.710137275 0.77666841875 0.7027455125000001 0.7703625859375001 0.6721224921875 0.765107725 0.5992608234375 0.754860746875 0.59239704375 0.723594325 0.527455121875 0.7193904359375 0.50527983125 0.7115081453125 0.49472016874999997 0.7125591171875 0.472544878125 0.7088807140625 0.46092924999999996 0.7023121390625 0.453009503125 0.694955334375 0.450897571875 0.687861271875 0.4355860609375 0.6868103 0.426082365625 0.682080925 0.41974656875000005 0.682080925 0.3944033796875 0.690225959375 0.3864836328125 0.7212296375 0.390707496875 0.7574881765625 0.38753959843749997 0.765895953125 0.3759239703125 0.7921702578125001 0.378035903125 0.79742511875 0.38753959843749997 0.8095112984374999 0.3928194296875 0.8289542828125 0.38859556562500003 0.8352601156249999 0.378035903125 0.8431424062499999 0.3759239703125 0.8528638984375 0.392291446875 0.853914871875 0.40285110937499996 0.85969521875 0.40918690625 0.8631108781249999 0.42344245 0.867314765625 0.4255543828125 0.8709931687499999 0.43505807812499997 0.8770362578125 0.44086589218750005 0.8754598 0.4577613515625 0.8783499734375001 0.46462513124999993 0.8841303203124999 0.4551214359375 0.890436153125 0.4551214359375 0.8962165000000001 0.46673706406250004 0.9109301109375 0.47518479375 0.918286915625 0.468848996875 0.925118234375 0.4561774015625 0.941408303125 0.458289334375 0.939043615625 0.44192185781250004 0.9327377828125 0.43453009531250003 0.9314240671875 0.40865892343750004 0.9098791374999999 0.405491025 0.9004203890625 0.3938753953125 0.8941145562499999 0.3917634640625 0.8899106671875 0.378035903125 0.8783499734375001 0.37381203749999997 0.8759852859375 0.36378035937500003 0.8691539671875 0.3553326296875 0.869679453125 0.33104540625 0.8788754593749999 0.32206969375 0.8983184453125 0.328405490625 0.9051497640624999 0.33896515312500003 0.9298476093750001 0.362196409375 0.939043615625 0.376451953125 0.9400945875 0.3944033796875 0.9429847609375 0.402323125 0.957172884375 0.40865892343750004 0.97714135625 0.3991552265625 0.9997372562500001 0.42344245 0.9997372562500001 0.0147835265625 0.9923804515624999 0.0211193234375 0.9608512875 0.016895459374999998 0.9256437203125 0.0211193234375 0.9219653171875001 0.016895459374999998 0.910404625 0.017951425 0.9051497640624999 0.012671593749999998 0.8977929578125 0.012671593749999998 0.8922753546875001 0.007919746875 0.893063584375 0 0.6755123484375 0 0.6713084609375 0.009503695312500001 0.6665790859375 0.008447729687499999 0.6634261687499999 0 0.49421965312499994 0
0 0 0.6774023234375 0.006043090625 0.6863780359375 0.012348923437500001 0.6863780359375 0.0207567 0.6747624078125 0.0296899625 0.671594509375 0.0328428796875 0.6631467796875 0.0391487125 0.6589229140625 0.043352601562499996 0.6504751843750001 0.051234892187500006 0.6631467796875 0.0591171828125 0.65997888125 0.0627955859375 0.678986271875 0.07067787656249999 0.6620908125 0.074881765625 0.6620908125 0.078297425 0.670010559375 0.07856016875 0.6853220703125 0.0906463484375 0.6747624078125 0.09432475 0.6927138328125 0.099054125 0.6927138328125 0.1066736734375 0.7006335796875 0.10220704218750001 0.71700105625 0.0985286390625 0.7085533265625 0.09432475 0.7085533265625 0.08749343125 0.7201689546875001 0.0775091953125 0.718057021875 0.074881765625 0.7096092921875 0.0712033625 0.7159450890625 0.066999475 0.712777190625 0.063321071875 0.7191129890625 0.05543878125 0.7191129890625 0.05333683593750001 0.707497359375 0.0457172890625 0.7016895453124999 0.0475564890625 0.69588173125 0.051497635937499994 0.696409715625 0.05070940625 0.689545934375 0.0396741984375 0.6937698 0.040462428125 0.7016895453124999 0.0362585390625 0.7175290390625 0.03231739375 0.7212249203125001 0.0028901734375 0.7222808875 0 0.727032734375 0.00026274375 0.9894403374999999 0.0076195484375 0.9926082359375 0.0155018390625 0.9894403374999999 0.22464529687499998 0.9894403374999999 0.22779821406249998 0.9926082359375 0.23515501875 0.9894403374999999 0.30241723593750003 0.9894403374999999 0.3060956390625 0.9926082359375 0.3139779296875 0.9894403374999999 0.3218602203125 0.9926082359375 0.39647924375 0.9894403374999999 0.4353652125 0.993664203125 0.4432475046875 0.9862724390625001 0.45060430937499996 0.9862724390625001 0.45375722500000004 0.9767687437499999 0.45638465625 0.9767687437499999 0.45901208593750004 0.9831045406250001 0.4616395171875 0.9767687437499999 0.4705727796875 0.9767687437499999 0.46820809218750004 0.98574445625 0.4726747234375 0.9883843718750001 0.47503941093749996 0.9868004218750001 0.47609038437500006 0.9772967265625001 0.482658959375 0.9683210140625 0.49159222343750003 0.970432946875 0.4947451390625 0.9640971484374999 0.49789805625000005 0.9640971484374999 0.4994745140625 0.970432946875 0.506043090625 0.9762407609375 0.5099842359375 0.9926082359375 0.5144508671875 0.9941921859375 0.5249605890625 0.98574445625 0.5249605890625 0.9772967265625001 0.53231739375 0.9540654703125 0.52995270625 0.9450897578124999 0.5178665265625 0.942977825 0.5136626375 0.9292502640625001 0.510509721875 0.942977825 0.5026274296875 0.9419218578124999 0.496584340625 0.9160506859374999 0.487125590625 0.906546990625 0.49080399375 0.8980992609375 0.48633736250000004 0.8965153109375 0.48502364687500005 0.9318901796875 0.482921703125 0.9403379093750001 0.47503941093749996 0.94667370625 0.47635312656249995 0.95564941875 0.468996321875 0.954593453125 0.46715712031249995 0.9128827875000001 0.4600630578125 0.9134107703125001 0.4603258015625 0.9234424499999999 0.45638465625 0.926082365625 0.45165528125 0.9112988390625001 0.4474513921875 0.9134107703125001 0.4395691015625 0.9070749734374999 0.43615344218749996 0.8907074968750001 0.43720441406250005 0.8833157343750001 0.4306358375 0.8817317843750001 0.42827115156250006 0.8632523765625001 0.4224908046875 0.8590285109375 0.42380451875 0.8511087640625 0.4269574359375 0.8574445624999999 0.439043615625 0.8500527984374999 0.4474513921875 0.8563885953125 0.452968996875 0.8484688484375 0.45454545468749996 0.8347412875 0.4524435109375 0.827349525 0.45507094062500003 0.8115100312499999 0.4513925375 0.7967265046875001 0.452968996875 0.7840549109375 0.45901208593750004 0.7814149953125 0.46295323125000004 0.789334740625 0.4603258015625 0.8072861671875 0.46321597499999995 0.8194297781250001 0.4655806625 0.805174234375 0.464004203125 0.792502640625 0.4708355234375 0.7798310453124999 0.47188649531250004 0.771383315625 0.4626904890625 0.7655755015625 0.452706253125 0.7719112984375001 0.4519180234375 0.7565997890625 0.454808196875 0.7507919750000001 0.459537571875 0.7507919750000001 0.46689437656250005 0.757127771875 0.47556489687500003 0.7449841609375001 0.4753021546875 0.7381203796875 0.46584340468749996 0.7360084484375 0.46321597499999995 0.744456178125 0.46058854374999997 0.7381203796875 0.4569101421875 0.7381203796875 0.45533368437500005 0.7434002109375 0.4555964265625 0.7333685328125 0.45165528125 0.723336853125 0.4474513921875 0.72439281875 0.44140830312499996 0.7175290390625 0.44456121875 0.710137275 0.4432475046875 0.7043294609374999 0.4395691015625 0.7085533265625 0.4269574359375 0.70644139375 0.422753546875 0.7096092921875 0.41960063124999997 0.70644139375 0.41933788749999995 0.7175290390625 0.427482921875 0.7265047515624999 0.43694167031250003 0.7191129890625 0.4427220171875 0.7317845828125 0.4495533375 0.7317845828125 0.44613767812500005 0.742872228125 0.44666316406249995 0.7587117218749999 0.45034156562499994 0.7682154171875 0.4474513921875 0.7835269265625 0.44718865 0.7724392812499999 0.4442984765625 0.767687434375 0.4377299 0.7734952484375001 0.43694167031250003 0.78458289375 0.4316868109375 0.78458289375 0.42380451875 0.7771911296875 0.4224908046875 0.7903907078125 0.415922228125 0.80253431875 0.41250656875 0.7967265046875001 0.4117183390625 0.7877507921875 0.4080399375 0.789862725 0.3970047296875 0.7824709609375 0.39096163906250003 0.7661034843750001 0.3922753546875 0.7550158390624999 0.39647924375 0.7529039078124999 0.4001576453125 0.7613516375 0.40199684687500004 0.7565997890625 0.404098790625 0.7418162625 0.4001576453125 0.7338965156249999 0.393063584375 0.7333685328125 0.39490278437500004 0.72967265 0.4001576453125 0.7328405484375 0.40199684687500004 0.7259767687500001 0.3993694171875 0.710137275 0.3946400421875 0.7016895453124999 0.40304781875 0.685850053125 0.4038360484375 0.6758183734375 0.40567525 0.6784582890624999 0.40541250624999997 0.6863780359375 0.4119810828125 0.685850053125 0.4130320546875 0.6615628296875 0.41513399843750004 0.6552270328125 0.41276931093749997 0.6494192187500001 0.4080399375 0.6504751843750001 0.404361534375 0.661034846875 0.4001576453125 0.6589229140625 0.389647925 0.6758183734375 0.38859695156249996 0.68848996875 0.385706778125 0.68690601875 0.3875459796875 0.6779303062500001 0.3825538625 0.6784582890624999 0.38465580625 0.693241815625 0.3920126109375 0.7016895453124999 0.38859695156249996 0.7222808875 0.3843930640625 0.7254487859375 0.3807146609375 0.71700105625 0.3770362578125 0.7222808875 0.3681029953125 0.7222808875 0.36153441875 0.7048574453125 0.36153441875 0.6995776140625 0.36521282187500004 0.693241815625 0.36521282187500004 0.66895459375 0.3725696265625 0.6531151000000001 0.3730951125 0.6436114046875 0.37808723125 0.6304118265625 0.38859695156249996 0.6261879625 0.391487125 0.62988384375 0.3920126109375 0.6393875390625 0.3959537578125 0.6420274546875 0.4051497640625 0.6309398093749999 0.40567525 0.6224920796875 0.3993694171875 0.61193241875 0.3993694171875 0.602428721875 0.4033105625 0.5955649421875 0.4119810828125 0.59081309375 0.4093536515625 0.584477296875 0.41040462499999997 0.5675818375 0.404624278125 0.5549102421875001 0.4051497640625 0.5485744453125 0.41487125625 0.5332629359375 0.42380451875 0.53220696875 0.42800840781250005 0.5269271390625 0.43247503906249996 0.5285110875 0.4314240671875 0.5211193234375 0.434051496875 0.5042238640625001 0.4314240671875 0.4968321015625 0.4314240671875 0.482048575 0.423016290625 0.47360084531249996 0.42406726250000004 0.45459345312500005 0.42065160312499994 0.46990496249999997 0.41250656875 0.465153115625 0.413557540625 0.4524815203125 0.421702575 0.44456177343750003 0.42564372031250003 0.433474128125 0.4222280609375 0.42872228124999995 0.41960063124999997 0.43505807812499997 0.42038885937500003 0.426082365625 0.413557540625 0.41763463593749994 0.41250656875 0.392291446875 0.404361534375 0.38965153125 0.40278507656249996 0.3769799359375 0.3938518125 0.372756071875 0.3854440359375 0.3769799359375 0.380189175 0.390707496875 0.3759852859375 0.3938753953125 0.36862848125 0.3938753953125 0.364950078125 0.38753959843749997 0.36127167656250003 0.38965153125 0.35496584375 0.378035903125 0.34130320468750003 0.3759239703125 0.33709931718749997 0.3864836328125 0.329217025 0.38753959843749997 0.3234366796875 0.378035903125 0.316605359375 0.3769799359375 0.3139779296875 0.3822597671875 0.3113504984375 0.3769799359375 0.30399369374999996 0.3759239703125 0.300578034375 0.3785638859375 0.300578034375 0.38595565 0.294009459375 0.40760295625 0.282448765625 0.41288278749999996 0.2795585921875 0.392291446875 0.2884918546875 0.347940865625 0.2945349453125 0.34213305156249996 0.30031529218749997 0.327349525 0.305570153125 0.327349525 0.312401471875 0.34002111875 0.31818181874999996 0.3431890171875 0.32133473437500004 0.3305174234375 0.33420914375 0.31626187968749997 0.32842879687500004 0.308870115625 0.3286915390625 0.2988384375 0.3171308453125 0.29355860625 0.3139779296875 0.3009503703125 0.30977404062499997 0.2988384375 0.30793483906249997 0.30781415 0.305570153125 0.3083421328125 0.3047819234375 0.2993664203125 0.30189175 0.29567053906249996 0.29033105625 0.2977824703125 0.282448765625 0.294614571875 0.275091959375 0.29989440312500004 0.2666841828125 0.29567053906249996 0.2588018921875 0.305174234375 0.25617446093749996 0.2977824703125 0.2509196 0.294614571875 0.2356805046875 0.29567053906249996 0.23226484531249997 0.29197465624999996 0.23147661562500002 0.2840549109375 0.229374671875 0.29250264062500003 0.22517078281249997 0.29250264062500003 0.22517078281249997 0.28299894375 0.2228060953125 0.2835269265625 0.2214923796875 0.29250264062500003 0.2125591171875 0.294614571875 0.1883867578125 0.29567053906249996 0.1791907515625 0.29197465624999996 0.1770888078125 0.27507919687500004 0.18523384062499998 0.25659978906249997 0.1957435625 0.248152059375 0.20888071406250003 0.249208025 0.213347346875 0.2254487859375 0.22096689375 0.21541710625000002 0.2241198109375 0.2048574453125 0.22832370000000002 0.2048574453125 0.23515501875 0.21858500468750003 0.2422490796875 0.21383315781249998 0.2356805046875 0.198521646875 0.2301629 0.20010559687499999 0.23147661562500002 0.1879619859375 0.235943246875 0.1969376984375 0.23962165 0.173706440625 0.23935890624999998 0.1541710671875 0.2356805046875 0.1531151 0.2288491859375 0.159450896875 0.2262217546875 0.16789862656250001 0.22044140781250002 0.170010559375 0.2162375203125 0.1826821546875 0.20888071406250003 0.1890179515625 0.1973200203125 0.21436114062499997 0.18996321562500001 0.219640971875 0.1847083546875 0.23231256562499997 0.1815554390625 0.23125659999999998 0.1791907515625 0.22228088750000002 0.18181818125 0.2043294609375 0.1731476609375 0.2027455125 0.169469259375 0.2164730734375 0.1629006828125 0.2212249203125 0.160010509375 0.24287222812499998 0.1421439828125 0.248152059375 0.139253809375 0.2529039078125 0.14083026875 0.2761351640625 0.1342616921875 0.29355860625 0.11954808125000001 0.2967265046875 0.1053599578125 0.29355860625 0.0985286390625 0.2977824703125 0.089595375 0.323125659375 0.081713084375 0.3294614578125 0.0764582234375 0.34002111875 0.0591171828125 0.36008447656250003 0.03704676875 0.3759239703125 0.0307409359375 0.3864836328125 0.0249605890625 0.3864836328125 0.0191802421875 0.37909186875 0 0.3912354796875 0 0.6774023234375
0 0.98607461875 0.85216473125 0.9745139249999999 0.840549103125 0.9487651078124999 0.8373812031250001 0.9282711515625 0.8299894406250001 0.9185496578125001 0.8431890171875001 0.916184971875 0.8606124609375 0.893063584375 0.8732840546875 0.88702049375 0.8907074968750001 0.889647925 0.9149947203125001 0.895428271875 0.9234424499999999 0.899894903125 0.9387539593750001 0.9062007359375001 0.9461457234375 0.908828165625 0.93769799375 0.9177614296875 0.9334741281250001 0.9219653171875001 0.9345300953125 0.9298476093750001 0.9461457234375 0.9419337890625 0.9408658921875 0.9487651078124999 0.9514255546875001 0.957172884375 0.954593453125 0.9703100375 0.9683210140625 0.9729374671875 0.9746568109375 0.97714135625 0.9524815203125 0.9971098265625 0.9535374875 0.99789805625 0.9931362203124999 1 0.99841605 0.998686284375 0.8574445624999999 0.98607461875 0.85216473125