1 0.265625 0.715625 0.096875 0.12265625
1 0.51796875 0.55078125 0.15234375 0.1203125
1 0.39765625 0.6015625 0.11328125 0.140625
1 0.7921875 0.36953125 0.05078125 0.05390625
1 0.725 0.39609375 0.04765625 0.05
1 0.7875 0.4203125 0.0734375 0.04765625
1 0.7625 0.33671875 0.05625 0.0359375
0 1 0.8158914734374999 0.9967414921875 0.8217054265625 0.9942070968750001 0.812015503125 0.99963794375 0.811369509375 1 0.8016795859375 0.9920347578125 0.7978036171875 0.9967414921875 0.7868217046875 1 0.7900516796875 0.9992758875 0.6931524546875 0.9532947140625 0.6059431531249999 0.937364228125 0.5865633078125 0.891021 0.5607235140625 0.8642288203125 0.562015503125 0.8616944249999999 0.58204134375 0.86314265 0.6091731265625 0.8750905140624999 0.613695090625 0.92143374375 0.6576227390625 0.9326574953125 0.6724806203125 0.9522085453125 0.7189922484375 0.9724837078125 0.8791989671874999 0.9782766109375001 0.897286821875 0.985517740625 0.9437984500000001 1 0.9954780359375001 1 0.8158914734374999
0 0.32476466406250004 0.9780361750000001 0.337074584375 0.949612403125 0.377262853125 0.8908268734375 0.3826937 0.8720930234375001 0.397175959375 0.8720930234375001 0.4094858796875 0.86175710625 0.417813178125 0.8468992249999999 0.42614047812500006 0.8126614984374999 0.43193338125 0.8087855296875001 0.4427950765625 0.811369509375 0.45076031875 0.8036175703125 0.47103548125000005 0.7700258390625 0.49058653124999996 0.7506459953125 0.544170890625 0.680878553125 0.5510499640625001 0.6647286828125 0.548877625 0.6556847546875 0.5383779875 0.643410853125 0.5181028234375 0.63824289375 0.48696596718749996 0.621447028125 0.47900072343750005 0.6111111109375 0.46886314218749997 0.6111111109375 0.46270818281250004 0.6143410859375 0.456915278125 0.6375969 0.4427950765625 0.65633075 0.4398986234375 0.66795865625 0.4290369296875 0.6705426359375 0.40803765312499995 0.68992248125 0.39283128125 0.684754521875 0.387762490625 0.69379845 0.3834178125 0.6860465109375 0.3761766828125 0.684754521875 0.3721940625 0.699612403125 0.3736422875 0.7177002578125 0.3711078921875 0.722222221875 0.3443157125 0.740310078125 0.3363504703125 0.7390180875000001 0.3218682109375 0.7248062015625 0.31317885625 0.7248062015625 0.3106444609375 0.744832040625 0.297972484375 0.7545219640624999 0.29471397499999996 0.7693798453125 0.3026792171875 0.7822997421875 0.2961622015625 0.8107235140625001 0.29761042656250003 0.8249354 0.3106444609375 0.85077519375 0.3106444609375 0.8843669249999999 0.30738595156250004 0.890180878125 0.2907313546875 0.890180878125 0.28276611093750004 0.8669250640625 0.231354090625 0.8850129203125 0.2273714703125 0.8779069765624999 0.22628529999999997 0.8333333328125001 0.2060101375 0.8294573640625 0.1886314265625 0.8165374671875 0.171252715625 0.8126614984374999 0.1582186828125 0.7958656328125 0.152425778125 0.7958656328125 0.034395365625 0.912144703125 0.0202751625 0.9321705421875001 0.0173787109375 0.9437984500000001 0.0209992765625 0.959302325 0.0300506875 0.9715762281250001 0.043808834375 0.979328165625 0.059015206249999994 0.9974160203125001 0.2918175234375 0.9967700265625 0.3102824046875 0.9922480625000001 0.32476466406250004 0.9780361750000001
0 0.009775525 0.811369509375 0.043808834375 0.7842377265625 0.060463432812499995 0.7790697671875 0.0749456921875 0.75710594375 0.09739319375 0.744186046875 0.10209992812499999 0.7357881140625 0.10354815312500001 0.7228682171874999 0.11694424375000001 0.7041343671875 0.1278059375 0.6989664078125 0.1488052140625 0.6989664078125 0.16763215 0.688630490625 0.1799420703125 0.6705426359375 0.21614771875 0.6459948328125 0.229181753125 0.6317829453125 0.24511223750000002 0.625322996875 0.2632150609375 0.609819121875 0.2675597390625 0.60077519375 0.29507603125 0.5826873390625 0.308834178125 0.5645994828124999 0.33417813125 0.5529715765625001 0.368211440625 0.524547803125 0.3750905140625 0.5135658921874999 0.377986965625 0.49547803593750006 0.38233164375 0.442506459375 0.3808834171875 0.43217054218750006 0.37400434531250004 0.42506459999999996 0.34938450468750004 0.41602067187499997 0.3298334546875 0.41472868281249997 0.3218682109375 0.40310077499999997 0.299420709375 0.3927648578125 0.270456190625 0.3888888890625 0.25814627031250004 0.394056846875 0.23569876875 0.3798449609375 0.21469949375000003 0.356589146875 0.07784214375000001 0.3165374671875 0.03946415625 0.30232558125 0.024981896875 0.29457364375 0.014844315625000002 0.2803617578125 0.00036205625 0.27777777812500004 0.0007241125 0.8352713171874999 0.0079652421875 0.826227390625 0.009775525 0.811369509375
0 0.5271542359375 0.0006459953125 0.416002896875 0 0.41057205 0.0071059437500000005 0.4232440265625 0.014211885937499998 0.48081100625 0.01485788125 0.515206371875 0.0077519375 0.5271542359375 0.0006459953125
0 0.34576393906249997 0.024547803125 0.35372918124999997 0.028423771874999997 0.36314265 0.021963825 0.3696596671875 0.024547803125 0.376900796875 0.005167959375 0.3899348296875 0.009043928125 0.391021 0.0045219640625 0.3892107171875 0 0.3848660390625 0.00387596875 0.3819695875 0 0.30376538750000004 0.00387596875 0.283490225 0 0.1310644453125 0.0006459953125 0.132874728125 0.0297157625 0.30340333125 0.0329457359375 0.337798696875 0.0297157625 0.34576393906249997 0.024547803125
0 0.8399710359375 0.959302325 0.8435916000000001 0.9282945734375 0.8435916000000001 0.908914728125 0.8399710359375 0.9037467703125 0.8428674875000001 0.8959948328125 0.8406951484375 0.889534884375 0.842143375 0.8520671828124999 0.828385228125 0.8468992249999999 0.8316437359375 0.8372093015625 0.8406951484375 0.8417312656249999 0.8399710359375 0.812015503125 0.8363504703125001 0.7939276484375 0.8312816796875 0.7861757109374999 0.8316437359375 0.7739018093750001 0.8363504703125001 0.7797157625 0.8363504703125001 0.771963825 0.8312816796875 0.766795865625 0.83345401875 0.70865633125 0.828385228125 0.6802325578125 0.8120926859375001 0.651162790625 0.8059377265625001 0.6931524546875 0.8124547421875 0.7267441859375 0.8124547421875 0.771963825 0.808472121875 0.781653746875 0.78457639375 0.777777778125 0.780593771875 0.826227390625 0.7827661109374999 0.8391472875 0.789283128125 0.8468992249999999 0.7878349015625 0.8546511625000001 0.7914554671875 0.8740310078125001 0.7856625640625 0.893410853125 0.7910934109375 0.9095607234375 0.8015930484375 0.9102067187499999 0.8055756703125001 0.9341085265625001 0.78457639375 0.93669250625 0.7809558296875 0.9315245484375 0.7766111515625 0.9328165374999999 0.7766111515625 0.9289405687500001 0.789283128125 0.9244186046875 0.7816799421875 0.919896640625 0.7766111515625 0.9224806203125 0.77407675625 0.9179586562500001 0.7729905859375 0.8966408265625001 0.769370021875 0.9005167953125 0.76574945625 0.8927648578125 0.759956553125 0.89147286875 0.7581462703125 0.8791989671874999 0.750905140625 0.875322996875 0.7505430843750001 0.8643410859375 0.7447501812499999 0.8669250640625 0.7414916734375 0.8611111109375 0.7422157859375 0.8391472875 0.7346126 0.822997415625 0.72664735625 0.8242894062499999 0.7186821140624999 0.8346253234375001 0.7121650984375 0.8320413437499999 0.7099927593750001 0.8255813953125 0.70637219375 0.8320413437499999 0.6980448953125 0.8288113687499999 0.6937002171875 0.8184754515625 0.69514844375 0.7990956078125 0.6984069515625 0.7894056843749999 0.7023895734375001 0.788759690625 0.7023895734375001 0.7771317828125001 0.71542360625 0.762919896875 0.7132512671875 0.759043928125 0.7139753796874999 0.7293281656249999 0.7060101375000001 0.7177002578125 0.7034757421875 0.70542635625 0.6984069515625 0.714470284375 0.6947863859375001 0.709302325 0.690441709375 0.7157622734375 0.6875452578125001 0.709302325 0.682476465625 0.7105943156250001 0.6828385234375001 0.7009043921875 0.68609703125 0.7028423765625 0.6886314265625 0.6931524546875 0.6788559015625 0.6912144703124999 0.6593048515625 0.7028423765625 0.6433743656249999 0.7015503875 0.612237509375 0.75710594375 0.5651701671875 0.8049095609375 0.5608254890625 0.8023255812500001 0.5572049234375 0.8074935406250001 0.5419985515625 0.841085271875 0.533309196875 0.8462532296875 0.5264301234375 0.8611111109375 0.534033309375 0.8733850125 0.5387400437500001 0.8740310078125001 0.5376538734375 0.8811369515624999 0.5329471390625 0.8830749359375 0.5329471390625 0.8959948328125 0.524981896875 0.9024547796875 0.529326575 0.9102067187499999 0.5271542359375 0.9308785531250001 0.5329471390625 0.938630490625 0.5314989140625 0.9541343671875 0.5275162921875001 0.9599483203125001 0.5043446781250001 0.9702842374999999 0.4909485875 0.9890180875000001 0.4909485875 0.9941860468750001 0.4963794359375 0.9987080109375001 0.70564808125 0.994832040625 0.75452570625 0.998062015625 0.8435916000000001 0.9941860468750001 0.8399710359375 0.959302325