1 0.8234375 0.50703125 0.12890625 0.1703125
1 0.87421875 0.61875 0.1609375 0.19765625
1 0.73125 0.63203125 0.11875 0.19453125
1 0.921875 0.83359375 0.15625 0.26875
1 0.66796875 0.87265625 0.178125 0.2546875
1 0.60078125 0.6546875 0.12890625 0.1796875
1 0.5828125 0.50546875 0.1015625 0.13125
1 0.56171875 0.4109375 0.08828125 0.10859375
1 0.56015625 0.33671875 0.06796875 0.06953125
0 0.9649270484375 0.640591965625 0.9800785640624999 0.634249471875 0.9865319859374999 0.6220930234375001 0.9851290687500001 0.6152219875 0.974747475 0.60200845625 0.97250280625 0.5924947140625 0.9730639734375 0.576638478125 0.9702581374999999 0.5681818187500001 0.9419191921875001 0.5338266390624999 0.9368686875 0.513742071875 0.9245230078125 0.5042283296875001 0.91694725 0.49101479843750007 0.9127384953125001 0.47251585625 0.8863636359375 0.45031712500000004 0.8799102124999999 0.4223044390625 0.874579125 0.414376321875 0.8706509546874999 0.41543340312500004 0.8670033671875 0.450845665625 0.8681257015625 0.4656448203125 0.8762626265625 0.4714587734375 0.8807519640624999 0.4799154328125 0.8905723906249999 0.4815010578125 0.88945005625 0.4952431296875 0.89393939375 0.50792811875 0.900953984375 0.513742071875 0.9057239062500001 0.5237843546875001 0.9074074078125 0.5332980968750001 0.9034792375 0.540697675 0.9040404046875 0.554439746875 0.9060044890625001 0.557082453125 0.91021324375 0.5512684984375 0.9090909093749999 0.538583509375 0.9135802468750001 0.5184989421874999 0.917227834375 0.5147991546874999 0.9214365875 0.5184989421874999 0.9219977546875 0.5470401687499999 0.932098765625 0.5618393234375 0.9290123453125 0.5676532765625 0.9219977546875 0.5692389 0.925364759375 0.5840380546875 0.9312570140625 0.5866807609375 0.9419191921875001 0.613107821875 0.9548260375 0.6194503171875 0.955106621875 0.6358350953125 0.9579124578125 0.6411205078125 0.960998878125 0.63742071875 0.9649270484375 0.640591965625
0 0.8540965203124999 0.9772727265625001 0.8462401796875 0.96987315 0.8445566781249999 0.9434460890624999 0.8406285078125 0.9381606765624999 0.843153759375 0.9164904859374999 0.8268799109374999 0.914376321875 0.8195847359374999 0.9175475687500001 0.813411896875 0.91226215625 0.7999438828125001 0.9101479921875001 0.7965768796875 0.886892178125 0.78479236875 0.8911205078125001 0.780864196875 0.8837209296875 0.77300785625 0.8805496828124999 0.7738496078125 0.8715644812500001 0.7805836140625 0.8641649046875 0.7794612796875 0.8588794921874999 0.759259259375 0.8504228328125001 0.7530864203125 0.835623678125 0.7598204265625 0.8282241015625 0.7508417515625 0.8239957718750001 0.7494388328125 0.7949260046875 0.7356902359374999 0.7975687109375 0.745230078125 0.8282241015625 0.7494388328125 0.8372093015625 0.752525253125 0.83773784375 0.7530864203125 0.8451374203125 0.7687991015625 0.89270613125 0.7805836140625 0.9180761093750001 0.7805836140625 0.9371035937500001 0.77749719375 0.942917546875 0.7713243546874999 0.9450317125 0.7710437703124999 0.9540169140625 0.7850729515625 0.9741014796874999 0.7870370375 0.98837209375 0.7954545453125 0.997885834375 0.846801346875 0.99735729375 0.85690235625 0.9899577171875 0.8540965203124999 0.9772727265625001
0 0.6753647593750001 0.5739957718750001 0.6938832765625 0.5549682875 0.7101571265625 0.5317124734374999 0.7292368125 0.5295983093750001 0.7337261500000001 0.53276955625 0.7404601578125 0.5105708250000001 0.7449494953125 0.5105708250000001 0.7463524125000001 0.5153276953125 0.7491582484375 0.5322410140625 0.7480359140624999 0.5396405921875 0.7572951734375 0.5486257921875 0.76038159375 0.5248414375 0.752525253125 0.5174418609375 0.758978675 0.5073995765625 0.7654320984375 0.5047568703125 0.7631874296875 0.4846723046875 0.7643097640625001 0.4751585625 0.7696408531250001 0.46828752656250006 0.7783389453125 0.4656448203125 0.776374859375 0.44291754687499996 0.7920875421875 0.436575053125 0.80274971875 0.4186046515625 0.8139730640625 0.4238900640625 0.829685746875 0.420718815625 0.8381032546875 0.414376321875 0.8437149265624999 0.414376321875 0.847643096875 0.4270613109375 0.8554994390624999 0.44080338281250003 0.8588664421875001 0.44186046562500003 0.8613916953125 0.4349894296875 0.8619528624999999 0.4138477796875 0.8681257015625 0.4075052859375 0.8681257015625 0.39799154375 0.8625140296874999 0.39164904843750004 0.8591470265625001 0.3535940796875 0.8437149265624999 0.3477801265625 0.813411896875 0.354122621875 0.807519640625 0.368393234375 0.8117283953125 0.386892178125 0.8016273843749999 0.387949259375 0.790404040625 0.3995771671875 0.7690796859375 0.3964059203125 0.761503928125 0.3810782234375 0.758136925 0.356765328125 0.749719415625 0.3472515859375 0.7483164984374999 0.288583509375 0.7146464640625 0.293868921875 0.691077440625 0.288583509375 0.686588103125 0.250528540625 0.6759259265625001 0.24207188125 0.6714365875 0.2325581390625 0.6607744109375 0.23044397499999997 0.6537598203125 0.22251585624999998 0.6548821546875 0.21088795 0.6593714921875 0.20031712499999998 0.65572390625 0.18710359375000002 0.647306396875 0.1765327703125 0.6113916953125 0.1638477796875 0.609427609375 0.16860465156249999 0.6099887765625 0.1939746296875 0.6144781140625 0.20771670156250002 0.611672278125 0.236257928125 0.608024690625 0.2463002109375 0.5939955109375 0.250528540625 0.593153759375 0.258456659375 0.6158810328125 0.2589852015625 0.6343995515625 0.26955602500000003 0.647306396875 0.2875264265625 0.6792929296875 0.293868921875 0.687991021875 0.31025369999999997 0.687991021875 0.3387949265625 0.6905162734375 0.34355179687500004 0.6944444437499999 0.34355179687500004 0.7008978671875 0.3546511625 0.7008978671875 0.363107821875 0.7053872046875 0.37684989375 0.702861953125 0.3911205078125 0.6938832765625 0.393234671875 0.6820987656249999 0.414376321875 0.6719977546875 0.42283298125 0.6632996640625 0.44767441874999997 0.65572390625 0.45348837187499996 0.6540404046875 0.45983086718750005 0.6526374859375 0.45824524375 0.655443321875 0.45295983125 0.65656565625 0.43710359375 0.655443321875 0.4254756875 0.6492704828125 0.42124735781249995 0.6551627390625 0.419661734375 0.6560044890625 0.41067653281250005 0.6590909093749999 0.40697674375000004 0.671717171875 0.4075052859375 0.6708754203125 0.392177590625 0.668069584375 0.40169133125 0.6590909093749999 0.4027484140625 0.6551627390625 0.38900634218749996 0.64758698125 0.418076109375 0.6386083046875 0.4275898515625 0.6394500562500001 0.43446088749999995 0.64758698125 0.4434460890625 0.648709315625 0.45824524375 0.6453423125 0.47304439687500005 0.642817059375 0.475687103125 0.6394500562500001 0.46828752656250006 0.6307519640625 0.47304439687500005 0.64029180625 0.51321353125 0.648709315625 0.5311839328125 0.64309764375 0.5449260046875 0.6464646468749999 0.5618393234375 0.64309764375 0.5692389 0.6436588109375 0.5798097249999999 0.6607744109375 0.607822409375 0.667227834375 0.610465115625 0.6655443328125 0.5914376328125 0.6753647593750001 0.5739957718750001
0 0.3069584734375 0.9825581390625 0.29741863125 0.9371035937500001 0.29741863125 0.8620507406250001 0.2946127953125 0.8430232562500001 0.2825476984375 0.8308668078125001 0.2805836140625 0.8239957718750001 0.2789001125 0.7447145875000001 0.282267115625 0.6347780125 0.2895622890625 0.60200845625 0.2960157125 0.5887949265625 0.3106060609375 0.584566596875 0.3184624015625 0.5909090906250001 0.3243546578125 0.6062367859375 0.330527496875 0.6580338265625 0.3417508421875 0.6992600421875 0.342312009375 0.6770613109375 0.33782267187500004 0.67283298125 0.3417508421875 0.6686046515624999 0.344556678125 0.640063425 0.3417508421875 0.5850951375 0.3372615046875 0.5628964062499999 0.3164983171875 0.5248414375 0.3265993265625 0.49735729375000004 0.3288439953125 0.47304439687500005 0.33305275 0.4661733609375 0.33754208750000003 0.4661733609375 0.342312009375 0.47410147968749994 0.345398428125 0.497885834375 0.360806375 0.5789946796875001 0.37758185 0.5462797687500001 0.38716783593750004 0.47972184531249995 0.40394331250000004 0.3477341 0.34822476875 0.428957328125 0.3439955109375 0.3937632140625 0.3372615046875 0.3800211421875 0.3367003359375 0.37050740000000004 0.34343434375 0.362050740625 0.3451178453125 0.32610993593750004 0.35241301875 0.318710359375 0.3529741859375 0.31025369999999997 0.3599887765625 0.2949260046875 0.37177328906249996 0.2875264265625 0.3807519640625 0.27272727343750003 0.3886083046875 0.2758985203125 0.40207631875 0.2706131078125 0.4124579125 0.253171246875 0.41554433281250003 0.23678646875 0.422558921875 0.23308668125 0.42199775468749995 0.21300211406249997 0.423961840625 0.20401691406250003 0.44388327656250004 0.20031712499999998 0.4430415265625 0.1934460890625 0.438832771875 0.192917546875 0.44023569062499995 0.1775898515625 0.4290123453125 0.1797040171875 0.40656565625 0.20295983125 0.40039281718749997 0.20401691406250003 0.3874859703125 0.228329809375 0.352693603125 0.23044397499999997 0.3347362515625 0.2452431296875 0.3173400671875 0.250528540625 0.2831088671875 0.28329809687499996 0.2623456796875 0.31818181874999996 0.24775533125 0.32769556093749996 0.23512906875 0.3535940796875 0.2323232328125 0.368393234375 0.225589225 0.378964059375 0.2239057234375 0.39164904843750004 0.20370370312500002 0.41279069843749994 0.2048260375 0.4360465109375 0.1952861953125 0.480443975 0.19725028125 0.4926004234375 0.20679012343749997 0.497885834375 0.21969697031250002 0.49682875312499997 0.23148148124999998 0.5010570828125 0.238496071875 0.5174418609375 0.242985409375 0.5322410140625 0.2435465765625 0.554439746875 0.23737373750000001 0.576638478125 0.24242424218749997 0.5840380546875 0.2435465765625 0.598837209375 0.23765432031249997 0.6004228328125001 0.230359146875 0.5898520078125 0.22474747499999997 0.5909090906250001 0.223625140625 0.596194503125 0.2124017953125 0.5856236781249999 0.188832771875 0.5887949265625 0.1846240171875 0.609408034375 0.1734006734375 0.6294926000000001 0.17283950625 0.6358350953125 0.17732884375 0.6495771671874999 0.1756453421875 0.65697674375 0.1560044890625 0.7098308671875 0.146464646875 0.7447145875000001 0.1372053875 0.76321353125 0.1318742984375 0.7679704015625 0.1262626265625 0.791226215625 0.11054994375 0.8261099359375 0.10606060625 0.84830866875 0.0822109984375 0.8583509515625 0.0751964078125 0.8831923890625 0.064253646875 0.8964059203125 0.0592031421875 0.9090909093749999 0.032267115624999995 0.9439746296875 0.011503928125 0.9778012687500001 0.0044893375 0.9825581390625 0.0154320984375 0.9926004234375 0.028338945312500002 0.9936575046874999 0.29012345625 0.9941860468750001 0.3049943890625 0.9915433406249999 0.3069584734375 0.9825581390625
0 0.46296296249999996 0.1062367859375 0.45987654375 0.101479915625 0.4500561171875 0.10412262187500002 0.45173961875 0.1337209296875 0.4556677890625 0.140063425 0.46296296249999996 0.1189217765625 0.46296296249999996 0.1062367859375
0 0.540404040625 0.148520084375 0.5378787875000001 0.12684989375 0.48961840624999997 0.1088794921875 0.4761503921875 0.10782240937500001 0.47250280624999996 0.1115221984375 0.47699214375 0.12632135312499998 0.478114478125 0.142177590625 0.4828844 0.15327695624999998 0.49859708124999996 0.15221987343750001 0.502525253125 0.1553911203125 0.50673400625 0.16226215625 0.512906846875 0.1844608875 0.5151515156250001 0.1855179703125 0.5289001125 0.173361521875 0.540404040625 0.148520084375