1 0.3953125 0.61015625 0.09296875 0.15625
1 0.35234375 0.8015625 0.15703125 0.2015625
1 0.8265625 0.94765625 0.24453125 0.10390625
1 0.71328125 0.42421875 0.1125 0.1203125
1 0.66015625 0.53671875 0.203125 0.075
1 0.42421875 0.4890625 0.0625 0.06640625
1 0.6265625 0.7171875 0.10625 0.11484375
1 0.42421875 0.31484375 0.05390625 0.071875
1 0.79296875 0.41875 0.06171875 0.03984375
1 0.42578125 0.4015625 0.07265625 0.06328125
0 0.0293209875 0.524242425 0.0231481484375 0.4878787875 0.025848765625 0.4715151515625 0.0412808640625 0.46909090937500003 0.0706018515625 0.475151515625 0.0783179015625 0.4654545453125 0.0906635796875 0.4654545453125 0.1203703703125 0.4272727265625 0.139274690625 0.384242425 0.14776234531250002 0.3866666671875 0.1589506171875 0.37393939375 0.1666666671875 0.350909090625 0.1851851859375 0.3145454546875 0.1824845671875 0.303030303125 0.16936728437499998 0.304242425 0.1589506171875 0.2903030296875 0.1589506171875 0.28181818125 0.16512345625 0.2696969703125 0.1658950625 0.2503030296875 0.173225309375 0.24 0.19637345625 0.244848484375 0.2156635796875 0.23272727343750002 0.220293209375 0.2363636359375 0.224151234375 0.23272727343750002 0.22453703749999998 0.21515151562499998 0.23148148124999998 0.19696969687500002 0.2322530859375 0.17878787812500002 0.2449845671875 0.16606060625000002 0.2071759265625 0.16363636406249998 0.1817129625 0.13333333281249998 0 0.1363636359375 0.001543209375 0.5521212125 0.026620370312500002 0.530909090625 0.0293209875 0.524242425
0 1 0.20787878750000002 0.9880401234375 0.2084848484375 0.984953703125 0.1975757578125 0.974151234375 0.21090909062500002 0.9641203703125001 0.21090909062500002 0.9533179015625001 0.1975757578125 0.9324845671875 0.20484848437499997 0.88773148125 0.2084848484375 0.8630401234375 0.2084848484375 0.84375 0.2 0.834490740625 0.2036363640625 0.8206018515625001 0.198787878125 0.8005401234375 0.20121212187499998 0.7858796296875 0.1975757578125 0.7839506171874999 0.20787878750000002 0.7866512343750001 0.21575757499999998 0.8121141968750001 0.21939393906250002 0.8148148140625 0.2284848484375 0.828703703125 0.24666666718750002 0.8302469140625 0.2672727265625 0.8456790125 0.283030303125 0.8456790125 0.29151515156249996 0.8371913578125 0.29636363593750004 0.8356481484374999 0.3145454546875 0.8244598765625 0.32121212187500003 0.8240740734375 0.3266666671875 0.8171296296874999 0.3327272734375 0.82021605 0.338787878125 0.815972221875 0.3393939390625 0.8152006171874999 0.32 0.8028549375 0.32 0.8005401234375 0.32606060625 0.7966820984375 0.31757575781249997 0.784722221875 0.3133333328125 0.781635803125 0.29636363593750004 0.7746913578125 0.2903030296875 0.7727623453125 0.269090909375 0.76851851875 0.270909090625 0.766203703125 0.2903030296875 0.761188271875 0.2921212125 0.7395833328125 0.290909090625 0.729938271875 0.2793939390625 0.726080246875 0.26484848437499997 0.72955246875 0.25696969687500004 0.73341049375 0.26181818125 0.746527778125 0.25818181875 0.7677469140625 0.2684848484375 0.7677469140625 0.24666666718750002 0.765046296875 0.24242424218749997 0.753472221875 0.241212121875 0.7523148140625 0.23454545468750002 0.7453703703125 0.2284848484375 0.7438271609375 0.19696969687500002 0.74112654375 0.1927272734375 0.5883487656249999 0.195151515625 0.5335648140625 0.19030302968749999 0.46875 0.19393939375 0.463348765625 0.2024242421875 0.455632715625 0.19393939375 0.415509259375 0.1927272734375 0.404706790625 0.1793939390625 0.3846450625 0.18424242500000002 0.3707561734375 0.1806060609375 0.35802469062500003 0.18606060625 0.358796296875 0.1921212125 0.354938271875 0.195757575 0.3572530859375 0.20424242499999998 0.3487654328125 0.2224242421875 0.3503086421875 0.2284848484375 0.3479938265625 0.24060606093749998 0.34336419687499997 0.24666666718750002 0.34104938281249997 0.26484848437499997 0.3298611109375 0.269090909375 0.3279320984375 0.25757575781250003 0.3333333328125 0.2478787875 0.3302469140625 0.2393939390625 0.3418209875 0.221212121875 0.3487654328125 0.18606060625 0.34220679062500003 0.18181818125 0.33487654375 0.1666666671875 0.33487654375 0.14727272656249998 0.3298611109375 0.1406060609375 0.3283179015625 0.1454545453125 0.3190586421875 0.1478787875 0.3175154328125 0.155151515625 0.31404320937499997 0.1545454546875 0.308641975 0.1896969703125 0.2970679015625 0.19696969687500002 0.296296296875 0.2321212125 0.31404320937499997 0.23454545468750002 0.30979938281249997 0.238787878125 0.297453703125 0.2363636359375 0.2951388890625 0.241212121875 0.28279320937499997 0.244848484375 0.28163580312500003 0.26606060625 0.26851851875 0.2721212125 0.270061728125 0.276969696875 0.266203703125 0.28181818125 0.2638888890625 0.3145454546875 0.25 0.32181818125 0.2492283953125 0.33999999999999997 0.2384259265625 0.34484848437500004 0.23765432031249997 0.363030303125 0.2322530859375 0.3763636359375 0.222608025 0.37939393906249996 0.2199074078125 0.369090909375 0.2156635796875 0.36606060625 0.219135803125 0.3884848484375 0.215277778125 0.39818181875 0.20408950625000002 0.40969697031249996 0.1925154328125 0.40727272656249996 0.1898148140625 0.430909090625 0.18055555625 0.43212121249999996 0.17901234531250002 0.44181818125000005 0.18595679062499998 0.46242424218749995 0.1828703703125 0.4721212125 0.176311728125 0.475151515625 0.16936728437499998 0.46666666718750005 0.1535493828125 0.504848484375 0.1535493828125 0.578787878125 0.14930555625 0.5806060609375 0.1458333328125 0.57393939375 0.1458333328125 0.564242425 0.141203703125 0.555757575 0.14158950625 0.543030303125 0.1242283953125 0.5678787875 0.12654320937500002 0.5933333328125 0.11342592656249999 0.603030303125 0.12654320937500002 0.6236363640625 0.12345679062499999 0.6660606062500001 0.09452160468750001 0.6715151515625 0.0914351859375 0.678787878125 0.07908950625 0.669090909375 0.064043209375 0.70606060625 0.0447530859375 0.7412121218750001 0.0408950625 0.7606060609374999 0.0208333328125 0.7763636359375 0.013888889062500001 0.82 0 0.8272727265625001 0 0.996969696875 0.0814043203125 0.9975757578125 0.0910493828125 0.990909090625 0.090277778125 0.9800000000000001 0.1041666671875 0.9533333328125 0.1041666671875 0.9424242421875 0.11574074062499999 0.9072727265625 0.119598765625 0.8745454546874999 0.1331018515625 0.8606060609374999 0.14544753125 0.8593939390625 0.1574074078125 0.8381818187500001 0.15277777812499999 0.8078787875 0.14737654375 0.796969696875 0.1481481484375 0.78 0.1427469140625 0.7703030296875 0.14544753125 0.7636363640625 0.15702160468749998 0.76 0.1697530859375 0.769090909375 0.1666666671875 0.7824242421875 0.16936728437499998 0.8654545453125 0.170524690625 0.8406060609375 0.1770833328125 0.8230303031249999 0.1940586421875 0.816969696875 0.20177469062500003 0.82181818125 0.20987654375 0.8139393937499999 0.18827160468749998 0.8078787875 0.1994598765625 0.795151515625 0.213348765625 0.7927272734375 0.2218364203125 0.8 0.23263888906250002 0.7975757578125 0.23572530937499997 0.8024242421875 0.2434413578125 0.798787878125 0.2472993828125 0.8036363640624999 0.2762345671875 0.7654545453125 0.2638888890625 0.75818181875 0.2638888890625 0.729090909375 0.259259259375 0.715757575 0.255401234375 0.578787878125 0.2434413578125 0.5709090906250001 0.24151234531250002 0.5824242421875 0.244598765625 0.596969696875 0.23379629687499998 0.604242425 0.23919753125 0.6927272734375001 0.24305555625 0.7133333328125 0.23996913593750002 0.7303030296874999 0.2364969140625 0.7333333328125 0.22839506250000002 0.72181818125 0.22453703749999998 0.6284848484375 0.2145061734375 0.60181818125 0.20871913593750002 0.5963636359375 0.20061728437499998 0.62 0.20061728437499998 0.6406060609375 0.21064814843750002 0.7206060609375 0.20601851875000002 0.73393939375 0.20794753125 0.7587878781249999 0.20447530937499997 0.75818181875 0.20679012343749997 0.750909090625 0.1940586421875 0.718787878125 0.1847993828125 0.7284848484374999 0.17901234531250002 0.724242425 0.180169753125 0.718787878125 0.19521605 0.7036363640625 0.19521605 0.6878787875000001 0.1875 0.6284848484375 0.176311728125 0.623030303125 0.170524690625 0.6115151515624999 0.171296296875 0.596969696875 0.17862654375 0.58181818125 0.1886574078125 0.5721212125 0.20794753125 0.576969696875 0.211419753125 0.564242425 0.2195216046875 0.55393939375 0.228009259375 0.5515151515625 0.23186728437499998 0.555151515625 0.23726851875000002 0.543030303125 0.242669753125 0.5393939390625 0.268132715625 0.536969696875 0.275848765625 0.544242425 0.286651234375 0.535757575 0.3020833328125 0.53818181875 0.30478394999999997 0.544848484375 0.3020833328125 0.555151515625 0.2781635796875 0.5612121218749999 0.2762345671875 0.575151515625 0.2692901234375 0.5836363640625 0.2708333328125 0.7278787875 0.2781635796875 0.7333333328125 0.2989969140625 0.7321212125 0.3105709875 0.7393939390625001 0.317901234375 0.7145454546875001 0.30555555624999997 0.7024242421875 0.3144290125 0.69818181875 0.3167438265625 0.6896969703125 0.32523148125 0.6884848484375 0.3298611109375 0.696969696875 0.3414351859375 0.68606060625 0.349151234375 0.696969696875 0.3503086421875 0.6890909093750001 0.3456790125 0.6781818187499999 0.34645061718750003 0.658787878125 0.3541666671875 0.59818181875 0.3503086421875 0.5872727265625 0.3503086421875 0.5678787875 0.35262345625 0.5484848484375 0.3595679015625 0.5424242421875001 0.34336419687499997 0.535151515625 0.34452160468750004 0.5296969703125 0.3483796296875 0.5345454546874999 0.3553240734375 0.5296969703125 0.3692129625 0.535757575 0.3738425921875 0.524848484375 0.384259259375 0.51818181875 0.3796296296875 0.475757575 0.38194444375000003 0.46363636406250003 0.3796296296875 0.45272727343749997 0.3811728390625 0.4175757578125 0.3773148140625 0.40787878749999995 0.384259259375 0.37393939375 0.40702160468750004 0.3672727265625 0.4363425921875 0.36606060625 0.43942901250000005 0.3575757578125 0.44637345625 0.36606060625 0.47955246875 0.3672727265625 0.48726851875 0.36969697031250004 0.48881172812499996 0.3745454546875 0.5 0.364242425 0.49228395 0.35818181875 0.49112654375 0.349090909375 0.4861111109375 0.3472727265625 0.4826388890625 0.33212121250000004 0.4783950625 0.3363636359375 0.48456790156249996 0.3193939390625 0.47569444375 0.3163636359375 0.45331790156249996 0.318787878125 0.4440586421875 0.344242425 0.4201388890625 0.344242425 0.415509259375 0.349090909375 0.41242283906250005 0.344242425 0.40007716093749995 0.3478787875 0.3962191359375 0.34181818124999996 0.3923611109375 0.3478787875 0.3904320984375 0.3327272734375 0.398919753125 0.3206060609375 0.39197530937499997 0.30727272656250004 0.398919753125 0.28181818125 0.40393518593750005 0.278787878125 0.407793209375 0.2678787875 0.419367284375 0.263030303125 0.4251543203125 0.2527272734375 0.4239969140625 0.24606060625 0.4309413578125 0.2533333328125 0.43942901250000005 0.244848484375 0.4510030859375 0.24848484843750002 0.463348765625 0.2666666671875 0.47492283906250005 0.2654545453125 0.4826388890625 0.27030302968750003 0.48881172812499996 0.26181818125 0.49922839531249996 0.25878787812500004 0.503858025 0.23454545468750002 0.5104166671875 0.22181818125000002 0.5281635796875 0.21939393906250002 0.5324074078125001 0.2224242421875 0.5393518515625 0.24303030312499999 0.548225309375 0.25696969687500004 0.5597993828125001 0.26181818125 0.5644290125 0.269090909375 0.5783179015625 0.269090909375 0.5817901234375 0.2527272734375 0.5802469140625 0.24545454531250002 0.584490740625 0.24363636406250003 0.5883487656249999 0.23272727343750002 0.5952932093750001 0.23272727343750002 0.6111111109375 0.2478787875 0.6134259265625001 0.26 0.6095679015625 0.2745454546875 0.61612654375 0.2872727265625 0.6199845671875 0.2824242421875 0.6238425921874999 0.284848484375 0.6273148140625 0.275757575 0.6273148140625 0.270909090625 0.6180555562500001 0.25878787812500004 0.624614196875 0.25212121249999997 0.6331018515625 0.250909090625 0.639274690625 0.241212121875 0.641203703125 0.2527272734375 0.63773148125 0.27393939375 0.6439043203125 0.278787878125 0.6500771609375 0.269090909375 0.6570216046875 0.269090909375 0.6875 0.2903030296875 0.6882716046875 0.315757575 0.6832561734375 0.3236363640625 0.67862654375 0.32121212187500003 0.67091049375 0.3284848484375 0.6662808640625 0.3393939390625 0.6554783953125 0.34181818124999996 0.652391975 0.35393939375 0.6354166671875 0.3563636359375 0.6257716046875 0.40181818125 0.6145833328125 0.40606060624999996 0.6153549375 0.41212121249999994 0.6238425921874999 0.41333333281250006 0.6315586421875 0.424242425 0.639274690625 0.4193939390625 0.6404320984375 0.4066666671875 0.6350308640625 0.3945454546875 0.64351851875 0.3763636359375 0.6439043203125 0.36848484843749996 0.652391975 0.376969696875 0.6577932093750001 0.36969697031250004 0.66396605 0.37333333281250003 0.66705246875 0.36969697031250004 0.7418981484375 0.3636363640625 0.7581018515625 0.3721212125 0.7712191359375 0.3963636359375 0.8074845671875 0.39272727343749997 0.8198302468750001 0.398787878125 0.8279320984374999 0.415151515625 0.829475309375 0.43818181875000006 0.8441358031249999 0.444242425 0.8441358031249999 0.48909090937500005 0.707561728125 0.49393939375 0.7233796296875 0.5066666671875 0.750385803125 0.5066666671875 0.761188271875 0.5163636359375 0.76080246875 0.524242425 0.765046296875 0.5272727265625 0.768132715625 0.5139393937500001 0.7766203703125 0.5115151515624999 0.7874228390625 0.5175757578125 0.7932098765625 0.5303030296875 0.792438271875 0.54 0.7843364203125 0.555151515625 0.7727623453125 0.5624242421875 0.757330246875 0.5563636359374999 0.7480709875 0.5624242421875 0.7102623453125 0.564848484375 0.636188271875 0.5624242421875 0.61612654375 0.5672727265625 0.5652006171874999 0.5672727265625 0.5605709875 0.5406060609375001 0.5543981484375 0.54181818125 0.5451388890625 0.5296969703125 0.5327932093750001 0.536969696875 0.5297067906249999 0.5272727265625 0.4934413578125 0.5345454546874999 0.46797839531249996 0.530909090625 0.459490740625 0.536969696875 0.4510030859375 0.5296969703125 0.44367283906250005 0.5436363640625 0.442901234375 0.555757575 0.463348765625 0.5636363640625001 0.481867284375 0.5527272734374999 0.49421296249999996 0.55393939375 0.4988425921875 0.5636363640625001 0.5258487656249999 0.576969696875 0.5335648140625 0.5975757578125 0.5597993828125001 0.59393939375 0.5652006171874999 0.5878787875 0.5960648140625 0.5915151515625 0.6018518515625 0.6224242421875 0.5995370375 0.6272727265625 0.6018518515625 0.6515151515625 0.6346450625 0.6678787875000001 0.6404320984375 0.6660606062500001 0.638117284375 0.65393939375 0.6439043203125 0.6303030296875 0.7102623453125 0.623030303125 0.7364969140625 0.6278787875 0.7712191359375 0.6266666671875 0.7754629625 0.6296969703124999 0.7797067906249999 0.6436363640625 0.785108025 0.6424242421875 0.7932098765625 0.6515151515625 0.790509259375 0.656969696875 0.7804783953125 0.6533333328125 0.7770061734375 0.658787878125 0.777391975 0.6678787875000001 0.7881944437499999 0.669090909375 0.7928240734374999 0.663030303125 0.8059413578125 0.6606060609375 0.807098765625 0.6442424250000001 0.8128858031249999 0.638787878125 0.821759259375 0.6442424250000001 0.821759259375 0.6503030296875 0.8152006171874999 0.6606060609375 0.8591820984374999 0.6618181812499999 0.8688271609375 0.6721212125 0.8680555562500001 0.6781818187499999 0.8707561734375 0.681212121875 0.8792438265625 0.6763636359375 0.8939043203124999 0.68606060625 0.8996913578125 0.6963636359375001 0.8977623453125 0.72606060625 0.8908179015625001 0.7345454546875 0.8591820984374999 0.7357575749999999 0.8533950625 0.74 0.8410493828125001 0.8454545453125 0.8352623453125 0.8484848484375 0.8244598765625 0.838787878125 0.815972221875 0.844848484375 0.7804783953125 0.844848484375 0.7727623453125 0.850909090625 0.761188271875 0.8496969703125 0.7600308640625 0.8563636359375 0.7550154328125 0.8593939390625 0.7256944437499999 0.863030303125 0.71875 0.863030303125 0.70794753125 0.850909090625 0.6793981484375 0.856969696875 0.6685956796875 0.850909090625 0.6631944437499999 0.85818181875 0.6466049375 0.8454545453125 0.6535493828125001 0.8381818187500001 0.6581790125 0.8139393937499999 0.6631944437499999 0.8133333328125 0.6662808640625 0.80606060625 0.6701388890625 0.8109090906249999 0.6793981484375 0.80606060625 0.6824845671875 0.8121212124999999 0.6902006171874999 0.801212121875 0.71103395 0.7975757578125 0.722608025 0.816969696875 0.73341049375 0.8133333328125 0.73533950625 0.804242425 0.7418981484375 0.7975757578125 0.7635030859375 0.795151515625 0.77353395 0.7975757578125 0.7762345671875 0.8139393937499999 0.7797067906249999 0.8145454546875 0.780864196875 0.7945454546875 0.8005401234375 0.78181818125 0.815972221875 0.78181818125 0.83603395 0.79393939375 0.8410493828125001 0.7642424250000001 0.8410493828125001 0.7448484843750001 0.8364197531249999 0.73393939375 0.8341049375 0.704848484375 0.8298611109375 0.6993939390625 0.78896605 0.70181818125 0.7908950625 0.7084848484374999 0.7878086421875 0.716969696875 0.79012345625 0.72181818125 0.7858796296875 0.7345454546875 0.77353395 0.7333333328125 0.7654320984375 0.72181818125 0.7654320984375 0.7084848484374999 0.761188271875 0.7066666671874999 0.7554012343750001 0.715757575 0.757330246875 0.718787878125 0.761188271875 0.715151515625 0.7635030859375 0.7224242421875 0.7380401234375 0.72606060625 0.7376543203125 0.7436363640625 0.72646605 0.7587878781249999 0.7141203703125 0.7563636359375 0.7091049375 0.74606060625 0.711419753125 0.7412121218750001 0.7091049375 0.72181818125 0.7137345671875 0.715757575 0.7129629625 0.701212121875 0.6940586421875 0.7006060609375 0.6921296296875 0.7036363640625 0.698688271875 0.7054545453125 0.6990740734374999 0.715757575 0.703703703125 0.72181818125 0.698688271875 0.7236363640625 0.694830246875 0.7163636359375001 0.687114196875 0.7127272734375001 0.67862654375 0.715151515625 0.67283950625 0.75818181875 0.66705246875 0.7672727265625 0.6547067906249999 0.7636363640625 0.6508487656249999 0.7648484843750001 0.64853395 0.7721212125 0.6385030859375 0.7672727265625 0.6292438265625 0.7733333328125 0.5821759265625001 0.775757575 0.57716049375 0.7715151515625001 0.5729166671875 0.7103030296874999 0.5243055562500001 0.7103030296874999 0.518132715625 0.6933333328125 0.514274690625 0.70181818125 0.5019290125 0.7006060609375 0.49807098749999995 0.6896969703125 0.49112654375 0.7115151515625 0.47762345625 0.715757575 0.4753086421875 0.75818181875 0.48070987656249997 0.775151515625 0.48032407343749994 0.7927272734375 0.4729938265625 0.795757575 0.4699074078125 0.784848484375 0.47222222187499996 0.7642424250000001 0.4660493828125 0.7593939390625 0.4645061734375 0.74 0.455632715625 0.7345454546875 0.45023148125 0.7466666671875 0.44097222187499996 0.7466666671875 0.43672839531249996 0.7521212125 0.43518518593750005 0.75818181875 0.43981481406249995 0.7654545453125 0.43942901250000005 0.7721212125 0.43171296249999996 0.7806060609375 0.4293981484375 0.775757575 0.4197530859375 0.7787878781249999 0.42206790156249996 0.795757575 0.4197530859375 0.7993939390625 0.4197530859375 0.8418181812500001 0.4158950625 0.8624242421874999 0.41898148125 0.8745454546874999 0.41782407343749994 0.8836363640625 0.3298611109375 0.88606060625 0.3190586421875 0.895757575 0.294367284375 0.9006060609375 0.2712191359375 0.890909090625 0.265046296875 0.895757575 0.2596450625 0.88606060625 0.1971450625 0.8945454546875 0.18402777812499999 0.8921212125 0.17013888906250002 0.9006060609375 0.1222993828125 0.9006060609375 0.11033950625 0.9472727265625001 0.104938271875 0.955757575 0.1057098765625 0.96181818125 0.097222221875 0.9921212125000001 0.10146605 0.998787878125 0.37229938281249997 0.9963636359375 0.396990740625 1 0.40007716093749995 0.9963636359375 0.4201388890625 1 0.4864969140625 0.995151515625 0.660108025 0.995151515625 0.7133487656249999 1 0.718364196875 0.9945454546875 0.718364196875 0.9884848484375001 0.7129629625 0.9800000000000001 0.711419753125 0.9496969703125 0.6898148140625 0.9303030296875001 0.7064043203125 0.895757575 0.7218364203125 0.8896969703125001 0.7322530859375 0.8975757578125 0.7364969140625 0.91393939375 0.757330246875 0.9090909093749999 0.7758487656249999 0.89818181875 0.8005401234375 0.8945454546875 0.8553240734375 0.9127272734374999 0.8645833328125001 0.9078787875 0.8946759265625 0.9115151515625 0.9178240734375 0.9066666671875 0.9313271609375 0.9145454546874999 0.9413580250000001 0.9666666671874999 0.9533179015625001 0.998787878125 0.974151234375 1 0.9783950625 0.9993939390625 0.9768518515625001 0.98606060625 0.9683641968750001 0.9678787874999999 0.9699074078125 0.950909090625 0.9733796296874999 0.9466666671875 0.983024690625 0.9739393937499999 0.9822530859375 1 0.9853395062500001 1 0.9880401234375 0.998787878125 1 0.99818181875 1 0.8272727265625001 0.9961419749999999 0.8260606062500001 1 0.8248484843749999 1 0.6115151515624999 0.9953703703125001 0.604242425 0.9938271609375 0.58 0.9918981484374999 0.57818181875 0.9888117281250001 0.584242425 0.986882715625 0.5763636359375 0.9888117281250001 0.5709090906250001 1 0.5703030296875 1 0.4975757578125 0.97646605 0.4993939390625 0.9733796296874999 0.4933333328125 0.9602623453125 0.48848484843750006 0.9456018515625001 0.4678787875 0.9255401234375 0.46303030312500004 0.920524690625 0.4515151515625 0.9255401234375 0.43272727343749995 0.9324845671875 0.44242424218750004 0.9371141968750001 0.44242424218750004 0.9398148140625 0.43575757499999995 0.9344135796874999 0.424848484375 0.9390432093750001 0.41272727343750004 0.9382716046875 0.3933333328125 0.9328703703125001 0.3884848484375 0.9251543203124999 0.34606060625 0.9251543203124999 0.3375757578125 0.932098765625 0.3206060609375 0.940972221875 0.3163636359375 1 0.3133333328125 1 0.20787878750000002
0 0.521990740625 0.5915151515625 0.516975309375 0.5909090906250001 0.5177469140625 0.5993939390625 0.514274690625 0.6084848484375 0.5054012343750001 0.6103030296874999 0.5065586421875 0.624242425 0.5027006171874999 0.62181818125 0.5019290125 0.6278787875 0.4949845671875 0.629090909375 0.4864969140625 0.6096969703124999 0.4737654328125 0.603030303125 0.46836419687499997 0.5606060609375 0.455632715625 0.5599999999999999 0.45177469062500003 0.543030303125 0.4421296296875 0.5436363640625 0.441358025 0.609090909375 0.43557098749999995 0.655757575 0.46797839531249996 0.6581818187499999 0.48032407343749994 0.650909090625 0.49421296249999996 0.650909090625 0.52237654375 0.6599999999999999 0.5246913578125 0.63818181875 0.521990740625 0.5915151515625
0 0.5763888890625 0.5 0.5763888890625 0.48181818125 0.58101851875 0.4745454546875 0.5725308640625 0.46363636406250003 0.5763888890625 0.436969696875 0.584490740625 0.4266666671875 0.5929783953125 0.4315151515625 0.5956790125 0.418787878125 0.601080246875 0.41272727343750004 0.601080246875 0.40424242499999996 0.5837191359375 0.376969696875 0.5679012343750001 0.36666666718749996 0.5686728390625 0.3545454546875 0.575617284375 0.350909090625 0.5721450625 0.3406060609375 0.54591049375 0.3393939390625 0.5115740734374999 0.34606060625 0.513117284375 0.3593939390625 0.509259259375 0.364242425 0.514274690625 0.3672727265625 0.518132715625 0.361212121875 0.5366512343750001 0.39030302968749997 0.544367284375 0.39272727343749997 0.549382715625 0.40545454531249997 0.54591049375 0.42181818125000003 0.5138888890625 0.42606060625 0.518132715625 0.4375757578125 0.54205246875 0.44121212187500003 0.54783950625 0.45636363593749996 0.5451388890625 0.4654545453125 0.5335648140625 0.47393939375 0.50771605 0.48181818125 0.51080246875 0.49393939375 0.5054012343750001 0.5121212125 0.5208333328125 0.5145454546875 0.5613425921874999 0.5115151515624999 0.5763888890625 0.5
0 0.48726851875 0.503030303125 0.48919753125 0.49878787812500003 0.48919753125 0.48181818125 0.4810956796875 0.4775757578125 0.4791666671875 0.46848484843750005 0.48379629687500003 0.444242425 0.5 0.41272727343750004 0.49807098749999995 0.40727272656249996 0.48996913593749997 0.403030303125 0.4861111109375 0.3884848484375 0.5019290125 0.3745454546875 0.5046296296875 0.3703030296875 0.503472221875 0.3624242421875 0.48726851875 0.36 0.4768518515625 0.3703030296875 0.4791666671875 0.384848484375 0.47106481406249995 0.40606060624999996 0.46296296249999996 0.396969696875 0.46296296249999996 0.4236363640625 0.467206790625 0.41454545468750004 0.478009259375 0.41575757500000005 0.4791666671875 0.4296969703125 0.47106481406249995 0.42787878749999997 0.46913580312500003 0.43454545468749994 0.47878086406250003 0.43393939374999996 0.4791666671875 0.43818181875000006 0.470293209375 0.44000000000000006 0.467206790625 0.435151515625 0.46527777812500004 0.443030303125 0.45756172812499996 0.4503030296875 0.4606481484375 0.45636363593749996 0.450617284375 0.475757575 0.44907407343749994 0.5121212125 0.45408950625 0.5175757578125 0.47067901250000005 0.51818181875 0.47492283906250005 0.5054545453125 0.48726851875 0.503030303125
0 0.5540123453125 0.064848484375 0.5555555562500001 0.0503030296875 0.5432098765625 0.0321212125 0.5451388890625 0.0266666671875 0.551311728125 0.024242425 0.5297067906249999 0.0121212125 0.49768518593750005 0.021212121875 0.49807098749999995 0.0266666671875 0.5065586421875 0.029090909375 0.5084876546875 0.035757575 0.5084876546875 0.043030303125 0.5007716046875 0.053939393749999995 0.503472221875 0.0606060609375 0.5304783953125 0.0666666671875 0.5393518515625 0.0793939390625 0.5578703703125 0.0745454546875 0.5540123453125 0.064848484375
0 0.8391203703125001 0 0.7480709875 0.0072727265625 0.7287808640625 0.0145454546875 0.6307870375 0.0193939390625 0.6265432093750001 0.029696970312499998 0.6273148140625 0.05151515156249999 0.632330246875 0.054545454687499995 0.639274690625 0.0436363640625 0.6462191359375 0.0436363640625 0.6604938265625 0.0684848484375 0.6581790125 0.0745454546875 0.67091049375 0.104242425 0.702546296875 0.08606060625 0.7341820984375 0.08 0.78896605 0.08606060625 0.79205246875 0.0933333328125 0.7966820984375 0.0945454546875 0.8005401234375 0.0896969703125 0.8105709875 0.0993939390625 0.8206018515625001 0.0872727265625 0.8406635796874999 0.0824242421875 0.88773148125 0.084848484375 0.9131944437499999 0.090909090625 0.9324845671875 0.10545454531250001 0.9598765437500001 0.10848484843749999 0.9903549375 0.1066666671875 1 0.0975757578125 0.9996141968750001 0 0.8391203703125001 0
0 0.1222993828125 0.0375757578125 0.09375 0.0436363640625 0.069830246875 0.0593939390625 0.059027778125 0.07393939375 0.050540123437499994 0.0715151515625 0.0470679015625 0.06 0.050540123437499994 0.050909090625 0.059027778125 0.0484848484375 0.06442901250000001 0.032727273437499996 0.0706018515625 0.032727273437499996 0.07561728437500001 0.024848484375 0.07137345625 0.0145454546875 0.066358025 0.017575757812500002 0.065972221875 0.029090909375 0.0597993828125 0.031515151562499996 0.059413579687499996 0.018787878124999997 0.05208333281250001 0.016969696875000002 0.053240740625000005 0.0321212125 0.047453703125 0.0375757578125 0.0435956796875 0.031515151562499996 0.0320216046875 0.0375757578125 0.0293209875 0.0321212125 0.03125 0.023030303125000002 0.0412808640625 0.0303030296875 0.042438271875 0.018787878124999997 0.047839506250000004 0.0127272734375 0.045910493749999996 0.010909090625 0.011188271875 0.018181818750000002 0.004629629687499999 0.024848484375 0.005401234374999999 0.036969696875 0 0.0393939390625 0.000385803125 0.095757575 0.0358796296875 0.09212121250000001 0.047453703125 0.0775757578125 0.0675154328125 0.075151515625 0.0906635796875 0.084848484375 0.10069444375 0.0945454546875 0.1111111109375 0.0963636359375 0.12885802500000001 0.0745454546875 0.1222993828125 0.0375757578125
0 0.36419753125 0.07818181874999999 0.37422839531249996 0.06606060625 0.375 0.018787878124999997 0.37229938281249997 0.013333332812500001 0.3576388890625 0.023030303125000002 0.3541666671875 0.0406060609375 0.34220679062500003 0.05818181875 0.33680555624999997 0.038787878125 0.3182870375 0.041212121875 0.3144290125 0.046060606250000004 0.31327160468750004 0.036969696875 0.30902777812500004 0.032727273437499996 0.2858796296875 0.0375757578125 0.2750771609375 0.032727273437499996 0.25038580312500003 0.033939393750000005 0.2472993828125 0.029090909375 0.24228394999999997 0.0321212125 0.2476851859375 0.0503030296875 0.23418209843749999 0.0533333328125 0.226080246875 0.043030303125 0.22453703749999998 0.029696970312499998 0.220293209375 0.027878787500000002 0.217206790625 0.035151515625000004 0.20987654375 0.03818181875 0.21103394999999997 0.044848484375 0.20408950625000002 0.0436363640625 0.19830246875 0.0527272734375 0.19637345625 0.078787878125 0.1921296296875 0.075757575 0.1863425921875 0.0593939390625 0.180169753125 0.06303030312499999 0.176311728125 0.07393939375 0.16936728437499998 0.0593939390625 0.1628086421875 0.055151515625 0.1608796296875 0.0472727265625 0.156635803125 0.0478787875 0.1531635796875 0.0715151515625 0.14776234531250002 0.05818181875 0.145061728125 0.058787878125000005 0.14351851875 0.0684848484375 0.1446759265625 0.075151515625 0.1539351859375 0.0763636359375 0.16396605 0.08606060625 0.1902006171875 0.0872727265625 0.19637345625 0.081212121875 0.2010030859375 0.08606060625 0.228009259375 0.08 0.301311728125 0.081212121875 0.323688271875 0.0933333328125 0.3298611109375 0.10787878749999999 0.3375771609375 0.095757575 0.34529320937499997 0.10181818125 0.349151234375 0.0933333328125 0.3557098765625 0.10242424218749999 0.3487654328125 0.116969696875 0.3533950625 0.11818181875 0.365740740625 0.10363636406250001 0.36419753125 0.07818181874999999