1 0.46171875 0.65 0.084375 0.12265625
1 0.59296875 0.66875 0.07734375 0.14375
1 0.93359375 0.91015625 0.13203125 0.1796875
1 0.87109375 0.76171875 0.10703125 0.1640625
1 0.390625 0.8875 0.12421875 0.1640625
1 0.52578125 0.9421875 0.13515625 0.11484375
1 0.27265625 0.84921875 0.165625 0.2140625
1 0.16640625 0.8125 0.1171875 0.1578125
1 0.06640625 0.74765625 0.1328125 0.1609375
1 0.3640625 0.6171875 0.08515625 0.1234375
1 0.27734375 0.58671875 0.0859375 0.11484375
1 0.21484375 0.55703125 0.10625 0.12109375
1 0.68359375 0.41484375 0.07734375 0.10546875
1 0.65078125 0.4765625 0.0828125 0.08046875
1 0.63671875 0.53671875 0.06640625 0.084375
1 0.909375 0.4015625 0.0578125 0.1203125
1 0.8515625 0.56953125 0.06484375 0.10234375
1 0.27890625 0.34765625 0.05859375 0.07265625
1 0.21484375 0.38203125 0.07421875 0.0734375
1 0.15078125 0.409375 0.071875 0.078125
1 0.0828125 0.44609375 0.08203125 0.07578125
1 0.02734375 0.4953125 0.05390625 0.09609375
1 0.046875 0.34140625 0.06875 0.07734375
1 0.10625 0.30859375 0.0609375 0.07734375
1 0.03046875 0.2609375 0.0609375 0.0875
1 0.0859375 0.2296875 0.08046875 0.07109375
1 0.4015625 0.24921875 0.0703125 0.0734375
1 0.8015625 0.221875 0.06796875 0.07734375
1 0.56171875 0.4875 0.071875 0.10234375
1 0.43359375 0.4484375 0.05 0.08671875
1 0.5125 0.41953125 0.046875 0.0484375
1 0.9125 0.10546875 0.11171875 0.0453125
1 0.8328125 0.11640625 0.03046875 0.040625
1 0.74609375 0.209375 0.04375 0.0390625
1 0.97421875 0.8046875 0.0515625 0.1125
1 0.95703125 0.55546875 0.04921875 0.078125
1 0.88828125 0.53046875 0.046875 0.07109375
1 0.86015625 0.41796875 0.04453125 0.05234375
1 0.56484375 0.38046875 0.04453125 0.03671875
1 0.5421875 0.5796875 0.04453125 0.078125
1 0.34765625 0.19296875 0.046875 0.065625
1 0.4546875 0.27578125 0.028125 0.0609375
1 0.35390625 0.45546875 0.084375 0.059375
1 0.271875 0.49453125 0.05078125 0.05546875
1 0.34296875 0.54296875 0.04296875 0.059375
1 0.43984375 0.5703125 0.05390625 0.05546875
1 0.6015625 0.29296875 0.028125 0.0484375
1 0.49453125 0.3078125 0.0390625 0.03671875
1 0.65390625 0.2484375 0.03671875 0.0453125
0 0.14603080625 0.7399049875 0.14958530781249998 0.732779096875 0.18513033125 0.7292161515625 0.1877962078125 0.7203087890625001 0.185426540625 0.6419239906249999 0.182168246875 0.6258907359375 0.16380331718750002 0.622327790625 0.1531398109375 0.6140142515625 0.129443128125 0.61045130625 0.1187796203125 0.5997624703125 0.114928909375 0.5896674578125001 0.114928909375 0.5730403796875 0.1175947875 0.5665083140625 0.15225118437500001 0.531472684375 0.1516587671875 0.47921615156249997 0.1466232234375 0.46674584374999994 0.141587678125 0.4720902609375 0.141587678125 0.4815914484375 0.1389218015625 0.488123515625 0.133590046875 0.488123515625 0.129443128125 0.49762470312499996 0.0802725125 0.5059382421875 0.0773104265625 0.5273159140625 0.0476895734375 0.5463182890625 0.0435426546875 0.5593824234375 0.036137440625 0.5635391921874999 0.034952606250000004 0.5730403796875 0.026362559375 0.59144893125 0 0.59085510625 0.0002962078125 0.6650831359375 0.02280805625 0.6579572453125 0.058945496875 0.661520190625 0.0796800953125 0.6401425171875 0.10219194375 0.63895486875 0.1072274875 0.6454869359375001 0.11255924218749999 0.6692399046874999 0.113151659375 0.684679334375 0.10959715625 0.6953681703125 0.1134478671875 0.7019002375000001 0.125888625 0.709026128125 0.1321090046875 0.7452494062499999 0.138033175 0.747624703125 0.14129146875 0.7399049875 0.14603080625 0.7399049875
0 0.1922393359375 0.5035629453125 0.20053317499999998 0.5 0.20379146874999998 0.47921615156249997 0.21593601875 0.464370546875 0.2313388625 0.47030878906250007 0.2396327015625 0.48693586718750004 0.25325829375 0.45486935937500006 0.2627369671875 0.4524940625 0.267476303125 0.4631828984375 0.28406398125 0.450118765625 0.2947274875 0.46199525 0.3042061609375 0.45130641406249994 0.3062796203125 0.4412114015625 0.3095379140625 0.4406175765625 0.31427725156249997 0.42755344375000004 0.322571090625 0.4311163890625 0.3373815171875 0.4133016625 0.3403436015625 0.4192399046875 0.35219194374999996 0.4192399046875 0.3687796203125 0.43230403749999996 0.3812203796875 0.434679334375 0.38477488125 0.42399049843750003 0.40343601875 0.4043943 0.4075829390625 0.38657957187499997 0.40550947812500004 0.3764845609375 0.412026065625 0.37292161562500004 0.416765403125 0.387173396875 0.4250592421875 0.38954869375 0.42950237031249994 0.37470308750000003 0.4283175359375 0.3497624703125 0.4268364921875 0.3456057 0.3954383890625 0.33966745781249996 0.3711492890625 0.30760095 0.3646327015625 0.2921615203125 0.32612559218750004 0.276722090625 0.321090046875 0.2678147265625 0.32582938437500003 0.2595011875 0.3252369671875 0.23812351562499998 0.308945496875 0.218527315625 0.2734004734375 0.20071258906249997 0.266587678125 0.1858669828125 0.2648104265625 0.1716152015625 0.25059241718749997 0.1478622328125 0.24763033124999997 0.11460807656250001 0.24318720312500003 0.1092636578125 0.23874407656250002 0.11817102187499999 0.24289099531249997 0.12767220937499998 0.23696682500000002 0.1478622328125 0.24111374375 0.15855106875 0.2393364921875 0.1787410921875 0.24289099531249997 0.20249406250000002 0.252073459375 0.20546318281249998 0.2550355453125 0.19833729218750001 0.25740521250000004 0.2078384796875 0.2668838859375 0.21971496406250002 0.2745853078125 0.21615201874999998 0.2766587671875 0.2203087890625 0.27725118437499996 0.25475059375 0.2802132703125 0.27375296875 0.2935426546875 0.2826603328125 0.298281990625 0.30760095 0.3009478671875 0.301068884375 0.302428909375 0.2826603328125 0.3045023703125 0.299881234375 0.310426540625 0.3188836109375 0.3110189578125 0.34144893125000003 0.3219786734375 0.3467933484375 0.32701421875 0.362826603125 0.31842417031250003 0.3788598578125 0.2822867296875 0.3907363421875 0.2716232234375 0.4026128265625 0.2668838859375 0.4026128265625 0.26332938437500003 0.4097387171875 0.2514810421875 0.4026128265625 0.24792654062500002 0.40736342031249995 0.23548578125000003 0.4097387171875 0.2277843609375 0.420427553125 0.22126777187500002 0.4192399046875 0.2174170609375 0.425771971875 0.22304502343750002 0.43349168593750004 0.1880924171875 0.43349168593750004 0.1845379140625 0.43942992812500004 0.1572867296875 0.450118765625 0.15343601875 0.4720902609375 0.15402843593749999 0.497030878125 0.15580568749999998 0.5184085515625 0.1581753546875 0.5279097390625 0.16232227500000002 0.531472684375 0.16854265468750002 0.5296912109374999 0.1922393359375 0.5035629453125
0 0.875 0.968527315625 0.875 0.9554631828125 0.8720379140625001 0.9435866984375 0.8625592421875 0.9340855109374999 0.8590047390625 0.9055819484375001 0.8554502375 0.8652019 0.8637440765625 0.8568883609375 0.867298578125 0.8402612828124999 0.8634478671875 0.8325415671874999 0.8557464453125 0.8325415671874999 0.8515995265624999 0.8277909734375 0.8459715640625 0.8153206656249999 0.8436018953125 0.801068884375 0.837973934375 0.7945368171875 0.8308649296875 0.795724465625 0.8237559234375 0.8147268406249999 0.8207938390624999 0.81235154375 0.8199052124999999 0.7868171015625001 0.8157582937500001 0.780878859375 0.813388625 0.76425178125 0.8163507109375001 0.7547505937500001 0.813388625 0.7393111640625001 0.807168246875 0.7363420421875 0.7965047390625 0.718527315625 0.7923578203125 0.7209026125 0.7831753546875 0.7155581953125 0.78406398125 0.7078384796875 0.7965047390625 0.713776721875 0.8101303312500001 0.704275534375 0.8157582937500001 0.6716152015625 0.8145734593749999 0.637173396875 0.8181279625 0.6229216156249999 0.8139810421875 0.613420428125 0.8157582937500001 0.5730403796875 0.8125 0.565320665625 0.7890995265625 0.5564133015625 0.79146919375 0.50534441875 0.8015402843749999 0.47921615156249997 0.8050947875000001 0.459026128125 0.8110189578125 0.3212589078125 0.803909953125 0.315320665625 0.8119075828125 0.3111638953125 0.8145734593749999 0.301068884375 0.813388625 0.2844418046875 0.807168246875 0.2802850359375 0.7988744078125001 0.2802850359375 0.7932464453125 0.29156769531250004 0.7896919437500001 0.3236342046875 0.7846563984375 0.3206650828125 0.783767771875 0.33788598593749997 0.7683649296875 0.358076009375 0.7695497625 0.38657957187499997 0.7627369671875 0.3931116390625 0.7606635078124999 0.4008313546875 0.7686611375 0.40736342031249995 0.7769549765625 0.4049881234375 0.780509478125 0.40855106875 0.779620853125 0.43289786250000006 0.787322275 0.4412114015625 0.7825829390625 0.4839667453125 0.781990521875 0.538598575 0.7778436015625 0.5706650828125001 0.7778436015625 0.5991686453125 0.7772511843750001 0.6051068890625 0.7736966828125 0.608669834375 0.7728080562499999 0.6282660328125 0.7736966828125 0.5967933484375 0.7728080562499999 0.593824228125 0.7683649296875 0.597980996875 0.7588862562500001 0.8450118765625 0.7547393359375001 0.8652019 0.7529620859375 0.9910926359375001 0.770734596875 0.9934679328125 0.8821090046875 0.9910926359375001 0.875 0.968527315625
0 0.502073459375 0.8598574828125001 0.5103672984375 0.86104513125 0.5118483406250001 0.8568883609375 0.50977488125 0.6935866984375 0.5056279625 0.69714964375 0.5017772515625001 0.6929928734375 0.49940758281250003 0.714370546875 0.49881516562500006 0.7785035625 0.4908175359375 0.7802850359375 0.4863744078125 0.7785035625 0.48874407656249996 0.7630641328125 0.4863744078125 0.7606888359374999 0.4863744078125 0.752375296875 0.4905213265625 0.7298099765625 0.48578199062499994 0.7238717343750001 0.4863744078125 0.70724465625 0.4843009484375 0.7030878859375 0.47659952656250004 0.7007125890625 0.46712085312499996 0.6888361046875 0.45941943125 0.6959619953125 0.450533175 0.69714964375 0.4446090046875 0.6864608078125001 0.43157582968749997 0.6769596203125 0.4268364921875 0.6757719718749999 0.4238744078125 0.680522565625 0.41913507031249997 0.6769596203125 0.403732228125 0.646080759375 0.39780805625000004 0.646080759375 0.38951421875 0.656769596875 0.37944312812500003 0.6603325421874999 0.3646327015625 0.6532066515625 0.3450829390625 0.6532066515625 0.33086492968750003 0.646080759375 0.325533175 0.636579571875 0.31842417031250003 0.6437054625 0.313684834375 0.6425178140625001 0.3110189578125 0.637173396875 0.3122037921875 0.6300475062500001 0.3077606640625 0.6247030875 0.2882109 0.634204275 0.26510663437500004 0.6258907359375 0.23548578125000003 0.622327790625 0.2313388625 0.6092636578125 0.223637440625 0.61045130625 0.2206753546875 0.5973871734375 0.204087678125 0.6080760093750001 0.199348340625 0.6211401421875 0.192831753125 0.622327790625 0.1901658765625 0.6300475062500001 0.191943128125 0.691805225 0.196090046875 0.7013064140624999 0.196090046875 0.7084323046875001 0.2014218015625 0.7155581953125 0.1999407578125 0.7209026125 0.196090046875 0.7214964375 0.196090046875 0.730997625 0.2011255921875 0.7339667453125001 0.20527251249999998 0.747030878125 0.2165284359375 0.7494061750000001 0.222748815625 0.7559382421875 0.21978672968750002 0.7713776718750001 0.223637440625 0.788598575 0.2319312796875 0.7850356296875 0.24318720312500003 0.7660332546874999 0.26332938437500003 0.76484560625 0.273992890625 0.752969121875 0.29413507031249997 0.7541567703125 0.29887440781249996 0.74465558125 0.302428909375 0.74465558125 0.308945496875 0.7541567703125 0.31486966875 0.75534441875 0.317831753125 0.7636579578125 0.33086492968750003 0.762470309375 0.3373815171875 0.7684085515625 0.3456753546875 0.7660332546874999 0.349822275 0.7802850359375 0.3572274875 0.785629453125 0.35545023750000004 0.8105700718750001 0.35870853125 0.8182897859375 0.3735189578125 0.8171021375 0.42920616093749997 0.84085510625 0.441054503125 0.8349168640625001 0.4490521328125 0.8497624703125 0.44964455000000003 0.8818289781249999 0.45408767812499995 0.9002375296875 0.48281990468749997 0.9103325421875 0.4884478671875 0.8812351546875 0.502073459375 0.8598574828125001
0 0.74585308125 0.9673396671875001 0.7470379140625 0.858076009375 0.7517772515625001 0.8307600953125001 0.763033175 0.6217339671875 0.763033175 0.6027315921875 0.7565165875 0.59085510625 0.7565165875 0.5825415671874999 0.7594786734375 0.5706650828125001 0.7680687203125001 0.558194775 0.7713270140625 0.56235154375 0.7725118484375 0.5789786218749999 0.7742891000000001 0.576603325 0.779620853125 0.468527315625 0.77754739375 0.4453681703125 0.7668838859375 0.45486935937500006 0.76214455 0.464370546875 0.752073459375 0.4679334921875 0.7473341234374999 0.488123515625 0.741409953125 0.47743467968750003 0.73370853125 0.480997625 0.7265995265625 0.4560570078125 0.7165284359374999 0.4560570078125 0.7165284359374999 0.46674584374999994 0.7088270140625 0.469121140625 0.7064573453125 0.464370546875 0.702606634375 0.47565320624999996 0.7067535546875 0.49584322968750005 0.7067535546875 0.5089073640625 0.7023104265625 0.530878859375 0.6715047390625 0.5285035625 0.6682464453125 0.550475059375 0.6682464453125 0.56235154375 0.67120853125 0.57185273125 0.6706161140625 0.5896674578125001 0.674466825 0.5961995250000001 0.68513033125 0.5973871734375 0.6860189578125 0.6074821859374999 0.6827606640624999 0.6163895484374999 0.6762440765625 0.612826603125 0.6697274875 0.617577196875 0.6646919437500001 0.61104513125 0.662026065625 0.5961995250000001 0.6563981046875 0.597980996875 0.658767771875 0.6169833734375 0.67120853125 0.632422803125 0.6735781984375 0.6502375296875 0.67209715625 0.6543943 0.6673578203125 0.6484560562499999 0.6596563984375 0.6508313546875 0.655509478125 0.6722090265625 0.651362559375 0.6472684078125 0.6472156390625 0.6472684078125 0.6436611375 0.6401425171875 0.632701421875 0.6454869359375001 0.6297393359375001 0.7013064140624999 0.6244075828125 0.730997625 0.6187796203125 0.747030878125 0.6122630328125 0.7482185265625 0.596267771875 0.7268408546875 0.5820497625 0.7220902609375 0.5613151656250001 0.7197149640625 0.5565758296875 0.7268408546875 0.5453199046874999 0.6757719718749999 0.5423578203125 0.6888361046875 0.5313981046875 0.6929928734375 0.5302132703125 0.7060570078125 0.5195497625 0.7298099765625 0.5213270140625 0.7547505937500001 0.5177725125 0.761876484375 0.5189573453125 0.8414489312500001 0.5171800953125001 0.8497624703125 0.5189573453125 0.88895486875 0.53406398125 0.9085510687499999 0.5536137437499999 0.9133016625 0.56486966875 0.93705463125 0.572571090625 0.9429928734375 0.5773104265625 0.9429928734375 0.583234596875 0.9358669828125 0.5950829390625 0.9394299281249999 0.59656398125 0.949524940625 0.5906398109375 0.9578384796874999 0.591232228125 0.9768408546874999 0.5882701421875 0.982779096875 0.592120853125 0.9916864609375 0.7381516593749999 0.9934679328125 0.744668246875 0.982779096875 0.74585308125 0.9673396671875001
0 0.7088270140625 0.3467933484375 0.71356635 0.34085510625 0.7242298578125 0.33966745781249996 0.7274881515625 0.3307600953125 0.7206753546875 0.32185273125 0.71356635 0.319477434375 0.7055687203125001 0.3307600953125 0.70290284375 0.3467933484375 0.6946090046875 0.347980996875 0.6937203796875 0.36163895468749996 0.70379146875 0.36995249375 0.7079383890625001 0.362826603125 0.7088270140625 0.3467933484375
0 0.471267771875 0.368171021875 0.474822275 0.37529691249999997 0.480154028125 0.3669833734375 0.48904028437499997 0.3764845609375 0.5002962078125 0.3764845609375 0.5029620859375 0.3592636578125 0.507701421875 0.3545130640625 0.4997037921875 0.3456057 0.486670615625 0.34085510625 0.47719194375 0.347980996875 0.46712085312499996 0.3349168640625 0.45941943125 0.3361045125 0.45438388593749995 0.35332541562499997 0.45497630312500004 0.362826603125 0.44964455000000003 0.36995249375 0.46327014218749996 0.37945368125 0.4665284359375 0.36935867031249997 0.471267771875 0.368171021875
0 0.6872037921875 0.3426365796875 0.6732819906249999 0.3420427546875 0.67209715625 0.3301662703125 0.6626184828125 0.3182897859375 0.655509478125 0.31591448906249997 0.6472156390625 0.31591448906249997 0.6430687203125001 0.3206650828125 0.63951421875 0.31591448906249997 0.5915284359374999 0.3171021375 0.5749407578125 0.31235154375 0.5690165875 0.32422802812499996 0.5607227484374999 0.3254156765625 0.55835308125 0.33966745781249996 0.545912321875 0.3444180515625 0.5411729859375 0.3420427546875 0.5379146921875 0.346199525 0.54146919375 0.3640142515625 0.5465047390625 0.3669833734375 0.611670615625 0.3503562953125 0.6199644546874999 0.358669834375 0.62825829375 0.3562945375 0.6312203796875 0.3444180515625 0.63951421875 0.3467933484375 0.6442535546875 0.3420427546875 0.6486966828125 0.346199525 0.6566943125 0.36935867031249997 0.663507109375 0.3735154390625 0.6869075828125 0.3646080765625 0.6872037921875 0.3426365796875
0 0.5956753546875 0.1627078390625 0.5927132703125 0.1543943 0.585604265625 0.156769596875 0.591232228125 0.165676959375 0.5906398109375 0.1811163890625 0.5950829390625 0.18764845624999998 0.6007108999999999 0.1882422796875 0.6013033171875 0.1668646078125 0.5956753546875 0.1627078390625
0 0.666765403125 0.21140142499999998 0.6608412328125 0.19714964375 0.6359597156250001 0.185273159375 0.6252962078125 0.171021378125 0.6190758296875 0.17280285 0.6205568718750001 0.190023753125 0.6341824640625 0.19714964375 0.6418838859375 0.21377672187500002 0.6543246453125 0.2149643703125 0.6584715640625001 0.21971496406250002 0.6679502375 0.2149643703125 0.672393365625 0.2203087890625 0.6718009484375 0.2131828984375 0.666765403125 0.21140142499999998
0 0.5690165875 0.1543943 0.5636848343749999 0.1437054625 0.5204383890625001 0.1258907359375 0.5171800953125001 0.11817102187499999 0.5171800953125001 0.1098574828125 0.5228080562499999 0.1021377671875 0.499111375 0.089073634375 0.48963270156250005 0.10095011875 0.4875592421875 0.0956057 0.49111374375 0.0872921609375 0.4872630328125 0.0831353921875 0.48281990468749997 0.0861045125 0.486670615625 0.103325415625 0.508590046875 0.112826603125 0.5118483406250001 0.12054631874999999 0.513329384375 0.13895486875000002 0.5299170609375 0.134204275 0.5376184828125 0.1532066515625 0.545912321875 0.1532066515625 0.552428909375 0.16033254218749998 0.5684241703125 0.161520190625 0.572571090625 0.16864608125 0.575829384375 0.16805225625 0.575829384375 0.15855106875 0.5690165875 0.1543943
0 0.9798578203125 0.2535629453125 0.9804502375 0.24287410937499998 0.9845971562500001 0.230997625 1 0.20368171093749998 0.9997037921875 0.131828978125 0.9724526062500001 0.1306413296875 0.9416469187500001 0.1425178140625 0.8865521328125 0.1532066515625 0.870556871875 0.1508313546875 0.8515995265624999 0.1353919234375 0.7929502375 0.134204275 0.7888033171875 0.14014251718749998 0.7343009484375 0.14489311093749999 0.7188981046875 0.1496437046875 0.712677725 0.1573634203125 0.71593601875 0.1674584328125 0.7242298578125 0.173396675 0.7544431281249999 0.173396675 0.7574052124999999 0.17458432343750002 0.7609597156250001 0.185273159375 0.765106634375 0.1840855109375 0.780509478125 0.194774346875 0.8125 0.1840855109375 0.8344194312500001 0.2019002375 0.8361966828125 0.21140142499999998 0.8394549765624999 0.2108076015625 0.8433056875 0.18171021406250001 0.8474526062500001 0.1769596203125 0.8581161140625 0.17814726875 0.870556871875 0.1912114015625 0.8832938390624999 0.21793349218750002 0.8844786734375001 0.228622328125 0.8809241703125 0.23812351562499998 0.8865521328125 0.249406175 0.8936611375 0.249406175 0.8957345968749999 0.23574821875000002 0.9019549765624999 0.22446555781250002 0.923281990625 0.237529690625 0.9336492890624999 0.26425178125 0.9398696687499999 0.271971496875 0.9611966828125 0.281472684375 0.9691943125 0.280878859375 0.972748815625 0.261876484375 0.9798578203125 0.2535629453125