1 0.62578125 0.8453125 0.3578125 0.309375
1 0.82421875 0.5984375 0.29140625 0.46015625
1 0.92890625 0.3046875 0.1421875 0.32421875
1 0.90078125 0.07421875 0.0859375 0.11953125
1 0.66328125 0.2796875 0.18671875 0.246875
1 0.46328125 0.3734375 0.2359375 0.2640625
1 0.3453125 0.6328125 0.28046875 0.3875
1 0.13671875 0.515625 0.26484375 0.32421875
1 0.28984375 0.31875 0.1296875 0.2078125
1 0.2625 0.1765625 0.1265625 0.18671875
1 0.43203125 0.05625 0.09453125 0.11171875
1 0.59765625 0.08203125 0.08671875 0.15234375
1 0.1046875 0.10703125 0.15 0.178125
1 0.0921875 0.3 0.18359375 0.175
1 0.73984375 0.0890625 0.17890625 0.178125
1 0.071875 0.86328125 0.14296875 0.2734375
0 0.8390052359375 0.8965153109375 0.8424083765624999 0.8938753953124999 0.8416230359375 0.8827877515625 0.8473821984375001 0.8891235484375001 0.8544502625 0.8706441390625 0.8518324609375 0.854804646875 0.8570680625 0.8368532203125 0.8594240843750001 0.8321013734375 0.863612565625 0.8321013734375 0.8730366484375001 0.808870115625 0.8874345546875 0.7914466734375 0.8816753921875 0.7861668421875 0.8801047125 0.7671594515625 0.8751308906249999 0.7655755015625 0.8732984296874999 0.7597676875 0.883507853125 0.7550158390624999 0.8866492140625001 0.76346356875 0.8910994765625 0.7565997890625 0.8926701578125 0.7502639921875 0.8890052359375 0.7354804640625 0.8931937171875 0.7217529046875 0.89136125625 0.710665259375 0.8884816750000001 0.7122492078125 0.8879581156249999 0.7206969375 0.8840314140625001 0.7265047515624999 0.8704188484375001 0.7328405484375 0.8654450265625 0.7449841609375001 0.8654450265625 0.7576557546875 0.8623036656249999 0.7682154171875 0.8680628265625 0.77560718125 0.8680628265625 0.7988384374999999 0.8646596859375 0.8152059140624999 0.8609947640625 0.8152059140624999 0.859162303125 0.805174234375 0.8651832453124999 0.7983104546875001 0.8594240843750001 0.796198521875 0.8568062828125 0.789862725 0.85 0.789862725 0.8465968593750001 0.7914466734375 0.8465968593750001 0.8020063359374999 0.8497382203124999 0.8072861671875 0.8476439796875 0.8146779296875 0.8523560203124999 0.8199577609375 0.8528795812500001 0.8315733890624999 0.8510471203125001 0.8352692718749999 0.8473821984375001 0.8331573390625 0.8431937171874999 0.8437170015625 0.8392670156250001 0.8315733890624999 0.840837696875 0.823125659375 0.833507853125 0.823125659375 0.8314136124999999 0.8315733890624999 0.835863875 0.8511087640625 0.8447643984375001 0.8479408656249999 0.8502617796875 0.854804646875 0.8460732984374999 0.8600844765625 0.8431937171874999 0.8732840546875 0.835863875 0.8574445624999999 0.8290575921875 0.864836325 0.8253926703125 0.863780359375 0.8261780109375 0.854804646875 0.82434555 0.85216473125 0.816492146875 0.8542766625 0.813612565625 0.8611404437499999 0.811518325 0.8801478359375 0.8141361249999999 0.8970432953125 0.812041884375 0.902323125 0.8159685859374999 0.9144667375 0.821989528125 0.9160506859374999 0.8353403140625 0.9070749734374999 0.8390052359375 0.8965153109375
0 0.9460732984375 0.691129884375 0.94712041875 0.6837381203125 0.9581151828125 0.664730728125 0.9560209421874999 0.6583949312499999 0.9565445031250001 0.6499472015625 0.9609947640625001 0.6399155234375 0.9651832453125 0.6399155234375 0.9696335078124999 0.6341077078125 0.9557591625 0.6261879625 0.9565445031250001 0.61404435 0.9646596859375001 0.614572334375 0.9685863875 0.5865892296874999 0.9767015703125 0.5839493140625 0.9774869109375001 0.5929250265625 0.970680628125 0.597148890625 0.9701570687500001 0.6098204859374999 0.9730366484375 0.627243928125 0.9767015703125 0.6124604015624999 0.9803664921875 0.6251319953125 0.9845549734375 0.6124604015624999 0.9890052359375 0.6087645203125 0.9931937171874999 0.5918690609375 0.9989528796875 0.58025343125 0.9997382203124999 0.515311509375 0.9803664921875 0.520591340625 0.9719895281250001 0.5332629359375 0.9672774875 0.5353748687500001 0.9570680625 0.563357971875 0.9531413609375001 0.5659978875 0.946335078125 0.5828933468749999 0.9424083765625 0.5865892296874999 0.9424083765625 0.597148890625 0.9374345546875 0.597676875 0.9345549734375 0.6108764515625 0.9089005234374999 0.6636747625 0.9073298421875 0.6731784578125 0.9104712046874999 0.6805702218749999 0.909162303125 0.6906019 0.9180628265624999 0.6969376984375 0.92434555 0.6906019 0.930628271875 0.6937698 0.937958115625 0.6906019 0.9403141359375 0.6953537484375001 0.9397905765625 0.714361140625 0.9418848171875001 0.7175290390625 0.9481675390625 0.696409715625 0.9460732984375 0.691129884375
0 0.172251309375 0.8674762406250001 0.1753926703125 0.8653643078125001 0.174869109375 0.8463569171875 0.1774869109375 0.8347412875 0.1774869109375 0.8210137281250001 0.1738219890625 0.8083421328125 0.174869109375 0.79355860625 0.1685863875 0.77032735 0.162827225 0.7597676875 0.18429319375 0.7280887015624999 0.18010471249999999 0.7122492078125 0.1795811515625 0.6942977828125 0.173560209375 0.68848996875 0.1717277484375 0.67951425625 0.16413612500000002 0.6694825765625 0.1337696328125 0.6515311515625 0.11073298437500001 0.6293558609375001 0.0861256546875 0.6177402328125 0.06361256562499999 0.59239704375 0.05314136093750001 0.5955649421875 0.046596859375 0.6214361140625 0.045026178124999996 0.6573389656249999 0.0397905765625 0.696409715625 0.0403141359375 0.7111932421875 0.03874345625 0.719640971875 0.03298429375 0.7280887015624999 0.03298429375 0.7565997890625 0.1253926703125 0.858500528125 0.1295811515625 0.8606124609375 0.130890053125 0.8558606125000001 0.127748690625 0.8241816265624999 0.1290575921875 0.8204857437499999 0.14581151875 0.83104540625 0.14947643906250002 0.8394931359375001 0.1589005234375 0.840549103125 0.16178010468749998 0.84530095 0.1609947640625 0.8479408656249999 0.15 0.8553326296874999 0.143717278125 0.8511087640625 0.1403141359375 0.8643083421875 0.14528795781249998 0.88595565 0.1526178015625 0.8954593453124999 0.1602094234375 0.8949313625 0.167801046875 0.88595565 0.172251309375 0.8674762406250001
0 0.6065445031250001 0.643083421875 0.6185863875 0.6399155234375 0.6269633515625 0.616684265625 0.6332460734375001 0.611404434375 0.642146596875 0.5955649421875 0.6510471203125 0.5902851109375 0.6672774875 0.5913410765625 0.6829842937499999 0.570221753125 0.6897905765625 0.5681098203125 0.6926701578125 0.557022175 0.6937172781250001 0.5306230203125 0.699214659375 0.518479409375 0.7154450265625 0.5163674765625 0.7290575921875 0.5269271390625 0.7324607328125 0.52323125625 0.7293193718750001 0.5147835265625 0.728010471875 0.4952481515625 0.7154450265625 0.492080253125 0.7091623031250001 0.47940865937500005 0.699214659375 0.468848996875 0.6861256546875001 0.46673706406250004 0.67853403125 0.4567053859375 0.6680628265624999 0.426082365625 0.6732984296875 0.4123548046875 0.67434555 0.4017951421875 0.6795811515625 0.3933474125 0.679319371875 0.385427665625 0.6672774875 0.3843717 0.6630890046875 0.390707496875 0.646335078125 0.401267159375 0.645026178125 0.40390707499999995 0.6481675390625 0.415522703125 0.6476439796875 0.4355860609375 0.6348167546875 0.44561774062500004 0.6044502625 0.4318901796875 0.6052356015625 0.39651531093750003 0.6109947640625 0.38595565 0.6023560203125 0.3769799359375 0.5845549734375 0.37486800468750003 0.582198953125 0.3827877515625 0.5816753921875 0.41024287187499997 0.5782722515625001 0.42238648437500004 0.5620418843749999 0.440337909375 0.5494764390625 0.46356916562499995 0.542146596875 0.46462513124999993 0.530890053125 0.47360084531249996 0.5335078531249999 0.49049630468750005 0.53874345625 0.4978880671875 0.53874345625 0.522175290625 0.54712041875 0.5527983109375 0.5455497375 0.5675818375 0.54136125625 0.5770855328125 0.5382198953125 0.5939809921875 0.53874345625 0.602428721875 0.5416230359374999 0.6061246046875 0.5510471203125 0.604012671875 0.567801046875 0.61034846875 0.5882198953125 0.6282998937500001 0.5926701578125 0.64044350625 0.5926701578125 0.6583949312499999 0.5968586390625 0.6636747625 0.5997382203125 0.6494192187500001 0.6065445031250001 0.643083421875
0 0.44554973750000004 0.9329461453125001 0.4589005234375 0.9112988390625001 0.46308900468749997 0.8996832093749999 0.467801046875 0.8975712781249999 0.4709424078125 0.8848996828125 0.48141361250000003 0.8796198515625001 0.5068062828125 0.838965153125 0.49607329843750003 0.8194297781250001 0.464136125 0.8004223859374999 0.4557591625 0.80253431875 0.443717278125 0.814149946875 0.44005235625 0.8120380140625001 0.43612565468750003 0.7988384374999999 0.43612565468750003 0.77560718125 0.44345549687499997 0.7502639921875 0.4445026171875 0.7354804640625 0.435863875 0.7222808875 0.422251309375 0.7159450890625 0.4133507859375 0.7212249203125001 0.41204188437499994 0.7354804640625 0.4044502625 0.751847940625 0.387958115625 0.771383315625 0.386387434375 0.8020063359374999 0.38036649218749996 0.8236536437499999 0.3589005234375 0.8468849 0.33848167500000004 0.85216473125 0.31439790625 0.8458289328124999 0.3057591625 0.8315733890624999 0.3 0.8072861671875 0.295026178125 0.7972544874999999 0.246335078125 0.7550158390624999 0.24005235625000002 0.7529039078124999 0.22225130937499998 0.7328405484375 0.20968586406249998 0.72967265 0.1924083765625 0.7328405484375 0.1827225125 0.7523759234375 0.1827225125 0.7682154171875 0.188481675 0.7808870109375 0.19109947656249998 0.7977824703125 0.187958115625 0.8252375921875 0.19162303593750002 0.878035903125 0.1955497375 0.8827877515625 0.204973821875 0.8796198515625001 0.2146596859375 0.8875395984375001 0.21570680625 0.9097148890625 0.2102094234375 0.91657866875 0.20785340312499997 0.9255543828125001 0.22041884843749998 0.9656810984374999 0.22146596875000002 0.9836325234375 0.228010471875 0.9957761359375 0.44345549687499997 0.9973600843750001 0.44659685937500004 0.9889123546875 0.44554973750000004 0.9329461453125001
0 0.0073298421875 0.233896515625 0.0146596859375 0.21700105625 0.010471204687500001 0.1863780359375 0.006544503124999999 0.180570221875 0 0.1874340015625 0.0005235609375 0.2602956703125 0.00418848125 0.25395987343750004 0.0073298421875 0.233896515625
0 0.1424083765625 0.1916578671875 0.1361256546875 0.16948257656250001 0.137696334375 0.1525871171875 0.1238219890625 0.157338965625 0.1198952875 0.17476240781250002 0.125130890625 0.184266103125 0.11884816718749999 0.19799366406250002 0.1337696328125 0.209081309375 0.14136125625 0.2085533265625 0.1429319375 0.20644139374999998 0.1424083765625 0.1916578671875
0 0.0332460734375 0.1668426609375 0.035078534375 0.15047518437500002 0.03298429375 0.1441393875 0.024869109375 0.13516367499999998 0.0081151828125 0.1393875390625 0.0052356015625 0.1525871171875 0.0081151828125 0.162618796875 0.012303665625 0.1615628296875 0.014136125 0.166314678125 0.007853403125 0.172650475 0.007853403125 0.17793030625 0.012041884375 0.1810982046875 0.024869109375 0.17529039062500001 0.0332460734375 0.1668426609375
0 0.8159685859374999 0.1721224921875 0.842146596875 0.14994720156250002 0.8513089 0.1346356921875 0.846335078125 0.1319957765625 0.8185863875000001 0.1383315734375 0.812827225 0.14783526875 0.795026178125 0.15839493124999998 0.7861256546875001 0.17634635625 0.77853403125 0.18321013749999998 0.7814136125 0.18690601874999999 0.8005235609374999 0.18848996875 0.809162303125 0.185850053125 0.8159685859374999 0.1721224921875
0 0.11073298437500001 0.19957761406250002 0.11570680625 0.19799366406250002 0.1102094234375 0.1953537484375 0.10628272187500001 0.1821541703125 0.10235602031249999 0.1784582890625 0.0767015703125 0.185850053125 0.0547120421875 0.1774023234375 0.051308900000000005 0.18321013749999998 0.0494764390625 0.2027455125 0.0282722515625 0.2212249203125 0.030628271875 0.2291446671875 0.0557591625 0.227032734375 0.0712041890625 0.23495248124999998 0.104973821875 0.21013727499999998 0.11073298437500001 0.19957761406250002
0 0.569109946875 0.2687434 0.5764397906250001 0.24340021093750003 0.5814136125 0.2333685328125 0.612041884375 0.205385428125 0.6104712046875 0.1906019 0.603664921875 0.178986271875 0.6020942406249999 0.161034846875 0.5965968593750001 0.1436114046875 0.571989528125 0.136219640625 0.5526178015625 0.1203801484375 0.542146596875 0.12143611406249999 0.5369109953125 0.1319957765625 0.5295811515625 0.136219640625 0.5096858640625 0.12882787812500002 0.5023560203125 0.1172122484375 0.48664921406249995 0.1172122484375 0.486387434375 0.0871172125 0.47565445000000006 0.07919746562499999 0.45104712031250005 0.095036959375 0.41020942343750005 0.084477296875 0.390575915625 0.0871172125 0.4044502625 0.0982048578125 0.42120418906249996 0.1246040125 0.42801047187499996 0.12988384375 0.43534031406249996 0.12882787812500002 0.443717278125 0.10770855312500001 0.45157068125000005 0.0992608234375 0.4672774875 0.10665258749999999 0.4861256546875 0.1330517421875 0.500785340625 0.136219640625 0.5102094234375001 0.14466737031250002 0.5167539265625 0.155755015625 0.5214659687500001 0.173706440625 0.5298429312499999 0.1874340015625 0.5314136125 0.20010559687499999 0.5314136125 0.211721225 0.52722513125 0.22967265 0.5154450265625 0.237592396875 0.512041884375 0.24551214375 0.5130890046875 0.2486800421875 0.5547120421875 0.271383315625 0.559162303125 0.303590284375 0.561518325 0.3093981 0.5670157062500001 0.3099260828125 0.569109946875 0.306758184375 0.569109946875 0.2687434