1 0.8609375 0.82578125 0.13515625 0.2578125
1 0.72265625 0.5828125 0.24140625 0.16171875
1 0.50546875 0.4234375 0.08671875 0.14765625
1 0.4375 0.5625 0.19375 0.11328125
0 1 0.466332378125 0.9877078812500001 0.4534383953125 0.9812002890624999 0.3846704875 0.9645697765625 0.3560171921875 0.9537237890625001 0.31733524375 0.9414316703125 0.3044412609375 0.9407086046875 0.239971346875 0.9338394796875 0.216332378125 0.9078091109375 0.21060171875 0.898047721875 0.218481375 0.8929862625 0.24856733593749997 0.8922631953125 0.2772206296875 0.893709328125 0.295845271875 0.8987707875 0.3044412609375 0.8987707875 0.311604584375 0.8839479390625 0.32521490000000003 0.8615328999999999 0.31375358124999997 0.8282718734375001 0.30659025781250004 0.6749819234375 0.28939828125 0.6655820671875 0.283667621875 0.5997830796875 0.27363896875 0.5885755609375 0.26432664687499996 0.601952278125 0.2492836671875 0.58098336875 0.24212034375 0.5108459875 0.23782235 0.50542299375 0.24140401093750002 0.50831525625 0.2585959890625 0.5010845984375 0.2772206296875 0.4989154015625 0.31446991406249997 0.493130875 0.3244985671875 0.493130875 0.3345272203125 0.5101229218750001 0.3424068765625 0.5285610984375 0.3861031515625 0.547360809375 0.45200573125 0.545914678125 0.47779369687499995 0.541937815625 0.48853868125 0.48915401249999996 0.49140401093749997 0.4844540859375 0.47922636093750004 0.48373101875 0.4648997140625 0.47433116406250003 0.462034384375 0.4674620390625 0.4312320921875 0.4475777296875 0.42621776562499997 0.4475777296875 0.4176217765625 0.4584237171875 0.398997134375 0.4584237171875 0.38753581718749996 0.451916125 0.37320916875 0.45408532187499995 0.35315186249999997 0.4721619671875 0.34169054375 0.470715834375 0.3202005734375 0.4757772953125 0.3044412609375 0.4757772953125 0.28581661875000003 0.47107736874999995 0.2750716328125 0.465654375 0.28008595937499997 0.46312364375000004 0.323782234375 0.4598698484375 0.3187679078125 0.4551699203125 0.2865329515625 0.447216196875 0.287965615625 0.44396240000000003 0.295845271875 0.44251626875000005 0.311604584375 0.4483007953125 0.31733524375 0.4490238609375 0.33595988593750004 0.44179320312500003 0.35888252187499997 0.44649313125 0.366762178125 0.4313087484375 0.371060171875 0.42335502500000005 0.39255014374999997 0.417208965625 0.3861031515625 0.41106290625 0.3638968484375 0.361597465625 0.45467618437499996 0.3463485171875 0.5050143265625 0.34960231406250003 0.5085959890625 0.4428778015625 0.5243553015625 0.44540853281250004 0.5150429796875 0.4461315984375 0.47636103125 0.44938539375 0.4670487109375 0.47830802656250004 0.469914040625 0.4844540859375 0.48925501406249994 0.48373101875 0.517908309375 0.48011569062500004 0.529369628125 0.4819233546875 0.537249284375 0.51518438125 0.5401146125 0.5307302968750001 0.5522922640625 0.53289949375 0.5608882515625 0.5314533625 0.5967048703125 0.5227765734375 0.6224928359375 0.528199565625 0.6289398281249999 0.5314533625 0.6239255015625 0.5310918296875 0.6117478515625 0.541937815625 0.6117478515625 0.5502530734375 0.5967048703125 0.5578452640625 0.557306590625 0.5686912515625 0.555873925 0.5730296453125 0.5487106015625 0.5777295734375001 0.5938395421875 0.5777295734375001 0.6482808015625 0.5936370203125 0.66260745 0.5784526390625 0.6654727796875 0.571945046875 0.708452721875 0.562906725 0.7406876796875 0.5484454078125001 0.7392550140624999 0.54229935 0.7313753578125 0.5415762828124999 0.704154728125 0.5466377437500001 0.6640401140625001 0.54121475 0.6575931234375 0.5332610265625 0.6575931234375 0.5314533625 0.6683381093749999 0.534345625 0.708452721875 0.5260303687500001 0.7392550140624999 0.5180766453125 0.7406876796875 0.5137382500000001 0.747851003125 0.49060014531249996 0.7406876796875 0.45878525000000003 0.74212034375 0.4551699203125 0.7464183375 0.45119305781249996 0.712750715625 0.451916125 0.68696275 0.45770065000000004 0.6540114609375001 0.45227765781249996 0.6475644703125 0.4342010125 0.6461318046875 0.432031815625 0.6361031515625 0.4276934203125 0.6418338109375 0.40780911093750005 0.641117478125 0.40708604531250003 0.6568767906249999 0.417208965625 0.6683381093749999 0.42227042656249997 0.692693409375 0.4208242953125 0.71418338125 0.4161243671875 0.7234957015625 0.4067245125 0.72636103125 0.40238611718749995 0.7220630375 0.3969631234375 0.7070200578125 0.3976861890625 0.6855300859375 0.3922631953125 0.6833810890625001 0.3890094 0.708452721875 0.38069414375 0.7148997140625 0.37490961718750004 0.727793696875 0.368402025 0.732091690625 0.35177151093750003 0.7292263609375 0.3470715828125 0.7227793703125001 0.3470715828125 0.6855300859375 0.3680404921875 0.6382521484375 0.3694866234375 0.6282234953125 0.3626174984375 0.6217765046875 0.358279103125 0.6303724921875 0.345986984375 0.6303724921875 0.3387563265625 0.6461318046875 0.3271872734375 0.6575931234375 0.326102675 0.6697707734375 0.3141720890625 0.700573065625 0.31381055625 0.6898280796875 0.3167028203125 0.684097421875 0.31381055625 0.6697707734375 0.3073029640625 0.6597421203125 0.3036876359375 0.6296561609375 0.293926246875 0.6160458453125 0.2877801875 0.5981375359375 0.284887925 0.5780802296875 0.287057121875 0.5365329515624999 0.2744034703125 0.521489971875 0.2740419375 0.5093123203125 0.26536514843750003 0.49928366718749995 0.2646420828125 0.441977078125 0.2599421546875 0.44126074531250004 0.24620390468750003 0.4570200578125 0.23716558281250003 0.47492836718750003 0.237527115625 0.4828080234375 0.254157628125 0.485673353125 0.257411425 0.49785100312499997 0.25379609531249997 0.506446990625 0.25379609531249997 0.5193409734375 0.243311640625 0.521489971875 0.236442515625 0.5436962750000001 0.2386117140625 0.5881088828125 0.2501807671875 0.5924068765625 0.243311640625 0.5959885390624999 0.2353579171875 0.61461318125 0.2331887203125 0.6103151859375 0.22017353593750003 0.6103151859375 0.21221981250000002 0.59169054375 0.1970354296875 0.5959885390624999 0.1840202453125 0.5902578796875 0.18076645 0.606733525 0.18365871250000002 0.68266475625 0.19595083124999998 0.6955587390625 0.18474331093750002 0.7048710609375 0.17932031875 0.7170487109375 0.18474331093750002 0.7191977078125 0.20426608750000003 0.7063037249999999 0.22812725937499997 0.7148997140625 0.2393347796875 0.7313753578125 0.24801156875000002 0.7743553015625 0.26572668125 0.799426934375 0.28018799687499996 0.779369628125 0.2866955890625 0.76217765 0.2877801875 0.77005730625 0.24692697031250002 0.8638968484375 0.2346348515625 0.8638968484375 0.222704265625 0.8732091687500001 0.22306579843750002 0.8825214906250001 0.232104121875 0.8803724921875 0.2328271875 0.8875358171875 0.229573390625 0.8939828078125001 0.200650759375 0.8982808015625 0.1894432390625 0.894699140625 0.1916124375 0.8861031515625 0.1887201734375 0.8789398281249999 0.18835864062500002 0.855300859375 0.18474331093750002 0.8681948421874999 0.177512653125 0.8624641828125 0.173174259375 0.8653295125 0.1688358640625 0.8581661890625 0.15075921875 0.8696275078125 0.14027476562500002 0.8660458453125001 0.1381055671875 0.8116045843749999 0.14099783125 0.7843839546875 0.1529284171875 0.7765042984375 0.1605206078125 0.7471346703124999 0.1666666671875 0.7406876796875 0.1728127265625 0.7227793703125001 0.1720896609375 0.7156160453125 0.1626898046875 0.7012893984375 0.1655820671875 0.6969914046875 0.1655820671875 0.68696275 0.158351409375 0.631088825 0.158351409375 0.605300859375 0.1518438171875 0.5838108875 0.15328995 0.5709169046875 0.1467823578125 0.537965615625 0.1475054234375 0.5265042984375 0.1587129421875 0.5 0.17245119375 0.4985673359375 0.18474331093750002 0.5171919765624999 0.20137382499999998 0.5085959890625 0.22017353593750003 0.48137535781249996 0.23029645625 0.47994269375 0.236442515625 0.46060171875 0.2505423 0.43553008593750003 0.26138828593749996 0.4312320921875 0.26536514843750003 0.4233524359375 0.2671728125 0.406876790625 0.2744034703125 0.41833810937499993 0.2769342015625 0.4133237828125 0.2744034703125 0.4040114609375 0.293926246875 0.40114613125 0.3098336953125 0.3839541546875 0.31308749062499996 0.374641834375 0.31308749062499996 0.3459885390625 0.3094721625 0.3345272203125 0.31091829375 0.3259312328125 0.3011569046875 0.3094555875 0.2606652203125 0.3280802296875 0.25488069375 0.335243553125 0.2490961671875 0.335243553125 0.24801156875000002 0.327363896875 0.251265365625 0.3209169046875 0.2599421546875 0.3209169046875 0.2671728125 0.30659025781250004 0.28814172031249996 0.30372492812499996 0.3094721625 0.255730659375 0.278741865625 0.22492836718749998 0.27078814218749997 0.2306590265625 0.2671728125 0.227793696875 0.2628344171875 0.23782235 0.251265365625 0.2349570203125 0.24620390468750003 0.24212034375 0.237527115625 0.24355300937500002 0.2346348515625 0.24355300937500002 0.2310195234375 0.23209169062499999 0.2216196671875 0.2550143265625 0.21221981250000002 0.25214899687500003 0.20426608750000003 0.2392550140625 0.15654374531249998 0.23352435468750002 0.1153289953125 0.2449856734375 0.10918293593749999 0.25716332343750004 0.11424439687500001 0.2585959890625 0.1149674625 0.281518625 0.107375271875 0.29656160468750004 0.084237165625 0.30372492812499996 0.062906725 0.2972779375 0.062183659375 0.281518625 0.0578452640625 0.2729226359375 0.061460592187499996 0.260028653125 0.059652928125000004 0.2507163328125 0.0394070859375 0.25214899687500003 0.032176428125 0.2492836671875 0.021330440625 0.2349570203125 0 0.235673353125 0.0010845984375 0.9928366765625001 0.811667446875 0.99694849375 0.8134749578125 0.9217820343750001 0.8134749578125 0.8788297734375 0.799014878125 0.8734607406249999 0.7926885921875 0.8430362203125 0.7926885921875 0.7517626640625 0.8134749578125 0.7499729859375 0.8143787124999999 0.7088104015625001 0.8505289125 0.696282659375 0.8866791109375001 0.7249175 0.8939091515625 0.769659440625 0.910176740625 0.77681815 0.9219255562500001 0.8698813843750001 0.9137917609375 0.900305903125 0.9029467015625 0.9092542921875 0.8957166609374999 0.9414684890625 0.8152824671875001 0.9307304234375 0.8143787124999999 0.9951588156250001 0.91106290625 0.9949856734375 1 0.993553009375 1 0.466332378125
0 1 0.0007163328125 0.9273318875 0 0.9190166312500001 0.0193409734375 0.9182935640625001 0.03223495625 0.919739696875 0.05515759375 0.9284164859375 0.08524355312500001 0.9352856109375001 0.0902578796875 0.9533622562499999 0.0702005734375 0.9671005062500001 0.073065903125 0.971800434375 0.09527220625 0.9681851046875 0.13538681875 0.9649313093749999 0.1461318046875 0.960954446875 0.1482808015625 0.9750542296875 0.1819484234375 0.9960231374999999 0.2077363890625 1 0.2256446984375 1 0.0007163328125
0 0.3702096890625 0.141117478125 0.3655097609375 0.1318051578125 0.3575560375 0.1303724921875 0.3564714390625 0.1239255015625 0.35900216875 0.12034383906249999 0.3662328265625 0.11604584531249999 0.3734634859375 0.12177650468750001 0.38069414375 0.113180515625 0.4002169203125 0.128939828125 0.41106290625 0.10601719218750001 0.42480115625000003 0.10744985625 0.434924078125 0.10171919843749999 0.4381778734375 0.07951289375000001 0.448662328125 0.06160458437500001 0.4551699203125 0.055873925000000005 0.47396963124999997 0.0587392546875 0.47360809843749996 0.04799426875 0.483007953125 0.03223495625 0.48734634843749997 0.0093123203125 0.4775849609375 0.0085959890625 0.47180043437499997 0.0171919765625 0.45444685468749996 0.025787965625 0.3756326828125 0.0171919765625 0.3604483015625 0.018624642187500002 0.34020245781249997 0.030085959375 0.333694865625 0.021489971875 0.33007953749999996 0.027220629687499998 0.3257411421875 0.021489971875 0.3235719453125 0.031518625 0.3141720890625 0.0386819484375 0.30549529999999997 0.0386819484375 0.2975415765625 0.030085959375 0.284164859375 0.04799426875 0.28344179375 0.0838108875 0.2866955890625 0.10171919843749999 0.30404916875 0.093123209375 0.32067968125 0.0959885390625 0.333694865625 0.08739255 0.3427331890625 0.1124641828125 0.3449023859375 0.13538681875 0.34996384687500004 0.1339541546875 0.3449023859375 0.1554441265625 0.3543022421875 0.15830945624999998 0.3694866234375 0.1554441265625 0.3702096890625 0.141117478125
0 0.5173535796875 0 0.51626898125 0.016475645312500002 0.52205350625 0.03223495625 0.519884309375 0.049426934374999995 0.5332610265625 0.06160458437500001 0.535068690625 0.06805157656250001 0.5332610265625 0.0744985671875 0.5177151125 0.0780802296875 0.52313810625 0.093123209375 0.53000723125 0.10100286562500001 0.5249457703125 0.116762178125 0.5278380328125001 0.12965616093750001 0.5332610265625 0.133237821875 0.54121475 0.12607449843750002 0.5556760671875 0.12464183437500001 0.5777295734375001 0.13252149062500002 0.6099060015625 0.12034383906249999 0.6138828640625 0.0967048703125 0.61930585625 0.0902578796875 0.6276211140625 0.09527220625 0.6276211140625 0.106733525 0.618582790625 0.11461318125 0.61930585625 0.118911175 0.6250903828125 0.118911175 0.6272595812499999 0.1117478515625 0.64099783125 0.118911175 0.6634128703125 0.118911175 0.67136659375 0.113180515625 0.677512653125 0.10100286562500001 0.6634128703125 0.09169054374999999 0.6590744749999999 0.077363896875 0.645336225 0.073065903125 0.6344902390625 0.0744985671875 0.6319595078125 0.0780802296875 0.6341287062500001 0.0866762171875 0.6279826468749999 0.0902578796875 0.6312364421875001 0.07951289375000001 0.6279826468749999 0.057306590625 0.620028921875 0.0716332375 0.614244396875 0.0702005734375 0.6120751984374999 0.0759312328125 0.6091829359375 0.0601719203125 0.592552421875 0.0644699140625 0.5853217640625 0.0601719203125 0.5864063625 0.035100285937499996 0.5914678234374999 0.02363896875 0.5874909609375 0.010028653125 0.5730296453125 0.0085959890625 0.566522053125 0 0.5173535796875 0
0 0.6901663046875 0 0.6789587859374999 0.0150429796875 0.6767895875 0.0250716328125 0.67932031875 0.030085959375 0.6872740421875 0.030085959375 0.692335503125 0.0386819484375 0.7031814890625 0.041547278124999996 0.7035430218750001 0.03223495625 0.6984815625 0.0265042984375 0.6995661609375 0.0171919765625 0.7125813453125 0.010028653125 0.7219812 0.0128939828125 0.7259580625 0.02363896875 0.7248734640625 0.0286532953125 0.7118582796874999 0.031518625 0.7078814171875 0.03939828125 0.71764280625 0.042979942187499995 0.71764280625 0.0530085953125 0.7024584234375 0.05014326718749999 0.6999276937500001 0.05515759375 0.7133044109375 0.06160458437500001 0.7223427328125 0.0838108875 0.7284887921875 0.0744985671875 0.7378886484375 0.0702005734375 0.7483731015624999 0.04799426875 0.7415039765625 0.0343839546875 0.7292118578125 0.031518625 0.726681128125 0.02363896875 0.732104121875 0.011461318750000001 0.7415039765625 0.011461318750000001 0.7501807671875 0 0.7270426609375 0 0.7263195953125 0.010028653125 0.71764280625 0.005730659375000001 0.7161966734375 0 0.6901663046875 0
0 0.733550253125 0.0716332375 0.7331887203125 0.062320917187500005 0.73825018125 0.062320917187500005 0.74114244375 0.03939828125 0.7284887921875 0.037249284375000004 0.7158351406250001 0.058022921875 0.7140274765625 0.0687679078125 0.7031814890625 0.0759312328125 0.6945047 0.0702005734375 0.689804771875 0.0780802296875 0.6908893703125 0.09455587343750001 0.695227765625 0.09455587343750001 0.6966738968749999 0.0845272203125 0.7024584234375 0.081661890625 0.706073753125 0.09455587343750001 0.7107736796874999 0.09527220625 0.718365871875 0.081661890625 0.733550253125 0.0716332375
0 0.5737527109375 0.12464183437500001 0.576644975 0.1303724921875 0.588214028125 0.12320916875000001 0.6005061453125 0.12320916875000001 0.604844540625 0.113180515625 0.6077368046875 0.117478509375 0.6124367312500001 0.0967048703125 0.617859725 0.0902578796875 0.625451915625 0.0938395421875 0.6272595812499999 0.11604584531249999 0.6359363703125 0.1117478515625 0.6431670281249999 0.12034383906249999 0.6503976859375 0.11461318125 0.6597975421875 0.117478509375 0.6670282000000001 0.10601719218750001 0.669197396875 0.1117478515625 0.67245119375 0.10959885312499999 0.6702819953125 0.0938395421875 0.67245119375 0.08524355312500001 0.6590744749999999 0.10458452656249999 0.6565437453125 0.10100286562500001 0.66160520625 0.0938395421875 0.6612436734375 0.077363896875 0.6511207515625 0.081661890625 0.644613159375 0.073065903125 0.6359363703125 0.0759312328125 0.6287057125 0.0716332375 0.6272595812499999 0.06160458437500001 0.6236442515625 0.06160458437500001 0.6207519890625 0.073065903125 0.6120751984374999 0.0601719203125 0.606290671875 0.06160458437500001 0.604121475 0.0687679078125 0.6005061453125 0.0601719203125 0.5838756328125 0.06160458437500001 0.581344903125 0.05515759375 0.582791034375 0.0465616046875 0.5791757046875 0.03939828125 0.5806218359375 0.03223495625 0.5744757765624999 0.030085959375 0.5723065796875 0.0401146125 0.571945046875 0.03223495625 0.565075921875 0.030085959375 0.5614605921875 0.0171919765625 0.55748373125 0.02363896875 0.5571221984375 0.0386819484375 0.5448300796875001 0.037249284375000004 0.5430224156250001 0.030802292187500004 0.5455531453125 0.0243553015625 0.5560376 0.02363896875 0.5484454078125001 0.0128939828125 0.5394070859375 0.020773639062499998 0.537599421875 0.0530085953125 0.5339840921875 0.042979942187499995 0.5314533625 0.043696275 0.5365148234375 0.058022921875 0.5365148234375 0.0709169046875 0.52205350625 0.08524355312500001 0.53000723125 0.0995702 0.5256688359374999 0.1224928359375 0.5296456984375 0.133237821875 0.534345625 0.13252149062500002 0.54121475 0.12320916875000001 0.5737527109375 0.12464183437500001
0 0.8369486625 0.18481375312499998 0.8452639187500001 0.1783667625 0.8394793921874999 0.141117478125 0.8398409250000001 0.12034383906249999 0.8481561828125 0.141117478125 0.8550253078125 0.180515759375 0.878886478125 0.1833810890625 0.8911785968749999 0.1790830953125 0.8984092546875001 0.18481375312499998 0.9031091828125 0.1812320921875 0.8900939984375 0.12679083124999999 0.8900939984375 0.116762178125 0.8835864062500001 0.1024355296875 0.882863340625 0.089541546875 0.8705712218749999 0.04799426875 0.8705712218749999 0.037965615625 0.8637020968750001 0.018624642187500002 0.8575560375 0.016475645312500002 0.8586406359375 0 0.8496023140625001 0.0007163328125 0.8568329718750001 0.02363896875 0.85900216875 0.04799426875 0.853940709375 0.0709169046875 0.8532176421875001 0.0967048703125 0.8434562546875 0.10744985625 0.8373101953125 0.10100286562500001 0.8394793921874999 0.06518624687499999 0.8282718734375001 0.06303725 0.817064353125 0.0465616046875 0.819956615625 0.03939828125 0.8163412875 0.03223495625 0.8242950109375 0.02363896875 0.8217642812499999 0.014326646874999998 0.8112798265625001 0.03223495625 0.8156182218750001 0.0465616046875 0.808749096875 0.0587392546875 0.7935647140625 0.055873925000000005 0.7852494578125 0.017908309375 0.780187996875 0.02363896875 0.7794649312499999 0.0866762171875 0.77657266875 0.1024355296875 0.7899493859375 0.11604584531249999 0.8148951546875001 0.16547277968750002 0.819956615625 0.19842406875000002 0.817064353125 0.21704871093749997 0.8098336953124999 0.2256446984375 0.819956615625 0.2342406875 0.8257411421875 0.20702005781250002 0.8369486625 0.18481375312499998
0 0.021330440625 0.010028653125 0.026753434375000003 0.0007163328125 0.0003615328125 0 0.000723065625 0.04799426875 0.00542299375 0.0157593125 0.021330440625 0.010028653125