1 0.0578125 0.10390625 0.096875 0.06875
1 0.315625 0.059375 0.096875 0.115625
1 0.78984375 0.43671875 0.08046875 0.08359375
1 0.79921875 0.375 0.13984375 0.2265625
1 0.96640625 0.03203125 0.0640625 0.0640625
1 0.9125 0.5359375 0.07578125 0.11171875
1 0.159375 0.2203125 0.22109375 0.265625
1 0.846875 0.04375 0.09765625 0.0875
0 0.0353666453125 0.5451080046875 0.037313432812500005 0.5489199484375 0.0454250484375 0.5457433296875001 0.0454250484375 0.516518425 0.043153796875 0.5108005078125 0.038611290625 0.51207115625 0.0330953921875 0.5050825921875 0.026930564062500002 0.4752223640625 0.0120051921875 0.46759847499999996 0.008111615625 0.470139771875 0.004218040625 0.4650571796875 0.00097339375 0.46759847499999996 0 0.562261753125 0.01330305 0.5616264296875 0.0246593125 0.5711562890625 0.036988968750000004 0.5609911046875 0.0353666453125 0.5451080046875
0 0.40395846874999997 0 0.39260220625 0.0336721734375 0.38870863125 0.055273189062500006 0.3789746921875 0.062897078125 0.3783257625 0.08831003750000001 0.368267359375 0.0876747140625 0.36502271249999996 0.10165184218750001 0.345554834375 0.10546378593750001 0.33582089531250003 0.1156289703125 0.3215444515625 0.1207115625 0.308565865625 0.119440915625 0.302725503125 0.11308767500000001 0.27092796875 0.1143583234375 0.2680077875 0.1518424390625 0.250486696875 0.17598475156249999 0.2368591828125 0.207750953125 0.23231667812499998 0.23062261718750002 0.21966255625 0.2566709015625 0.2011680734375 0.2776365953125 0.1998702140625 0.29161372343749997 0.19402985 0.308132146875 0.1784555484375 0.3398983484375 0.17780661874999998 0.3475222359375 0.1713173265625 0.356416771875 0.165801428125 0.37484116875 0.15314730625 0.372935196875 0.15120051875 0.365311309375 0.152498378125 0.34625158906250003 0.1495781953125 0.34180432031249997 0.1255678125 0.344345615625 0.1252433484375 0.380559084375 0.1333549640625 0.38754765 0.1427644390625 0.3843710296875 0.1466580140625 0.39707750937499997 0.1466580140625 0.425031765625 0.1489292671875 0.43202032968750004 0.15476962968750002 0.429479034375 0.1615833875 0.43773824687499996 0.16125892343749998 0.4599745875 0.1255678125 0.45870393906249995 0.12264763125 0.4669631515625 0.12199870156249999 0.49364675937499997 0.10999351093750001 0.4968233796875 0.10577547031250001 0.47712833593750004 0.09831278437499999 0.46251588281249995 0.08468526875 0.4548919953125 0.0749513296875 0.435832275 0.061323815625 0.435832275 0.0467229078125 0.4669631515625 0.0473718359375 0.49618805625 0.051589876562500005 0.50444726875 0.08338741093749999 0.4993646765625 0.09441920781249999 0.5171537484375001 0.102206359375 0.522236340625 0.10804672343749999 0.522236340625 0.10999351093750001 0.5133418046875 0.111615834375 0.5292249046874999 0.1284879953125 0.5724269375000001 0.1447112265625 0.59656925 0.1456846203125 0.6073697578125 0.14633354999999998 0.5997458703125 0.150227125 0.5997458703125 0.1550940953125 0.60927573125 0.1550940953125 0.6219822109375001 0.1622323171875 0.644853875 0.1615833875 0.658831003125 0.1550940953125 0.675349428125 0.1550940953125 0.6855146125 0.1599610640625 0.7013977125 0.1693705390625 0.7083862765625 0.1693705390625 0.7210927578125 0.1495781953125 0.7611181703125001 0.1362751453125 0.775730621875 0.1349772875 0.7909783984375001 0.13822193437500002 0.80241423125 0.1330305 0.829097840625 0.13011031875 0.8653113093749999 0.1252433484375 0.864675984375 0.12329656093750001 0.8418043203125001 0.11778066250000001 0.828462515625 0.11129136875000001 0.8221092750000001 0.10350421875 0.83481575625 0.0905256328125 0.832274459375 0.08273848125 0.8386277 0.07884490625 0.8335451078125 0.0730045421875 0.8475222359375 0.05807916875 0.8614993640625 0.047047371875 0.856416771875 0.043802725 0.8614993640625 0.0340687859375 0.8627700125000001 0.024334846875 0.8538754765625001 0.0126541203125 0.8310038125 0 0.820203303125 0 0.9027954250000001 0.008111615625 0.900889453125 0.018494484375000002 0.90724269375 0.0282284234375 0.933926303125 0.0425048671875 0.9364675984374999 0.0496430890625 0.94790343125 0.057430240625 0.9440914859375 0.060999351562500005 0.9587039390625 0.07689811875 0.993646759375 0.22680077812500002 0.99618805625 0.23231667812499998 0.9917407875 0.23231667812499998 0.9726810671875 0.235236859375 0.9656925031249999 0.2579493828125 0.9745870390625001 0.2787151203125 0.9707750953125001 0.2829331609375 0.961245234375 0.2816353015625 0.9383735703125 0.2939649578125 0.9205844984375 0.29785853281249997 0.8977128328124999 0.3040233609375 0.8919949171875 0.307592471875 0.881194409375 0.3082414015625 0.8761118171875 0.3024010390625 0.8659466328125 0.3030499671875 0.8545108000000001 0.3134328359375 0.8367217281249999 0.321868915625 0.784625159375 0.32706035 0.7693773828125 0.332251784375 0.736340534375 0.336145359375 0.72998729375 0.329331603125 0.731893265625 0.3228423109375 0.7229987296875 0.3105126546875 0.7191867859375 0.3001297859375 0.72172808125 0.2972096046875 0.716010165625 0.29785853281249997 0.7007623890625 0.32803374375 0.7064803046875 0.3338741078125 0.7001270640625 0.341661259375 0.7001270640625 0.348475015625 0.7071156296875001 0.34717715781249997 0.7223634046875 0.340687865625 0.7452350703125 0.3439325109375 0.760482846875 0.3419857234375 0.771918678125 0.33776768281249997 0.77382465 0.3348475015625 0.7871664546875 0.32835820937500004 0.7973316390625 0.3225178453125 0.8456162640624999 0.31083711875 0.877382465625 0.3095392609375 0.912960609375 0.307592471875 0.921855146875 0.301752109375 0.929479034375 0.3024010390625 0.937102921875 0.2972096046875 0.9485387546874999 0.2939649578125 0.9917407875 0.304672290625 0.99618805625 0.3932511359375 0.9955527312499999 0.400713821875 0.9949174078125 0.40428293281250005 0.9841169000000001 0.4237508109375 0.8316391359375 0.4341336796875 0.784625159375 0.45554834531250005 0.61689961875 0.46009085 0.6016518421875 0.47112264687499994 0.5088945359375 0.483452303125 0.4390088953125 0.48799480781250004 0.3843710296875 0.5003244640625 0.3157560359375 0.502271253125 0.2776365953125 0.5081116156250001 0.24841169062500001 0.502271253125 0.22808132187500002 0.5003244640625 0.1861499359375 0.503893575 0.1804320203125 0.51427644375 0.177890725 0.5178455546875 0.1848792890625 0.51817001875 0.1982210921875 0.5214146656249999 0.1855146125 0.5259571703125 0.18424396406250002 0.5269305640625 0.1925031765625 0.530499675 0.19440914843749998 0.5321219984375001 0.17598475156249999 0.536015575 0.1696315125 0.529850746875 0.1613723 0.5025957171875 0.1626429484375 0.50097339375 0.155654384375 0.502271253125 0.1340533671875 0.5120051921875 0.0997458703125 0.5107073328125 0.0921219828125 0.518494484375 0.0311308765625 0.522388059375 0.018424396875 0.522712525 0 0.4996755359375 0.0031766203125000005 0.4983776765625 0.01969504375 0.493835171875 0.0235069890625 0.483452303125 0.0654383734375 0.47890979843750003 0.14421855156250002 0.4769630109375 0.12770012656250002 0.47079818281249997 0.119440915625 0.467229071875 0.15692503124999999 0.45522388124999996 0.20076238906250002 0.452952628125 0.1848792890625 0.46009085 0.1340533671875 0.4464633359375 0.1200762390625 0.44711226406250004 0.1073697578125 0.45327709218749995 0.10419313906250001 0.4581440625 0.0857687421875 0.454899415625 0.06035578125 0.46268656718749995 0.055273189062500006 0.454899415625 0.0108005078125 0.451979234375 0.0025412953124999997 0.44678779999999996 0 0.40395846874999997 0
0 0.575600259375 0.8367217281249999 0.58079169375 0.7554002546875 0.5801427640625 0.7337992375 0.5687865015625 0.72935196875 0.5645684625 0.7223634046875 0.5645684625 0.7147395171875 0.5710577546875 0.6969504453125 0.5743024015625 0.6740787796875 0.585983128125 0.651207115625 0.5976638546874999 0.5076238875 0.588903309375 0.5006353234375001 0.5772225828125 0.5019059718750001 0.5723556125 0.5152477765625 0.5691109671875 0.5533672171874999 0.562621675 0.5889453625 0.5639195328125 0.62452350625 0.55807916875 0.6537484109375 0.55807916875 0.6867852609375 0.5483452296875 0.8062261749999999 0.543153796875 0.8341804312500001 0.5418559375 0.8913595937500001 0.5340687859375 0.9828462515625 0.5395846859375 0.989834815625 0.562621675 0.9917407875 0.57689811875 0.8799237609375 0.575600259375 0.8367217281249999
0 0.604153146875 0.43773824687499996 0.5976638546874999 0.41232528593750006 0.6086956515625 0.400889453125 0.6099935109375 0.3818297328125 0.6077222578125 0.37611181718750003 0.59214795625 0.37357052031250004 0.585983128125 0.38564167656250004 0.5801427640625 0.4097839890625 0.577547046875 0.45171537500000003 0.6009085015625 0.45679796718750004 0.604153146875 0.45298602343749994 0.604153146875 0.43773824687499996
0 0.61875405625 0.2452350703125 0.6038286828125 0.24396442187499998 0.5970149250000001 0.2687420578125 0.5898767031250001 0.35387547656249996 0.6125892281249999 0.3627700125 0.6216742375 0.256035578125 0.61875405625 0.2452350703125
0 0.5262816359375 0.6283354515624999 0.5269305640625 0.530495553125 0.5292018171875 0.5247776359375 0.5321219984375001 0.6321473953125001 0.5343932515625001 0.6340533671874999 0.547047371875 0.60927573125 0.5463984421875 0.574968234375 0.5535366640625 0.5254129609375 0.5515898765625 0.5 0.5535366640625 0.4923761125 0.5515898765625 0.48602287187500004 0.5528877359375 0.4682338 0.5551589875 0.4599745875 0.5577547046875 0.4599745875 0.561323815625 0.4758576875 0.5665152499999999 0.40597204531250003 0.5743024015625 0.37928843749999996 0.56943543125 0.3659466328125 0.5639195328125 0.3614993640625 0.5665152499999999 0.308132146875 0.563270603125 0.29288437031250003 0.5645684625 0.2674714109375 0.5616482796875 0.25794155 0.5567813109374999 0.259847521875 0.5515898765625 0.2954256671875 0.547047371875 0.308132146875 0.547047371875 0.3195679796875 0.5418559375 0.33481575625 0.5327709281249999 0.41486658125 0.5327709281249999 0.43646759843750005 0.5259571703125 0.45235069843750003 0.5214146656249999 0.45108005156250003 0.5197923421875 0.45552731875 0.5126541203125 0.49745870468750003 0.49643088906250005 0.6219822109375001 0.4983776765625 0.634688690625 0.509085009375 0.62515883125 0.5262816359375 0.6283354515624999
0 0 0.2534942828125 0.005191434375 0.2776365953125 0.005191434375 0.2852604828125 0.0006489296875 0.296696315625 0.005840364062500001 0.3271918671875 0.0129785859375 0.3373570515625 0.0392602203125 0.2973316390625 0.056132381249999995 0.2833545109375 0.0590525625 0.2674714109375 0.0661907859375 0.256035578125 0.059377028124999995 0.2388818296875 0.055483451562499994 0.24396442187499998 0.045100584375 0.2426937734375 0.0382868265625 0.23189326562499998 0.03990915 0.22617535000000002 0.045100584375 0.2249047015625 0.0496430890625 0.2350698859375 0.059701492187500003 0.2369758578125 0.057105775000000004 0.1988564171875 0.049967553125 0.1886912328125 0.051265412499999996 0.1772554 0.0467229078125 0.170902159375 0.0457495140625 0.1613723 0.0158987671875 0.15756035625 0 0.17598475156249999 0 0.2534942828125
0 0.056132381249999995 0.1601016515625 0.0639195328125 0.144853875 0.077547046875 0.13722998749999998 0.178131084375 0.143583228125 0.186891628125 0.1378653109375 0.186891628125 0.1238881828125 0.195327709375 0.1073697578125 0.1898118109375 0.102922490625 0.16255678125 0.10165184218750001 0.09831278437499999 0.102922490625 0.0911745625 0.11817026718750001 0.07884490625 0.12198221093749999 0.063270603125 0.1359593390625 0.0113562625 0.13341804375 0.008111615625 0.144853875 0.0003244640625 0.13341804375 0 0.1480304953125 0.004218040625 0.158831003125 0.0084360796875 0.1607369765625 0.018494484375000002 0.1562897078125 0.056132381249999995 0.1601016515625
0 0.1885139515625 0 0.1885139515625 0.0241423125 0.18462037656250002 0.016518425 0.16450356875 0.027954256249999997 0.1622323171875 0.0311308765625 0.1609344578125 0.0489199484375 0.152498378125 0.0692503171875 0.159312134375 0.07623888125 0.1975989609375 0.0775095296875 0.20408825468749997 0.09021601093750001 0.2070084359375 0.0895806859375 0.2212848796875 0.078144853125 0.2147955875 0.062897078125 0.21933809218749997 0.0476493015625 0.2154445171875 0.0311308765625 0.2173913046875 0.0082592125 0.2112264765625 0 0.1885139515625 0