1 0.51171875 0.31015625 0.1859375 0.1171875
1 0.4140625 0.2625 0.13046875 0.06015625
1 0.0765625 0.89453125 0.04765625 0.053125
1 0.3265625 0.2890625 0.12578125 0.08671875
1 0.14609375 0.35078125 0.02265625 0.0421875
1 0.35703125 0.36796875 0.14921875 0.08046875
1 0.06328125 0.35 0.0546875 0.05546875
1 0.58203125 0.2765625 0.21171875 0.096875
0 0.6476234 0.6287625421875 0.66316270625 0.62374581875 0.67641681875 0.5894648828125 0.690585009375 0.5702341140625 0.712979890625 0.5978260875 0.7102376593749999 0.6229096984375 0.712979890625 0.63963210625 0.7317184640625001 0.6605351171875 0.8085009140625001 0.615384615625 0.9995429609375 0.4799331109375 1 0.3386287625 0.9328153562500001 0.321070234375 0.9227605125 0.321070234375 0.9154478968750001 0.3311036796875 0.9099634375000001 0.321070234375 0.8980804390625 0.322742475 0.8916819015625 0.327759196875 0.886197440625 0.3444816046875 0.8788848265625001 0.33444816093749996 0.86243144375 0.3428093640625 0.8551188296875001 0.35451505 0.8459780625000001 0.35117056875 0.8194698359375 0.3645484953125 0.812157221875 0.37625418125 0.8039305296875 0.3695652171875 0.783820840625 0.37959866249999996 0.7760511890624999 0.3871237453125 0.7728519203124999 0.4013377921875 0.7691956125 0.38963210625 0.760968921875 0.3913043484375 0.7362888484375001 0.40301003281250003 0.7298903109375 0.416387959375 0.7253199265625 0.409698996875 0.690585009375 0.4230769234375 0.6851005484375 0.44648829375 0.6787020109374999 0.4314381265625 0.6393967093749999 0.4498327765625 0.6357404015625 0.46655518437500004 0.62477148125 0.45652173906250004 0.5982632546875 0.469899665625 0.5680987203125001 0.47157190625 0.5653564906249999 0.4832775921875 0.563985375 0.47408026718749996 0.558043875 0.468227425 0.5297074953124999 0.47324414687500005 0.5251371109375 0.46655518437500004 0.49771480781250005 0.48160535156249995 0.46480804375 0.48829431406249996 0.3807129796875 0.48829431406249996 0.367001828125 0.4933110375 0.3103290671875 0.469899665625 0.2938756859375 0.469899665625 0.22120658125 0.5025083609375 0.226234003125 0.5117056859375 0.25822669062500003 0.5250836125 0.2792504578125 0.5451505015625 0.2947897625 0.5468227421875 0.318555759375 0.5668896328125 0.3660877515625 0.5802675578125001 0.47029250468750006 0.6371237453124999 0.4876599640625 0.6304347828125 0.49040219374999994 0.64548495 0.5041133453125 0.6521739125 0.5095978062500001 0.6622073578125 0.526965265625 0.6638795984375 0.575411334375 0.6923076921875 0.5904936015625 0.691471571875 0.6357404015625 0.61705685625 0.6476234 0.6287625421875
0 0.09323583125 0.9473244140625001 0.0900365625 0.9431438125 0.07084095 0.9548494984375001 0.0585009140625 0.9389632109375 0.055758684375 0.868729096875 0.059872029687499995 0.8645484953125001 0.08089579531249999 0.8645484953125001 0.10374771406250001 0.88963210625 0.11745886718750001 0.8846153843750001 0.145795246875 0.88963210625 0.15402193749999998 0.9063545156249999 0.1384826328125 0.9030100328125 0.1192870203125 0.9180602 0.1197440578125 0.9255852843750001 0.1494515546875 0.9314381265625 0.15676416875000002 0.9264214046875001 0.17001828125000001 0.9423076921875 0.171846434375 0.9774247484374999 0.186014625 0.9849498328124999 0.200182815625 0.9757525078124999 0.2029250453125 0.9473244140625001 0.20886654531249998 0.9347826093749999 0.2344606953125 0.9264214046875001 0.2911334546875 0.9280936453124999 0.29844606875 0.9214046828125 0.3085009140625 0.8963210703125 0.32586837343749997 0.88294314375 0.3615173671875 0.8862876249999999 0.3724862890625 0.87625418125 0.3820840953125 0.86036789375 0.3930530171875 0.8219063546875001 0.40859232187499994 0.8035117062499999 0.4076782453125 0.7617056859375 0.4140767828125 0.7366220734375 0.43098720312500005 0.7140468234374999 0.44652650781250003 0.7140468234374999 0.4620658140625 0.73076923125 0.47120658125 0.73076923125 0.4830895796875 0.7140468234374999 0.4876599640625 0.7157190640625 0.49360146250000003 0.776755853125 0.52239488125 0.8026755859374999 0.5498171843749999 0.7976588625 0.5872943328125 0.76923076875 0.587751371875 0.7583612046875 0.5287934187500001 0.7173913046875 0.4830895796875 0.7090301 0.473034734375 0.6889632109375 0.44469835468749996 0.678929765625 0.4273308953125 0.6622073578125 0.392595978125 0.6505016718750001 0.38711151718750003 0.64214046875 0.3770566734375 0.640468228125 0.3642595984375 0.6571906359375 0.3404936015625 0.6555183953125 0.29844606875 0.67391304375 0.2888482625 0.654682275 0.289762340625 0.637959865625 0.29753199218750004 0.6304347828125 0.3103290671875 0.6304347828125 0.31764168125 0.622073578125 0.35054844531249996 0.6304347828125 0.3569469828125 0.64548495 0.3583180984375 0.636287625 0.3532906765625 0.62374581875 0.3011883 0.595317725 0.254570384375 0.58528428125 0.20978062187500002 0.5668896328125 0.20429616093749997 0.5668896328125 0.200182815625 0.5827759203125 0.18875685625 0.5969899671875 0.15676416875000002 0.5785953171875 0.1531078609375 0.586956521875 0.14716636249999998 0.5877926421875 0.1535649 0.5928093640625 0.1563071296875 0.602842809375 0.15402193749999998 0.6053511703125001 0.07358318124999999 0.59197324375 0.0022851921875 0.6204013374999999 0 0.9540133781250001 0.0219378421875 0.9690635453124999 0.008226690625 0.990802675 0.01599634375 0.998327759375 0.08683729375 0.9974916390624999 0.091407678125 0.990802675 0.09323583125 0.9473244140625001
0 0.04798903125 0.5802675578125001 0.05255941562500001 0.5668896328125 0.062157221875 0.5660535109375 0.0630712984375 0.549331103125 0.013254114062499999 0.50334448125 0.00045703906250000003 0.49832775937499996 0 0.5994983281249999 0.0027422296874999997 0.5994983281249999 0.0260511890625 0.58528428125 0.04798903125 0.5802675578125001
0 0.9995429609375 0.9615384609375001 0.813985375 0.8612040140625 0.7897623406250001 0.862040134375 0.7879341859375 0.897157190625 0.79159049375 0.9155518390624999 0.79798903125 0.9188963203125 0.7989031078125 0.9423076921875 0.8034734921875 0.9540133781250001 0.7989031078125 0.96237458125 0.7998171843749999 0.9724080265625 0.8053016453125 0.9757525078124999 0.8085009140625001 0.9949832781250001 0.9972577703125 0.9991638796875 1 0.9974916390624999 0.9995429609375 0.9615384609375001
0 0.7669104203125 0.9540133781250001 0.7650822671874999 0.932274246875 0.7742230343750001 0.8821070234375 0.7733089578125 0.8486622078125 0.7682815359374999 0.8394648828125 0.7408592328125 0.8294314375 0.7079524687500001 0.8043478265624999 0.690585009375 0.8026755859374999 0.6892138937500001 0.8704013375 0.6864716640624999 0.89882943125 0.6819012796874999 0.9105351171875 0.6837294328125 0.9406354515625001 0.6796160875 0.9431438125 0.67641681875 0.9188963203125 0.67641681875 0.8553511703125001 0.6663619749999999 0.8469899671875 0.674588665625 0.840301003125 0.6727605125 0.8035117062499999 0.6430530171875 0.7976588625 0.640767825 0.8185618734375 0.6275137109375 0.8311036796875 0.6238574046875 0.8428093640625001 0.6000914078124999 0.8628762546875001 0.5955210234375 0.859531771875 0.5959780625 0.8821070234375 0.571755028125 0.909698996875 0.552559415625 0.9598662203125 0.5452467999999999 0.9615384609375001 0.5397623406250001 0.973244146875 0.517824496875 0.9749163875000001 0.4963436921875 0.990802675 0.49862888437499997 0.998327759375 0.7001828156250001 0.9991638796875 0.7623400359375 0.9958193984375001 0.7669104203125 0.9540133781250001