1 0.42265625 0.71171875 0.06953125 0.11484375
1 0.36015625 0.6890625 0.05546875 0.16015625
1 0.1890625 0.66171875 0.09921875 0.16015625
1 0.284375 0.42421875 0.06796875 0.11796875
1 0.33125 0.44453125 0.03515625 0.07421875
1 0.496875 0.45390625 0.10234375 0.1125
1 0.8515625 0.80078125 0.103125 0.0953125
1 0.84375 0.68046875 0.1609375 0.134375
1 0.80859375 0.45859375 0.090625 0.1125
1 0.94296875 0.46015625 0.0921875 0.1125
1 0.69453125 0.43984375 0.0953125 0.0921875
1 0.63125 0.321875 0.05 0.103125
1 0.7875 0.35 0.1 0.096875
1 0.15 0.95 0.125 0.1
1 0.4546875 0.2265625 0.0453125 0.084375
1 0.97890625 0.95078125 0.04140625 0.09765625
0 0.843244653125 0.607341490625 0.8515910281249999 0.611790878125 0.8560250390625 0.6034482765625 0.85863328125 0.5878754171875 0.8570683359375 0.5689655171875 0.861763171875 0.5533926578125 0.870109546875 0.541156840625 0.871674490625 0.5278086765625 0.8458528953125001 0.5150166859375 0.8367240484374999 0.49555061250000004 0.8333333328125001 0.4760845390625 0.8260302562499999 0.47385984375 0.8226395406250001 0.477753059375 0.8221178921875 0.4922135703125 0.8184663531249999 0.5011123468750001 0.8179447046874999 0.5111234703124999 0.8268127281250001 0.53559510625 0.8283776734374999 0.562291434375 0.8268127281250001 0.5723025578125001 0.8179447046874999 0.5945495000000001 0.8239436625 0.611790878125 0.8275952015625 0.6006674078125 0.8283776734374999 0.616796440625 0.8320292125 0.622358175 0.8395931140625 0.609566184375 0.843244653125 0.607341490625
0 0.5312989046875 0.251390434375 0.5375586859375 0.258064515625 0.54303599375 0.245272525 0.5393844546875 0.227474971875 0.5331246734375 0.21968854218749997 0.5299947828125 0.2030033375 0.529473134375 0.1918798671875 0.5336463218749999 0.1651835375 0.5362545640625 0.1596218015625 0.5271257171875 0.15350389375 0.5177360453125 0.15572858750000002 0.5099113203125001 0.137931034375 0.47861241562499995 0.133481646875 0.47313510625 0.145161290625 0.47470005156250006 0.1596218015625 0.4840897234375 0.16740823124999998 0.490610328125 0.196885428125 0.5005216484375 0.196885428125 0.5044340109375 0.20189099062500002 0.5013041203124999 0.2185761953125 0.5054773078125 0.23303670781250002 0.50599895625 0.260845384375 0.513302034375 0.260845384375 0.5198226390625 0.24805339218750003 0.5312989046875 0.251390434375
0 0.941836203125 0.6017797546875 0.9997391765625 0.6040044499999999 1 0.50222469375 0.99191445 0.5050055625 0.9653103812499999 0.5005561734375 0.9553990609375 0.5038932140625 0.923056859375 0.5016685203125 0.921231090625 0.5111234703124999 0.925404278125 0.534482759375 0.925404278125 0.5500556171875 0.9300991125 0.5600667406250001 0.9306207609375001 0.5734149046875 0.929316640625 0.5839822031249999 0.9175795515624999 0.595661846875 0.9175795515624999 0.6034482765625 0.9277516953125 0.6173526140625001 0.9337506515625 0.6179087875 0.9413145546875 0.611790878125 0.941836203125 0.6017797546875
0 0.29473135156249997 0.5533926578125 0.296296296875 0.5311457171875 0.30542514375 0.52614015625 0.31090245156249996 0.5177975531250001 0.310380803125 0.48220244687499997 0.28951486718749997 0.4922135703125 0.2902973390625 0.49944382656249997 0.294992175 0.49833147968749997 0.296296296875 0.50222469375 0.296296296875 0.5289210234375 0.279603546875 0.5322580640625 0.2793427234375 0.5661846500000001 0.2566510171875 0.55895439375 0.2597809078125 0.5522803109375001 0.258998434375 0.5417130140624999 0.2616066765625 0.5472747499999999 0.26447574375 0.5456062296875 0.262128325 0.5350389328125 0.267605634375 0.536707453125 0.26682316093749997 0.5239154609375001 0.271517996875 0.5216907671875 0.27882107500000003 0.52836485 0.28299426250000004 0.5216907671875 0.283776734375 0.51668520625 0.279864371875 0.5094549500000001 0.27047469999999996 0.5172413796875001 0.263171621875 0.508342603125 0.2423056859375 0.5005561734375 0.2083985390625 0.49499443750000005 0.21231090312499998 0.47886540625 0.21178925468749998 0.4621802 0.2083985390625 0.4560622921875 0.18909754843749998 0.470522803125 0.17657798593750001 0.4849833140625 0.173187271875 0.4933259171875 0.1867501296875 0.51668520625 0.195618153125 0.5567297 0.20370370312500002 0.565072303125 0.2360459046875 0.56840934375 0.247000521875 0.5784204671875 0.251173709375 0.5750834265625 0.263432446875 0.57786429375 0.2908189875 0.565072303125 0.29473135156249997 0.5533926578125
0 0.7227438703125 0.843159065625 0.7503912359375 0.8320355953125 0.755346896875 0.8192436046875 0.7496087640625 0.7803114578125 0.7456964 0.7775305890624999 0.7425665109375 0.76640711875 0.736567553125 0.7614015578125 0.73552425625 0.735817575 0.7110067812499999 0.7091212453125 0.70683359375 0.694660734375 0.703703703125 0.6668520578125 0.69900886875 0.65795328125 0.691705790625 0.6279199109375 0.6943140328124999 0.6034482765625 0.7065727703125 0.5951056734375 0.709963484375 0.5867630703125 0.7115284296875 0.5700778640624999 0.6974439234375 0.5500556171875 0.6964006265625 0.53559510625 0.7091810125 0.5205784203125 0.736828378125 0.5328142375 0.7649973921875 0.5328142375 0.7723004687499999 0.54505005625 0.7816901406250001 0.5472747499999999 0.789775690625 0.5756395999999999 0.7887323937499999 0.5856507234375 0.7936880546875 0.5884315906250001 0.7965571203125 0.5834260296875 0.791862284375 0.5611790875 0.7923839328125 0.5500556171875 0.798122065625 0.5255839828125 0.7986437140625 0.5111234703124999 0.78482003125 0.49276974375 0.7717788203125 0.49499443750000005 0.7649973921875 0.5016685203125 0.7597809078125 0.5016685203125 0.752999478125 0.510567296875 0.7456964 0.510567296875 0.7363067296875 0.49833147968749997 0.7133542 0.49944382656249997 0.701877934375 0.49499443750000005 0.6961398015625 0.49054505 0.6930099109375 0.48275862031249994 0.6870109546875 0.50222469375 0.6880542515625 0.53559510625 0.68622848125 0.567296996875 0.6859676578125 0.50222469375 0.68257694375 0.4961067859375 0.6737089203125 0.5005561734375 0.6596244125 0.48832035625000003 0.6476265 0.48720800937500003 0.640323421875 0.48164627343750005 0.6369327078125 0.46885428281249997 0.63954095 0.45216907656250005 0.6356285859375 0.45272525 0.631977046875 0.44716351562499995 0.611893584375 0.4076751953125 0.6087636937500001 0.3943270296875 0.6082420453124999 0.36540600625 0.5991131984375 0.357063403125 0.5928534171875001 0.3615127921875 0.580855503125 0.35817575156250003 0.5779864375 0.32981090156250004 0.574595721875 0.32591768593750003 0.5657277 0.3270300328125 0.560250390625 0.30756395937500003 0.558163796875 0.2931034484375 0.5586854453125001 0.2764182421875 0.5612936875 0.26640711875 0.54903495 0.26473859843750003 0.5477308296875 0.2764182421875 0.549295775 0.2931034484375 0.5448617625 0.3070077859375 0.5331246734375 0.320912125 0.5320813765625 0.3353726359375 0.5352112671875 0.35428253593750003 0.5425143453125 0.3687430484375 0.5414710484375 0.3765294765625 0.5477308296875 0.4098998890625 0.554512259375 0.41768631875000006 0.5560772046875 0.4354838703125 0.5414710484375 0.4510567296875 0.5409493999999999 0.477753059375 0.5383411578125 0.4933259171875 0.5289514859375 0.5189098999999999 0.5289514859375 0.543381534375 0.525560771875 0.548387096875 0.5146061546875 0.5517241375 0.5018257687500001 0.5489432703125 0.5013041203124999 0.5311457171875 0.5057381328125 0.5239154609375001 0.5099113203125001 0.525027809375 0.51434533125 0.5189098999999999 0.513562859375 0.49944382656249997 0.5041731875 0.49944382656249997 0.49791340625 0.49276974375 0.48278560312499996 0.5183537265625 0.475482525 0.5183537265625 0.4655712046875 0.51167964375 0.46531038125 0.50222469375 0.46348461093750004 0.5005561734375 0.4606155453125 0.50222469375 0.4603547203125 0.510567296875 0.45826812656250004 0.510567296875 0.45800730312500004 0.5033370406250001 0.45513823750000004 0.5005561734375 0.44861763125 0.5255839828125 0.4428794984375 0.53559510625 0.4460093890625 0.5611790875 0.443401146875 0.5845383765625 0.44444444375 0.593437153125 0.4473135109375 0.5984427140624999 0.45461658906249997 0.6006674078125 0.47965571249999994 0.6006674078125 0.4830464265625 0.59677419375 0.488523734375 0.56840934375 0.4958268125 0.567296996875 0.4986958796875 0.5711902109375 0.5013041203124999 0.5889877640625001 0.505216484375 0.5951056734375 0.521387584375 0.5995550609375 0.541210225 0.5962180203125 0.5446009390625 0.5856507234375 0.5404277515625 0.56340378125 0.5409493999999999 0.5378198000000001 0.546165884375 0.5133481640625 0.5610328640625 0.5005561734375 0.568857590625 0.49833147968749997 0.574595721875 0.5016685203125 0.585289515625 0.5322580640625 0.582159625 0.5745272531250001 0.5751173703125 0.59176863125 0.5712050078125 0.5945495000000001 0.576943140625 0.6067853171875 0.5790297343749999 0.619021134375 0.5907668234375001 0.62513904375 0.59650495625 0.6140155734375 0.603286384375 0.6162402671875 0.607720396875 0.6446051171875 0.6163275953125 0.650723025 0.6244131453125 0.6679644046875 0.6285863328125 0.6890989984375 0.6356285859375 0.6952169078125 0.6390193015625 0.7024471640625001 0.63954095 0.711345940625 0.646322378125 0.720244715625 0.650495565625 0.7669632921875 0.6554512265625 0.7819799781250001 0.6674491390624999 0.78531701875 0.675273865625 0.7986651828125 0.6799687015625 0.79977753125 0.683359415625 0.79477196875 0.6849243609375 0.77141268125 0.6898800203125 0.7708565078125 0.6922274390625 0.779199109375 0.6911841421875 0.8537263625 0.6940532078125 0.859844271875 0.7110067812499999 0.8604004453125 0.7143974953125001 0.859844271875 0.7227438703125 0.843159065625