1 0.41328125 0.5515625 0.2078125 0.1921875
1 0.23984375 0.53359375 0.12421875 0.21171875
1 0.0703125 0.4265625 0.1171875 0.096875
1 0.546875 0.51875 0.10390625 0.22265625
1 0.6859375 0.53203125 0.0578125 0.0953125
1 0.84296875 0.51328125 0.08203125 0.14609375
1 0.93359375 0.50859375 0.0734375 0.14140625
1 0.765625 0.52421875 0.0640625 0.090625
1 0.6296875 0.50390625 0.0484375 0.0734375
1 0.425 0.43515625 0.08203125 0.05234375
1 0.29140625 0.43515625 0.0640625 0.04296875
0 1 0.5667726546875 0.992148240625 0.5627980921875 0.9745603015625001 0.5643879171874999 0.9651381906250001 0.57551669375 0.961369346875 0.5691573921875 0.89227386875 0.57392686875 0.8859924625 0.57551669375 0.8850502515625 0.58585055625 0.8815954781249999 0.58823529375 0.8614949749999999 0.58505564375 0.8552135671875 0.57869634375 0.8476758796875 0.58664546875 0.8288316578125 0.59141494375 0.7917713562500001 0.59300476875 0.7622487437500001 0.6104928453125 0.7207914578125 0.6041335453125 0.706344221875 0.6089030203125 0.6956658296875 0.623211446875 0.661118090625 0.6120826703125 0.638505025 0.624801271875 0.58825376875 0.631160571875 0.5788316578125 0.6375198734375 0.5593592968750001 0.6359300484375 0.5260678390625 0.6470588234375 0.517902009375 0.6438791734375 0.507851759375 0.6534181234374999 0.4701633171875 0.6581876 0.45634422187499996 0.666136725 0.42493718593749996 0.66772655 0.41300251250000003 0.67408585 0.39478643281250003 0.6709062 0.390389446875 0.675675675 0.357097990625 0.6709062 0.3495603015625 0.6820349765625 0.3244346734375 0.6788553265624999 0.31124371875 0.6931637515625 0.186871859375 0.7186009531249999 0.15734924687500002 0.7201907796875 0.14101758749999999 0.712241653125 0.1259422109375 0.713831478125 0.11023869374999999 0.7265500796875 0.06626884375 0.7201907796875 0.043655778125 0.74085850625 0.0144472359375 0.75437201875 0.023869346875 0.8195548484374999 0.0244974875 0.884737678125 0.0182160796875 0.8942766296875 0.018844221875 0.9038155796874999 0.01224874375 0.9205087437499999 0 0.9340222578124999 0.0003140703125 0.995230525 0.7233040203125001 0.9936407 0.78674623125 0.9888712234374999 1 0.9960254374999999 1 0.5667726546875