1 0.03203125 0.4734375 0.06328125 0.12421875
1 0.528125 0.703125 0.0890625 0.1203125
1 0.58359375 0.63203125 0.03515625 0.078125
1 0.62734375 0.48984375 0.04375 0.07890625
1 0.91171875 0.86015625 0.059375 0.1140625
1 0.9234375 0.4703125 0.05703125 0.096875
1 0.896875 0.5328125 0.04921875 0.0546875
1 0.3015625 0.64140625 0.03359375 0.06484375
1 0.26640625 0.69609375 0.0609375 0.07109375
1 0.07421875 0.7703125 0.10625 0.0640625
1 0.2484375 0.23203125 0.07265625 0.07109375
1 0.303125 0.18984375 0.0765625 0.0578125
1 0.33359375 0.15390625 0.0296875 0.0359375
1 0.18515625 0.67265625 0.06953125 0.07578125
1 0.36953125 0.50390625 0.0328125 0.059375
1 0.42578125 0.846875 0.0671875 0.1265625
1 0.55234375 0.93671875 0.05703125 0.1265625
1 0.8359375 0.66640625 0.08125 0.08515625
1 0.8625 0.72578125 0.046875 0.08515625
1 0.85234375 0.95078125 0.0859375 0.09765625
1 0.45625 0.43203125 0.03359375 0.05625
1 0.58125 0.4640625 0.04140625 0.040625
1 0.5390625 0.51796875 0.02578125 0.05625
1 0.80546875 0.53671875 0.05625 0.1171875
1 0.73125 0.45703125 0.0484375 0.08203125
1 0.74140625 0.36171875 0.0421875 0.05546875
1 0.79765625 0.34296875 0.0359375 0.059375
1 0.82734375 0.41015625 0.0359375 0.053125
1 0.94765625 0.65625 0.03828125 0.06640625
1 0.871875 0.46796875 0.03046875 0.06953125
1 0.80625 0.26328125 0.04375 0.07421875
1 0.72890625 0.30390625 0.0328125 0.05625
1 0.6 0.26953125 0.02265625 0.03203125
1 0.61640625 0.1109375 0.02109375 0.04296875
1 0.09140625 0.90703125 0.0796875 0.10859375
1 0.93671875 0.23828125 0.12578125 0.11796875
1 0.82109375 0.20234375 0.034375 0.05078125
1 0.86875 0.16484375 0.03828125 0.059375
1 0.5109375 0.24609375 0.0515625 0.046875
1 0.6640625 0.29140625 0.03828125 0.04609375
1 0.42890625 0.5890625 0.03671875 0.0546875
1 0.39609375 0.315625 0.03671875 0.04140625
1 0.64609375 0.8140625 0.0421875 0.0734375
1 0.47734375 0.85546875 0.03046875 0.078125
0 1 0.899361021875 0.9942528734374999 0.8887113953125001 0.9947753390624999 0.8727369546875 0.9911180765625 0.8642172531250001 0.992685475 0.85569755 0.9856321843750001 0.8466453671874999 0.9840647859375 0.8402555906250001 0.9767502609375001 0.841320553125 0.9749216296875 0.837593184375 0.9696969703124999 0.807774228125 0.956112853125 0.7768903093749999 0.9467084640625 0.7460063890625 0.9320794140625001 0.7108626203124999 0.9226750265625 0.6970181046875 0.922152559375 0.688498403125 0.9012539187499999 0.634185303125 0.8983803546875 0.629392971875 0.893416928125 0.630990415625 0.8923719953125 0.605431309375 0.8782654125 0.5820021296875 0.8748693828125 0.5633652828125 0.870428421875 0.571352503125 0.8683385578125 0.540468584375 0.863113896875 0.5340788078125 0.8490073140625001 0.4925452609375 0.799373040625 0.396698615625 0.794670846875 0.37646432343749997 0.784221525 0.36155484531250004 0.778996865625 0.3317358890625 0.77664576875 0.32694355625 0.768808778125 0.32481363124999996 0.764367815625 0.3157614484375 0.764367815625 0.280617678125 0.7586206890625 0.2561235359375 0.7601880875 0.24866879687500001 0.7591431562500001 0.20713525000000002 0.7502612328125 0.0644302453125 0.7497387671875 0.0324813625 0.752351096875 0.0250266234375 0.7528735625 0.011182109375 0.7570532921875001 0.00053248125 0.7353709515625 0.005324814062500001 0.7309299890625 0.0335463265625 0.7351097171875 0.193290734375 0.73719958125 0.2060702875 0.735632184375 0.23269435624999998 0.739289446875 0.2720979765625 0.747648903125 0.3136315234375 0.7544409609375 0.3189563359375 0.7567920578125 0.3450479234375 0.7586206890625 0.34345047968750003 0.7612330203125001 0.3210862625 0.7617554859375 0.3487752921875 0.7648902828125 0.369009584375 0.7756008359375001 0.3748668796875 0.778996865625 0.380724175 0.785005225 0.4110756125 0.7907523515625 0.4110756125 0.792058515625 0.40841320625 0.79049111875 0.399893503125 0.7931034484375 0.397763578125 0.792058515625 0.425452609375 0.79989550625 0.45633652812500003 0.79989550625 0.4637912671875 0.80721003125 0.47337593125 0.8257575750000001 0.5250266234375001 0.8288923718750001 0.5271565500000001 0.8328108671875001 0.517039403125 0.8333333328125001 0.541533546875 0.8359456640625 0.5575079875 0.8508359453125 0.5772097984375 0.855538140625 0.5772097984375 0.85893416875 0.58519701875 0.863113896875 0.6256656015625001 0.8672936265625 0.6277955265624999 0.8672936265625 0.6427050046875 0.8766980140625 0.6725239609375 0.878787878125 0.6991480296875 0.886102403125 0.7215122468749999 0.88662486875 0.732161875 0.8913270640625001 0.7353567625 0.89028213125 0.753461128125 0.8931556953124999 0.7657082 0.8986415890625 0.76730564375 0.9043887140625 0.7279020234375 0.9062173453125 0.722044728125 0.9075235109375 0.7247071359375 0.9054336468749999 0.7768903093749999 0.9213688609374999 0.7838125671875 0.9278996859375 0.7981895640625 0.9289446187499999 0.8152289671874999 0.9263322890625 0.8322683703125 0.9409613374999999 0.8748668796875 0.9404388718750001 0.9046858359375 0.9435736671875 0.9142705 0.951933125 0.928115015625 0.95846395 0.9478168265625 0.9725705328125 0.9574014906249999 0.9861546499999999 0.9574014906249999 0.99164054375 0.9717784875 0.992685475 0.983493078125 1 0.9898828546875 1 0.899361021875
0 0.4184952984375 0.0399361015625 0.4205851625 0.0335463265625 0.4328631140625 0.02875399375 0.44278996875 0.015974440625 0.45219435781249995 0.012779553125 0.4532392890625 0 0.40229885000000004 0.00053248125 0.4075235109375 0.0207667734375 0.405433646875 0.0378061765625 0.40647857812500005 0.0654952078125 0.4161442 0.0798722046875 0.4200626953125 0.0793397234375 0.4205851625 0.0516506921875 0.4184952984375 0.0399361015625
0 0 0.41267305624999995 0.014890282812499999 0.4078807234375 0.0504179734375 0.41001065 0.059561128124999994 0.42864749687500003 0.0647857890625 0.4637912671875 0.06739811875 0.46911608125 0.0786311390625 0.4600638984375 0.089080459375 0.427050053125 0.0937826546875 0.4227902015625 0.10684430468749999 0.4227902015625 0.1183385578125 0.4132055375 0.12931034531250002 0.4014909484375 0.143416928125 0.3727369546875 0.1648380359375 0.3727369546875 0.1805120171875 0.3312034078125 0.18469174531250002 0.3312034078125 0.20350052187499998 0.31522896718750004 0.21969697031250002 0.3173588921875 0.2275339609375 0.308839190625 0.233019853125 0.29659211874999997 0.2317136890625 0.29286475 0.22805642656249997 0.2939297125 0.214994775 0.28221512187500003 0.20141065781249998 0.280085196875 0.1954022984375 0.2657082 0.195924765625 0.2571884984375 0.2040229890625 0.2289669859375 0.21185997968749998 0.22683706093749997 0.23197492187500002 0.2103301390625 0.22988505781250002 0.1869009578125 0.221003134375 0.17625133125 0.22387669843750002 0.1693290734375 0.2390282125 0.1565495203125 0.2479101359375 0.15548455781249998 0.25261232968749997 0.158679446875 0.2594043890625 0.1789137375 0.2630616515625 0.1789137375 0.264367815625 0.159211928125 0.27089864218750004 0.1395101171875 0.278213165625 0.13844515468750002 0.2834378265625 0.14376996875 0.3022466046875 0.13844515468750002 0.31426332343749996 0.14802981875000001 0.321577846875 0.12779552656249998 0.333594565625 0.133120340625 0.34508881874999997 0.13205537812499998 0.349268546875 0.14376996875 0.35815047031249997 0.14483493125 0.36337513125 0.15015974375000002 0.364942528125 0.159744409375 0.3701671890625 0.1565495203125 0.3709508875 0.1421725234375 0.3670323921875 0.13205537812499998 0.3586729359375 0.1246006390625 0.34508881874999997 0.1256656015625 0.33855799375 0.11341852968749999 0.33855799375 0.10383386562500001 0.3456112859375 0.0947816828125 0.35710553749999996 0.0969116078125 0.363897596875 0.09158679374999999 0.38009404375 0.09052183124999999 0.3853187046875 0.105431309375 0.38662486875 0.0953141640625 0.3803552765625 0.0846645375 0.378787878125 0.072949946875 0.3840125390625 0.0644302453125 0.385057471875 0.0388711390625 0.3892372 0.0314164 0.3923719953125 0.004792332812499999 0.39498432656250004 0.00053248125 0.34143155625 0 0.2991118078125 0.008519701562499999 0.2899686515625 0.0207667734375 0.28605015625 0.0394036203125 0.27089864218750004 0.0394036203125 0.2599268546875 0.056443025 0.2515673984375 0.056443025 0.237460815625 0.0692225765625 0.22335423125 0.06709265156250001 0.1888714734375 0.08200212968750001 0.18416927968750002 0.0937167203125 0.1768547546875 0.0969116078125 0.172152559375 0.1107561234375 0.1570010453125 0.12034078749999999 0.14080459843749998 0.1139510109375 0.13662486875 0.1171459 0.13087774218749998 0.12992545312499998 0.12513061718750002 0.128860490625 0.11859979062499999 0.1091586796875 0.11859979062499999 0.0942492015625 0.1238244515625 0.0804046859375 0.12356321875000001 0.072417465625 0.1105015671875 0.0638977640625 0.0943051203125 0.06815761406250001 0.0828108671875 0.06602768906249999 0.08098223593750001 0.071884984375 0.0822884015625 0.0937167203125 0.08960292656249999 0.0809371671875 0.0943051203125 0.08200212968750001 0.1008359453125 0.09211927656249999 0.10606060625 0.12513312031249998 0.10606060625 0.1421725234375 0.105538140625 0.1528221515625 0.10266457656250001 0.15761448281249998 0.0937826546875 0.158679446875 0.0781086734375 0.1693290734375 0.057732496875 0.160809371875 0.05433646875 0.14536741250000002 0.057732496875 0.12779552656249998 0.0660919546875 0.1214057515625 0.0702716828125 0.10862619843750002 0.076018809375 0.102236421875 0.0551201671875 0.0926517578125 0.050940439062499995 0.103301384375 0.0399686515625 0.11288604843750001 0.035005225 0.1219382328125 0.030825496875000004 0.14323748593750002 0.0261233015625 0.1549520765625 0.0237722046875 0.1725239609375 0.0159352140625 0.1799787 0 0.1815761453125 0 0.41267305624999995
0 0.728840125 0.9909478171874999 0.72779519375 0.983493078125 0.7115987453125 0.9526091593749999 0.71316614375 0.94302449375 0.7183908046874999 0.9355697546874999 0.7212643671875 0.9243876468750001 0.7243991640624999 0.925452609375 0.7280564265625 0.9361022359375 0.73145245625 0.9355697546874999 0.72779519375 0.925985090625 0.7257053296875 0.9057507984375001 0.7285788921874999 0.897763578125 0.7432079421875 0.9020234296874999 0.7544409609375 0.9195953140625001 0.745820271875 0.9435569750000001 0.7324973875 0.93982960625 0.7340647859375 0.9515441953125 0.7324973875 0.9781682640625 0.7353709515625 0.9925452609375001 0.7447753390625 0.9968051125 0.8043364687500001 0.9936102234374999 0.8048589343750001 0.9818956343749999 0.8137408562499999 0.9765708203125 0.8155694875 0.9675186374999999 0.8085161968750001 0.956336528125 0.8032915359375 0.956336528125 0.8014629046874999 0.9600638984375 0.8025078375 0.9696485625 0.7996342734375 0.9755058578125 0.799373040625 0.9589989343750001 0.796499478125 0.954206603125 0.784482759375 0.9574014906249999 0.778213165625 0.9520766765625 0.77298850625 0.9531416406250001 0.7664576796875 0.9408945687499999 0.7672413796875001 0.9126730562500001 0.785527690625 0.91160809375 0.792058515625 0.9046858359375 0.7899686515625 0.896166134375 0.7899686515625 0.8780617671875 0.7917972828125001 0.871139509375 0.7967607109375 0.869542065625 0.79989550625 0.8514377 0.79623824375 0.79286475 0.7923197484375 0.7880724171875 0.761494253125 0.7870074546875 0.7484326015625 0.7657082 0.74529780625 0.7848775296875 0.71394984375 0.782747603125 0.7105538140625 0.7917997875 0.7115987453125 0.8003194890625001 0.703500521875 0.8178913734375 0.694096134375 0.8189563359375001 0.6907001046875 0.8152289671874999 0.6865203765625 0.8013844515624999 0.6870428421875 0.7917997875 0.690438871875 0.7859424921875 0.7008881921875 0.7891373796875001 0.7040229890624999 0.7838125671875 0.6961859984375 0.7816826406249999 0.6810344828125 0.7625133125 0.6658829671875 0.7646432375 0.6630094046874999 0.76837060625 0.6624869390625 0.7768903093749999 0.6661442 0.7917997875 0.66875653125 0.8258785937500001 0.6692789968749999 0.8482428109375 0.6674503656249999 0.85410010625 0.6590909093749999 0.8594249203125001 0.631400209375 0.8519701812499999 0.63009404375 0.8578274765625 0.6405433640625 0.8716719921875 0.6410658312499999 0.8929712453124999 0.631400209375 0.9020234296874999 0.630616509375 0.9174653890625001 0.620428421875 0.9222577203125001 0.6152037625 0.9371671984375001 0.604231975 0.9361022359375 0.596394984375 0.929712459375 0.5927377218750001 0.9211927578125 0.5838558 0.9211927578125 0.5799373046875 0.925985090625 0.5799373046875 0.9866879656249999 0.5807210031250001 0.9904153359375 0.5849007312500001 0.986155484375 0.5906478578125001 0.997870075 0.6839080453124999 0.99733759375 0.72335423125 0.9968051125 0.728840125 0.9909478171874999
0 0 0.6703940359375 0.012539184375000002 0.6725239609375 0.011494253125 0.6874334390625 0.0172413796875 0.7279020234375 0.0159352140625 0.7625133125 0.0146290484375 0.7438764640625 0.0067920578125 0.7204472843749999 0.00470219375 0.691693290625 0.00026123281250000003 0.6869009578124999 0 0.7917997875 0.014367815624999999 0.79446219375 0.019331243749999998 0.7896698609375 0.020376175 0.76411075625 0.028213165624999998 0.7481363156249999 0.030825496875000004 0.736421725 0.0449320796875 0.7279020234375 0.0436259140625 0.6964856234375 0.0472831765625 0.6975505859375 0.05433646875 0.7119275828125 0.058516196875 0.7300319484375 0.061912225 0.73269435625 0.0906478578125 0.73269435625 0.0943051203125 0.73801916875 0.09848484843750001 0.73482428125 0.10370950937500001 0.7444089453125 0.108411703125 0.7444089453125 0.11102403281249999 0.73588924375 0.1225182859375 0.73588924375 0.12147335468750001 0.7412140578125 0.1165099265625 0.7438764640625 0.12147335468750001 0.7444089453125 0.12643678125 0.7598509046874999 0.11755485937500001 0.790734825 0.1105015671875 0.7997870078125 0.072361546875 0.79552715625 0.054075234375 0.7997870078125 0.0274294671875 0.79446219375 0.023510971875 0.8003194890625001 0.024555903125 0.8237486687500001 0.028213165624999998 0.8237486687500001 0.0310867296875 0.809371671875 0.0389237203125 0.8051118203125001 0.047805642187500004 0.8029818953125 0.054858934375 0.810969115625 0.057993729687499995 0.82268370625 0.057471264062500006 0.8418530343749999 0.054858934375 0.85569755 0.047544409375 0.8642172531250001 0.0551201671875 0.894568690625 0.0786311390625 0.8828541 0.08646812968749999 0.8690095843750001 0.10266457656250001 0.8551650687500001 0.10632183906249999 0.8477103296875 0.10997910156249999 0.8477103296875 0.1172936265625 0.8594249203125001 0.12147335468750001 0.8583599578125 0.12434691718749999 0.8429179984375 0.1340125390625 0.8317358890625 0.14289446249999999 0.8317358890625 0.15386624843750002 0.8551650687500001 0.1690177640625 0.8636847703124999 0.17241379375000002 0.8908413203125001 0.184952978125 0.9078807234375 0.18416927968750002 0.9158679453125 0.1768547546875 0.9179978703125 0.1648380359375 0.9020234296874999 0.15438871406250002 0.8956336531250001 0.1460292578125 0.8956336531250001 0.1400208984375 0.9004259843750001 0.1371473359375 0.91480298125 0.1340125390625 0.9137380187499999 0.1311389765625 0.9185303515625 0.1376698015625 0.9211927578125 0.1413270640625 0.9318423859375 0.1494252875 0.94195953125 0.153605015625 0.957933971875 0.153605015625 0.9696485625 0.1494252875 0.983493078125 0.1528213171875 0.9925452609375001 0.257836990625 0.9957401484374999 0.2630616515625 0.986155484375 0.2672413796875 0.9957401484374999 0.2776907 0.9968051125 0.3393416921875 0.9957401484374999 0.34508881874999997 0.9893503734375001 0.3534482765625 0.9904153359375 0.356583071875 0.9968051125 0.3733019859375 0.9925452609375001 0.3887147328125 0.9643237484375 0.39184952968750003 0.9515441953125 0.3923719953125 0.9366347171875 0.3991640546875 0.928115015625 0.3913270640625 0.9227902015625 0.3892372 0.9068157609374999 0.39080459843750004 0.8439829609375 0.396290490625 0.841320553125 0.4080459765625 0.8003194890625001 0.41875653125 0.79233226875 0.423458725 0.777422790625 0.4292058515625 0.7795527156250001 0.43181818125 0.7859424921875 0.43416927968749996 0.7843450484375001 0.428422153125 0.7598509046874999 0.42894461875 0.7449414265625001 0.4435736671875 0.70553780625 0.44566353124999997 0.67571885 0.45637408593749995 0.6666666671875 0.4636886109375 0.6719914796875 0.465517240625 0.6789137375000001 0.4613375125 0.7215122468749999 0.46185997968750003 0.7279020234375 0.46760710625 0.736421725 0.4696969703125 0.7609158671875 0.4670846390625 0.782215121875 0.46264367812499996 0.79552715625 0.458986415625 0.7987220453125 0.451671890625 0.79446219375 0.443312434375 0.79552715625 0.4425287359375 0.8003194890625001 0.45245559062499996 0.82161874375 0.45454545468749996 0.8482428109375 0.458986415625 0.8487752921875 0.46029258124999994 0.8386581468750001 0.46995820312500003 0.8178913734375 0.483803553125 0.8045793390625 0.48641588281250003 0.7886048984375 0.493991640625 0.7731629390625 0.49477533906250004 0.805644303125 0.49320794218749997 0.7981895640625 0.4898119125 0.79552715625 0.4858934171875 0.810969115625 0.487460815625 0.82268370625 0.49268547500000004 0.8301384453124999 0.49477533906250004 0.8482428109375 0.49268547500000004 0.8876464328125 0.490334378125 0.894568690625 0.4835423203125 0.894568690625 0.47857889218749994 0.9004259843750001 0.475444096875 0.9387646437500001 0.47309299843749997 0.9424920125 0.45794148437500004 0.9382321625 0.45611285312499994 0.928115015625 0.44801462968749994 0.9158679453125 0.434952978125 0.9190628328124999 0.44409613437499995 0.9302449421875 0.44827586249999996 0.9515441953125 0.4438349 0.9520766765625 0.4388714734375 0.9717784875 0.43181818125 0.9765708203125 0.42998955 0.983493078125 0.43808777499999996 0.9946751859375 0.5182863109375 0.9962726296875 0.5256008359375001 0.9920127796875 0.5256008359375001 0.9749733765625 0.5219435734375 0.9600638984375 0.5214211078125001 0.9462193828125001 0.5287356328125 0.9142705 0.5313479625 0.8482428109375 0.5336990593750001 0.8434504796875 0.546499478125 0.840788071875 0.546499478125 0.8130990421875 0.5438871468750001 0.8003194890625001 0.542842215625 0.76624068125 0.521682340625 0.763578275 0.5148902828125 0.7550585734374999 0.49660397031250003 0.7539936109375 0.47857889218749994 0.7279020234375 0.4780564265625 0.7012779546875 0.48484848437499994 0.64802981875 0.48301985312499995 0.6379126734375 0.458986415625 0.634717784375 0.45010449374999995 0.6411075609375 0.443312434375 0.6389776359375 0.437826540625 0.6554845578124999 0.4365203765625 0.6698615546875 0.426593521875 0.6719914796875 0.4200626953125 0.664004259375 0.411964471875 0.6389776359375 0.39393939375000003 0.632055378125 0.3965517234375 0.6171458999999999 0.39498432656250004 0.6086261984375 0.40412748125000003 0.604898828125 0.40647857812500005 0.600106496875 0.410135840625 0.5777422796875 0.4195402296875 0.5596379125000001 0.425809821875 0.5234291796874999 0.4346917453125 0.4925452609375 0.43913270625 0.48455804062499996 0.44618599843749995 0.49361022343750005 0.44618599843749995 0.5042598515625001 0.4409613375 0.518104365625 0.4446186 0.544728434375 0.44043887187499997 0.5638977640625 0.4472309296875 0.575612353125 0.4474921625 0.6091586796875 0.45454545468749996 0.6086261984375 0.453500521875 0.5926517578125 0.45977011562500003 0.571352503125 0.46238244531249995 0.544728434375 0.47100313437499997 0.5207667734375 0.490334378125 0.5197018109375 0.493991640625 0.514376996875 0.49869383437500003 0.514376996875 0.5036572625 0.5372736953125 0.4955590390625 0.55910543125 0.48641588281250003 0.571352503125 0.48275862031249994 0.600106496875 0.5101880875 0.6059637906249999 0.512539184375 0.6128860484375 0.5104493203125 0.6384451546875 0.5033960296875 0.6411075609375 0.51854754375 0.6379126734375 0.528996865625 0.6464323750000001 0.5336990593750001 0.64430245 0.5441483796875 0.650692225 0.56086729375 0.650692225 0.562695925 0.630990415625 0.5590386625 0.6139510109375 0.565047021875 0.6027689031250001 0.5728840125 0.5985090515625 0.5807210031250001 0.5867944625 0.5984848484375 0.599574015625 0.60240334375 0.615015975 0.6029258093750001 0.632055378125 0.5940438875 0.6725239609375 0.5924764890625001 0.6938232156249999 0.593521421875 0.70660276875 0.600052246875 0.7284345046875 0.6078892375 0.7390841328125 0.6105015671875 0.73801916875 0.6105015671875 0.717784878125 0.62356321875 0.7135250265625 0.632445140625 0.7028754 0.6334900734375 0.7103301390625 0.6551724140624999 0.7353567625 0.65412748125 0.7609158671875 0.6661442 0.7917997875 0.6708463953125 0.8322683703125 0.6698014624999999 0.8535676249999999 0.6559561125 0.8604898828125 0.643416928125 0.8572949953125001 0.6371473359375 0.8604898828125 0.6363636359375 0.8642172531250001 0.6394984328125 0.8684771031249999 0.6410658312499999 0.8791267312500001 0.6405433640625 0.8929712453124999 0.636102403125 0.8988285406250001 0.631922675 0.8988285406250001 0.629571578125 0.9036208734375 0.6311389765625 0.9089456874999999 0.63009404375 0.9185303515625 0.61990595625 0.925452609375 0.6146812953125 0.9361022359375 0.6105015671875 0.9361022359375 0.6089341687500001 0.9307774234374999 0.59221525625 0.9201277953125 0.58124346875 0.9222577203125001 0.5807210031250001 0.9904153359375 0.5911703234375 0.9957401484374999 0.722831765625 0.9957401484374999 0.7275339609375 0.9936102234374999 0.729623825 0.988285409375 0.7395506796875 0.9946751859375 0.8038140015625 0.9946751859375 0.8079937296875 0.9872204468750001 0.8142633234375 0.985090521875 0.8155694875 0.9749733765625 0.814002090625 0.9600638984375 0.8116509921875 0.956336528125 0.77664576875 0.9510117140625001 0.768808778125 0.9467518640625 0.766980146875 0.93982960625 0.7659352140625 0.9089456874999999 0.7803030296875 0.9073482421874999 0.784482759375 0.893503728125 0.79049111875 0.8876464328125 0.791013584375 0.8748668796875 0.7967607109375 0.8642172531250001 0.798328109375 0.8237486687500001 0.7972831765625 0.7992545265625 0.7949320796875 0.79339723125 0.7750783703125 0.7891373796875001 0.7609717875 0.79126730625 0.751306165625 0.7694355703125 0.7492163015625 0.7481363156249999 0.74529780625 0.747603834375 0.7377220484375 0.752396165625 0.7395506796875 0.7603833859375 0.7437304078125 0.76144835 0.7455590390625 0.76624068125 0.7442528734375 0.782747603125 0.7055903859375 0.782747603125 0.7019331249999999 0.7902023421875 0.6980146296874999 0.7896698609375 0.7019331249999999 0.79339723125 0.705329153125 0.8045793390625 0.702455590625 0.8178913734375 0.695141065625 0.8178913734375 0.6901776390625 0.810969115625 0.688087775 0.7917997875 0.6943573671875 0.7843450484375001 0.693312434375 0.7747603828125 0.6799895499999999 0.7603833859375 0.6718913265625 0.7342918 0.674764890625 0.7273695421874999 0.6828631140625 0.7204472843749999 0.6823406484375 0.70340788125 0.686781609375 0.6847710328125001 0.7027168234375 0.67571885 0.7048066875 0.6661341859375 0.7027168234375 0.6565495203125 0.703500521875 0.6230031953124999 0.6943573671875 0.6246006390625001 0.6938348999999999 0.6373801921875 0.68625914375 0.6613418531249999 0.671107628125 0.6687965921875 0.6543887140625 0.664536740625 0.6509926859374999 0.6533546328125001 0.6483803546875 0.6277955265624999 0.6455067921875 0.62087326875 0.636102403125 0.6102236421875 0.6201671890625 0.600106496875 0.6217345875 0.576677315625 0.61990595625 0.571884984375 0.5956112859375 0.5649627265625 0.5945663531250001 0.5351437703124999 0.59221525625 0.5282215124999999 0.5882967609375 0.52768903125 0.591692790625 0.5271565500000001 0.59587251875 0.515441959375 0.59952978125 0.514376996875 0.60240334375 0.5074547390624999 0.597439915625 0.48029818906250005 0.568704284375 0.483493078125 0.5653082546875 0.488285409375 0.565047021875 0.5005324812499999 0.563218390625 0.48296059687500004 0.5603448281250001 0.4781682640625 0.5561651000000001 0.4781682640625 0.5579937296875 0.4968051125 0.555903865625 0.512779553125 0.5606060609375 0.5202342921875001 0.556687565625 0.5239616609375 0.5527690703125 0.5351437703124999 0.555903865625 0.544728434375 0.548850575 0.5697550578125 0.526384534375 0.5686900953125 0.518808778125 0.5543130984375 0.5224660390625 0.5244941421875 0.516196446875 0.502129925 0.5172413796875001 0.48296059687500004 0.5303030296875 0.47550585781250004 0.528213165625 0.4627263046875 0.53317659375 0.4483493078125 0.5441483796875 0.4483493078125 0.553030303125 0.44195953125000004 0.558516196875 0.43184238593749996 0.559561128125 0.423322684375 0.557732496875 0.4195953140625 0.548850575 0.4195953140625 0.5451933125 0.41427050000000004 0.53317659375 0.4132055375 0.528996865625 0.4089456875 0.5274294671875001 0.38977635781250003 0.52220480625 0.38445154375 0.512539184375 0.3839190625 0.5177638453125 0.369009584375 0.5159352140625 0.3610223640625 0.5091431562500001 0.3620873265625 0.5015673984375 0.37220447343749996 0.49320794218749997 0.4190628328125 0.48667711562499993 0.4323748671875 0.48301985312499995 0.4313099046875 0.47884012499999995 0.44302449375 0.47466039687499995 0.44089456875 0.47100313437499997 0.44515442031249997 0.46421107656249994 0.4771033015625 0.45950888125 0.47284344999999994 0.45376175625000004 0.4739084125 0.42816092031249997 0.4483493078125 0.429467084375 0.43184238593749996 0.427638453125 0.428115015625 0.4245036578125 0.4355697546875 0.415621734375 0.43450479218750004 0.4153605015625 0.426517571875 0.4205851625 0.42438764687499997 0.4184952984375 0.4073482421875 0.415621734375 0.4014909484375 0.4056948796875 0.398296059375 0.3942006265625 0.400425984375 0.3923719953125 0.40841320625 0.39498432656250004 0.41373801875 0.3965517234375 0.4307774234375 0.3955067921875 0.44781682656250005 0.3884535 0.46219382343750004 0.3803552765625 0.46592119218750006 0.3803552765625 0.47231096875 0.3881922671875 0.487220446875 0.3845350046875 0.513844515625 0.3955067921875 0.542598509375 0.39184952968750003 0.5670926515625 0.384273771875 0.570820021875 0.37539185 0.5686900953125 0.3644200625 0.542066028125 0.351880878125 0.5271565500000001 0.349268546875 0.517571884375 0.34508881874999997 0.5186368484375 0.3401253921875 0.511714590625 0.35240334375 0.5069222578125 0.3615465 0.47550585781250004 0.3691222578125 0.470713525 0.3719958203125 0.4637912671875 0.37356321875 0.454206603125 0.371212121875 0.4483493078125 0.3691222578125 0.4472843453125 0.3628526640625 0.46219382343750004 0.3534482765625 0.46432374843749996 0.34299895468749997 0.458998934375 0.3377742953125 0.44302449375 0.33490073124999997 0.4627263046875 0.335423196875 0.4893503734375 0.333594565625 0.4952076671875 0.33124346875 0.4893503734375 0.3294148375 0.4675186375 0.3239289453125 0.4797657078125 0.319749215625 0.502129925 0.31008359531249996 0.5207667734375 0.30067920625 0.5207667734375 0.295715778125 0.5053248140625 0.2978056421875 0.4808306703125 0.30825496406249997 0.47018104374999997 0.311389759375 0.4616613421875 0.3129571578125 0.443556975 0.325757575 0.44408945624999996 0.32758620625 0.44036208749999994 0.327847440625 0.41533546250000003 0.3419540234375 0.41533546250000003 0.34508881874999997 0.4089456875 0.3534482765625 0.4078807234375 0.3456112859375 0.4078807234375 0.333594565625 0.39084132031249996 0.3315047015625 0.4025559109375 0.32183907968750003 0.40841320625 0.3249738765625 0.41480298125 0.3236677109375 0.424920128125 0.313218390625 0.427050053125 0.30956112812500003 0.42385516562500003 0.30433646875 0.427050053125 0.29702194375 0.44302449375 0.2907523515625 0.44408945624999996 0.28735632187500004 0.4382321625 0.2941483796875 0.42438764687499997 0.292842215625 0.42172523906250003 0.2834378265625 0.4164004265625 0.266196446875 0.4195953140625 0.257314525 0.4046858359375 0.246865203125 0.40681576093749994 0.2369383484375 0.4014909484375 0.2345872515625 0.395633653125 0.23197492187500002 0.365814696875 0.2207419015625 0.35676251406250004 0.2165621734375 0.37593184218750003 0.21185997968749998 0.370607028125 0.1961859984375 0.38338658125 0.1907001046875 0.393503728125 0.18913270625 0.40415335468749997 0.1980146296875 0.43929712500000007 0.19749216249999998 0.46592119218750006 0.1998432609375 0.47284344999999994 0.20741901718750003 0.4488817890625 0.20532915312500002 0.44036208749999994 0.21603970781249998 0.424920128125 0.23014629062499997 0.427050053125 0.234848484375 0.44089456875 0.24137931093749998 0.4488817890625 0.2398119125 0.4797657078125 0.23066875625 0.50266240625 0.2170846390625 0.5058572953125 0.20350052187499998 0.5228966984375 0.20114942500000002 0.52981895625 0.2121212125 0.556443025 0.2129049109375 0.570820021875 0.217345871875 0.5681576140625 0.22283176562499998 0.547390840625 0.23850574687499998 0.5388711390625 0.24738767031250003 0.5410010656249999 0.2520898640625 0.5516506921875 0.26175548593750003 0.5617678374999999 0.263322884375 0.570287540625 0.2622779515625 0.604366346875 0.2599268546875 0.6112886046875 0.2562695921875 0.6059637906249999 0.2437304078125 0.6070287546875 0.24137931093749998 0.6224707140625 0.24216300937500002 0.632587859375 0.2594043890625 0.634717784375 0.262539184375 0.632587859375 0.266196446875 0.6219382328124999 0.2792580984375 0.6272630453125 0.2944096140625 0.603833865625 0.31374085625000003 0.601703940625 0.3207941484375 0.6086261984375 0.32105538125 0.632587859375 0.334378265625 0.6395101171875 0.3309822359375 0.664536740625 0.31008359531249996 0.6687965921875 0.304858934375 0.6837060703125 0.2985893421875 0.690095846875 0.294670846875 0.70660276875 0.28735632187500004 0.7215122468749999 0.28631138906250003 0.7353567625 0.2834378265625 0.73801916875 0.2787356328125 0.724174653125 0.273510971875 0.7263045796875 0.2641065828125 0.719914803125 0.2510449328125 0.718849840625 0.2437304078125 0.705005325 0.23014629062499997 0.6964856234375 0.228840125 0.6821086265625 0.2212643671875 0.6687965921875 0.21812957187499998 0.6709265171875 0.21159874531249998 0.688498403125 0.20846395 0.7119275828125 0.202455590625 0.717784878125 0.1920062703125 0.717784878125 0.17894461875 0.7082002125 0.15595611250000002 0.7018104359375 0.15099268593749998 0.6959531421875 0.15412748125 0.6821086265625 0.153605015625 0.6693290734375 0.1570010453125 0.6570820015625001 0.16536050156249998 0.6538871140625 0.174242425 0.6421725234375 0.18469174531250002 0.6389776359375 0.188087775 0.630990415625 0.185997909375 0.600106496875 0.191483803125 0.5974440890625 0.20036572656249999 0.601703940625 0.20376175624999998 0.58732694375 0.21159874531249998 0.575612353125 0.1977533953125 0.56230031875 0.18364681249999998 0.56230031875 0.181295715625 0.576677315625 0.1839080453125 0.5894568687499999 0.179467084375 0.599574015625 0.1658829671875 0.600638978125 0.1575235109375 0.5942492015624999 0.15386624843750002 0.5963791265625 0.1381922671875 0.61448349375 0.1353187046875 0.6235356765625 0.1363636359375 0.632055378125 0.1340125390625 0.635782746875 0.108411703125 0.6432374859375 0.10606060625 0.64802981875 0.10606060625 0.6661341859375 0.10188087812499999 0.6714589984375 0.09900731406249999 0.6826411078125 0.08385580000000001 0.6858359953125001 0.0794148375 0.6629392968750001 0.0841170328125 0.6522896703125001 0.0906478578125 0.6411075609375 0.09848484843750001 0.635782746875 0.10579937343750001 0.6187433437500001 0.1172936265625 0.6091586796875 0.1266980140625 0.5825346109375 0.1405433640625 0.5681576140625 0.1389759671875 0.544728434375 0.1256530828125 0.5378061765625 0.1238244515625 0.541533546875 0.12277951875 0.5649627265625 0.120428421875 0.570820021875 0.10788923749999998 0.576144834375 0.0943051203125 0.576144834375 0.0875130609375 0.5857295 0.080721003125 0.5889243875 0.0749738765625 0.5867944625 0.07105538125000001 0.5788072421875 0.070532915625 0.5681576140625 0.0786311390625 0.547390840625 0.0911703234375 0.545260915625 0.10997910156249999 0.5228966984375 0.11912225781250001 0.5202342921875001 0.121212121875 0.4893503734375 0.1152037625 0.4813631515625 0.10971786875 0.481895634375 0.10579937343750001 0.5069222578125 0.09535005156250001 0.5079872203125 0.08646812968749999 0.514376996875 0.073406478125 0.5356762515625 0.059299895312499996 0.5356762515625 0.057732496875 0.543130990625 0.048328109375 0.5516506921875 0.041536050000000005 0.570820021875 0.0316091953125 0.5825346109375 0.025339603125 0.600638978125 0.014890282812499999 0.603833865625 0 0.5820021296875 0 0.6703940359375
0 0.0378787875 0.864749734375 0.0365726234375 0.8738019171875001 0.043364681249999995 0.88125665625 0.043887146875 0.867412140625 0.0378787875 0.864749734375
0 0.034482759375 0.8642172531250001 0.024555903125 0.8482428109375 0.020376175 0.8312034078125 0.010710553125 0.8338658140625 0.00026123281250000003 0.826411075 0.0010449328125000002 0.870607028125 0.0195924765625 0.8828541 0.0237722046875 0.8807241749999999 0.028213165624999998 0.8887113953125001 0.0334378265625 0.8833865812499999 0.034482759375 0.8642172531250001
0 0.09691745 0.49201277968749996 0.0929989546875 0.4957401484375 0.093521421875 0.5010649625 0.09691745 0.5047923328125 0.106583071875 0.5042598515625001 0.10579937343750001 0.4930777421875 0.09691745 0.49201277968749996
0 0.1575235109375 0.46112886093750005 0.1624869390625 0.45633652812500003 0.1677115984375 0.423322684375 0.16118077343749998 0.4110756125 0.15517241406249999 0.4222577203125 0.1556948796875 0.4488817890625 0.150731453125 0.458998934375 0.14028213125 0.46112886093750005 0.1334900734375 0.45686900937499997 0.1261755484375 0.4600638984375 0.11807732500000001 0.4797657078125 0.120428421875 0.48881789062500003 0.1225182859375 0.48881789062500003 0.1256530828125 0.4792332265625 0.145768025 0.488285409375 0.149947753125 0.484025559375 0.1575235109375 0.46112886093750005
0 0.3456112859375 0.3503727375 0.3618077328125 0.3333333328125 0.3743469171875 0.3322683703125 0.3761755484375 0.326411075 0.3761755484375 0.29659211874999997 0.37277951875 0.29286475 0.352925809375 0.2896698609375 0.352925809375 0.2715654953125 0.356583071875 0.280085196875 0.38166144218750003 0.275825346875 0.385057471875 0.280617678125 0.3829676078125 0.2880724171875 0.384273771875 0.29073482500000003 0.4056948796875 0.2939297125 0.4106583078125 0.280617678125 0.4111807734375 0.26783812500000004 0.4171891328125 0.24068157656250003 0.4213688609375 0.23642172499999997 0.431295715625 0.2374866875 0.4412225703125 0.22257720937499997 0.45219435781249995 0.219382321875 0.46029258124999994 0.20820021249999998 0.45454545468749996 0.1996805109375 0.45193312499999994 0.17731629375 0.4490595609375 0.1725239609375 0.4339080453125 0.1799787 0.41144200625 0.1767838125 0.40647857812500005 0.1666666671875 0.40438871406250004 0.13471778437499998 0.399947753125 0.130990415625 0.392633228125 0.135250265625 0.387931034375 0.14909478125 0.3748693828125 0.15761448281249998 0.36833855781249997 0.1677316296875 0.3790491125 0.1671991484375 0.3913270640625 0.1826411078125 0.3855799375 0.218849840625 0.3785266453125 0.22683706093749997 0.37277951875 0.24068157656250003 0.368599790625 0.2417465390625 0.3610240328125 0.23269435624999998 0.35893416875 0.21671991406250002 0.3594566359375 0.1975505859375 0.35710553749999996 0.192758253125 0.3539707421875 0.193823215625 0.34770115 0.1991480296875 0.34143155625 0.21725239687500003 0.337251828125 0.2140575078125 0.3147857890625 0.2279020234375 0.3064263328125 0.26198083125 0.2985893421875 0.2609158671875 0.29153605 0.2731629390625 0.28605015625 0.29073482500000003 0.2784743984375 0.29659211874999997 0.2803030296875 0.3045793390625 0.2923197484375 0.31522896718750004 0.29623824375 0.334930778125 0.3051201671875 0.35090521875 0.3053814 0.37699680468749996 0.3153082546875 0.3727369546875 0.32001045 0.37593184218750003 0.325235109375 0.3919062828125 0.33490073124999997 0.393503728125 0.341692790625 0.38604898906249996 0.3456112859375 0.3503727375
0 0.6713688609374999 0.40841320625 0.678422153125 0.394036209375 0.6982758625 0.3887113953125 0.7048066875 0.37646432343749997 0.6967084640625 0.365282215625 0.6731974921874999 0.365282215625 0.6580459765625 0.3599574015625 0.651776384375 0.3514377 0.6509926859374999 0.33386581406250004 0.659613375 0.3162939296875 0.662748171875 0.3130990421875 0.671107628125 0.3162939296875 0.6713688609374999 0.3285410015625 0.6752873562499999 0.3301384453125 0.6781609203125 0.326411075 0.6792058515625 0.3125665609375 0.64759665625 0.312034078125 0.6436781609375 0.29765708125 0.6442006265625 0.280617678125 0.6423719953125 0.277955271875 0.612068965625 0.275825346875 0.6078892375 0.2896698609375 0.5875130609375 0.2864749734375 0.5765412750000001 0.3045793390625 0.56086729375 0.306709265625 0.5569487984375 0.30298189531249997 0.5501567390625001 0.277422790625 0.5438871468750001 0.26357827500000003 0.541013584375 0.248136315625 0.535527690625 0.2571884984375 0.5329153609375 0.279552715625 0.5235109718750001 0.2891373796875 0.524555903125 0.3125665609375 0.5214211078125001 0.3274760390625 0.5232497390625 0.3471778484375 0.5336990593750001 0.3461128859375 0.544670846875 0.3173588921875 0.553030303125 0.312034078125 0.561912225 0.32587859375 0.5773249734375 0.335995740625 0.571577846875 0.3594249203125 0.5728840125 0.36315228906249997 0.5859456640625 0.3514377 0.5932601875 0.353567625 0.5956112859375 0.3594249203125 0.5956112859375 0.370074546875 0.5919540234375 0.37646432343749997 0.596394984375 0.38019169375 0.598223615625 0.3775292859375 0.5984848484375 0.35782747656249997 0.6057993734375 0.353567625 0.612068965625 0.34398296093749997 0.62356321875 0.340788071875 0.6290491125 0.3487752921875 0.6285266453125 0.367944621875 0.6431556953124999 0.399893503125 0.644461859375 0.4206602765625 0.6632706374999999 0.41746538906249997 0.6677115984374999 0.423322684375 0.6708463953125 0.4190628328125 0.6713688609374999 0.40841320625
0 0.620428421875 0.396166134375 0.607366771875 0.38232161875 0.596394984375 0.38232161875 0.5927377218750001 0.37699680468749996 0.5718390796875 0.3780617671875 0.5634796234375 0.38551650625 0.55721003125 0.37912673125 0.548850575 0.38019169375 0.5407523515625 0.40841320625 0.5451933125 0.412140575 0.5545977015625 0.4078807234375 0.56086729375 0.41533546250000003 0.5807210031250001 0.40575079843750006 0.5849007312500001 0.4089456875 0.591692790625 0.400425984375 0.597439915625 0.38551650625 0.6044932078125 0.399893503125 0.604231975 0.4078807234375 0.600052246875 0.4046858359375 0.59770115 0.40841320625 0.600052246875 0.4195953140625 0.6243469171875 0.42438764687499997 0.6233019859375 0.4030883921875 0.620428421875 0.396166134375
0 0.714472309375 0.5644302453125001 0.722831765625 0.5505857296875 0.730146290625 0.5495207671875 0.7332810875 0.5548455796875 0.7335423203125 0.543663471875 0.7353709515625 0.5410010656249999 0.749477534375 0.5399361015624999 0.752351096875 0.5362087328125 0.7539184953125 0.5106496265625 0.7520898640625 0.5047923328125 0.742685475 0.5005324812499999 0.7202194359375 0.50266240625 0.7178683390625 0.5042598515625001 0.723615465625 0.511714590625 0.7186520375 0.5260915875000001 0.71394984375 0.5314164 0.7061128531249999 0.5292864749999999 0.6982758625 0.5388711390625 0.69644723125 0.5362087328125 0.701671890625 0.512779553125 0.6956635312499999 0.5015974437499999 0.6883490078125 0.49946751875000006 0.68260188125 0.5079872203125 0.6778996859374999 0.5069222578125 0.6737199578124999 0.4941427046875 0.6575235109374999 0.4749733765625 0.6512539187499999 0.4760383390625 0.6468129578124999 0.5031948875000001 0.646290490625 0.5308839187500001 0.6478578890625 0.5372736953125 0.656478578125 0.544195953125 0.663793103125 0.55591054375 0.664576803125 0.5500532484375 0.658307209375 0.5372736953125 0.6624869390625 0.518104365625 0.6674503656249999 0.516506921875 0.671107628125 0.5239616609375 0.67894461875 0.5218317359375 0.6823406484375 0.546858359375 0.6752873562499999 0.5516506921875 0.6745036578125 0.5596379125000001 0.6836468124999999 0.5548455796875 0.686781609375 0.5633652828125 0.6948798328125 0.5660276890625 0.70297805625 0.56230031875 0.714472309375 0.5644302453125001
0 0.506008359375 0 0.5052246609375 0.0079872203125 0.5135841171875 0.022896698437499998 0.50835945625 0.047390840625 0.5036572625 0.056975506249999995 0.507836990625 0.0686900953125 0.506008359375 0.0777422796875 0.49869383437500003 0.075612353125 0.49686520312500004 0.0654952078125 0.49164054375 0.05910543124999999 0.48693834843749995 0.026091587500000003 0.4840647859375 0.0223642171875 0.44984326093749993 0.05804046875 0.4472309296875 0.076144834375 0.443312434375 0.0830670921875 0.455329153125 0.0809371671875 0.46212121249999993 0.073482428125 0.46630094062499994 0.060702875 0.47100313437499997 0.060702875 0.47335423125 0.0654952078125 0.47283176562499996 0.08892438750000001 0.46264367812499996 0.10117145937500001 0.4568965515625 0.103301384375 0.45193312499999994 0.1261980828125 0.44409613437499995 0.13471778437499998 0.451149425 0.1789137375 0.455329153125 0.1799787 0.4636886109375 0.173588925 0.47074190156249995 0.1837060703125 0.47910135781249996 0.1687965921875 0.47648902812499994 0.164536740625 0.47622779531250004 0.15761448281249998 0.48458725156250004 0.15228967031250001 0.49686520312500004 0.1517571890625 0.490334378125 0.14802981875000001 0.48458725156250004 0.13418530312500002 0.465778475 0.130990415625 0.4634273765625 0.1272630453125 0.47100313437499997 0.11821086249999999 0.47779519375 0.119275825 0.48615465 0.10436634687499999 0.490334378125 0.1107561234375 0.492163009375 0.10170394062500002 0.49712643749999996 0.0969116078125 0.51384535 0.0979765703125 0.516196446875 0.0910543125 0.5167189125 0.0772097984375 0.5276907 0.0644302453125 0.5276907 0.0527156546875 0.539184953125 0.046325878125 0.5381400203125 0.029286475 0.531870428125 0.0186368484375 0.5329153609375 0.0101171453125 0.5384012546875 0.005324814062500001 0.5431034484375 0.015974440625 0.54989550625 0.017039403124999998 0.548328109375 0 0.506008359375 0
0 0.6029258093750001 0.0239616609375 0.6029258093750001 0.012247071875 0.600052246875 0.002129925 0.5663531875000001 0.00053248125 0.5728840125 0.0074547390625 0.58124346875 0.0042598515625 0.5885579937500001 0.008519701562499999 0.589864159375 0.026091587500000003 0.5966562171875001 0.044195953125 0.59770115 0.0356762515625 0.6029258093750001 0.0239616609375
0 0.6455067921875 0.044728434375 0.6528213171874999 0.0489882859375 0.6556948796875 0.041001065625 0.6556948796875 0.0324813625 0.64759665625 0.03088391875 0.64393939375 0.0202342921875 0.6355799375 0.018104365625 0.631922675 0.011714590625 0.62722048125 0.015974440625 0.6196447234375 0.0303514375 0.6165099265625 0.05804046875 0.623040753125 0.06496272656249999 0.6321839078125 0.0665601703125 0.639759665625 0.046858359375000005 0.6455067921875 0.044728434375
0 0.5864681296875001 0.1544195953125 0.577063740625 0.14483493125 0.568704284375 0.14589989375 0.56374085625 0.1517571890625 0.5723615468750001 0.1661341859375 0.5765412750000001 0.158679446875 0.5783699062500001 0.17412140625 0.5841170328125 0.17412140625 0.5877742953125 0.1687965921875 0.5864681296875001 0.1544195953125
0 0.5932601875 0.22683706093749997 0.5945663531250001 0.20820021249999998 0.5896029265625 0.2002129921875 0.5781086734375 0.19595314218749998 0.575235109375 0.1847710328125 0.57758620625 0.17571885 0.568704284375 0.1703940359375 0.561912225 0.1767838125 0.55721003125 0.1746538875 0.5527690703125 0.1805111828125 0.5525078375 0.192758253125 0.565047021875 0.20553780625 0.5809822359375 0.23269435624999998 0.585423196875 0.2257720984375 0.5932601875 0.22683706093749997
0 0.6954022984375 0.193290734375 0.6752873562499999 0.1703940359375 0.671107628125 0.160809371875 0.65856844375 0.161874334375 0.6512539187499999 0.1693290734375 0.6473354234375 0.1837060703125 0.6507314531249999 0.192758253125 0.6549111812499999 0.1874334390625 0.6570010453124999 0.191693290625 0.6674503656249999 0.191693290625 0.674764890625 0.1853035140625 0.680250784375 0.192225771875 0.674764890625 0.20447284375 0.662748171875 0.20979765781249998 0.6570010453124999 0.20766773125000001 0.6580459765625 0.2151224703125 0.6912225703125 0.21778487812499997 0.6959247656249999 0.2018104359375 0.6954022984375 0.193290734375
0 0.632445140625 0.2332268375 0.6355799375 0.232161875 0.6408045984374999 0.2449414265625 0.644461859375 0.2449414265625 0.6478578890625 0.23375931875 0.6473354234375 0.22204472812499998 0.65412748125 0.20820021249999998 0.64759665625 0.20660276875 0.645768025 0.194355696875 0.6428944624999999 0.190628328125 0.63740856875 0.1975505859375 0.6358411703125 0.2124600640625 0.631922675 0.21299254531249998 0.629571578125 0.20820021249999998 0.6290491125 0.1975505859375 0.634273771875 0.18903088437499999 0.634273771875 0.1815761453125 0.631922675 0.17784877500000001 0.627742946875 0.1821086265625 0.620428421875 0.1767838125 0.6233019859375 0.1677316296875 0.61624869375 0.1661341859375 0.6071055375000001 0.2263045796875 0.604231975 0.2332268375 0.5961337515625 0.23375931875 0.600052246875 0.2449414265625 0.604231975 0.2428115015625 0.6089341687500001 0.247071353125 0.6146812953125 0.26304579375000003 0.6206896546875 0.26464323749999996 0.6243469171875 0.2603833859375 0.632445140625 0.2332268375
0 0.601880878125 0.100638978125 0.6115465 0.08626198125 0.61990595625 0.0809371671875 0.6256530828125 0.0830670921875 0.6280041796875 0.0793397234375 0.6188610234375 0.0798722046875 0.600052246875 0.072417465625 0.5843782656250001 0.0788072421875 0.5825496343750001 0.0942492015625 0.5762800421875001 0.10383386562500001 0.5726227796875001 0.12087326875 0.5754963421875 0.128860490625 0.5815047015625 0.132587859375 0.600052246875 0.1160809375 0.601880878125 0.100638978125