1 0.6515625 0.61875 0.359375 0.375
1 0.87890625 0.55703125 0.07578125 0.12109375
1 0.86015625 0.05 0.2796875 0.09921875
1 0.4015625 0.04609375 0.440625 0.0921875
1 0.7515625 0.82890625 0.0765625 0.12421875
1 0.94921875 0.7140625 0.06875 0.06328125
0 0.6608365015625 0 0.6585551328125 0.014477765625 0.6486692015625 0.0330920375 0.6463878328125 0.050672181250000004 0.6479087453125 0.0961737328125 0.6570342203124999 0.1437435359375 0.6684410640625 0.16752843906249998 0.688212928125 0.19441571875000002 0.713307984375 0.19958635 0.722433459375 0.197518096875 0.7269961984375 0.192347465625 0.7269961984375 0.180972078125 0.723193915625 0.15305067187500002 0.715589353125 0.1261633921875 0.718631178125 0.0796277140625 0.7254752859375 0.026887279687499998 0.7384030421875 0 0.6608365015625 0
0 0 0 0 0.42399172656250006 0.11406844062499999 0.4177869703125 0.1437262359375 0.38055842812499996 0.1528517109375 0.36091003125 0.16349809843750002 0.35470527343749997 0.1771863125 0.374353671875 0.18859315625 0.3671147875 0.2015209125 0.3702171671875 0.20988593125000002 0.425025853125 0.2167300375 0.43950361875 0.22585551406249998 0.4343329890625 0.2319391640625 0.421923475 0.2365019015625 0.39503619375 0.2365019015625 0.3557394 0.24106463906250003 0.34332988593749997 0.24562737656250003 0.3536711484375 0.25931558906249996 0.3681489140625 0.2661596953125 0.42709410625000005 0.282889734375 0.452947259375 0.286692015625 0.49844881093750004 0.290494296875 0.5118924515625001 0.300380228125 0.51602895625 0.3536121671875 0.5149948296875 0.3665399234375 0.5098241984375 0.3718631171875 0.5015511890625 0.3733840296875 0.4901758015625 0.37262357343749997 0.447776628125 0.3657794671875 0.4095139609375 0.3406844109375 0.386763184375 0.3292775671875 0.3650465359375 0.29201520937500003 0.33919338125 0.276045628125 0.341261634375 0.2684410640625 0.3288521203125 0.2692015203125 0.3185108578125 0.2745247140625 0.3019648390625 0.32851711093749997 0.2337125125 0.39163498125 0.19958635 0.42129277500000006 0.1933815921875 0.4281368828125 0.197518096875 0.43117870781249995 0.2047569796875 0.43117870781249995 0.2430196484375 0.3642585546875 0.319544984375 0.3642585546875 0.32781799375 0.3771863125 0.341261634375 0.37794676875 0.3557394 0.38174905 0.36091003125 0.46844106406249997 0.374353671875 0.5163498093750001 0.39193381562499996 0.5444866921875 0.39503619375 0.5558935359375 0.40537745625 0.5688212921875 0.446742503125 0.57642585625 0.44984488125000005 0.6076045625 0.446742503125 0.6129277562500001 0.4405377453125 0.6129277562500001 0.41468459218750003 0.61596958125 0.40330920312499996 0.6121673000000001 0.31540847968749997 0.61749049375 0.2936918296875 0.6243346 0.291623578125 0.6365019015625 0.3185108578125 0.6395437265624999 0.40744570781249995 0.6463878328125 0.43640124062499996 0.6555133078125001 0.44467425 0.724714828125 0.43950361875 0.7338403046875001 0.44570837656249995 0.7429657796875 0.4777662875 0.778707225 0.57290589375 0.796958175 0.6339193375 0.8266159703125 0.697001034375 0.8365019015625 0.7383660812499999 0.8456273765625 0.747673215625 0.8539923953124999 0.7435367109375 0.8577946765625001 0.724922440625 0.8562737640625 0.7114788 0.8425855515625 0.667011375 0.80608365 0.4519131328125 0.80608365 0.39193381562499996 0.803041825 0.37642192343750003 0.7984790875 0.3681489140625 0.78098859375 0.3598759046875 0.7452471484375 0.364012409375 0.7262357421875001 0.3557394 0.717870721875 0.34332988593749997 0.7079847906250001 0.314374353125 0.6973384031250001 0.29472595625000003 0.6661596953125 0.2678386765625 0.6228136875 0.21613236875 0.621292775 0.2047569796875 0.6281368828125 0.17890382656249998 0.6281368828125 0.1664943125 0.621292775 0.155118925 0.60608365 0.147880040625 0.5368821296874999 0.1313340234375 0.4494296578125 0.12202688749999999 0.27756654062499997 0.12823164375 0.2661596953125 0.1375387796875 0.2524714828125 0.12719751875000002 0.2425855515625 0.12512926562499999 0.20304182499999998 0.12719751875000002 0.19315589375 0.11892450937500001 0.19011406875 0.0951396078125 0.178707225 0.06721819999999999 0.18250950625 0.0237849015625 0.1771863125 0 0 0
0 0.8319391640625 1 0.8334600765625 0.9462254390625 0.8448669203125 0.9193381593750001 0.8479087453125 0.8996897625000001 0.8555133078124999 0.888314375 0.8714828890625 0.8800413656250001 0.875285171875 0.8686659765625 0.8745247140625001 0.8324715609375 0.8669201515625 0.8086866593750001 0.8638783265625 0.7673216125 0.8608365015624999 0.7549121000000001 0.8555133078124999 0.7528438468750001 0.8524714828125 0.764219234375 0.8501901140625 0.8572905890625 0.8387832703125 0.8676318515625001 0.8281368828125 0.9038262671874999 0.8174904937499999 0.9234746640625 0.796958175 0.9286452953125 0.79163498125 0.975180971875 0.7832699625 0.9896587390624999 0.7711026609375 1 0.8319391640625 1
0 0.9863117875 0.769389865625 0.9703422046875 0.7786970015625 0.9467680609375 0.780765253125 0.9406844109374999 0.7890382625 0.9452471484375 0.8210961734375 0.9444866921875 0.8738366078125 0.9543726234375001 0.9214064109375 0.9779467687500001 0.9100310234375 0.996958175 0.8748707343750001 1 0.8593588421874999 0.9992395437500001 0.73940020625 0.9863117875 0.769389865625
0 0.5330798484375 1 0.5307984796875 0.9596690796875 0.514828896875 0.9048603921874999 0.5163498093750001 0.8769389859375 0.5117870718749999 0.8469493281249999 0.506463878125 0.835573940625 0.488212928125 0.8179937953125 0.48212927812500006 0.8024819031250001 0.47604562812499995 0.8024819031250001 0.4699619765625 0.8148914171874999 0.4699619765625 0.8407445703124999 0.476806084375 0.8655635984375 0.486692015625 0.8852119953124999 0.488212928125 0.9069286453125001 0.483650190625 0.9327818000000001 0.4676806078125 0.9524301968750001 0.4722433453125 0.9855222343750001 0.4714828890625 1 0.5330798484375 1