1 0.8328125 0.68828125 0.33359375 0.32421875
1 0.815625 0.38671875 0.09453125 0.15859375
1 0.9578125 0.40390625 0.084375 0.16796875
1 0.971875 0.440625 0.05625 0.16640625
1 0.67265625 0.5265625 0.1125 0.16796875
1 0.5546875 0.40703125 0.08515625 0.0796875
1 0.3359375 0.65546875 0.12421875 0.18203125
1 0.32421875 0.89140625 0.1546875 0.21640625
1 0.315625 0.31640625 0.09140625 0.07734375
1 0.075 0.48125 0.07421875 0.11015625
1 0.13515625 0.4375 0.03828125 0.05703125
1 0.071875 0.79609375 0.14375 0.21875
0 0.4324324328125 0.553872053125 0.43408714843749996 0.5291806953125 0.4329840046875 0.5179573515625 0.4269167125 0.5033670031249999 0.4269167125 0.494388328125 0.4307777171875 0.4876543203125 0.427468284375 0.48316498281250003 0.426365140625 0.47418630781250004 0.43601765 0.46913580312500003 0.45091009375 0.471380471875 0.4528405953125 0.45173961875 0.4517374515625 0.4416386078125 0.44787644843749996 0.4393939390625 0.4511858796875 0.43153759843749995 0.43960286875000004 0.415824915625 0.4384997234375 0.40347923750000003 0.4313292890625 0.39113355781250003 0.41974627656249996 0.3563411890625 0.40843905156250004 0.344556678125 0.407060121875 0.3338945 0.394373965625 0.31369247968749997 0.391064534375 0.29349046093750003 0.38141202500000004 0.2772166109375 0.3731384453125 0.27609427656249996 0.36762272500000004 0.26936026874999996 0.364864865625 0.254769921875 0.3560397125 0.250280584375 0.35410921093750003 0.23176206562499999 0.3472145609375 0.21548821562499998 0.3444567015625 0.21436588125 0.34362934375 0.23961840625000003 0.3485934921875 0.27216610625 0.359073359375 0.29349046093750003 0.36072807500000004 0.31369247968749997 0.36431329218749997 0.314253646875 0.3723110859375 0.328282828125 0.37562051875 0.3821548828125 0.373965803125 0.40011223281249997 0.3803088796875 0.432098765625 0.3833425265625 0.41021324375 0.3849972421875 0.32042648749999997 0.3849972421875 0.35970819375 0.3872035296875 0.3821548828125 0.38610038593749996 0.4337822671875 0.39382239375 0.4854096515625 0.394373965625 0.5033670031249999 0.391064534375 0.541526375 0.39244346406249997 0.5499438828125001 0.40071704375 0.5465768796875 0.4031991171875 0.538159371875 0.40209597343750003 0.4685746359375 0.3982349703125 0.455106621875 0.40154440156250004 0.4427609421875 0.39988968593749996 0.37766554375 0.4037506890625 0.3843995515625 0.4048538328125 0.4427609421875 0.407060121875 0.455106621875 0.40540540468749997 0.464085296875 0.40650855 0.5303030296875 0.409266409375 0.5594837265625 0.412575840625 0.5617283953125 0.41891891875000004 0.5510662171875 0.4324324328125 0.553872053125
0 0.780198565625 0.9764309765625001 0.7537231109375 0.9349046015625 0.7283508000000001 0.8855218859375 0.693601765625 0.8361391687499999 0.6720904578125 0.7968574640625 0.6549917265625 0.775533109375 0.6417539984375 0.749719415625 0.6202426921875 0.7216610546875 0.58797573125 0.6616161609375 0.5761169328125 0.61952861875 0.5557087703125 0.5925925921874999 0.5460562609374999 0.5684624015625 0.5353006062500001 0.5555555562500001 0.5297848875 0.5398428734375 0.5242691671874999 0.5375982046875001 0.5082735796875 0.5061728390625 0.5060672921875 0.5050505046875 0.5022062875 0.5151515156250001 0.4906232765625 0.5084175078125 0.488141203125 0.49326599375 0.492553778125 0.4786756453125 0.48841698906250003 0.47250280624999996 0.4693877546875 0.47418630781250004 0.4660783234375 0.5157126828124999 0.46442360781250003 0.6010101015625 0.46718146718750003 0.6066217734375 0.472145615625 0.6481481484375 0.47049089843749997 0.6627384953125001 0.46166574687499995 0.6863075203125 0.46001103125 0.7379349046875 0.46718146718750003 0.758136925 0.46276889062500004 0.7693602687500001 0.4666298953125 0.7738496078125 0.4649751796875 0.798540965625 0.47049089843749997 0.8378226718749999 0.4699393265625 0.8546576874999999 0.46442360781250003 0.8759820421875 0.4649751796875 0.8961840625 0.47655819062500004 0.96801346875 0.48400441250000004 0.99326599375 0.4895201328125 0.9977553312499999 0.5022062875 0.9977553312499999 0.507446221875 0.9904601578125 0.508549365625 0.7906846234375 0.5104798671874999 0.7822671156250001 0.517650303125 0.7789001125 0.5190292328125 0.7828282828125 0.511858796875 0.7929292921875 0.510755653125 0.803030303125 0.510755653125 0.982603815625 0.5137893 0.9977553312499999 0.682570325 0.996632996875 0.6902923328125 0.99326599375 0.7024269171874999 0.9977553312499999 0.7777164921875 0.9971941640624999 0.78433535625 0.9938271609375 0.780198565625 0.9764309765625001
0 1 0.2115600453125 0.929123 0.21099887812499998 0.925261996875 0.21436588125 0.8502482078125 0.20987654375 0.84362934375 0.21324354687499997 0.8392167671875 0.20875420937500003 0.7741312734375 0.20426487031249999 0.5435741859375 0.1964085296875 0.538334253125 0.199214365625 0.5427468281250001 0.20707070781249998 0.5427468281250001 0.2160493828125 0.5408163265625 0.21885521875 0.5121345828125 0.222222221875 0.50689465 0.2171717171875 0.5060672921875 0.1986531984375 0.48234969687499996 0.1952861953125 0.47600661874999994 0.20033669999999998 0.48538334218749996 0.2160493828125 0.48593491406249995 0.2250280578125 0.4826254828125 0.23512906875 0.49227799218749996 0.2413019078125 0.5099282953125 0.2368125703125 0.534749034375 0.2435465765625 0.6036955328125 0.2401795734375 0.6298952015625 0.24859708125000002 0.6285162718749999 0.257014590625 0.61527854375 0.2536475875 0.5932156640625 0.259259259375 0.5733590734375 0.25813692499999996 0.5606729171875 0.252525253125 0.5496414781250001 0.2626262625 0.5413678984375 0.2536475875 0.534749034375 0.254769921875 0.5375068953125 0.26038159375 0.54219525625 0.2609427609375 0.5413678984375 0.2671156 0.5380584671875 0.268237934375 0.531439603125 0.2671156 0.5297848875 0.261503928125 0.5055157203125 0.259259259375 0.49669056874999995 0.26487093125 0.49531163749999996 0.2699214359375 0.4975179265625 0.28338945 0.507446221875 0.29573512968750004 0.50799779375 0.3035914703125 0.5044125765625 0.30639730625 0.5022062875 0.303030303125 0.5022062875 0.312008978125 0.545780475 0.31986532031250003 0.552950909375 0.314253646875 0.5739106453125 0.3164983171875 0.59487038125 0.308641975 0.615830115625 0.3221099890625 0.6166574734375 0.284511784375 0.6257584109375001 0.2671156 0.64726971875 0.268237934375 0.6514065078125 0.28563411875 0.6571980140625 0.2895622890625 0.6596800875 0.2878787875 0.6693325984375 0.25589225625 0.678709321875 0.2536475875 0.6839492546875 0.26879910156250003 0.6955322671874999 0.3338945 0.7109762828124999 0.3518518515625 0.7338665203125 0.34792368125 0.7462768890625 0.3035914703125 0.7531715390625 0.2906846234375 0.75923883125 0.2951739625 0.7686155546875 0.3209876546875 0.7760617765625 0.291245790625 0.77964699375 0.28731762031249997 0.7848869281249999 0.2968574640625 0.7884721453125 0.314253646875 0.7989520125 0.30639730625 0.81384445625 0.30639730625 0.8179812468750001 0.3024691359375 0.8204633203125 0.28731762031249997 0.8392167671875 0.268237934375 0.8430777718750001 0.25813692499999996 0.8469387749999999 0.25589225625 0.8513513515625 0.263748596875 0.8557639265624999 0.26487093125 0.862382790625 0.252525253125 0.8745173749999999 0.263748596875 0.8855488140625001 0.2861952859375 0.897131825 0.29405162812499996 0.90071704375 0.291245790625 0.9147821296875 0.257014590625 0.9186431328125 0.25589225625 0.9219525640624999 0.261503928125 0.93022614375 0.259259259375 0.935466078125 0.2654320984375 0.9426365140625 0.2878787875 0.9451185875 0.3041526375 0.9760066187499999 0.3221099890625 0.995863209375 0.3209876546875 1 0.31818181874999996 1 0.2115600453125
0 0.9997242140625 0.8821548828125 0.929123 0.8967452296875 0.9054054046875001 0.9090909093749999 0.8894098187499999 0.9236812562500001 0.8830667406250001 0.9343434343749999 0.8841698843750001 0.9668911328125 0.889961390625 0.998877665625 0.9542195250000001 0.9994388328125 1 0.9983164984374999 0.9997242140625 0.8821548828125