1 0.08046875 0.6921875 0.15625 0.1578125
1 0.4546875 0.33046875 0.27265625 0.18046875
1 0.5109375 0.0546875 0.0875 0.0734375
1 0.09609375 0.53828125 0.10859375 0.12421875
1 0.428125 0.10546875 0.065625 0.0578125
1 0.08046875 0.98125 0.06953125 0.03359375
1 0.45390625 0.54921875 0.22421875 0.23828125
1 0.159375 0.48671875 0.06328125 0.08125
1 0.6203125 0.034375 0.1125 0.05625
0 0.0655664578125 0.3636363640625 0.09857270312500001 0.3556149734375 0.10704727968750001 0.3482620328125 0.1066012484375 0.28609625625 0.09500446093750001 0.28877005312500004 0.0869759140625 0.30080213906250003 0.0477252453125 0.312834225 0.0343443359375 0.32486631093749996 0.0111507578125 0.3288770046875 0.00267618125 0.32419786093749997 0.012934879687500001 0.320855615625 0.016503121875000002 0.312834225 0.0280999109375 0.312834225 0.0388046390625 0.30080213906250003 0.044157003125 0.3034759359375 0.046833184374999996 0.2981283421875 0.09054415625 0.2807486625 0.09500446093750001 0.28609625625 0.1021409453125 0.2767379671875 0.1217662796875 0.268716578125 0.12622658281250002 0.2620320859375 0.161909009375 0.2566844921875 0.15432649375000002 0.26537433125 0.1552185546875 0.27072192500000003 0.1632471015625 0.2814171125 0.169491525 0.30681818125000004 0.177074040625 0.3114973265625 0.21632470937499998 0.29679144375 0.22167707343749998 0.28609625625 0.231489740625 0.283422459375 0.238180196875 0.27072192500000003 0.23238180156250002 0.263368984375 0.20026761875000001 0.2513368984375 0.196699375 0.2540106953125 0.192239071875 0.247326203125 0.18867082968749999 0.25 0.1842105265625 0.2433155078125 0.177074040625 0.25 0.1663693125 0.23529411718749998 0.128902765625 0.2326203203125 0.10749330937499998 0.23529411718749998 0.1021409453125 0.25 0.0932203390625 0.247326203125 0.07091882187500001 0.2647058828125 0.0655664578125 0.258021390625 0.055753790625 0.2566844921875 0.0512934875 0.2673796796875 0.0463871546875 0.2667112296875 0.0432649421875 0.2767379671875 0.0280999109375 0.2767379671875 0.023639607812499998 0.28208556093750004 0.0294380015625 0.2881016046875 0.023193576562500002 0.2934491984375 0.025869759375000002 0.30013368906250004 0.016503121875000002 0.30882352968750004 0.015165031249999999 0.294786096875 0.008474576562499999 0.28877005312500004 0.0040142734375 0.29144385 0.00044602968750000004 0.28208556093750004 0.0008920609374999999 0.396390375 0.05218554843749999 0.3756684484375 0.0655664578125 0.3636363640625
0 0 0.17045454531249998 0.0142729703125 0.1891711234375 0.0205173953125 0.215909090625 0.017841212500000002 0.2359625671875 0.020071365625 0.24465240625 0.0352363953125 0.2433155078125 0.09054415625 0.2205882359375 0.0958965203125 0.211229946875 0.13336306874999998 0.20588235312499997 0.152988403125 0.20989304843749998 0.15744870625000001 0.20320855624999998 0.16815343437500002 0.2018716578125 0.177074040625 0.2045454546875 0.1797502234375 0.21256684531249997 0.192239071875 0.221925134375 0.20026761875000001 0.21925133749999998 0.2368421046875 0.23395721875 0.2582515609375 0.21390374374999999 0.2734165921875 0.20855615 0.2876895625 0.19251336875 0.3064228375 0.19251336875 0.3064228375 0.1858288765625 0.2975022296875 0.1858288765625 0.2970562 0.1811497328125 0.3117752 0.1764705875 0.313559321875 0.1804812828125 0.326048171875 0.179144384375 0.3291703828125 0.1838235296875 0.3206958078125 0.189839571875 0.3421052625 0.1965240640625 0.345227475 0.2065508015625 0.32961641406250003 0.22326203281249998 0.32247992812500004 0.221925134375 0.32247992812500004 0.2299465234375 0.3099910796875 0.2326203203125 0.2992863515625 0.2433155078125 0.27430865312499997 0.2459893046875 0.2752007140625 0.25 0.30909901875 0.2566844921875 0.34567350625 0.278074865625 0.3884924171875 0.2874331546875 0.40811775156249996 0.30080213906250003 0.42060660156249996 0.30213903750000004 0.42194469218749997 0.312165775 0.4268510265625 0.31550802187500004 0.4357716328125 0.31417112343750003 0.44023193593750004 0.3061497328125 0.4750223015625 0.2874331546875 0.486619090625 0.27540106875000003 0.498215878125 0.2767379671875 0.49598572656249995 0.2720588234375 0.510704728125 0.258021390625 0.5240856375 0.2540106953125 0.5579839421874999 0.258021390625 0.5735950046875 0.28676470625 0.570918821875 0.30949197812499996 0.5762711859375 0.3268716578125 0.5811775203125 0.320855615625 0.59054415625 0.32286096249999996 0.58162355 0.330882353125 0.5994647640624999 0.353609625 0.5976806421874999 0.377673796875 0.6262265828125 0.3950534765625 0.616859946875 0.398395721875 0.6177520078125001 0.4024064171875 0.632024978125 0.40106951874999996 0.6369313109375 0.4057486625 0.6373773421875 0.41844919843749995 0.6244424625 0.4231283421875 0.6262265828125 0.4418449203125 0.6418376453125 0.445187165625 0.6699375562500001 0.4725935828125 0.661909009375 0.5060160421875 0.6641391609375 0.5120320859375 0.6726137375000001 0.512700534375 0.680642284375 0.5100267374999999 0.6842105265625 0.49398395781250004 0.6726137375000001 0.471256684375 0.695807315625 0.4592245984375 0.6851025875000001 0.45254010625 0.698483496875 0.4364973265625 0.6904549515625 0.42713903750000004 0.7038358609375 0.4177807484375 0.7060660125 0.40106951874999996 0.7140945578125 0.40508021406249994 0.7190008921875 0.393716578125 0.7207850140625001 0.2359625671875 0.7279214984375 0.21056149687499998 0.7341659234375 0.20521390312499999 0.7368421046875 0.1891711234375 0.7502230156249999 0.1731283421875 0.7533452281249999 0.16310160468749998 0.765388046875 0.1557486625 0.7671721671875 0.14104278125 0.7809991078125 0.1363636359375 0.783229259375 0.1183155078125 0.7961641390625 0.112299465625 0.7992863515625 0.0942513375 0.8082069578125 0.08890374375 0.804192684375 0.0588235296875 0.8006244421875 0.0561497328125 0.7979482609375 0.0668449203125 0.7903657453124999 0.06885026718750001 0.7859054421875 0.08355615 0.789473684375 0.08890374375 0.7841213203125 0.091577540625 0.7814451375 0.111631015625 0.7747546828125 0.11631016093749999 0.7533452281249999 0.11631016093749999 0.7520071359375 0.1356951875 0.743978590625 0.14104278125 0.7417484390625 0.1524064171875 0.7359500453125001 0.149064171875 0.735057984375 0.1236631015625 0.731489740625 0.11430481249999999 0.735057984375 0.103609625 0.7283675296875 0.0949197859375 0.728813559375 0.1477272734375 0.7332738625 0.153074865625 0.7292595890625 0.16176470625 0.71498661875 0.15909090937499998 0.713648528125 0.1477272734375 0.7190008921875 0.1423796796875 0.7145405890625 0.13034759375 0.7190008921875 0.125 0.72435325625 0.0955882359375 0.686440678125 0.090909090625 0.683318465625 0.08890374375 0.68465655625 0.0815508015625 0.67573595 0.0815508015625 0.674397859375 0.0902406421875 0.6659232828125 0.0935828875 0.6552185546875 0.1136363640625 0.61239964375 0.11631016093749999 0.607939340625 0.1243315515625 0.5963425515624999 0.1283422453125 0.592774309375 0.1604278078125 0.5553077609375 0.164438503125 0.5611061546875 0.17179144375 0.549955396875 0.17245989374999998 0.5463871546875 0.184491978125 0.516949153125 0.187165775 0.5142729703125 0.1965240640625 0.50267618125 0.19786096250000001 0.498215878125 0.20989304843749998 0.4857270296875 0.20989304843749998 0.483050846875 0.2205882359375 0.467885815625 0.22326203281249998 0.467885815625 0.231283421875 0.4268510265625 0.231283421875 0.42417484375000003 0.2379679140625 0.41793041875 0.2326203203125 0.392060659375 0.2326203203125 0.3884924171875 0.236631015625 0.3840321140625 0.22860962499999998 0.40410347968749993 0.22393048124999998 0.3978590546875 0.2185828875 0.40098126718750005 0.20320855624999998 0.4116859953125 0.20053475937499998 0.41971454062499997 0.1885026734375 0.43933987500000005 0.1764705875 0.48215878749999996 0.1604278078125 0.48751115 0.15106951875000002 0.5142729703125 0.14037433125 0.5312221234375001 0.1390374328125 0.5338983046875 0.143048128125 0.5365744875 0.1363636359375 0.5437109718750001 0.1363636359375 0.5432649421875 0.13034759375 0.549955396875 0.12032085625 0.577609278125 0.1136363640625 0.580285459375 0.1056149734375 0.5972346125 0.0935828875 0.6391614624999999 0.0895721921875 0.64272970625 0.065508021875 0.677520071875 0.0695187171875 0.69714540625 0.0588235296875 0.6980374671875 0.065508021875 0.7024977703124999 0.065508021875 0.7065120421875 0.052807485937499996 0.69090098125 0.049465240625000004 0.67573595 0.057486631249999996 0.6391614624999999 0.057486631249999996 0.6378233718749999 0.07820855625 0.627564675 0.085561496875 0.6244424625 0.06751336875 0.619536128125 0.061497326562499996 0.601694915625 0.065508021875 0.59991079375 0.0521390375 0.5972346125 0.065508021875 0.59366636875 0.04679144375 0.5686886703125 0.0454545453125 0.5646743984375 0.0487967921875 0.5615521859375 0.06818181875 0.5365744875 0.080213903125 0.4839429078125 0.0748663109375 0.45807314843749997 0.090909090625 0.45182872500000004 0.104278075 0.4397859046875 0.111631015625 0.4487065125 0.1316844921875 0.44826048125 0.1417112296875 0.40454950937499995 0.145721925 0.398751115625 0.1356951875 0.401427296875 0.1183155078125 0.3947368421875 0.11631016093749999 0.3880463875 0.10628342187499999 0.3911686 0.085561496875 0.3965209640625 0.0788770046875 0.40811775156249996 0.07754010624999999 0.4214986625 0.06818181875 0.467885815625 0.061497326562499996 0.48215878749999996 0.0347593578125 0.50892060625 0.0200534765625 0.5111507578125 0.0006684484375 0 0.0006684484375 0 0.17045454531249998
0 1 0.3028074859375 0.9995539703125 0.0975935828125 0.9928635140625 0.1049465234375 0.9919714546874999 0.1236631015625 0.9839429078125 0.15040106875 0.9839429078125 0.1864973265625 0.9884032109374999 0.2065508015625 0.9803746656250001 0.2359625671875 0.99107939375 0.2533422453125 0.9830508468750001 0.2586898390625 0.9750223015625 0.27606951875 0.9768064234375 0.2827540109375 0.965209634375 0.30013368906250004 0.9776984828125 0.31617647031249996 0.9852809984374999 0.304812834375 1 0.3028074859375
0 0.1311329171875 0.41109625625 0.1128456734375 0.3649732625 0.09054415625 0.3716577546875 0.07359500468749999 0.382352940625 0.0655664578125 0.3943850265625 0.0388046390625 0.4024064171875 0.0115967890625 0.4177807484375 0.013826940625 0.43181818125 0.059322034375 0.4572192515625 0.071364853125 0.4578877 0.127564675 0.42045454531250004 0.1311329171875 0.41109625625
0 0.2676181984375 0.3014705875 0.2644959859375 0.2874331546875 0.24665477187499998 0.2901069515625 0.2221231046875 0.30681818125000004 0.2234611953125 0.312834225 0.2359500453125 0.30748663125000003 0.2511150765625 0.3288770046875 0.256021409375 0.32820855625 0.2613737734375 0.30548128281250003 0.2676181984375 0.3014705875
0 0.3082069578125 0.299465240625 0.295718109375 0.2847593578125 0.2814451375 0.28609625625 0.2809991078125 0.294786096875 0.292595896875 0.312165775 0.2943800171875 0.32954545468749996 0.3006244421875 0.32954545468749996 0.3336306875 0.30681818125000004 0.3082069578125 0.299465240625
0 0.2158786796875 0.3442513375 0.2132024984375 0.330882353125 0.1993755578125 0.33823529375 0.17796610156249998 0.3328877 0.1610169484375 0.3368983953125 0.156110615625 0.346925134375 0.1659232828125 0.353609625 0.156110615625 0.3656417109375 0.15432649375000002 0.3763368984375 0.15566458593750002 0.3810160421875 0.1614629796875 0.38034759375 0.2100802859375 0.362299465625 0.2158786796875 0.3442513375