1 0.3828125 0.5859375 0.0640625 0.06171875
1 0.20078125 0.6078125 0.0359375 0.04296875
1 0.22734375 0.76328125 0.0640625 0.06640625
1 0.89375 0.4234375 0.059375 0.1328125
1 0.8921875 0.125 0.03515625 0.053125
1 0.84609375 0.12734375 0.02421875 0.04453125
1 0.80390625 0.12265625 0.03046875 0.03359375
1 0.9453125 0.1296875 0.028125 0.05078125
1 0.75078125 0.13515625 0.0359375 0.05390625
1 0.43359375 0.36875 0.046875 0.05546875
1 0.3828125 0.87578125 0.0390625 0.06796875
1 0.2984375 0.73359375 0.10234375 0.0515625
1 0.69453125 0.53984375 0.034375 0.0328125
1 0.68125 0.56171875 0.03203125 0.028125
1 0.4390625 0.475 0.046875 0.05859375
1 0.75703125 0.559375 0.07890625 0.05859375
1 0.9890625 0.42109375 0.021875 0.0953125
1 0.74453125 0.465625 0.05234375 0.05390625
1 0.75390625 0.4109375 0.0484375 0.053125
1 0.3609375 0.3578125 0.07421875 0.04453125
1 0.15 0.84453125 0.04296875 0.06640625
0 0.8002659578125 0.46861471874999994 0.8156914890625 0.47835497812499994 0.8593085109375 0.47727272656249997 0.8611702125 0.4734848484375 0.8627659578125 0.43019480468750004 0.8670212765624999 0.40746753281250003 0.8643617015625 0.399891775 0.8675531921875 0.39448051875 0.8718085109375 0.35227272656249997 0.8545212765624999 0.34415584374999997 0.8481382984374999 0.3354978359375 0.8441489359375 0.327380953125 0.843617021875 0.31980519531249996 0.8382978718749999 0.3122294375 0.8377659578125 0.2981601734375 0.8321808515625 0.2878787875 0.82792553125 0.3008658015625 0.8226063828125 0.303030303125 0.8199468078125 0.3116883109375 0.813031915625 0.3116883109375 0.8148936171875001 0.310064934375 0.8148936171875001 0.30357142812500004 0.80824468125 0.296536796875 0.7997340421875 0.29545454531250004 0.7960106390624999 0.3008658015625 0.78324468125 0.30194805156250004 0.7824468078125 0.34361471875 0.78058510625 0.35064934999999997 0.764627659375 0.3484848484375 0.7601063828125 0.340367965625 0.7601063828125 0.315476190625 0.765159575 0.3084415578125 0.777127659375 0.30357142812500004 0.7699468078125 0.297619046875 0.69707446875 0.30194805156250004 0.6875 0.3127705625 0.682712765625 0.3116883109375 0.6752659578125 0.296536796875 0.6704787234375 0.29545454531250004 0.6678191484375 0.29978355 0.65824468125 0.297619046875 0.650531915625 0.30357142812500004 0.6510638296875 0.308982684375 0.6550531921875 0.3127705625 0.6481382984375 0.3138528140625 0.6446808515625 0.31980519531249996 0.6468085109375 0.327380953125 0.640957446875 0.334956709375 0.6420212765625 0.34253246718749997 0.6550531921875 0.34740259687499997 0.6585106390625 0.358766234375 0.6585106390625 0.3760822515625 0.6640957453125 0.3798701296875 0.6885638296875001 0.3766233765625 0.7263297875 0.378787878125 0.73324468125 0.3668831171875 0.78058510625 0.3701298703125 0.7851063828125 0.38257575781250003 0.784042553125 0.40746753281250003 0.7787234046875 0.43127705625 0.77925531875 0.502705628125 0.7824468078125 0.503787878125 0.78324468125 0.47835497812499994 0.8002659578125 0.46861471874999994
0 0.0002659578125 0 0 0.60551948125 0.002659575 0.6195887453125 0 0.63149350625 0 0.9897186140625 0.00425531875 0.990800865625 0.0085106390625 0.9788961031250001 0.00691489375 0.9550865796875 0.009574468749999999 0.9377705625000001 0.013297871875 0.9237012984374999 0.0218085109375 0.9107142859374999 0.0143617015625 0.9020562765625 0.01542553125 0.8609307359375 0.0106382984375 0.833874459375 0.0135638296875 0.8279220781250001 0.0247340421875 0.8300865796875 0.023936170312499998 0.840367965625 0.027127659375 0.846861471875 0.0218085109375 0.8544372296875 0.027393617187500004 0.859307359375 0.029787234375 0.8382034624999999 0.0287234046875 0.8306277062499999 0.0308510640625 0.8252164499999999 0.03191489375 0.7830086578125 0.0252659578125 0.7824675328125 0.0231382984375 0.7922077921875 0.02074468125 0.7754329 0.023670212500000003 0.7640692640625 0.02925531875 0.759199134375 0.0303191484375 0.7018398265625 0.027925531250000003 0.696969696875 0.0138297875 0.69426406875 0.015159575 0.6266233765625 0.024202128125 0.6201298703125 0.0359042546875 0.61904761875 0.042819148437499996 0.6038961031250001 0.0523936171875 0.6038961031250001 0.05478723437500001 0.6066017312499999 0.05425531875 0.6239177484375 0.0523936171875 0.627705628125 0.0476063828125 0.625541125 0.04574468125 0.6304112546875 0.0476063828125 0.6352813859374999 0.063031915625 0.6298701296875 0.067287234375 0.6320346328124999 0.06861702187499999 0.6228354984375 0.074468084375 0.615259740625 0.0734042546875 0.6066017312499999 0.07792553125 0.5909090906250001 0.0859042546875 0.596320346875 0.09441489374999999 0.5909090906250001 0.09813829843750001 0.602813853125 0.1023936171875 0.5876623375000001 0.10824468125 0.5844155843750001 0.121542553125 0.5876623375000001 0.124202128125 0.5995671 0.1351063828125 0.6076839828125 0.1406914890625 0.6320346328124999 0.15292553125 0.634199134375 0.156382978125 0.63149350625 0.1558510640625 0.6228354984375 0.168882978125 0.5941558437500001 0.1800531921875 0.5941558437500001 0.18856382968750002 0.5811688312500001 0.213031915625 0.5790043296875 0.2148936171875 0.57521645 0.21117021249999998 0.5665584421875 0.2162234046875 0.5519480515625 0.224202128125 0.553030303125 0.227127659375 0.5579004328125 0.2273936171875 0.5670995671875 0.21941489375 0.56926406875 0.21648936093749999 0.5741341984375 0.21994680781249998 0.6038961031250001 0.231117021875 0.5995671 0.23404255312500002 0.577380953125 0.236968084375 0.5703463203125 0.2476063828125 0.5670995671875 0.25265957499999997 0.5762987015625 0.25265957499999997 0.5925324671875 0.2550531921875 0.6038961031250001 0.25744680781249996 0.5903679656249999 0.263031915625 0.5833333328125 0.2670212765625 0.5892857140625 0.2710106390625 0.60606060625 0.2803191484375 0.5979437234375 0.27978723437499997 0.5384199140625 0.27845744687499996 0.5324675328125 0.2739361703125 0.5340909093749999 0.2739361703125 0.5102813859374999 0.27845744687499996 0.496753246875 0.2843085109375 0.49567099531250003 0.29441489375 0.496753246875 0.3015957453125 0.5102813859374999 0.297872340625 0.5405844156249999 0.297872340625 0.5936147187499999 0.303457446875 0.5995671 0.3140957453125 0.5995671 0.315957446875 0.5903679656249999 0.313297871875 0.58170995625 0.3183510640625 0.5800865796875 0.320212765625 0.57521645 0.313297871875 0.5676406921875 0.31808510624999997 0.5427489171875 0.31808510624999997 0.5308441562499999 0.3127659578125 0.5243506499999999 0.306382978125 0.50595238125 0.3109042546875 0.4891774890625 0.3231382984375 0.47727272656249997 0.3300531921875 0.4794372296875 0.335372340625 0.4632034625 0.3460106390625 0.46103896093749996 0.349468084375 0.47132034687499996 0.339627659375 0.483766234375 0.336702128125 0.4929653671875 0.3361702125 0.5124458875 0.3375 0.516233765625 0.34228723437499997 0.516233765625 0.349202128125 0.5119047625 0.35292553125000004 0.5021645015625 0.3593085109375 0.496753246875 0.36622340468750003 0.496753246875 0.3726063828125 0.5043290046875 0.375531915625 0.48214285781250005 0.3877659578125 0.4648268390625 0.39042553125 0.452922078125 0.388031915625 0.4458874453125 0.3821808515625 0.44155844218749996 0.374468084375 0.4485930734375 0.3726063828125 0.46212121249999993 0.35824468125000003 0.45562770625000004 0.35664893593749997 0.446969696875 0.350531915625 0.441017315625 0.349468084375 0.41612554062499996 0.3531914890625 0.40746753281250003 0.34973404218750004 0.40043290000000004 0.3449468078125 0.39935065000000003 0.3412234046875 0.40584415625 0.335372340625 0.40584415625 0.3058510640625 0.3988095234375 0.302127659375 0.383658009375 0.30425531875 0.36742424218749997 0.3101063828125 0.3544372296875 0.3111702125 0.340367965625 0.3196808515625 0.3165584421875 0.3265957453125 0.3122294375 0.3252659578125 0.30519480468750004 0.2859042546875 0.3008658015625 0.2662234046875 0.303030303125 0.25984042500000004 0.3127705625 0.2513297875 0.3106060609375 0.249202128125 0.30627705625 0.2433510640625 0.30519480468750004 0.24042553125000002 0.2895021640625 0.247872340625 0.2797619046875 0.2513297875 0.26082251093750003 0.256117021875 0.259740259375 0.263031915625 0.26731601718750003 0.2747340421875 0.2705627703125 0.2789893609375 0.2619047625 0.281117021875 0.2629870125 0.28723404218750004 0.272186146875 0.290159575 0.284632034375 0.29441489375 0.284632034375 0.297340425 0.278679653125 0.3 0.25595238125 0.30984042500000003 0.23917748906249997 0.32207446875 0.23917748906249997 0.325797871875 0.24783549843750002 0.328457446875 0.246753246875 0.34175531875 0.233766234375 0.34547872343749997 0.2207792203125 0.3731382984375 0.20670995625000002 0.388031915625 0.2110389609375 0.3920212765625 0.2234848484375 0.3925531921875 0.24080086562499997 0.39813829843750004 0.24891774843749997 0.40505319218749997 0.2510822515625 0.40851063906249996 0.271103896875 0.41303191562499997 0.2770562765625 0.41648936093750005 0.272186146875 0.420212765625 0.25595238125 0.41436170156249996 0.2483766234375 0.41436170156249996 0.2299783546875 0.41622340468749996 0.2272727265625 0.420212765625 0.2353896109375 0.4231382984375 0.2045454546875 0.43058510625 0.2045454546875 0.435372340625 0.19696969687500002 0.4433510640625 0.21645021718750002 0.4454787234375 0.21645021718750002 0.46675531875000004 0.208874459375 0.482712765625 0.19372294375000002 0.4912234046875 0.19372294375000002 0.5050531921875 0.2077922078125 0.515957446875 0.24945887500000002 0.5218085109375 0.25595238125 0.525531915625 0.2754329 0.5289893609375 0.28138528125 0.535372340625 0.28246753281250003 0.54042553125 0.27759740312500003 0.5406914890625 0.2554112546875 0.549202128125 0.2510822515625 0.5582446812499999 0.2521645015625 0.5691489359374999 0.2397186140625 0.5537234046874999 0.215909090625 0.5558510640625001 0.200757575 0.5646276593749999 0.185064934375 0.578457446875 0.185064934375 0.5859042546875 0.1872294375 0.602659575 0.215909090625 0.6018617015625 0.22619047656250002 0.5954787234375 0.22943722968750002 0.5898936171875 0.2397186140625 0.5893617015625 0.24729437187499997 0.5960106390625 0.253246753125 0.6045212765625 0.24891774843749997 0.607712765625 0.2543290046875 0.6162234046874999 0.23917748906249997 0.6236702125 0.233766234375 0.6268617015625 0.22294372343750002 0.639627659375 0.208874459375 0.663031915625 0.21861471875 0.6696808515625 0.2397186140625 0.670212765625 0.26244588750000003 0.6662234046875 0.27597402656250003 0.65957446875 0.2797619046875 0.67207446875 0.2835497828125 0.675 0.2797619046875 0.677127659375 0.2548701296875 0.6867021281250001 0.2364718609375 0.6877659578124999 0.22456710000000002 0.6747340421875 0.20021645000000002 0.659042553125 0.20833333281250002 0.6574468078125 0.19534632031250002 0.659042553125 0.16071428593749998 0.667287234375 0.1504329 0.6747340421875 0.1731601734375 0.682712765625 0.174242425 0.6906914890625 0.16883116874999998 0.6904255312500001 0.16071428593749998 0.692287234375 0.15909090937499998 0.695212765625 0.16071428593749998 0.6960106390624999 0.1677489171875 0.6997340421875 0.16883116874999998 0.7023936171875 0.1634199140625 0.706117021875 0.16558441562499998 0.711968084375 0.153679653125 0.7236702125 0.152597403125 0.7196808515625001 0.1369047625 0.722340425 0.1120129875 0.69441489375 0.1331168828125 0.6909574468749999 0.1271645015625 0.6893617015625 0.10335497812500001 0.6864361703124999 0.0952380953125 0.682712765625 0.09307359375 0.6776595750000001 0.10335497812500001 0.6819148937499999 0.1109307359375 0.6808510640625001 0.128246753125 0.6736702125 0.1363636359375 0.6704787234375 0.1450216453125 0.665957446875 0.1271645015625 0.667287234375 0.122294371875 0.672340425 0.11958874531250001 0.6734042546875 0.09686147187500001 0.668617021875 0.0882034625 0.6773936171875 0.0800865796875 0.6776595750000001 0.07088744531249999 0.66542553125 0.034090909375 0.6648936171875001 0.0178571421875 0.6593085109375 0.009740259375000001 0.6550531921875 0.016233765625 0.6502659578125 0.0140692640625 0.6412234046874999 0.019480518750000002 0.6316489359374999 0.015151515625 0.6194148937499999 0.016233765625 0.60824468125 0.025974026562500002 0.5481382984375001 0.029220779687499997 0.524202128125 0.024891774999999998 0.5135638296875 0.0270562765625 0.5098404249999999 0.021645021875 0.5018617015625 0.021645021875 0.4960106390625 0.015151515625 0.4890957453125 0.028138528125 0.481117021875 0.028138528125 0.47101063906249996 0.016233765625 0.4640957453125 0.016233765625 0.450797871875 0.0021645015625 0.431117021875 0.0043290046875000005 0.424202128125 0.017316017187499998 0.41941489374999996 0.017316017187499998 0.4140957453125 0.0021645015625 0.40877659531250005 0 0.0002659578125 0
0 0.8406914890625 0.99350649375 0.8441489359375 0.9897186140625 0.8236702125 0.9859307359375 0.7109042546875 0.9870129875 0.6726063828125 0.9826839828124999 0.6739361703125 0.9604978359375 0.6704787234375 0.9567099562499999 0.6625 0.9577922078125001 0.65957446875 0.9518398265625001 0.6593085109375 0.9415584421875 0.6574468078125 0.9572510828125 0.65824468125 0.9826839828124999 0.6337765953125001 0.9826839828124999 0.631117021875 0.9707792203125001 0.625 0.9659090906250001 0.6247340421875001 0.9577922078125001 0.6106382984375001 0.949675325 0.615957446875 0.9420995671875 0.6101063828125 0.934523809375 0.611702128125 0.9258658015625001 0.60824468125 0.9155844156249999 0.5960106390625 0.9166666671874999 0.5768617015624999 0.90692640625 0.5321808515625001 0.9090909093749999 0.5018617015625 0.90584415625 0.4941489359375 0.916125540625 0.49042553125 0.8620129875 0.48829787187499996 0.8544372296875 0.49148936093750006 0.8241341984374999 0.4984042546875 0.80681818125 0.5013297875 0.7922077921875 0.5140957453125 0.7846320343750001 0.518617021875 0.7667748921875 0.5257978718749999 0.7510822515625 0.531117021875 0.7478354984375 0.5412234046875 0.7283549781249999 0.54574468125 0.7299783546875 0.54574468125 0.7104978359375 0.5484042546875 0.697510821875 0.5582446812499999 0.6796536796875 0.5609042546875 0.6764069265625 0.5638297875 0.6866883109375 0.5632978718749999 0.721320346875 0.565159575 0.7272727265625 0.5864361703125 0.73051948125 0.5912234046875 0.7348484843749999 0.593617021875 0.74404761875 0.6002659578125 0.7543290046875 0.6226063828124999 0.759740259375 0.6271276593749999 0.750541125 0.6260638296875001 0.7353896109375 0.627659575 0.7224025968750001 0.631382978125 0.7191558437500001 0.627659575 0.7115800859375 0.6281914890625 0.678030303125 0.6295212765625 0.6731601734375 0.640957446875 0.6628787875000001 0.640159575 0.6385281390624999 0.6284574468749999 0.6331168828125 0.611968084375 0.6331168828125 0.609042553125 0.6433982687500001 0.607712765625 0.7294372296875 0.5949468078125 0.7272727265625 0.5928191484374999 0.7207792203125 0.5803191484375 0.7104978359375 0.58058510625 0.702380953125 0.592287234375 0.70670995625 0.59574468125 0.6931818187500001 0.590159575 0.6677489171875 0.5787234046874999 0.6628787875000001 0.5787234046874999 0.6466450218750001 0.574202128125 0.634199134375 0.5683510640625 0.6363636359375 0.5632978718749999 0.6498917750000001 0.5622340421875001 0.6628787875000001 0.5579787234375 0.6628787875000001 0.5627659578124999 0.6358225109375 0.5611702125 0.6066017312499999 0.5643617015625 0.5427489171875 0.5747340421875 0.5357142859375 0.5781914890625 0.5275974031249999 0.5781914890625 0.502705628125 0.575 0.48755411249999997 0.5710106390624999 0.47835497812499994 0.565159575 0.4761904765625 0.5638297875 0.47132034687499996 0.5638297875 0.415043290625 0.5781914890625 0.40746753281250003 0.5787234046874999 0.383658009375 0.5768617015624999 0.3766233765625 0.5699468078125001 0.375541125 0.5662234046875 0.3647186140625 0.5638297875 0.36850649375 0.5609042546875 0.39393939375000003 0.55292553125 0.39069264062500003 0.5454787234375 0.40584415625 0.540159575 0.402597403125 0.532712765625 0.4047619046875 0.5303191484374999 0.40963203437500006 0.529787234375 0.4550865796875 0.53191489375 0.47132034687499996 0.527127659375 0.49837662343750005 0.529787234375 0.51893939375 0.5295212765625 0.5454545453125 0.5268617015625 0.5303030296875 0.52207446875 0.5238095234375 0.5178191484375 0.5378787875000001 0.5164893609375001 0.5275974031249999 0.5085106390624999 0.5135281390624999 0.50957446875 0.5016233765625 0.506382978125 0.4799783546875 0.513031915625 0.47186147187499994 0.5148936171875 0.4637445890625 0.5111702124999999 0.4258658015625 0.5023936171875001 0.4199134203125 0.5015957453125 0.4117965375 0.4949468078125 0.4047619046875 0.4763297875 0.40367965312500004 0.47021276562500003 0.40746753281250003 0.47260638281249995 0.4112554109375 0.4829787234375 0.4117965375 0.4856382984375 0.441017315625 0.4795212765625 0.45021645 0.47047872343749997 0.45129870156249996 0.468617021875 0.4550865796875 0.46702127656250003 0.497294371875 0.45611702187500003 0.5119047625 0.4531914890625 0.522186146875 0.45398936093750003 0.5357142859375 0.46808510625000005 0.5427489171875 0.47021276562500003 0.5762987015625 0.46675531875000004 0.5984848484375 0.4640957453125 0.5919913421875 0.4609042546875 0.5919913421875 0.443882978125 0.6038961031250001 0.4252659578125 0.5995671 0.415159575 0.6017316015625 0.40026595781249996 0.624458875 0.39441489375 0.6266233765625 0.3885638296875 0.621212121875 0.3763297875 0.6201298703125 0.3726063828125 0.63095238125 0.36303191562500003 0.627705628125 0.357712765625 0.6320346328124999 0.2981382984375 0.6352813859374999 0.27792553125 0.63095238125 0.275797871875 0.622294371875 0.2710106390625 0.621212121875 0.2691489359375 0.6239177484375 0.27207446874999996 0.63095238125 0.23484042500000002 0.63095238125 0.2273936171875 0.6396103890625 0.206117021875 0.64393939375 0.20026595781249998 0.6374458875 0.18856382968750002 0.6363636359375 0.184840425 0.63095238125 0.1656914890625 0.634199134375 0.1609042546875 0.6385281390624999 0.1571808515625 0.63095238125 0.1390957453125 0.6331168828125 0.1337765953125 0.6417748921875 0.12792553125 0.6417748921875 0.12207446875000001 0.6331168828125 0.10984042499999999 0.6320346328124999 0.10611702187500001 0.6038961031250001 0.09441489374999999 0.6049783546875 0.0920212765625 0.6141774890625 0.090957446875 0.6498917750000001 0.0864361703125 0.6525974031249999 0.0851063828125 0.6585497828125 0.0859042546875 0.6645021640625 0.090159575 0.6645021640625 0.0914893609375 0.66937229375 0.0920212765625 0.6888528140625 0.090159575 0.696969696875 0.0781914890625 0.69426406875 0.07765957500000001 0.6120129875 0.0747340421875 0.602813853125 0.067287234375 0.602813853125 0.0606382984375 0.6120129875 0.059042553124999994 0.6271645015625 0.0537234046875 0.6304112546875 0.0513297875 0.6547619046875 0.045212765625 0.6488095234375 0.045212765625 0.6379870125 0.0433510640625 0.634199134375 0.039627659375 0.6363636359375 0.0377659578125 0.6498917750000001 0.035372340625 0.6547619046875 0.031382978125 0.6531385281250001 0.027659575 0.6931818187500001 0.023670212500000003 0.690476190625 0.0156914890625 0.709956709375 0.00824468125 0.7121212124999999 0.0045212765625 0.7294372296875 0 0.7288961031250001 0.0002659578125 0.99350649375 0.012765957812500001 0.9875541125 0.011702128124999999 0.949675325 0.01542553125 0.9258658015625001 0.0300531921875 0.9155844156249999 0.035372340625 0.9145021640625 0.0449468078125 0.9209956703125 0.049468084375 0.934523809375 0.05478723437500001 0.9659090906250001 0.05824468125 0.9686147187499999 0.06941489375 0.9664502171875 0.0747340421875 0.9729437234375 0.078457446875 0.965367965625 0.086968084375 0.9642857140625001 0.09441489374999999 0.9686147187499999 0.100797871875 0.9632034624999999 0.10611702187500001 0.9642857140625001 0.11037234062500001 0.9545454546875 0.124202128125 0.952380953125 0.12207446875000001 0.9448051953125001 0.1175531921875 0.9420995671875 0.11542553124999999 0.9237012984374999 0.1175531921875 0.909632034375 0.125531915625 0.8858225109375001 0.125 0.8739177484375 0.121542553125 0.8614718609375001 0.11037234062500001 0.8603896109375 0.10691489375 0.8544372296875 0.1101063828125 0.8371212124999999 0.1140957453125 0.83116883125 0.12207446875000001 0.8354978359375 0.1351063828125 0.8208874453125 0.1388297875 0.800324675 0.136702128125 0.7905844156249999 0.136702128125 0.7667748921875 0.1412234046875 0.7554112546875 0.1710106390625 0.746753246875 0.18537234062500002 0.7575757578125 0.1941489359375 0.727813853125 0.1856382984375 0.71807359375 0.1856382984375 0.7083333328125 0.1875 0.702380953125 0.20026595781249998 0.6991341984375 0.20425531874999997 0.6866883109375 0.20425531874999997 0.672619046875 0.2071808515625 0.6666666671875 0.2156914890625 0.6731601734375 0.2170212765625 0.6888528140625 0.22313829843750002 0.696969696875 0.2476063828125 0.6958874453125 0.24946808437499998 0.6888528140625 0.24946808437499998 0.6704545453125 0.2513297875 0.6677489171875 0.27952127656250003 0.6688311687499999 0.29441489375 0.6580086578125 0.3023936171875 0.6580086578125 0.3140957453125 0.6688311687499999 0.32792553125 0.6699134203125 0.33085106406250003 0.6823593078125 0.3303191484375 0.69426406875 0.332712765625 0.70021645 0.356117021875 0.702380953125 0.3558510640625 0.7581168828125 0.35345744687499997 0.7619047625 0.3513297875 0.759740259375 0.349202128125 0.7456709953125 0.343882978125 0.759740259375 0.32792553125 0.7608225109375 0.325797871875 0.791125540625 0.2981382984375 0.79329004375 0.29441489375 0.7835497828125 0.2885638296875 0.7889610390625 0.26835106406250003 0.790043290625 0.2670212765625 0.800324675 0.2739361703125 0.8392857140625001 0.2789893609375 0.84307359375 0.284840425 0.8549783546875 0.296542553125 0.8571428578125 0.2984042546875 0.8501082249999999 0.295212765625 0.828463203125 0.2986702125 0.8051948046874999 0.311702128125 0.8100649343749999 0.3140957453125 0.8387445890624999 0.3183510640625 0.8354978359375 0.3287234046875 0.80681818125 0.3316489359375 0.8051948046874999 0.343617021875 0.8230519484375 0.34547872343749997 0.8398268390625001 0.35345744687499997 0.84415584375 0.3609042546875 0.8636363640625 0.3699468078125 0.85064935 0.38324468125 0.84415584375 0.3960106390625 0.8517316015624999 0.399468084375 0.859848484375 0.399468084375 0.8836580093749999 0.3968085109375 0.8955627703125 0.3906914890625 0.89935065 0.381117021875 0.9134199140625 0.3752659578125 0.9112554109375001 0.371542553125 0.9004329 0.3593085109375 0.88095238125 0.35638297812499997 0.8825757578125 0.3515957453125 0.89448051875 0.354787234375 0.9107142859374999 0.3502659578125 0.91883116875 0.34547872343749997 0.9199134203125 0.34202127656250003 0.9291125546875 0.343617021875 0.971320346875 0.34867021249999997 0.9837662343750001 0.364627659375 0.9945887453125 0.3928191484375 0.9924242421875 0.40771276562500003 0.9956709953124999 0.4268617015625 0.9913419906250001 0.45558510625000004 0.9956709953124999 0.47579787187499994 0.9902597406250001 0.517287234375 0.9956709953124999 0.645212765625 0.996212121875 0.8252659578125 0.9945887453125 0.8406914890625 0.99350649375