1 0.88984375 0.584375 0.08984375 0.275
1 0.1609375 0.68828125 0.0984375 0.14296875
1 0.5609375 0.8671875 0.1015625 0.17734375
1 0.5921875 0.3671875 0.08046875 0.09296875
1 0.76484375 0.609375 0.08828125 0.16484375
1 0.9578125 0.1265625 0.08125 0.18203125
1 0.92890625 0.33984375 0.08828125 0.29296875
1 0.684375 0.0328125 0.0796875 0.06484375
1 0.55 0.4546875 0.10390625 0.11015625
1 0.421875 0.80234375 0.0828125 0.11796875
1 0.62109375 0.928125 0.0890625 0.14375
1 0.64140625 0.1546875 0.06328125 0.0875
1 0.7890625 0.2828125 0.05078125 0.090625
0 0.20202020156249997 0.619662921875 0.20053475937499998 0.589887640625 0.18865121875 0.589887640625 0.18657159843749999 0.596067415625 0.187165775 0.61404494375 0.184491978125 0.6202247187500001 0.1705288171875 0.6219101125 0.1726084375 0.6314606734375 0.180629828125 0.6320224718749999 0.19904931718750002 0.62640449375 0.20202020156249997 0.619662921875
0 0.15092097499999999 0.5646067421875001 0.133986928125 0.5314606734375 0.1117052875 0.4971910109375 0.1111111109375 0.483707865625 0.10843731406249998 0.477528090625 0.10190136718750001 0.4752808984375 0.096256684375 0.493820225 0.103386809375 0.5185393265625 0.10279263281249999 0.544382021875 0.09982174687499999 0.5567415734375001 0.11408199687500001 0.57022471875 0.11705288124999999 0.5792134828125 0.119429590625 0.6174157296875 0.1259655375 0.6286516859375 0.1497326203125 0.6106741578125 0.15092097499999999 0.5646067421875001
0 0.1408199640625 0.8758426968749999 0.1426024953125 0.8679775281250001 0.1408199640625 0.8612359546875 0.148544265625 0.8612359546875 0.146761734375 0.8769662921875 0.14943553125 0.87977528125 0.150326796875 0.8612359546875 0.155674390625 0.85449438125 0.155674390625 0.8353932578125001 0.1622103390625 0.8230337078125001 0.1633986921875 0.7904494375 0.168152109375 0.7792134828124999 0.1648841359375 0.7674157296875 0.16131907343750002 0.774157303125 0.159239453125 0.7713483140624999 0.162804515625 0.7646067421875 0.1616161609375 0.75 0.169043375 0.741573034375 0.171717171875 0.7679775281250001 0.1767676765625 0.7719101125 0.17825311875 0.75786516875 0.182412359375 0.747752809375 0.1737967921875 0.72359550625 0.15775401093750002 0.710112359375 0.141117053125 0.7146067421875 0.12032085625 0.702247190625 0.10308972031250001 0.7191011234375 0.096256684375 0.739887640625 0.0932857984375 0.74213483125 0.0992275703125 0.7432584265625 0.1013071890625 0.7651685390625 0.10843731406249998 0.766292134375 0.11051693437500001 0.7567415734375 0.103386809375 0.7488764046874999 0.10606060625 0.73595505625 0.1256684484375 0.7348314609375 0.13279857343749998 0.722471909375 0.148247178125 0.722471909375 0.1532976828125 0.7320224718749999 0.153891859375 0.7410112359375 0.14884135468749998 0.753932584375 0.141117053125 0.7550561796874999 0.1333927515625 0.74831460625 0.13190730781249999 0.7567415734375 0.126856803125 0.761797753125 0.11259655312500001 0.76404494375 0.1146761734375 0.7792134828124999 0.10695187187499999 0.791573034375 0.108734403125 0.8073033703125001 0.11705288124999999 0.8308988765624999 0.119429590625 0.8533707859374999 0.124777184375 0.8747191015625001 0.12418300625 0.8825842703125 0.139334521875 0.8853932578125001 0.14200831875 0.9005617984375001 0.14557338125 0.8904494375 0.1408199640625 0.8758426968749999
0 0.2590612 1 0.2620320859375 0.9949438203125001 0.257872846875 0.9870786515625 0.2596553765625 0.9713483140625 0.25014854375 0.95786516875 0.2554961375 0.9353932578125 0.252822340625 0.925842696875 0.2379679140625 0.9157303375 0.221925134375 0.9112359546875 0.1963755203125 0.8921348312499999 0.18894830625 0.8814606734374999 0.18508615625 0.86404494375 0.1794414734375 0.8679775281250001 0.1729055265625 0.9073033703125001 0.1607248953125 0.922471909375 0.1541889484375 0.9247191015625 0.137551990625 0.91235955 0.1325014859375 0.927528090625 0.1399286984375 0.9348314609375 0.1405228765625 0.9426966296874999 0.155674390625 0.95 0.1532976828125 0.97359550625 0.14943553125 0.9629213484375001 0.14438502656250002 0.9792134828125001 0.14438502656250002 0.9870786515625 0.148247178125 0.99550561875 0.155377303125 0.99550561875 0.16131907343750002 0.9865168546874999 0.1648841359375 0.9865168546874999 0.1910279265625 1 0.2590612 1
0 0.6642899578125 0.527528090625 0.6625074265625 0.5174157296875 0.675282234375 0.5157303375 0.6868686875 0.49269662968750005 0.68865121875 0.42977528125 0.6978609625 0.41460674218750004 0.705882353125 0.408426965625 0.7070707078125 0.39382022499999997 0.7046939984375 0.38595505625 0.711229946875 0.3792134828125 0.7118241234375 0.355617978125 0.7189542484375 0.3342696625 0.72133095625 0.31404494375 0.7180629828125 0.2314606734375 0.7026143796875 0.23033707812499998 0.6981580515625 0.2387640453125 0.6957813421875 0.255617978125 0.69043375 0.2691011234375 0.69043375 0.2848314609375 0.6951871656249999 0.3005617984375 0.693404634375 0.319662921875 0.67795603125 0.34887640468750003 0.678847296875 0.35393258437499997 0.682412359375 0.3528089890625 0.6865715984375 0.34494382031250004 0.689839571875 0.3567415734375 0.6868686875 0.38595505625 0.6818181812499999 0.3887640453125 0.6729055265625 0.382022471875 0.6586452765625 0.37977528125000004 0.6497326203125 0.3853932578125 0.6390374328124999 0.4089887640625 0.6259655375000001 0.41011235937499996 0.6197266781249999 0.4185393265625 0.618538325 0.432022471875 0.6333927515625 0.44887640468749995 0.6345811046875001 0.4634831453125 0.626856803125 0.47359550625 0.62388591875 0.49943820156249996 0.6191325015625 0.5050561796874999 0.6256684484374999 0.5376404499999999 0.6164587046875 0.5494382015625 0.6081402265625 0.5483146062500001 0.6084373140625 0.5533707859375 0.612299465625 0.558426965625 0.62418300625 0.558426965625 0.651812240625 0.5713483140625 0.6625074265625 0.547752809375 0.6642899578125 0.527528090625
0 0.4592988703125 0.988202246875 0.45216874687499997 0.9792134828125001 0.45484254375 0.974157303125 0.466726084375 0.9887640453125 0.46939988125000004 0.980337078125 0.46880570468749994 0.955617978125 0.47177658906250003 0.947752809375 0.47355912031249997 0.9241573031250001 0.4705882359375 0.8814606734374999 0.47237076718750004 0.8511235953125 0.49792037968749997 0.824157303125 0.5020796203125 0.7994382015625 0.510101009375 0.7786516859375 0.5184194890625 0.77640449375 0.5730837796875 0.80449438125 0.5814022578125 0.8033707859374999 0.5968508609375001 0.8146067421875 0.61348781875 0.81235955 0.6197266781249999 0.824157303125 0.6197266781249999 0.8387640453125 0.62418300625 0.8393258421875001 0.6262626265625 0.8005617984375 0.63131313125 0.79550561875 0.6354723703125 0.8 0.6393345218750001 0.7938202249999999 0.6399286984375 0.7848314609375 0.6360665484375 0.77977528125 0.63131313125 0.7910112359375 0.6274509796875 0.7870786515625 0.625074271875 0.772471909375 0.6173499703124999 0.7634831453125 0.6149732625000001 0.74213483125 0.6182412359375 0.7269662921875 0.6283422453124999 0.7168539328125 0.6399286984375 0.727528090625 0.642899584375 0.75 0.6381461671875 0.7634831453125 0.6390374328124999 0.7685393265625 0.6598336296875 0.7685393265625 0.66191325 0.760112359375 0.6669637546875 0.758426965625 0.6705288171875 0.74831460625 0.6720142609375 0.75786516875 0.669043375 0.7646067421875 0.6732026140625 0.7735955062500001 0.6737967921875 0.7949438203125 0.67825311875 0.7966292140625 0.6830065359375 0.7910112359375 0.6907308375000001 0.7988764046875 0.6910279265625 0.7938202249999999 0.6874628640625 0.791573034375 0.680926915625 0.7735955062500001 0.6803327390625 0.7646067421875 0.6850861562499999 0.74550561875 0.6957813421875 0.7342696625 0.702317290625 0.711797753125 0.6931075453125 0.7089887640625 0.6901366609374999 0.7123595500000001 0.6865715984375 0.6988764046875 0.6838978015625 0.711797753125 0.6874628640625 0.7185393265625 0.6874628640625 0.7286516859375001 0.682412359375 0.73595505625 0.679144384375 0.7207865171875001 0.680926915625 0.7129213484375 0.679144384375 0.6825842703125 0.668152109375 0.6730337078125 0.6639928703125 0.674157303125 0.6598336296875 0.68764045 0.6559714796875 0.6825842703125 0.6559714796875 0.6174157296875 0.6512180625 0.5949438203125 0.6004159234374999 0.574157303125 0.596256684375 0.57977528125 0.59150326875 0.57977528125 0.5885323828125 0.5730337078125001 0.5858585859375001 0.575842696875 0.581699346875 0.593820225 0.5897207375 0.6 0.5929887109374999 0.6095505625000001 0.5843731437499999 0.6146067421875 0.5799168156250001 0.6365168546875 0.5724896015625001 0.6471910109375 0.5647653 0.6460674156249999 0.5588235296875 0.62359550625 0.5534759359375 0.6247191015625 0.549316696875 0.610112359375 0.5445632796875 0.6123595500000001 0.5329768265625 0.639887640625 0.5288175875000001 0.6735955062500001 0.5300059421875 0.7028089890625 0.5106951875 0.717977528125 0.50534759375 0.7134831453125 0.49049316718749997 0.7280898875 0.48781937031249994 0.73764045 0.49435531718750003 0.74213483125 0.49227569843749996 0.7449438203125001 0.486333928125 0.7404494374999999 0.4821746875 0.746067415625 0.4806892453125 0.74213483125 0.4860368390625 0.7387640453125 0.484551396875 0.7325842703125 0.47682709375 0.7314606734375 0.46048722499999994 0.7174157296875 0.46048722499999994 0.6747191015625 0.46405228750000005 0.667977528125 0.4625668453125 0.6629213484375 0.45900178281250004 0.6595505625 0.44771241875 0.666292134375 0.44741532968750003 0.6735955062500001 0.45157456875 0.6769662921874999 0.45157456875 0.6848314609374999 0.44771241875 0.6831460671875 0.44444444375 0.6971910109375 0.4459298875 0.7011235953125 0.45127748125 0.7011235953125 0.45157456875 0.7061797750000001 0.443553178125 0.705617978125 0.43909685156249995 0.7129213484375 0.4373143203125 0.719662921875 0.4402852046875 0.7252808984375 0.4393939390625 0.7325842703125 0.4373143203125 0.7308988765625 0.43701723125 0.7213483140625 0.4245395125 0.7123595500000001 0.41562685625 0.7168539328125 0.41206179374999996 0.7112359546875 0.40582293593749996 0.7219101125 0.40463458125 0.7365168546875 0.40671420156250004 0.7426966296875 0.41681521093749996 0.7494382015625 0.44474153281250006 0.7651685390625 0.4625668453125 0.769662921875 0.46405228750000005 0.7792134828124999 0.46048722499999994 0.80168539375 0.44058229375 0.8617977531250001 0.428104575 0.856179775 0.423351159375 0.8460674156250001 0.41206179374999996 0.838202246875 0.39245395156249996 0.8303370781250001 0.3897801546875 0.8455056187500001 0.390968509375 0.8533707859374999 0.3844325609375 0.8623595500000001 0.38324420625 0.8882022468749999 0.3773024359375 0.906179775 0.376708259375 0.9185393265625 0.37195484218749997 0.92640449375 0.37254902031250003 0.94213483125 0.369578134375 0.9657303374999999 0.37522281562500004 0.97977528125 0.385918003125 0.9820224718749999 0.396613190625 0.9966292140625 0.448603684375 0.9983146062499999 0.4598930484375 0.9949438203125001 0.4592988703125 0.988202246875
0 0.751039809375 0.911797753125 0.75341651875 0.8904494375 0.7670825906250001 0.8679775281250001 0.7655971484374999 0.8595505625 0.756387403125 0.8511235953125 0.7572786687499999 0.8426966296874999 0.7709447421875 0.8505617984375 0.7804515750000001 0.866292134375 0.784313725 0.8219101125 0.7881758765625 0.8089887640625 0.8006535953125 0.80449438125 0.8077837203125 0.81235955 0.8214497921874999 0.81235955 0.8238265 0.8157303375 0.8276886515624999 0.8084269656249999 0.831847890625 0.7780898875 0.8172905531250001 0.7404494374999999 0.8113487812500001 0.738202246875 0.8077837203125 0.743820225 0.78579916875 0.7404494374999999 0.78253119375 0.75786516875 0.7736185390625 0.7634831453125 0.7801544859375 0.772471909375 0.7742127156249999 0.7792134828124999 0.7736185390625 0.7938202249999999 0.7641117046875 0.816292134375 0.7602495546875 0.82359550625 0.7537136062500001 0.8258426968749999 0.7495543671875 0.833707865625 0.7376708265625 0.8426966296874999 0.7216280453125 0.8359550562500001 0.71033868125 0.8247191015625001 0.7052881765625 0.8129213484375001 0.7026143796875 0.794382021875 0.6907308375000001 0.7887640453125 0.682412359375 0.7730337078125 0.6758764109375 0.77977528125 0.6633986921874999 0.7707865171875 0.6378490796875 0.7674157296875 0.6274509796875 0.7870786515625 0.624777184375 0.797752809375 0.6084373140625 0.80168539375 0.616161615625 0.816292134375 0.617944146875 0.832022471875 0.616161615625 0.8387640453125 0.622994653125 0.8426966296874999 0.6286393343750001 0.8533707859374999 0.630421865625 0.8679775281250001 0.6283422453124999 0.87640449375 0.643196671875 0.8831460671875 0.6506238859375 0.8589887640624999 0.6562685687500001 0.8584269656249999 0.6589423640625001 0.8612359546875 0.65656565625 0.893820225 0.6651812234375 0.9033707859375 0.669934640625 0.9157303375 0.6880570406250001 0.9129213484375001 0.682709446875 0.9084269656249999 0.680926915625 0.8893258421875 0.6883541296875 0.87640449375 0.6951871656249999 0.8825842703125 0.6942959 0.91235955 0.7061794421875 0.9157303375 0.715686275 0.9 0.72459893125 0.9033707859375 0.7329174093749999 0.9 0.7367795609375001 0.906179775 0.73559120625 0.927528090625 0.7379679140625 0.9297752812500001 0.74301841875 0.9168539328125 0.751039809375 0.911797753125
0 1 0.893820225 0.9916815203124999 0.8904494375 0.9884135468749999 0.866292134375 0.97653000625 0.8629213484375 0.9682115265625001 0.853932584375 0.9610814015625 0.853932584375 0.945038621875 0.8415730343750001 0.9224598937499999 0.8393258421875001 0.914438503125 0.8488764046874999 0.905525846875 0.9241573031250001 0.9180035656250001 0.9511235953125 0.921568628125 0.9769662921875 0.9257278671875 0.9870786515625 0.9251336890624999 0.993820225 0.9310754609374999 0.9994382015625 0.9376114078125 0.9949438203125001 0.9411764703125 0.9780898875 0.9494949500000001 0.9657303374999999 0.9530600124999999 0.947752809375 0.9610814015625 0.9415730343750001 0.9699940578125 0.922471909375 0.9878193703125 0.9146067421874999 1 0.9219101125 1 0.893820225
0 1 0.619662921875 0.9970291140624999 0.6174157296875 0.9994058234375001 0.6073033703124999 0.9982174687500001 0.567977528125 0.989898990625 0.5342696625000001 0.9904931671874999 0.5252808984375 0.9863339281249999 0.503932584375 0.988116459375 0.44213483125 0.9958407609375 0.3814606734375 1 0.3657303375 0.9997029109375 0.2314606734375 0.99465240625 0.24550561875 0.9887106359375 0.2769662921875 0.9869281046875 0.3050561796875 0.9809863343749999 0.3387640453125 0.979203803125 0.3747191015625 0.9637551984374999 0.48483146093749996 0.9590017828124999 0.50168539375 0.9590017828124999 0.5353932578125 0.9536541890624999 0.5612359546875 0.9536541890624999 0.588202246875 0.9500891265625 0.6174157296875 0.9435531781250001 0.644382021875 0.9429590015624999 0.667977528125 0.9304812828125 0.716292134375 0.9304812828125 0.7252808984375 0.937908496875 0.733707865625 0.9619726671875 0.7432584265625 0.9696969703124999 0.7342696625 0.9702911468750001 0.7028089890625 0.9750445624999999 0.6870786515625 0.9756387406249999 0.6713483140625 0.982768865625 0.6533707859375 0.9845513968749999 0.6297752812499999 0.9878193703125 0.6247191015625 1 0.62640449375 1 0.619662921875
0 0.7745098046875001 0 0.7694592984375 0.0073033703125 0.7641117046875 0.023033707812500002 0.7682709453125 0.044382021875 0.7682709453125 0.057865168749999994 0.7620320859375 0.0595505625 0.759952465625 0.072471909375 0.752525253125 0.0865168546875 0.74480095 0.0910112359375 0.7385620921875 0.10056179843749999 0.7308377890625 0.13089887656250002 0.7207367796875 0.14887640468750002 0.7243018421875 0.16123595468750002 0.72489601875 0.180337078125 0.72133095625 0.1926966296875 0.7225193109375 0.20056179843750002 0.7195484249999999 0.206179775 0.7183600718750001 0.224157303125 0.7225193109375 0.23539325781249998 0.7376708265625 0.210112359375 0.74301841875 0.210112359375 0.7531194296875 0.2191011234375 0.7593582890625 0.18932584218749998 0.7694592984375 0.17808988750000002 0.7477718359375001 0.1730337078125 0.747474746875 0.1567415734375 0.7495543671875 0.15168539375 0.7584670234375 0.1471910109375 0.77332145 0.156179775 0.7878787875000001 0.139887640625 0.79322638125 0.11067415781250001 0.781342840625 0.083707865625 0.783125371875 0.027528090625 0.786690434375 0.012921348437499999 0.7953060015625 0 0.7745098046875001 0
0 0.8419489 0.3848314609375 0.8475935828125 0.3752808984375 0.8520499109375 0.3814606734375 0.8520499109375 0.367977528125 0.8467023171875001 0.35786516874999996 0.851752821875 0.333707865625 0.8475935828125 0.33258427031250004 0.8461081406250001 0.34662921406249997 0.84343434375 0.3494382015625 0.83986928125 0.3471910109375 0.8357100421875 0.33595505625 0.830956625 0.3370786515625 0.819073084375 0.3280898875 0.81491384375 0.31910112343749997 0.8060011890625001 0.3280898875 0.7964943546875001 0.3269662921875 0.79322638125 0.33764045 0.788770053125 0.341573034375 0.7697563875 0.330337078125 0.7667855015625 0.32134831406250003 0.7620320859375 0.317977528125 0.7486631015625 0.3207865171875 0.7468805703125 0.33764045 0.7397504453125 0.352247190625 0.7379679140625 0.3657303375 0.7385620921875 0.38595505625 0.7344028515625001 0.40168539374999995 0.7344028515625001 0.416292134375 0.7376708265625 0.42921348281249994 0.745395128125 0.42584269687500004 0.76084373125 0.4280898875 0.7691622109375 0.4191011234375 0.776292334375 0.43146067343750005 0.7964943546875001 0.43146067343750005 0.8012477718750001 0.4404494375 0.8033273921875 0.43764044999999996 0.8015448609375 0.41516853906250006 0.8039215687500001 0.403932584375 0.8107546046874999 0.39662921406249996 0.816696375 0.39662921406249996 0.8235294124999999 0.408426965625 0.8235294124999999 0.4387640453125 0.828282828125 0.4432584265625 0.8330362453125 0.4353932578125 0.8419489 0.3848314609375
0 0.9768270937500001 0.023033707812500002 0.973856209375 0.016292134375 0.9726678546875 0.0005617984375000001 0.946821153125 0 0.9459298875 0.03764045 0.9753416515625 0.0269662921875 0.9768270937500001 0.023033707812500002