1 0.25078125 0.5796875 0.26796875 0.33046875
1 0.36953125 0.40703125 0.1421875 0.171875
1 0.740625 0.3515625 0.13359375 0.0734375
1 0.92109375 0.46875 0.1578125 0.24296875
1 0.1578125 0.39140625 0.19453125 0.1765625
1 0.06171875 0.50703125 0.121875 0.20703125
1 0.25625 0.27890625 0.09140625 0.090625
1 0.60234375 0.2640625 0.0796875 0.0609375
1 0.40078125 0.19609375 0.07421875 0.05625
1 0.7890625 0.25859375 0.13203125 0.0890625
1 0.9609375 0.26328125 0.078125 0.053125
0 0.8830729171874999 0.9873271890625 0.8981770828125001 0.9723502296875 0.91015625 0.9850230421875 0.9221354171874999 0.9827188937500001 0.9325520828125 0.9930875578125 0.9375 0.9844470046874999 0.9390625 0.974078340625 0.9416666671874999 0.9441244234375 0.940625 0.9095622125 0.93671875 0.90322580625 0.92578125 0.900921659375 0.9200520828125001 0.8940092171874999 0.9143229171874999 0.8790322578125 0.9075520828125001 0.8767281109375 0.8994791671875 0.838133640625 0.8911458328125 0.8266129031249999 0.8921875 0.7978110593750001 0.8984375 0.7851382484375 0.9005208328125001 0.7678571421875 0.90625 0.747119815625 0.90625 0.7206221203125 0.89453125 0.7223502296875 0.8903645828125001 0.705069125 0.8809895828125001 0.705069125 0.8794270828125 0.6947004609375 0.84921875 0.6866359453124999 0.8388020828125 0.6728110593750001 0.83203125 0.6693548390624999 0.8299479171874999 0.658986175 0.81640625 0.6520737328124999 0.8091145828125 0.6382488484375 0.7888020828125 0.6140553 0.7572916671875001 0.5466589859375001 0.721875 0.452188940625 0.7307291671875 0.4302995390625 0.7356770828125 0.4078341015625 0.7205729171875 0.4020737328125 0.7140625 0.411866359375 0.7096354171875 0.48732718906250005 0.703125 0.4775345625 0.7028645828125 0.40437787968750005 0.6981770828125 0.3986175109375 0.6950520828125 0.40322580625000004 0.6903645828125 0.4020737328125 0.6861979171875 0.4135944703125 0.6736979171875 0.4135944703125 0.6703125 0.4095622125 0.6669270828125 0.3790322578125 0.66328125 0.383640553125 0.64453125 0.3790322578125 0.6442708328125 0.3473502296875 0.6591145828125 0.33870967812499997 0.6669270828125 0.3398617515625 0.6677083328125 0.33006912499999996 0.6747395828125 0.3110599078125 0.6908854171875001 0.3087557609375 0.69453125 0.304147465625 0.69765625 0.3087557609375 0.7033854171875 0.3087557609375 0.7161458328125 0.30357142812500004 0.7130208328125 0.2966589859375 0.7130208328125 0.287442396875 0.7091145828125 0.273041475 0.6986979171875001 0.2707373265625 0.6940104171875 0.275345621875 0.68671875 0.26497695781249997 0.68203125 0.26497695781249997 0.67109375 0.253456221875 0.6669270828125 0.263824884375 0.6580729171875 0.26497695781249997 0.6536458328125 0.2609447 0.65625 0.25172811093749997 0.65078125 0.24884792656250002 0.646875 0.2597926265625 0.6473958328125 0.2747695859375 0.63984375 0.3029953921875 0.62109375 0.3087557609375 0.5799479171875 0.3029953921875 0.5653645828125 0.292626728125 0.5606770828125 0.281105990625 0.5502604171875001 0.273041475 0.5450520828125 0.27995391718749996 0.5330729171875 0.275345621875 0.5216145828125 0.29377880156249997 0.51015625 0.2718894015625 0.50234375 0.2718894015625 0.49765625 0.2776497703125 0.48619791718750005 0.2741935484375 0.4752604171875 0.28571428593750003 0.47057291718750005 0.273041475 0.4692708328125 0.287442396875 0.4713541671875 0.31278801875 0.4604166671875 0.34504608281250004 0.4609375 0.365783409375 0.45130208281249995 0.38018433125 0.44713541718750005 0.38018433125 0.44427083281249996 0.3911290328125 0.4453125 0.400345621875 0.45104166718750005 0.40841013750000005 0.4390625 0.411866359375 0.4375 0.4245391703125 0.4390625 0.43375576093749996 0.4359375 0.44527649843750006 0.40833333281249995 0.514400921875 0.40833333281249995 0.520161290625 0.40416666718750005 0.5247695859375 0.3981770828125 0.548387096875 0.38984375 0.5576036859375 0.3846354171875 0.5714285718750001 0.37734375 0.5702764984375001 0.37109375 0.5794930875000001 0.3703125 0.5835253453125 0.37447916718749996 0.5904377875 0.3690104171875 0.6013824890625 0.36276041718749996 0.58525345625 0.359375 0.588133640625 0.359375 0.611175115625 0.3572916671875 0.616935484375 0.35885416718749996 0.627304146875 0.3557291671875 0.634216590625 0.3578125 0.64228110625 0.3533854171875 0.6405529953125 0.3526041671875 0.6526497703125 0.3497395828125 0.658986175 0.3455729171875 0.6555299546875 0.34375 0.6595622125 0.3494791671875 0.6664746546875 0.3479166671875 0.6779953921875 0.35 0.7194700453125 0.33515625 0.7511520734375 0.32864583281250004 0.7574884796875 0.32760416718749996 0.8001152078124999 0.32578125 0.8076036859375 0.3229166671875 0.80126728125 0.3213541671875 0.7655529953125 0.30546875 0.7569124421875 0.3026041671875 0.7402073734375 0.2986979171875 0.7396313359375 0.29609375 0.73271889375 0.29244791718749996 0.73271889375 0.28671875 0.741935484375 0.2825520828125 0.7396313359375 0.2799479171875 0.7453917046874999 0.24088541718749998 0.741935484375 0.23151041718749998 0.752304146875 0.22005208281250002 0.747695853125 0.21380208281250002 0.75 0.1888020828125 0.7373271890625 0.1846354171875 0.7511520734375 0.1809895828125 0.7430875578125 0.1731770828125 0.7465437781250001 0.1690104171875 0.736175115625 0.1640625 0.7459677421875 0.1609375 0.7724654375 0.15703125 0.7776497703125 0.153125 0.7459677421875 0.14921875 0.736175115625 0.1393229171875 0.7315668203125 0.1216145828125 0.7338709671875 0.11875 0.7286866359374999 0.11822916718750001 0.7194700453125 0.121875 0.7114055296874999 0.1171875 0.7056451609375001 0.11614583281249999 0.6630184328125 0.11432291718750001 0.6543778796875 0.1119791671875 0.673387096875 0.10703125 0.6889400921875 0.08984375 0.71082949375 0.08671875 0.71082949375 0.0838541671875 0.7194700453125 0.0822916671875 0.73329493125 0.0848958328125 0.77822580625 0.08255208281250001 0.7880184328125 0.078125 0.7805299546875 0.0739583328125 0.7286866359374999 0.0684895828125 0.7235023046875 0.0450520828125 0.72119815625 0.0359375 0.7033410140624999 0.0338541671875 0.6895161296875 0.0354166671875 0.67569124375 0.0325520828125 0.6705069124999999 0.0283854171875 0.6785714281249999 0 0.706797234375 0.0002604171875 0.9942396312499999 0.3919270828125 0.9942396312499999 0.43151041718750005 0.997695853125 0.434375 0.9902073734375 0.43541666718750005 0.9084101375 0.43828125 0.90322580625 0.44921875 0.9020737328124999 0.45494791718750005 0.8963133640625 0.4692708328125 0.9072580640625001 0.46979166718750004 0.9890553000000001 0.48151041718750004 0.997695853125 0.67421875 0.9942396312499999 0.8713541671874999 0.9971198156250001 0.8747395828125001 0.9884792625 0.8830729171874999 0.9873271890625
0 0.4270833328125 0.2908986171875 0.4296875 0.27822580625 0.4270833328125 0.2505760375 0.4328125 0.24366359375000002 0.4328125 0.235599078125 0.41953125 0.22811059843749998 0.3856770828125 0.2223502296875 0.37265625 0.2292626734375 0.36875 0.24366359375000002 0.3692708328125 0.25172811093749997 0.3825520828125 0.26728110625 0.3856770828125 0.27880184375 0.39609375 0.29032258125 0.40234375 0.3052995390625 0.4057291671875 0.3058755765625 0.41588541718750005 0.304147465625 0.4270833328125 0.2908986171875