1 0.3546875 0.78203125 0.32578125 0.43515625
1 0.22109375 0.53671875 0.16484375 0.1265625
1 0.06796875 0.49921875 0.1359375 0.14765625
1 0.2546875 0.31640625 0.14375 0.06953125
1 0.47109375 0.315625 0.1390625 0.08984375
1 0.75859375 0.3734375 0.11484375 0.13984375
1 0.98515625 0.609375 0.0296875 0.140625
1 0.9640625 0.39765625 0.071875 0.1140625
1 0.04921875 0.34140625 0.0984375 0.121875
1 0.13515625 0.30703125 0.09609375 0.10703125
1 0.55078125 0.378125 0.06640625 0.08828125
1 0.4171875 0.3546875 0.05625 0.0953125
1 0.6046875 0.259375 0.0609375 0.06328125
1 0.84296875 0.309375 0.1203125 0.0671875
1 0.7859375 0.2875 0.08203125 0.05546875
1 0.48359375 0.12109375 0.0375 0.07734375
1 0.2046875 0.08671875 0.0203125 0.06015625
1 0.11953125 0.2140625 0.04765625 0.05546875
1 0.69375 0.25625 0.0890625 0.090625
1 0.68125 0.1796875 0.14375 0.0609375
1 0.0078125 0.75 0.015625 0.11875
1 0.8546875 0.37890625 0.0890625 0.11484375
0 0 0.69379845 0.008145034375 0.6954595796875 0.0120861796875 0.7026578078125 0.0183920125 0.751384275 0.024435103125 0.7652270203125 0.09800315312499999 0.7785160578125 0.1332107203125 0.790697675 0.1379400953125 0.7962347734375 0.14030478125 0.7868217046875 0.1397792953125 0.7679955703125 0.1355754078125 0.719269103125 0.1308460328125 0.6960132890625 0.132422490625 0.6782945734375 0.12979506093749998 0.6705426359375 0.132422490625 0.655038759375 0.13137151875 0.6284606859374999 0.13741460781249998 0.6279069765624999 0.14030478125 0.6627906984374999 0.1445086703125 0.6716500546875 0.150814503125 0.7015503875 0.1492380453125 0.7170542640625001 0.14503415625 0.719269103125 0.14844981562499998 0.7209302328125 0.150814503125 0.7281284609374999 0.14818707343749998 0.7613510515625 0.15712033593750002 0.8920265781250001 0.1660536 0.90199335625 0.17262217500000002 0.8970099671874999 0.19127693125 0.85991140625 0.1844456125 0.7026578078125 0.1883867578125 0.6987818390625 0.1891749875 0.7015503875 0.2004729375 0.8338870437500001 0.20651602656249998 0.8255813953125 0.2162375203125 0.7984496125 0.22122963750000002 0.79457364375 0.21991592187500003 0.788482834375 0.215712034375 0.790697675 0.2112454015625 0.7746400890625 0.20651602656249998 0.6528239203124999 0.21203363125000002 0.6500553703125 0.21544929062499998 0.655038759375 0.21991592187500003 0.708748615625 0.22832370000000002 0.7065337765625 0.243037309375 0.687707640625 0.24724119843749998 0.687707640625 0.24960588593750002 0.6926910296875 0.2517078296875 0.7248062015625 0.23173935937499998 0.7602436328125 0.23357856093749998 0.7685492796875 0.2388334203125 0.766334440625 0.243037309375 0.7541528234375 0.247503940625 0.7524916937499999 0.24881765625000002 0.7397563671875 0.26248029375000004 0.7187153937499999 0.3037309515625 0.6351052046875 0.3021544921875 0.5830564781249999 0.296111403125 0.5526024359374999 0.2919075140625 0.54595791875 0.28560168125 0.54595791875 0.27351550156250004 0.56146179375 0.2577509203125 0.59025470625 0.23147661562500002 0.5891472875 0.2193904359375 0.6046511625 0.19837099375 0.6124031 0.181029953125 0.61129568125 0.1720966890625 0.5891472875 0.1689437734375 0.586932446875 0.15843405156249998 0.5847176078125 0.1452969 0.5891472875 0.1413557546875 0.5830564781249999 0.1376773515625 0.5442967890625 0.12585391562499998 0.53266888125 0.12165002656249999 0.5470653375000001 0.10641092968750002 0.557032115625 0.08906988906249999 0.55370985625 0.06016815625000001 0.5625692140624999 0.033368365625 0.557032115625 0.02758801875 0.5681063125 0.0176037828125 0.5514950171875 0 0.5531561468749999 0 0.69379845
0 0.50919600625 0.632890365625 0.5144508671875 0.6317829453125 0.5181292703125 0.5553709859375 0.5176037828125 0.4944629015625 0.5155018390625 0.4800664453125 0.51156069375 0.4795127359375 0.5063058328125 0.4872646734375 0.5049921171875 0.4700996671875 0.501313715625 0.4557032109375 0.5007882296874999 0.42248062031250005 0.5039411453125 0.4136212625 0.49842354218749996 0.40753045468750004 0.49054125 0.40863787343749997 0.48633736250000004 0.44186046562500003 0.4834471890625 0.4136212625 0.48108250156250004 0.40753045468750004 0.462165003125 0.40310077499999997 0.45323173906249997 0.3931339984375 0.4474513921875 0.3942414171875 0.445612190625 0.3970099671875 0.452968996875 0.409191584375 0.4561219125 0.4302325578125 0.4555964265625 0.45681063125000004 0.44009458749999997 0.4839424140625 0.42538097812500003 0.4795127359375 0.41460851249999997 0.44905869374999996 0.413557540625 0.42691029843750006 0.41066736718749997 0.413067553125 0.40541250624999997 0.4108527125 0.4033105625 0.4053156140625 0.39174986875 0.420819490625 0.3901734109375 0.4053156140625 0.37572254374999997 0.3970099671875 0.37624802968750004 0.3726467328125 0.386232265625 0.3560354375 0.393063584375 0.3228128453125 0.38465580625 0.3150609078125 0.386232265625 0.3084163890625 0.3851812921875 0.2829457359375 0.38938518125 0.27630121875 0.391487125 0.2641196015625 0.3901734109375 0.2580287921875 0.3759852859375 0.2613510515625 0.3681029953125 0.24584717656250002 0.349185496875 0.24584717656250002 0.34550709375 0.23698781875 0.34130320468750003 0.2347729796875 0.3276405671875 0.23698781875 0.3263268515625 0.2563676640625 0.33420914375 0.26965669999999997 0.3368365734375 0.28626799531249997 0.3378875453125 0.2984496125 0.33552285937500004 0.3156146171875 0.32238570625 0.32668881562499996 0.30872306875 0.32447397499999997 0.298213346875 0.327796234375 0.275617446875 0.3444075296875 0.247766684375 0.3466223703125 0.2459274828125 0.3549280171875 0.24645296874999997 0.3903654484375 0.2435627953125 0.40310077499999997 0.240672621875 0.36378737499999997 0.23620599062499997 0.3532668875 0.2343667890625 0.360465115625 0.23489227499999998 0.388150609375 0.2320021015625 0.3942414171875 0.2301629 0.3660022140625 0.22517078281249997 0.34883720937499996 0.22044140781250002 0.34551495 0.1873357859375 0.34551495 0.1805044671875 0.3377630125 0.1689437734375 0.34551495 0.15685759375 0.33887043125 0.127955859375 0.356589146875 0.10956384687500001 0.355481728125 0.09747766718749999 0.36766334375 0.07856016875 0.36766334375 0.0591171828125 0.37541528281250003 0.05596426718750001 0.3720930234375 0.038097740625 0.3720930234375 0.033368365625 0.38870431875 0.0223331578125 0.4008859359375 0 0.402547065625 0.00026274375 0.45736434062500003 0.0155018390625 0.4507198234375 0.035470309374999995 0.435215946875 0.053862321874999994 0.43078626875000003 0.0591171828125 0.420819490625 0.06437204375 0.4186046515625 0.0985286390625 0.4230343296875 0.10220704218750001 0.4318936875 0.1263794015625 0.44075304531250004 0.13137151875 0.446843853125 0.135049921875 0.46345515 0.1355754078125 0.474529346875 0.1334734625 0.4800664453125 0.1379400953125 0.5171650062500001 0.14266946875 0.513842746875 0.16106148125 0.481727575 0.183394640625 0.4712070875 0.1823436671875 0.46345515 0.18497109843749998 0.45681063125000004 0.18497109843749998 0.44905869374999996 0.1812926953125 0.4080841640625 0.1749868625 0.3970099671875 0.1765633203125 0.3726467328125 0.183131896875 0.3654485046875 0.1873357859375 0.366555925 0.19127693125 0.380398671875 0.1886495015625 0.4080841640625 0.192327903125 0.46345515 0.1957435625 0.47286821718749994 0.2356805046875 0.4739756375 0.23935890624999998 0.4651162796875 0.259327378125 0.46179402031250005 0.265107725 0.4761904765625 0.28560168125 0.47729789531250005 0.289017340625 0.47231450781250006 0.28586442500000003 0.45681063125000004 0.2884918546875 0.44795127343749996 0.2884918546875 0.4047619046875 0.29033105625 0.39645625624999997 0.2945349453125 0.39645625624999997 0.29532317343750003 0.4125138421875 0.298213346875 0.420819490625 0.3108250125 0.41749723124999993 0.323962165625 0.42524916875 0.3263268515625 0.4302325578125 0.32448765156250003 0.4440753046875 0.3137151859375 0.45348837187499996 0.30793483906249997 0.47231450781250006 0.3058328953125 0.4944629015625 0.3105622703125 0.605204871875 0.3139779296875 0.6157253593750001 0.34077771874999996 0.56146179375 0.3851812921875 0.5609080843750001 0.3867577515625 0.5553709859375 0.3867577515625 0.4689922484375 0.386232265625 0.43798449687499996 0.3841303203125 0.4302325578125 0.38859695156249996 0.42414175 0.38938518125 0.43798449687499996 0.3925380984375 0.445736434375 0.3899106671875 0.5155038765625 0.391487125 0.5564784046875 0.3938518125 0.5636766328125 0.3985811875 0.5669988921875 0.4048870203125 0.5636766328125 0.482658959375 0.5736434109374999 0.48607461875 0.60077519375 0.4913294796875 0.611849390625 0.4866001046875 0.6173864890625 0.48502364687500005 0.6306755265625 0.4818707296875 0.636212625 0.4818707296875 0.653931340625 0.4900157640625 0.6600221484375 0.5028901734375 0.6594684390625 0.506043090625 0.6572535984375001 0.50919600625 0.632890365625
0 1 0.48560354375000003 0.9950078828125 0.4839424140625 0.9884393062499999 0.47231450781250006 0.9823962171874999 0.44629014375000003 0.9655806625000001 0.43632336718750003 0.9561219124999999 0.43743078593750007 0.952968996875 0.45736434062500003 0.941408303125 0.45404208125 0.9351024703125 0.44739756406250003 0.9282711515625 0.44850498281249995 0.92616920625 0.45736434062500003 0.9259064640625001 0.446843853125 0.9335260109375 0.44629014375000003 0.9343142406249999 0.439091915625 0.927482921875 0.4213732 0.9259064640625001 0.394795128125 0.9164477140624999 0.3826135109375 0.918286915625 0.37320044218750004 0.9264319499999999 0.3648947953125 0.9188124015625 0.355481728125 0.9125065687499999 0.356589146875 0.9106673671875001 0.3615725359375 0.9117183390625 0.380398671875 0.9064634781249999 0.4335548171875 0.9019968468749999 0.445182725 0.8970047296875 0.4401993359375 0.8946400421874999 0.41749723124999993 0.890436153125 0.43078626875000003 0.8825538625 0.4263565890625 0.8657383078124999 0.428571428125 0.851550184375 0.42524916875 0.8431424062499999 0.43743078593750007 0.830530740625 0.439645625 0.8281660531249999 0.445736434375 0.8244876515625 0.48560354375000003 0.8244876515625 0.49667774062500003 0.8281660531249999 0.5077519374999999 0.8292170249999999 0.521040975 0.8279033109375 0.5260243625000001 0.8163426171875001 0.5304540421875 0.8055701531249999 0.521040975 0.807672096875 0.5011074203125 0.8124014718750001 0.49335548124999995 0.8139779296875 0.48117386562500003 0.8118759859375 0.446843853125 0.8084603265625001 0.4263565890625 0.798476090625 0.43632336718750003 0.768523384375 0.4263565890625 0.76484498125 0.4186046515625 0.7622175515625 0.42524916875 0.7538097734375 0.4318936875 0.7369942203125001 0.428571428125 0.71439831875 0.4197120703125 0.7101944296875 0.4053156140625 0.7067787703125 0.405869325 0.705990540625 0.4197120703125 0.7052023125 0.39922480625 0.69810825 0.3975636765625 0.6862848140625 0.4158361015625 0.685759328125 0.431339978125 0.6815554390624999 0.445736434375 0.6789280078125 0.48228128437500006 0.6749868625000001 0.48837209374999996 0.6736731484375 0.4800664453125 0.6757750921875 0.4700996671875 0.671571203125 0.4501661125 0.6707829750000001 0.4152823921875 0.6686810296875 0.4263565890625 0.65922228125 0.420819490625 0.6558066218749999 0.42691029843750006 0.6542301625 0.43576965625 0.655281134375 0.4700996671875 0.6458223859375 0.488925803125 0.6445086703125 0.49723145 0.6329479765625 0.49612403125000004 0.6229637421875001 0.4761904765625 0.61534419375 0.48117386562500003 0.6119285343749999 0.5016611296875 0.608512875 0.4800664453125 0.6003678406249999 0.4739756375 0.595901209375 0.46234772968750004 0.5964266953124999 0.4302325578125 0.5940620078125 0.42524916875 0.56200735625 0.4163898125 0.5488702046875 0.4197120703125 0.544929059375 0.4291251390625 0.5491329484375 0.46124030937500005 0.5454545453125 0.474529346875 0.533631109375 0.485049834375 0.525486075 0.48338870468749995 0.52285864375 0.5454042078125 0.5239096156249999 0.6317829453125 0.5257488171875 0.6389811734374999 0.545191803125 0.633444075 0.5496584343750001 0.640642303125 0.5522858640625 0.669435215625 0.5486074624999999 0.7070874859375 0.55543878125 0.7248062015625 0.55307409375 0.7353266890625 0.549395690625 0.729789590625 0.5465055171875 0.741417496875 0.542827115625 0.8466223703125 0.535995796875 0.920819490625 0.5344193374999999 0.9894795125 0.5415134 0.9955703218749999 0.5675249609375 0.9961240312499999 0.9603258015625 0.9955703218749999 0.9750394109375 0.9933554812500001 0.9923804515624999 0.9833887046875001 0.9936941671874999 0.9750830562499999 0.9774040984375001 0.93078626875 0.9779295843750001 0.9163898125 0.9831844453125 0.90199335625 0.9774040984375001 0.8864894796874999 0.9774040984375001 0.8665559249999999 0.9805570156250001 0.8532668875 0.982658959375 0.826688815625 0.9876510765625 0.8194905875 1 0.8156146171875 1 0.6749723140625 0.9960588546875 0.665559246875 0.9808197578125 0.6500553703125 0.975564896875 0.6489479515625 0.971098265625 0.6373200437500001 0.971098265625 0.6184939093749999 0.9726747234375 0.5985603546875 0.9768786125 0.5885935765625 0.9732002109375 0.5631229234374999 0.985023646875 0.550387596875 1 0.547619046875 1 0.48560354375000003
0 0.899894903125 0.3433001109375 0.8928008406249999 0.3427464015625 0.8928008406249999 0.33056478437500003 0.8909616390625 0.32668881562499996 0.8602207046875 0.33056478437500003 0.8631108781249999 0.3377630125 0.8751970578125 0.3466223703125 0.9001576453125001 0.3482835 0.9017341046875 0.34606865937500003 0.899894903125 0.3433001109375
0 0.9942196531249999 0.290697675 0.9910667375 0.3073089703125 0.9844981609375001 0.3222591359375 0.9766158703125001 0.3222591359375 0.9679453499999999 0.2984496125 0.9684708359374999 0.280730896875 0.9587493437499999 0.2724252484375 0.9456121906250001 0.27353266875000004 0.9335260109375 0.269102990625 0.9146085125000001 0.2790697671875 0.911192853125 0.2851605765625 0.9096163953125 0.301771871875 0.90541250625 0.3139534890625 0.9062007359375001 0.32668881562499996 0.908828165625 0.320044296875 0.9235417765625 0.3222591359375 0.9508670515625001 0.3377630125 0.9682080921875 0.3355481734375 0.9734629531250001 0.34883720937499996 1 0.3504983390625 0.998686284375 0.2901439640625 0.9942196531249999 0.290697675
0 0.7052023125 0.3073089703125 0.7033631109375 0.3045404203125 0.67761429375 0.29789590312500003 0.6550183921875 0.2801771875 0.6424067265625 0.283499446875 0.639253809375 0.287929125 0.6318970046875 0.28128460624999996 0.5846032578125 0.2724252484375 0.5614818703125 0.25913621249999996 0.5504466625 0.25913621249999996 0.5396741984375 0.2652270203125 0.5420388859374999 0.3001107421875 0.565423015625 0.30509413125 0.5646347875 0.3156146171875 0.5415134 0.31007751875 0.54125065625 0.31838316718750004 0.5457172890625 0.32336655625 0.577246453125 0.32668881562499996 0.5801366265625 0.3228128453125 0.579611140625 0.3117386484375 0.5846032578125 0.305647840625 0.5882816609375 0.312292359375 0.6182343671874999 0.31339977812500003 0.635049921875 0.3211517171875 0.639253809375 0.31450719843749997 0.64083026875 0.3211517171875 0.671833946875 0.327796234375 0.6870730421875 0.3355481734375 0.694692590625 0.344961240625 0.7052023125 0.316168328125 0.7052023125 0.3073089703125