1 0.31171875 0.225 0.07578125 0.11328125
1 0.85078125 0.3265625 0.0859375 0.0984375
1 0.74921875 0.721875 0.07109375 0.090625
1 0.8125 0.63125 0.08828125 0.1375
1 0.05390625 0.19296875 0.08359375 0.13515625
1 0.31171875 0.44609375 0.0609375 0.11796875
1 0.1625 0.29921875 0.09140625 0.1203125
1 0.034375 0.04140625 0.06875 0.0796875
1 0.415625 0.346875 0.06796875 0.07890625
1 0.64296875 0.78828125 0.09140625 0.125
1 0.57890625 0.84453125 0.0796875 0.12578125
1 0.44921875 0.9453125 0.0984375 0.109375
1 0.153125 0.58046875 0.06796875 0.09375
1 0.5578125 0.25234375 0.06484375 0.06796875
1 0.615625 0.32265625 0.05078125 0.06953125
1 0.54609375 0.3609375 0.065625 0.09140625
1 0.09296875 0.81875 0.06875 0.09296875
1 0.66875 0.4234375 0.0640625 0.07421875
0 0.6298922296875 0.7262313859375 0.639534884375 0.7250859109375 0.6415201359375 0.721076746875 0.64038570625 0.6958762890625 0.62762336875 0.6930126 0.6236528640625 0.6861397484375 0.612308565625 0.6953035515625 0.6103233125 0.7371134015624999 0.6131593875 0.740549828125 0.620249575 0.7376861390625 0.6298922296875 0.7262313859375
0 0.8615995468750001 0.2720504015625 0.8587634718749999 0.23081328750000002 0.8545093593749999 0.2176403203125 0.8468519562499999 0.21134020625 0.843732275 0.1970217640625 0.8391945546875 0.19587628906250001 0.8355076578125 0.21363115625 0.8411798078125001 0.221649484375 0.834373228125 0.2674685 0.8298355078125 0.278923253125 0.8363584796874999 0.2829324171875 0.85536018125 0.2823596796875 0.860181509375 0.280641465625 0.8615995468750001 0.2720504015625
0 0.4231423703125 0.895189003125 0.4231423703125 0.8871706765624999 0.4186046515625 0.873424971875 0.4203062953125 0.86311569375 0.41888825937499996 0.854524628125 0.4081111734375 0.845360825 0.40414066875000004 0.8522336765625 0.39222915468749997 0.8510882015625001 0.3896766875 0.8550973656249999 0.389109471875 0.8791523484375 0.37691435 0.8923253156250001 0.376063528125 0.9054982812500001 0.3837209296875 0.9175257734375 0.388825865625 0.9163802984375 0.39307997656250004 0.9215349375 0.41548496874999996 0.9072164953125 0.4231423703125 0.895189003125
0 0.3182076 0.6019473078125 0.325865003125 0.588774340625 0.3338060125 0.586483390625 0.3451503125 0.605956471875 0.3519568921875 0.6013745703125 0.36103233125 0.5704467359375001 0.3808848546875 0.548682703125 0.38287010781249997 0.5400916375 0.3913783328125 0.5274914093749999 0.39449801406249996 0.5074455906249999 0.4066931359375 0.5034364265625 0.40726035156249996 0.45761741093749997 0.40414066875000004 0.4455899203125 0.391945546875 0.4369988546875 0.3913783328125 0.4198167234375 0.38825865 0.4100801828125 0.379750425 0.4077892328125 0.3743618828125 0.42325315 0.37379466875 0.508018328125 0.3712422015625 0.51775486875 0.36103233125 0.5234822453125 0.35706182656249996 0.5349369984375001 0.344583096875 0.53722795 0.3411798078125 0.5647193578125 0.32983550781250004 0.5635738828125 0.332955190625 0.5549828171875 0.3295519 0.5515463921875 0.32274532031250003 0.530927834375 0.32217810625 0.5148911796875 0.3139534890625 0.51775486875 0.310266590625 0.5423825890625 0.310266590625 0.5630011453125 0.295802609375 0.5647193578125 0.2898468515625 0.5710194734375 0.294384571875 0.5836197015625 0.29381735625 0.5927835046875 0.2898468515625 0.6019473078125 0.291548496875 0.626002290625 0.2989222921875 0.6305841921875001 0.3105501984375 0.625429553125 0.3182076 0.6019473078125
0 0.6885989796875001 0.98224513125 0.6764038578125 0.969072165625 0.6693136703125 0.9524627718750001 0.667612025 0.9398625421875 0.6715825296875 0.9203894609375001 0.68491208125 0.8969072171875 0.71781055 0.8980526921875001 0.7345433921875 0.9501718218749999 0.7376630750000001 0.9862542953125001 0.7416335796875 0.97938144375 0.745604084375 0.9862542953125001 0.7575155984374999 0.9770904921874999 0.7716959734375 0.9782359671874999 0.7748156546875 0.9639175249999999 0.7819058421875 0.9507445593750001 0.79098128125 0.9473081328124999 0.80657969375 0.9272623140625 0.8082813390625001 0.9180985109375 0.804310834375 0.9112256593750001 0.8054452640624999 0.90320733125 0.8003403296875 0.8883161515625 0.8003403296875 0.8780068734375 0.8017583671875 0.8717067578125001 0.8082813390625001 0.86426116875 0.808848553125 0.8390607109375001 0.805728871875 0.8304696453125 0.7926829265625 0.8213058421874999 0.787294384375 0.8069874 0.7838910953125 0.7680412375000001 0.7844583093749999 0.7565864828125 0.7875779921875 0.75143184375 0.7847419171875 0.74914089375 0.76488939375 0.7674685 0.7569483828125 0.7663230234375 0.75354509375 0.7720504015625 0.749858196875 0.797823596875 0.7495745890625 0.8178694156249999 0.71781055 0.8235967921875 0.7274532046875 0.82817869375 0.7339761765625 0.836769759375 0.7368122515625 0.856242840625 0.7308564953125 0.8636884312499999 0.7251843453125 0.8625429546875001 0.71781055 0.8487972515625 0.6945547359375001 0.845360825 0.692569484375 0.8402061859375 0.6931366984375 0.8230240546875001 0.69058423125 0.8178694156249999 0.6871809421874999 0.8396334484375 0.6576857625 0.8510882015625001 0.656267725 0.856242840625 0.6636415203125 0.8699885453125 0.6630743046875 0.8780068734375 0.65598411875 0.8831615125000001 0.6429381734375 0.8797250859375 0.63045944375 0.8888888890625 0.6250709015625 0.9180985109375 0.6247872937500001 0.94387170625 0.6222348265625001 0.94215349375 0.6230856499999999 0.8865979375 0.6185479296875 0.8843069874999999 0.61174135 0.8911798390625 0.5964265453125 0.895761740625 0.5950085078125 0.9112256593750001 0.6020986953125 0.9186712484375 0.6080544531250001 0.934135165625 0.6080544531250001 0.9478808703125001 0.6049347703125 0.954180984375 0.5964265453125 0.953035509375 0.59444129375 0.9753722796875 0.5805445265625 0.97938144375 0.577992059375 0.9902634593749999 0.586783890625 0.9977090499999999 0.60039705 0.9862542953125001 0.609472490625 0.9862542953125001 0.6185479296875 0.9954180984375001 0.63613159375 0.9919816718750001 0.6429381734375 0.9977090499999999 0.6576857625 0.9942726234375 0.6633579125 0.9988545249999999 0.68349404375 0.9982817875000001 0.6880317640625 0.9902634593749999 0.6885989796875001 0.98224513125
0 0.41520136093750004 0.13459335625 0.4044242765625 0.11626574999999999 0.4066931359375 0.103665521875 0.400453771875 0.09679266875 0.40130459375000005 0.0916380296875 0.41208167968750004 0.0801832765625 0.4180374359375 0.087628865625 0.4200226890625 0.09851088125 0.4359047078125 0.09507445625 0.44186046562500003 0.087628865625 0.43845717500000003 0.0704467359375 0.4313669875 0.0549828171875 0.40470788437499994 0.029782359375 0.39222915468749997 0.046964490625 0.390243903125 0.05670103125 0.3936471921875 0.0738831609375 0.3942144078125 0.10481099687499999 0.40243902499999995 0.11225658593750001 0.403289846875 0.1197021765625 0.399035734375 0.13631156875 0.39166194062500004 0.1386025203125 0.38825865 0.1168384875 0.3806012484375 0.13573883125 0.3800340328125 0.1540664375 0.373227453125 0.1586483390625 0.3771979578125 0.163230240625 0.41236528593750005 0.143757159375 0.41520136093750004 0.13459335625
0 0.01304594375 0.3144329890625 0.012478729687499999 0.28923253125000004 0.008508225 0.2857961046875 0.0198525234375 0.27777777812500004 0.0082246171875 0.2646048109375 0.005104934375 0.268613975 0.007941009374999999 0.2857961046875 0 0.2949599078125 0.0011344296875 0.35452462812499996 0.024390243750000002 0.33390607031249997 0.01304594375 0.3144329890625
0 0.0918888265625 0.261741121875 0.0933068640625 0.2256586484375 0.0785592734375 0.22107674687499998 0.07458876875 0.24398625468750001 0.06608054375 0.2428407796875 0.0632444703125 0.2474226796875 0.0496313109375 0.24398625468750001 0.043959160937500005 0.25085910624999996 0.0354509359375 0.2531500578125 0.0346001140625 0.2663230234375 0.0311968234375 0.26975945 0.0785592734375 0.26231386093750003 0.0828133859375 0.2674685 0.082246171875 0.296105384375 0.086783890625 0.3018327609375 0.08791832031249999 0.276632303125 0.0918888265625 0.261741121875
0 0.158252978125 0.2342497140625 0.16477595 0.2268041234375 0.17101531406249998 0.2279495984375 0.184061259375 0.2531500578125 0.1903006234375 0.2359679265625 0.21185479218749997 0.2073310421875 0.2161089046875 0.21248568125 0.2166761203125 0.222794959375 0.21979580312500002 0.23024055 0.2311401015625 0.23024055 0.23652864375 0.221649484375 0.2387975046875 0.2044673546875 0.24305161718749999 0.1981672390625 0.24758933593750002 0.1981672390625 0.2495745890625 0.2044673546875 0.251276234375 0.21592210781249999 0.2490073734375 0.2239404359375 0.251276234375 0.2365406640625 0.262904140625 0.24513172968750002 0.26545660781249997 0.2365406640625 0.26545660781249997 0.2044673546875 0.26205331875 0.182703321875 0.2631877484375 0.1506300109375 0.257231990625 0.1374570453125 0.2396483265625 0.13287514375 0.23482699999999998 0.163230240625 0.2317073171875 0.1683848796875 0.2203630171875 0.154639175 0.2129892234375 0.163802978125 0.2078842875 0.1592210765625 0.205615428125 0.161512028125 0.20221213906250002 0.17411225624999999 0.1982416328125 0.17296678125 0.19625638125 0.1609392890625 0.1937039140625 0.1580756015625 0.17441860468749998 0.1580756015625 0.16988088437499999 0.162657503125 0.156834940625 0.1603665515625 0.15428247343749998 0.1701030921875 0.1491775390625 0.17583047031250001 0.1520136125 0.1975945015625 0.13471355625 0.21305841874999998 0.1273397625 0.1993127140625 0.10578559218750001 0.1855670109375 0.0947249 0.199885453125 0.0935904703125 0.2250859109375 0.106636415625 0.25028636875 0.11315938750000001 0.2726231390625 0.12195121874999999 0.27777777812500004 0.1551332953125 0.2554410078125 0.158252978125 0.2342497140625
0 0.2660238234375 0.372852234375 0.2711287578125 0.36483390625 0.26829268281249996 0.3419243984375 0.2711287578125 0.32474226875 0.2861599546875 0.3069874 0.3026091890625 0.3046964484375 0.30402722656250003 0.3006872859375 0.29948950625 0.2857961046875 0.3142370953125 0.27777777812500004 0.3054452640625 0.2726231390625 0.290130459375 0.2817869421875 0.2748156546875 0.24856815625 0.2674418609375 0.24169530312499998 0.26545660781249997 0.2445589921875 0.2665910375 0.258304696875 0.25921724375 0.27777777812500004 0.26091888750000003 0.2857961046875 0.25212705625 0.2909507453125 0.23936471875 0.32474226875 0.2538287015625 0.3447880875 0.2595008515625 0.3619702171875 0.2637549625 0.36483390625 0.25978445781250004 0.372852234375 0.265740215625 0.375715921875 0.26715825312499997 0.38659793750000004 0.2705615421875 0.3820160359375 0.2660238234375 0.372852234375
0 0.3235961421875 0.36426116875000003 0.3406125921875 0.3528064140625 0.353091321875 0.356242840625 0.35706182656249996 0.3505154640625 0.3533749296875 0.3316151203125 0.3406125921875 0.32760595625 0.3372093015625 0.334478809375 0.33267158281250003 0.335624284375 0.3252977875 0.3310423828125 0.3213272828125 0.3207331046875 0.308848553125 0.316151203125 0.30289279687500004 0.34994272656250003 0.30346001093749997 0.3705612828125 0.3054452640625 0.38029782343749996 0.3182076 0.393470790625 0.32047646093750004 0.3717067578125 0.3235961421875 0.36426116875000003
0 0.9815655140624999 0.69072165 0.9926262046875 0.6821305843750001 0.9909245609375 0.6569301265624999 0.9977311406249999 0.6340206187499999 0.9937606359375 0.626002290625 0.9937606359375 0.6156930125 0.9957458875 0.6082474234374999 1 0.6053837343749999 0.9997163921875 0.5899198171875 0.9897901296875 0.6019473078125 0.9886557 0.6099656359375001 0.9909245609375 0.6214203890625 0.9889393078125 0.625429553125 0.971922859375 0.626575028125 0.9690867843750001 0.6197021765625 0.9551900171875 0.63516609375 0.9529211578125001 0.642038946875 0.953488371875 0.6580756015625 0.9498014749999999 0.662084765625 0.9452637546875 0.6597938140624999 0.9373227453125 0.6884306984374999 0.9271128750000001 0.6964490265625 0.9208735109375 0.6930126 0.9154849687500001 0.6970217640625 0.9203062953125001 0.721649484375 0.9333522406249999 0.7250859109375 0.9378899609375001 0.7319587624999999 0.9495178671875 0.7359679265625 0.9730572890625 0.71019473125 0.9815655140624999 0.69072165