1 0.109375 0.91328125 0.21875 0.1734375
1 0.32890625 0.69453125 0.23359375 0.25
1 0.5984375 0.4140625 0.13203125 0.1484375
1 0.584375 0.30234375 0.1984375 0.09375
1 0.36171875 0.3609375 0.14375 0.12265625
1 0.45859375 0.20078125 0.0734375 0.109375
0 0 0.7837653484375 0.02144659375 0.7885402453125 0.026913371874999998 0.79604365625 0.023969721875 0.799454296875 0.00042052187499999995 0.792633015625 0.00042052187499999995 0.8240109140625 0.00883095 0.8267394265625001 0.0172413796875 0.84856753125 0.08242220312500001 0.86834925 0.1240538265625 0.8349249656250001 0.1177460046875 0.8287858124999999 0.11900756875 0.8253751703125 0.14676198437500002 0.8281036828125 0.1610597140625 0.8240109140625 0.1799831796875 0.79604365625 0.17830109375 0.7851296046875 0.18124474375 0.78035470625 0.2317073171875 0.792633015625 0.224558453125 0.7360163703125 0.217830109375 0.7087312421874999 0.2342304453125 0.687585265625 0.2712363328125 0.6562073671875 0.272497896875 0.6500682125 0.2502102609375 0.645293315625 0.2434819171875 0.6384720328125 0.23591253124999997 0.6412005453125 0.22539949531249998 0.6268758531249999 0.224558453125 0.6050477484375001 0.2190916734375 0.5852660296875001 0.18460891562499998 0.577080490625 0.15769554218749998 0.6030013640624999 0.15349032812500002 0.5989085953125 0.128259040625 0.63028649375 0.060975609374999996 0.6848567531249999 0.0542472671875 0.6971350609375 0.0416316234375 0.7025920875 0.034482759375 0.7182810374999999 0.035744323437499996 0.724420190625 0.0508830953125 0.7339699859375 0.0744322953125 0.7394270125 0.07821698906249999 0.7141882671875 0.0870479390625 0.6984993171875 0.0929352390625 0.6957708046875 0.13835155625 0.7107776265625 0.165264928125 0.7135061390625 0.169049621875 0.706002728125 0.1640033640625 0.6869031375 0.1732548359375 0.665075034375 0.186711521875 0.6555252390625 0.1883936078125 0.6364256484374999 0.19722455781249998 0.6234652109375001 0.2106812453125 0.6207366984375 0.217830109375 0.6309686218749999 0.217830109375 0.6446111875 0.2094196796875 0.662346521875 0.2094196796875 0.6978171890625 0.20479394375 0.7025920875 0.199327165625 0.6759890859375 0.1909167375 0.6746248296874999 0.1791421359375 0.7128240109374999 0.1766190078125 0.7319236015625 0.1791421359375 0.7455661671875 0.1677880578125 0.7844474765625 0.11732548437500001 0.7858117328125 0.1063919265625 0.7708049109374999 0.0912531546875 0.762619371875 0.055088309375 0.7571623468750001 0.0441547515625 0.7489768078125 0 0.738744884375 0 0.7837653484375
0 1 0.317871759375 0.9322960468750001 0.30627557968749997 0.9179983171874999 0.31173260625 0.8994953750000001 0.31036834999999996 0.8940285953125 0.3055934515625 0.8940285953125 0.26193724375 0.9070647609375 0.259890859375 0.9150546671875001 0.2482946796875 0.9125315390625 0.2182810375 0.9243061390625 0.1909959078125 0.922933925 0.1618226953125 0.9011774593749999 0.16439290625 0.8893037671874999 0.174217490625 0.8877207734375 0.19577080468750002 0.8414634140624999 0.2326057296875 0.825904121875 0.278308321875 0.804353071875 0.3021604203125 0.8025187046875001 0.316538428125 0.7948754874999999 0.329924775 0.78417498125 0.33488269375 0.773168753125 0.3452943140625 0.772497896875 0.38540245624999997 0.7687132046875 0.3969986359375 0.763246425 0.40040927656249997 0.7439024390625 0.3949522515625 0.7407615140625 0.35620175781249996 0.7502102609375 0.3260572984375 0.745164003125 0.312414734375 0.7468460890624999 0.29058662968750004 0.7531539109375001 0.2817189625 0.766610596875 0.27762619375 0.7691337265625 0.259890859375 0.796888140625 0.257162346875 0.8036164843750001 0.2762619375 0.8120269140625 0.2762619375 0.8183048218750001 0.264557859375 0.82169890625 0.2551159625 0.81665265 0.2482946796875 0.816232128125 0.23942701249999998 0.8192220171875 0.23282721093749997 0.8348142 0.23530617031249998 0.8397058328125 0.22588607968750002 0.79520605625 0.2285129609375 0.7834314546875001 0.22714870468749998 0.7439024390625 0.224420190625 0.7464255671875 0.218963165625 0.7996553984375 0.2139870875 0.8317569140625001 0.2120039125 0.8414634140624999 0.20259208750000002 0.8525464749999999 0.20060070312499997 0.8546865671875 0.189693278125 0.8617183359375 0.1683742328125 0.868750059375 0.1614331390625 0.8364171578124999 0.1575716234375 0.6602186718749999 0.1405184171875 0.656433978125 0.1384720328125 0.5967199328125 0.12482946718750002 0.5925147187500001 0.13028649375 0.5773759468749999 0.1289222375 0.5689655171875 0.1180081859375 0.563919259375 0.1221009546875 0.5660218671874999 0.11459754375 0.56139613125 0.112551159375 0.5546677875 0.1166439296875 0.54962153125 0.112551159375 0.545416315625 0.13028649375 0.515979815625 0.13301500625 0.51471825 0.1446111875 0.5079899078125 0.1527967265625 0.5382573390625 0.1564752203125 0.549875028125 0.1723405640625 0.5593526125 0.192668040625 0.5611869921875 0.2209281609375 0.6626889265625 0.21547449687500003 0.7371740953125 0.224420190625 0.7134398875 0.23282721093749997 0.7146628078124999 0.2402640890625 0.7284206 0.25265888593749997 0.7372867375000001 0.287364296875 0.733923703125 0.3071959703125 0.7228763671875 0.336289221875 0.7161480234375001 0.3499317875 0.69007569375 0.34856753125 0.6867115218750001 0.3594815828125 0.6715727499999999 0.3594815828125 0.671993271875 0.4201909953125 0.6627417999999999 0.4420191 0.6345668625 0.4740791265625 0.6278385203125 0.46452933124999995 0.6236333046875 0.4740791265625 0.6118587046874999 0.47680763906249995 0.604709840625 0.4911323328125 0.6051303609375001 0.49727148750000005 0.5996635828125 0.496589359375 0.601766190625 0.4904502046875 0.595037846875 0.49727148750000005 0.58662741875 0.49727148750000005 0.5782169890625 0.4904502046875 0.5260723296875 0.4877216921875 0.51850294375 0.482264665625 0.502523128125 0.483628921875 0.4041211109375 0.45907230625000006 0.3772077375 0.45907230625000006 0.3603868796875 0.45361527968750004 0.3578637515625 0.448158253125 0.3536585359375 0.4508867671875 0.34608914999999996 0.44270122812499996 0.32758620625 0.446793996875 0.3137089984375 0.42974079062500004 0.30992430625 0.407230559375 0.3015138765625 0.4126875859375 0.2989907484375 0.42087312343749994 0.28174936875 0.41200545625 0.2825904125 0.38744884062499996 0.27880571875000004 0.3581173265625 0.2594617328125 0.370395634375 0.24264087499999998 0.3608458390625 0.23591253124999997 0.3622100953125 0.2283431453125 0.374488403125 0.2106812453125 0.374488403125 0.20395290156249998 0.37175989062500003 0.196383515625 0.35675307031250003 0.1888141296875 0.35402455625 0.1786627234375 0.34801650156249997 0.053313951562499996 0.44122538593750005 0.027333893749999998 0.45361527968750004 0 0.466575715625 0.00042052187499999995 0.5122783078125 0.0071488640625 0.5095497953125 0.0164003359375 0.49181446093750003 0.023969721875 0.48908594843750003 0.0437342296875 0.521145975 0.0428931875 0.5320600265625 0.035744323437499996 0.5409276937499999 0.01555929375 0.5395634375 0.00883095 0.5504774890624999 0 0.552523875 0.0012615640625000001 0.7237380625000001 0.019764507812500002 0.7169167796875 0.0298570234375 0.6937244203125 0.037426409375000004 0.6909959078125001 0.0500420515625 0.6746248296874999 0.07106812500000001 0.662346521875 0.0811606390625 0.6473397000000001 0.1156433984375 0.6173260578125 0.1333052984375 0.610504775 0.13835155625 0.5995907234375 0.15517241406249999 0.5859481578125 0.1610597140625 0.57366985 0.16947014375 0.57366985 0.1728343140625 0.5654843109375001 0.1820857859375 0.5627557984375 0.1997476875 0.5654843109375001 0.208158115625 0.553206003125 0.21572750156249998 0.551841746875 0.2199327171875 0.5409276937499999 0.2342304453125 0.53547066875 0.239276703125 0.5272851296875001 0.2434819171875 0.53547066875 0.251892346875 0.5136425640625 0.2653490328125 0.5027285125 0.2779646765625 0.5 0.294785534375 0.5027285125 0.3090832625 0.515006821875 0.31917577812500003 0.53547066875 0.3334735078125 0.5409276937499999 0.339781328125 0.55388813125 0.3456686296875 0.58799454375 0.3536585359375 0.6023192359375 0.38393608125 0.6023192359375 0.4058031953125 0.594133696875 0.447855340625 0.628240109375 0.4721786953125 0.611772865625 0.5838309140625 0.6357692 0.679340490625 0.5016079328124999 0.694810384375 0.4994264390625 0.6927925546875 0.4601597203125 0.6860665234375001 0.433981915625 0.6981734 0.401259653125 0.700863771875 0.4427078640625 0.7022089578124999 0.5157875703125 0.678667846875 0.5157875703125 0.58988425 0.6510396046875 0.4949537421875 0.6391541609375 0.478132884375 0.6391541609375 0.454583684375 0.65143246875 0.4461732546875 0.6773533421875 0.43523969687499997 0.684174625 0.41505466718750006 0.7128240109374999 0.3889823375 0.7346521140625 0.3788898234375 0.7510231921875 0.368797309375 0.7564802187499999 0.35996635781249997 0.7694406546875 0.3641715734375 0.7885402453125 0.3641715734375 0.81446111875 0.3578637515625 0.8233287859375 0.33767872187500003 0.8233287859375 0.330950378125 0.7892223734375 0.294785534375 0.8274215546875 0.27880571875000004 0.8178717593749999 0.2493692171875 0.8151432468750001 0.24768713281250002 0.8083219640625 0.243061396875 0.8185538875 0.26114381875000003 0.856070940625 0.276282590625 0.856070940625 0.29058032031250003 0.8396998640625 0.31160639218749997 0.8424283765625 0.32253995 0.83697135 0.3452481078125 0.8437926328125 0.3633305296875 0.8594815828125 0.368797309375 0.8969986359375 0.4217830109375 0.9051841749999999 0.436080740625 0.9201909953125 0.4486963828125 0.921555253125 0.451640034375 0.9358799453125 0.447855340625 0.94338335625 0.436080740625 0.9338335609374999 0.431875525 0.94338335625 0.416736753125 0.94065484375 0.408326325 0.9324693046875 0.38477712343750003 0.9338335609374999 0.380571909375 0.921555253125 0.3730025234375 0.925648021875 0.3662741796875 0.9201909953125 0.336837678125 0.9188267390625 0.325904121875 0.9065484312500001 0.3023549203125 0.8956343796875 0.257779646875 0.891541609375 0.25525651875 0.8833560703125001 0.24179983124999999 0.8765347890624999 0.208158115625 0.8710777625 0.2043734234375 0.9263301500000001 0.16190075625 0.9733969984374999 0.15306980625 0.9877216921875 0.15349032812500002 0.997953615625 0.58957106875 1 0.597981496875 0.96725784375 0.5996635828125 0.942701228125 0.6055508828125 0.93042291875 0.604709840625 0.9208731234374999 0.6118587046874999 0.91200545625 0.6227922625 0.91200545625 0.6362489484375 0.8901773531250001 0.6513877203125 0.8874488406250001 0.65895710625 0.8806275578125 0.708999159375 0.773533425 0.7737594624999999 0.6207366984375 0.79814970625 0.6180081859375 0.794785534375 0.41882673906249995 0.7872161484375 0.40109140468750004 0.7901597984375 0.3949522515625 0.8002523125 0.39085948125000003 0.8099243062499999 0.40109140468750004 0.80403700625 0.425648021875 0.8023549203125 0.6166439296874999 0.8086627421875001 0.625511596875 0.816232128125 0.6200545703125 0.8431455 0.6268758531249999 0.8469301937499999 0.6357435203125 0.8431455 0.64870395625 0.8397813281250001 0.6418826734375 0.8330529859375 0.6500682125 0.82464255625 0.6405184171875 0.8137089984375001 0.6418826734375 0.816232128125 0.6596180078125 0.8322119421874999 0.6609822640624999 0.8431455 0.65143246875 0.8456686296875 0.667803546875 0.8666947015625001 0.669167803125 0.892346509375 0.6616643921875001 0.8793103453125 0.6527967265625 0.8515559296875 0.6500682125 0.8477712359374999 0.6384720328125 0.849453321875 0.63028649375 0.8624894875000001 0.628240109375 1 0.6603001359375 1 0.317871759375
0 0.5540748578125 0.2108528171875 0.555297753125 0.19399590625000002 0.5525462140624999 0.18308848125 0.5449029953125 0.168710509375 0.5335910203124999 0.1538367546875 0.49831791406250003 0.1527967265625 0.4953742640625 0.1589358796875 0.494533221875 0.224420190625 0.5042052140625 0.2319236015625 0.5449957953125 0.23124147343749998 0.55550883125 0.2278308328125 0.5540748578125 0.2108528171875
0 0.4793944484375 0.30627557968749997 0.4793944484375 0.29945429687499997 0.4743481921875 0.293997271875 0.4743481921875 0.273533425 0.48023549218749995 0.2680763984375 0.48233810000000005 0.25920873125 0.49915895781249997 0.26193724375 0.502523128125 0.29058662968750004 0.50294365 0.2667121421875 0.5067283437500001 0.26193724375 0.5100925140625 0.2701227828125 0.5176619 0.26330149999999997 0.5580319593749999 0.2605729875 0.663162321875 0.274215553125 0.6677880578125001 0.2544338328125 0.6740958781249999 0.244201909375 0.69007569375 0.2360163703125 0.717830109375 0.2360163703125 0.71825063125 0.2285129609375 0.6825063078125 0.21964529375000003 0.591673675 0.21964529375000003 0.56139613125 0.22100955 0.54962153125 0.2319236015625 0.5042052140625 0.23465211406250003 0.4949537421875 0.2332878578125 0.49074852812499997 0.22510231875 0.48528174999999996 0.2298772171875 0.48233810000000005 0.2510231921875 0.47560975625 0.242837653125 0.429352396875 0.24556616718750002 0.42346509687499995 0.2510231921875 0.42304457500000003 0.261255115625 0.43397813281250003 0.27489768125 0.43986543281249996 0.2912687578125 0.43986543281249996 0.3185538875 0.4432296046875 0.330832196875 0.46257359062500003 0.332196453125 0.47476871249999997 0.3069577078125 0.4793944484375 0.30627557968749997
0 0.5349032796875 0.46862210156249995 0.537426409375 0.4577080484375 0.5298570234375 0.445429740625 0.53322119375 0.41541609843750005 0.5500420515625 0.3772169171875 0.5840293062499999 0.38017596249999996 0.6316720296875 0.3410910453125 0.5554436796875 0.32836574218750003 0.5311185875 0.353342428125 0.5227081578125 0.3465211453125 0.5134566859375 0.351978171875 0.478973928125 0.3410641203125 0.475189234375 0.34447476093749996 0.4772918421875 0.353342428125 0.46972245625 0.354706684375 0.4617325484375 0.35129604375 0.4680403703125 0.3437926328125 0.44196804062500006 0.34242837656249997 0.434819175 0.3499317875 0.4365012609375 0.3649386078125 0.4310344828125 0.384720328125 0.4192598828125 0.3942701234375 0.4066442390625 0.3942701234375 0.40159798125 0.40109140468750004 0.3948696390625 0.3983628921875 0.3915054671875 0.38744884062499996 0.38225399531250004 0.3997271484375 0.3662741796875 0.40927694375 0.35660218593750004 0.4236016375 0.3578637515625 0.4379263296875 0.3696383515625 0.4420191 0.4495374265625 0.4556616640625 0.4587888984375 0.458390178125 0.45794785468750004 0.465211459375 0.48738435625000004 0.463847203125 0.5134566859375 0.4693042296875 0.518923465625 0.47680763906249995 0.53027754375 0.47476125468749997 0.5349032796875 0.46862210156249995
0 1 0.6787175984375 0.914634146875 0.6589358796875 0.8894028593750001 0.6575716234375 0.870899915625 0.645293315625 0.8095037843749999 0.626193725 0.78174936875 0.63165075 0.7628259046875 0.6582537515625 0.7249789734375 0.7523874484374999 0.6854499578125 0.83560709375 0.6765434781249999 0.855924384375 0.70161326875 0.862865478125 0.7022247171875 0.8836887593749999 0.66676016875 0.880713978125 0.6602186718749999 0.8942701234375001 0.65601345625 0.9160982265625 0.6551724140624999 0.947476125 0.6383515562500001 0.9856753062499999 0.6396131203125 1 0.8120269140625 1 0.8129949234374999 0.9532907640625 0.8214589140624999 0.9540911875000001 0.8232914734375001 0.999955325 0.984020184375 0.999317871875 1 0.997953615625 1 0.6787175984375
0 0.1415312453125 0.2917947578125 0.11210485625 0.2883861875 0.1125252265625 0.278842184375 0.091673675 0.29945429687499997 0.092094196875 0.278308321875 0.107653490625 0.2680763984375 0.106812446875 0.24624829531249998 0.1156433984375 0.2360163703125 0.14423885625 0.22646657499999998 0.1480235484375 0.19577080468750002 0.15517241406249999 0.1800818546875 0.16568544999999998 0.1725784453125 0.1698906640625 0.1589358796875 0.1375105125 0.1582537515625 0.12321278437500001 0.169167803125 0.066862909375 0.16371077812499998 0.0622371734375 0.1589358796875 0.0634987390625 0.1527967265625 0.1093355765625 0.1343792640625 0.1000841046875 0.0975443390625 0.0941968046875 0.0893588 0.094617325 0.08185538906249999 0.066862909375 0.07776261875 0.00042052187499999995 0.0804911328125 0 0.29945429687499997 0.0105130359375 0.29467940000000004 0.0479394453125 0.29945429687499997 0.0437342296875 0.25852660312500003 0.0378469296875 0.2476125515625 0.039529015625000004 0.2339699859375 0.029436501562500002 0.20259208750000002 0.036585365625 0.18553888125 0.048359965625 0.1800818546875 0.055088309375 0.18417462499999998 0.06728343125 0.21077762656250001 0.06728343125 0.218963165625 0.0630782171875 0.223055934375 0.0664423890625 0.2298772171875 0.06391925937500001 0.2448840375 0.0664423890625 0.27489768125 0.0748528171875 0.3226466578125 0.08242220312500001 0.3226466578125 0.0992430609375 0.3185538875 0.1415312453125 0.2917947578125
0 0.012195121875000001 0.4365620734375 0.01555929375 0.428376534375 0.020605551562499998 0.4311050484375 0.0428931875 0.42087312343749994 0.035744323437499996 0.40654843124999995 0.024810765625 0.40654843124999995 0.02144659375 0.41746248281250004 0.0176619 0.4140518421875 0.0193439859375 0.408594815625 0.014718249999999999 0.40654843124999995 0.013456685937499999 0.42087312343749994 0.007989907812499999 0.428376534375 0.003364171875 0.4195088671875 0.0063078218749999995 0.4106412 0.0109335578125 0.408594815625 0.00294365 0.4079126875 0 0.41132332812500005 0.0008410421875000001 0.445429740625 0.0046257359375 0.4379263296875 0.012195121875000001 0.4365620734375
0 0.122371740625 0.3792633015625 0.1257359125 0.3819918140625 0.12657695468750002 0.3751705328125 0.1492851140625 0.3601637109375 0.152649284375 0.353342428125 0.19722455781249998 0.3274215546875 0.2010092515625 0.31036834999999996 0.1795626578125 0.29058662968750004 0.0716433921875 0.3502491296875 0.07232968906250001 0.3581173265625 0.0622371734375 0.3826739421875 0.0664423890625 0.407230559375 0.07232968906250001 0.407230559375 0.094617325 0.3997271484375 0.122371740625 0.3792633015625
0 0.3641715734375 0.2366985 0.358284271875 0.2285129609375 0.36459209375 0.2100954984375 0.3730025234375 0.2087312421875 0.3751051296875 0.21487039531250002 0.3700588734375 0.2326057296875 0.3721614796875 0.2537517046875 0.3759461734375 0.2530695765625 0.377628259375 0.2298772171875 0.3830950375 0.22510231875 0.399074853125 0.22237380624999997 0.408326325 0.2291950890625 0.41211101718750004 0.223055934375 0.4129520609375 0.2080491125 0.3990703859375 0.175651603125 0.3678860671875 0.192508515625 0.326918415625 0.20589489843750003 0.34281633437500003 0.192508515625 0.3724719984375 0.18209689375 0.38836988125 0.173668428125 0.3969722453125 0.1657571625 0.38982338125 0.1582537515625 0.331791421875 0.1718963171875 0.33641715781250003 0.1793997265625 0.3326324640625 0.18553888125 0.32169890625 0.1800818546875 0.307401178125 0.1909959078125 0.3120269140625 0.20395634375 0.3078216984375 0.21077762656250001 0.31034482812499997 0.23124147343749998 0.307401178125 0.23465211406250003 0.30109335625 0.22714870468749998 0.29814970625 0.2141882671875 0.29058032031250003 0.2319236015625 0.2796467625 0.22510231875 0.2434819171875 0.2237380625 0.2380151390625 0.2162346515625 0.2401177453125 0.2100954984375 0.23591253124999997 0.2141882671875 0.23338940312499998 0.2087312421875 0.21951219531250002 0.2326057296875 0.22245584531249998 0.244201909375 0.251892346875 0.2482946796875 0.266190075 0.242837653125 0.36164844375 0.2544338328125 0.365012615625 0.2503410640625 0.3641715734375 0.2366985
0 0.4402859546875 0 0.44995794843750003 0.01978171875 0.4491169046875 0.034788540624999996 0.4550042046875 0.037517053125 0.481076534375 0.000682128125 0.4402859546875 0
0 0.9247266609375 0 0.9171572749999999 0.0109140515625 0.9003364171875001 0.020463846875 0.865012615625 0.016371078125 0.8629100078124999 0.007503410937500001 0.8666947015625001 0 0.847350715625 0.0027285125 0.8469301937499999 0.0088676671875 0.8637510515625 0.0457025921875 0.8692178296874999 0.0709413375 0.882674515625 0.055934515625 0.89865433125 0.051841746875000004 0.9163162328125001 0.057298771875 0.9264087468750001 0.050477489062500006 0.9381833468749999 0.0627557984375 0.9608915046875 0.0300136421875 0.9680403703125 0.032060026562499996 0.931875525 0.0893588 0.9276703109375 0.14120054531249998 0.9310344828125 0.1712141875 0.9377628265625001 0.1753069578125 0.9541631625000001 0.16371077812499998 0.9604709843749999 0.146657571875 0.9634146343750001 0.07776261875 0.9671993265625 0.0811732609375 0.9684608921875 0.1214188265625 0.9802354921875001 0.0995907234375 0.9966358281250001 0.08390177343750001 1 0.053888131250000006 0.9991589578125 0.000682128125 0.9911690500000001 0 0.990748528125 0.01978171875 0.9819175781249999 0.024556617187499998 0.9768713203124999 0.024556617187499998 0.9739276703125 0.018417462500000002 0.9768713203124999 0.009549795312500001 0.98444070625 0.0081855390625 0.9861227921875001 0 0.9247266609375 0