1 0.24296875 0.91796875 0.296875 0.1640625
1 0.38203125 0.8109375 0.27265625 0.18671875
1 0.46875 0.71015625 0.215625 0.121875
1 0.609375 0.5625 0.16796875 0.16640625
1 0.446875 0.62734375 0.1078125 0.08203125
1 0.05234375 0.93203125 0.10234375 0.1359375
1 0.709375 0.4421875 0.10859375 0.0953125
1 0.94453125 0.57578125 0.1109375 0.15546875
1 0.9359375 0.678125 0.128125 0.12890625
1 0.8921875 0.8984375 0.215625 0.203125
1 0.7359375 0.3859375 0.115625 0.1046875
1 0.83828125 0.246875 0.07734375 0.08203125
1 0.6234375 0.26796875 0.10234375 0.08359375
1 0.70625 0.24296875 0.04609375 0.0421875
1 0.77734375 0.21796875 0.0390625 0.0421875
0 0.0720338984375 0.7383333328125 0.06694915312500001 0.687222221875 0.0682203390625 0.672222221875 0.07372881406250001 0.6783333328125 0.0779661015625 0.712777778125 0.08262711874999999 0.72555555625 0.100423728125 0.7244444437500001 0.1177966109375 0.7138888890625 0.1177966109375 0.6950000000000001 0.090677965625 0.6383333328125 0.0855932203125 0.6161111109374999 0.08813559374999999 0.5916666671875 0.10211864374999999 0.5788888890624999 0.134322034375 0.577777778125 0.1449152546875 0.5883333328125 0.149576271875 0.6066666671875 0.1588983046875 0.6033333328125 0.1644067796875 0.6061111109375 0.1686440671875 0.62055555625 0.1720338984375 0.692777778125 0.1792372875 0.70555555625 0.2122881359375 0.6977777781250001 0.2152542375 0.6938888890625 0.216949153125 0.66944444375 0.21101694843750002 0.622777778125 0.1957627125 0.5872222218750001 0.1860169484375 0.5811111109375 0.1677966109375 0.5538888890625 0.15762711875 0.5138888890625 0.15762711875 0.502777778125 0.1648305078125 0.492222221875 0.176694915625 0.492222221875 0.19788135625 0.48333333281249996 0.22330508437500002 0.48555555625 0.25550847499999996 0.50444444375 0.269491525 0.5305555562500001 0.2652542375 0.575 0.269491525 0.585 0.2627118640625 0.60055555625 0.263559321875 0.615 0.25550847499999996 0.627777778125 0.2487288140625 0.6244444437500001 0.2402542375 0.6266666671875 0.23135593281250003 0.647222221875 0.22881355937499998 0.67944444375 0.2377118640625 0.6866666671874999 0.28432203437500003 0.6688888890625 0.29788135625 0.65444444375 0.31059322031250003 0.6555555562500001 0.3224576265625 0.64444444375 0.386440678125 0.61055555625 0.38008474531249997 0.59555555625 0.321186440625 0.5650000000000001 0.3186440671875 0.5538888890625 0.30762711875000004 0.53944444375 0.3101694921875 0.4916666671875 0.3148305078125 0.477777778125 0.32838983125 0.467777778125 0.3470338984375 0.47000000000000003 0.361440678125 0.457777778125 0.4122881359375 0.46333333281250005 0.424576271875 0.48722222187500003 0.43898305156250006 0.505 0.4432203390625 0.5561111109375 0.4241525421875 0.57555555625 0.408050846875 0.57555555625 0.40677966093749995 0.5872222218750001 0.41398305156250004 0.592222221875 0.425 0.5888888890625 0.444491525 0.57444444375 0.4601694921875 0.57055555625 0.47033898281250003 0.5538888890625 0.4737288140625 0.54055555625 0.469491525 0.525 0.47033898281250003 0.515 0.4775423734375 0.5211111109375001 0.49491525468750003 0.50944444375 0.48983050781250004 0.485 0.49576271250000004 0.475 0.4932203390625 0.462777778125 0.4894067796875 0.4566666671875 0.4792372875 0.4533333328125 0.4394067796875 0.4566666671875 0.43093220312499997 0.44333333281250004 0.4088983046875 0.427777778125 0.39279661093749996 0.40888888906250004 0.38177966093750004 0.38444444375 0.3639830515625 0.37666666718749997 0.3411016953125 0.37555555625000003 0.29110169531249996 0.35555555625 0.2838983046875 0.3383333328125 0.26313559375 0.317777778125 0.2588983046875 0.3066666671875 0.24110169531249998 0.29444444375 0.2122881359375 0.2833333328125 0.169067796875 0.27777777812500004 0.155508475 0.26888888906249997 0.144491525 0.27 0.125 0.2633333328125 0.06313559375 0.2633333328125 0.0512711859375 0.257777778125 0.000423728125 0.25 0 0.75944444375 0.00762711875 0.75944444375 0.0360169484375 0.75555555625 0.0720338984375 0.7383333328125
0 0.6932203390625 0.31944444375000003 0.700423728125 0.31555555625 0.705508475 0.30333333281249997 0.688559321875 0.30222222187500003 0.675 0.307777778125 0.665677965625 0.3 0.6546610171875 0.297777778125 0.5720338984375 0.2983333328125 0.5779661015625 0.33166666718750004 0.584322034375 0.3466666671875 0.6707627125 0.35111111093749997 0.6838983046875 0.35611111093750003 0.6932203390625 0.34944444375 0.6932203390625 0.31944444375000003