1 0.08046875 0.9328125 0.140625 0.13359375
1 0.540625 0.48203125 0.1109375 0.06015625
1 0.30390625 0.459375 0.08359375 0.07421875
1 0.7984375 0.88671875 0.14765625 0.13984375
1 0.52109375 0.3890625 0.05234375 0.0875
1 0.61640625 0.26953125 0.04921875 0.046875
1 0.0859375 0.434375 0.1109375 0.0921875
1 0.5953125 0.1734375 0.05 0.05625
1 0.49140625 0.20625 0.03203125 0.0421875
1 0.740625 0.74296875 0.11328125 0.159375
1 0.5625 0.1875 0.0359375 0.02578125
0 0.10313075468749999 0.34284051249999997 0.106507059375 0.33643771875 0.12308164531250002 0.330616996875 0.1378146109375 0.33643771875 0.1494782078125 0.3527357390625 0.1930632296875 0.3527357390625 0.20288520625 0.3469150171875 0.2071823203125 0.3341094296875 0.2206875390625 0.318975553125 0.2403314921875 0.32130384218749997 0.2464702265625 0.317811409375 0.2516881515625 0.32072176875 0.25046040468749997 0.34284051249999997 0.25383670937499997 0.3457508734375 0.289441375 0.3515715953125 0.30417434062500004 0.3515715953125 0.310313075 0.3469150171875 0.3176795578125 0.3236321296875 0.3256599140625 0.32130384218749997 0.33026396562500004 0.313736903125 0.326580725 0.24621653124999998 0.3333333328125 0.2240977875 0.33394720625 0.20081490156249998 0.337016575 0.18684516874999998 0.3403928796875 0.18160651875 0.348987109375 0.18160651875 0.3532842234375 0.1664726421875 0.3624923265625 0.164144353125 0.36586863125 0.157741559375 0.3627992640625 0.1414435390625 0.369551871875 0.1344586734375 0.3649478203125 0.13154831250000001 0.3609576421875 0.119324796875 0.3634131375 0.0983701984375 0.36893799843749997 0.08905704375 0.369551871875 0.0809080328125 0.36678944062499996 0.07450523906249999 0.3508287296875 0.0698486609375 0.329957028125 0.0558789296875 0.28023327187499997 0.06053550625 0.23419275625 0.0570430734375 0.20165745781250002 0.06053550625 0.1728054015625 0.0558789296875 0.169736034375 0.061699649999999995 0.152547575 0.065192084375 0.072130140625 0.067520371875 0.0558624921875 0.059953434375 0.0690607734375 0.03725261875 0.0359116015625 0.040745053125 0.013198281249999999 0.0337601859375 0.00030693750000000003 0.036088474999999995 0 0.35448195625 0.019950890625000002 0.34924330625 0.027931246875 0.35506402812500004 0.036525475 0.3376018625 0.0494168203125 0.330616996875 0.062308164062500004 0.331781140625 0.07090239375 0.324796275 0.0745856359375 0.33643771875 0.08195211718749999 0.3399301515625 0.08624923281249999 0.35040745 0.09699202031250001 0.3556461 0.10251688125 0.35215366718749996 0.10313075468749999 0.34284051249999997
0 0.4315531 0.32072176875 0.4254143640625 0.29860302656250004 0.427869859375 0.2438882421875 0.42357274375 0.2240977875 0.42050337656250003 0.15075669375 0.42111725 0.0809080328125 0.416820134375 0.030849824999999997 0.41375076718750003 0.030849824999999997 0.4149785140625 0.037834692187500005 0.4122160828125 0.041909196875 0.4085328421875 0.0267753203125 0.40638428437499996 0.047147846874999996 0.40822590468750003 0.097206053125 0.4045426640625 0.13795110625 0.4045426640625 0.192665890625 0.401473296875 0.193830034375 0.4045426640625 0.1961583234375 0.4045426640625 0.217112921875 0.4005524859375 0.2293364375 0.39226519375 0.2310826546875 0.3904235734375 0.263678696875 0.3925721296875 0.2922002328125 0.3999386125 0.28172293437499996 0.4045426640625 0.2869615828125 0.4051565375 0.29860302656250004 0.401473296875 0.3067520375 0.4008594234375 0.3218859140625 0.40392879062500003 0.330034925 0.4051565375 0.35448195625 0.41313689374999996 0.35681024375 0.42050337656250003 0.3509895234375 0.4315531 0.32072176875
0 0 0.6210710125000001 0.009208103125 0.625727590625 0.007980356249999999 0.6327124562499999 0.00245549375 0.6396973218750001 0.0055248625 0.6478463328124999 0.0018416203124999998 0.6548311984375 0.0055248625 0.6606519203125 0.006752609375 0.675785796875 0.017188459375 0.687427240625 0.01841620625 0.70488940625 0.014119092187499998 0.7130384171874999 0.0122774703125 0.7433061703125 0.009208103125 0.7444703140625 0.0082872921875 0.7520372531249999 0.005217925 0.7380675203125 0.001227746875 0.7444703140625 0 0.7863795109375 0.0039901781249999995 0.7962747375 0.007673418749999999 0.7788125734375 0.0122774703125 0.7817229343750001 0.0150399015625 0.764842840625 0.0202578265625 0.7677532015625 0.027931246875 0.79394645 0.030386740625000002 0.78346915 0.0426642109375 0.7788125734375 0.045733578125 0.7974388828125 0.015653775 0.799767171875 0.0122774703125 0.808498253125 0.014119092187499998 0.8282887078125001 0.0208717 0.8341094296874999 0.016881521875 0.848661234375 0.024248004687499998 0.85681024375 0.029772867187500003 0.85681024375 0.03130755 0.83876600625 0.035297728125 0.8370197906250001 0.033763045312500004 0.84924330625 0.03959484375 0.85681024375 0.0454266421875 0.8480791625 0.0469613265625 0.8311990687499999 0.0626151015625 0.8294528515625 0.06138735468749999 0.7980209546875 0.0543278078125 0.7974388828125 0.0524861875 0.7869615828125001 0.059238796875 0.7857974390625 0.061694290625 0.79394645 0.067219153125 0.7927823046875 0.07151626718750001 0.7986030265624999 0.0745856359375 0.7974388828125 0.0794966234375 0.78346915 0.093615715625 0.7811408609375 0.09760589374999999 0.7887078 0.09760589374999999 0.7956926656250001 0.0939226515625 0.80267753125 0.090853284375 0.82596041875 0.07489257187500001 0.8341094296874999 0.07489257187500001 0.8399301515625 0.090853284375 0.8643771828125001 0.101596071875 0.8603026781249999 0.1261510125 0.862630965625 0.1531614484375 0.8544819562500001 0.15531000625 0.8329452859375 0.16820135 0.7968568109375 0.16513198281250002 0.7887078 0.166973603125 0.7805587890625 0.18692449375 0.7438882421875 0.200122775 0.736321303125 0.20319214218749998 0.687427240625 0.21577655 0.6845168796875 0.2200736640625 0.69732246875 0.23296500937500003 0.7089639109375 0.23664825 0.717112921875 0.24063842812499997 0.70605355 0.235727440625 0.7025611171875 0.23511356718749998 0.6850989515625 0.2464702265625 0.6775320140625001 0.25076734218749996 0.669383003125 0.256599140625 0.673457509375 0.2608962546875 0.6955762515624999 0.2575199515625 0.7077997671875 0.25046040468749997 0.7142025609375 0.25138121562500004 0.72293364375 0.24340085937499997 0.7124563453125 0.24063842812499997 0.7142025609375 0.24125230156250002 0.722351571875 0.2480049109375 0.7398137375 0.25076734218749996 0.764842840625 0.2630448125 0.7671711296875 0.26550030625 0.7613504078125 0.2691835484375 0.7613504078125 0.2744014734375 0.7805587890625 0.2731737265625 0.7922002328125 0.269797421875 0.7986030265624999 0.264272559375 0.7962747375 0.2630448125 0.7857974390625 0.2587476984375 0.7962747375 0.24861878437499998 0.80034924375 0.24861878437499998 0.8271245640625 0.25076734218749996 0.8311990687499999 0.279005525 0.8323632125 0.2793124609375 0.8480791625 0.282688765625 0.8533178109374999 0.2943523640625 0.848661234375 0.306629834375 0.8370197906250001 0.310313075 0.8416763671874999 0.3112338859375 0.820139696875 0.32197667343749997 0.8079161812500001 0.329957028125 0.8079161812500001 0.34162062656250003 0.8160651921875001 0.3456108046875 0.8341094296874999 0.3496009828125 0.8370197906250001 0.3717004296875 0.8230500578125 0.375076734375 0.8119906875 0.3756906078125 0.7514551796875 0.378759975 0.736321303125 0.37630448125 0.7328288703125 0.3744628609375 0.7072176953125 0.37630448125 0.6804423749999999 0.388275015625 0.6786961578125 0.3904235734375 0.6850989515625 0.389195825 0.69208381875 0.3925721296875 0.6961583234375001 0.41160220937499997 0.6763678703125 0.42019643906250004 0.6786961578125 0.42326580781249995 0.668218859375 0.4361571515625 0.66356228125 0.451503990625 0.669383003125 0.4625537140625 0.682188590625 0.474831184375 0.682188590625 0.4794352359375 0.664144353125 0.47636586875000003 0.6478463328124999 0.4788213625 0.6071012812500001 0.4732965015625 0.5884749703125001 0.47452424843749996 0.57217695 0.472682628125 0.565192084375 0.474831184375 0.561117578125 0.4840392875 0.561117578125 0.48649478281249997 0.5832363218750001 0.48833640312500004 0.5727590218749999 0.49815837968750004 0.5727590218749999 0.4996930625 0.536088475 0.5058317984375 0.5279394640625 0.49815837968750004 0.5157159484375 0.4944751375 0.5215366703125001 0.4821976671875 0.5180442375000001 0.4794352359375 0.5034924328125 0.48281154062500004 0.499417928125 0.4901780234375 0.500582071875 0.49109883437499996 0.4965075671875 0.48710865625000005 0.487776484375 0.48281154062500004 0.49476135 0.474831184375 0.49476135 0.47114794375 0.476135040625 0.46746470156250003 0.487776484375 0.4622467765625 0.4860302671875 0.4622467765625 0.49883585625000004 0.466850828125 0.5040745046875 0.47728667968750005 0.5040745046875 0.47544505781249996 0.5145518046875 0.4558011046875 0.5157159484375 0.44782074843749997 0.5075669390625 0.44505831875 0.49883585625000004 0.446286065625 0.49185098906249997 0.4579496625 0.4767171125 0.44475138125 0.46915017499999995 0.4389195828125 0.45925494687499996 0.43554327812500004 0.44237485468750004 0.42848373281249996 0.43946449374999996 0.42909760625000004 0.432479628125 0.422344996875 0.4138533171875 0.415899325 0.4016298015625 0.41190914687499997 0.3998835859375 0.40791896875000005 0.379511059375 0.4057704109375 0.38474970937499997 0.40761203124999995 0.43597206093749996 0.404235728125 0.4854481953125 0.3772252921875 0.487776484375 0.3744628609375 0.4767171125 0.3729281765625 0.44703143125 0.3686310625 0.4610011640625 0.36556169375 0.4563445875 0.35512584375 0.45750873125 0.348987109375 0.44470314375 0.34468999375 0.44470314375 0.343155309375 0.46973224687500004 0.35819521249999997 0.4726426078125 0.3609576421875 0.48020954531250004 0.3588090859375 0.49476135 0.34591774062499997 0.49825378281250005 0.341006753125 0.49243306093749994 0.335481890625 0.49243306093749994 0.3256599140625 0.4970896390625 0.32197667343749997 0.49010477343750003 0.3201350515625 0.499417928125 0.3139963171875 0.500582071875 0.3112338859375 0.49883585625000004 0.3124616328125 0.49185098906249997 0.310313075 0.48428405156250004 0.309392265625 0.49883585625000004 0.306629834375 0.5029103609375001 0.298649478125 0.4912689171875 0.2955801109375 0.499417928125 0.290669121875 0.5017462171875 0.267341928125 0.5029103609375001 0.2630448125 0.48894062812500005 0.23664825 0.487776484375 0.2332719453125 0.49185098906249997 0.2464702265625 0.5098952265625 0.2473910375 0.518626309375 0.24094536562500002 0.5285215359375 0.237875996875 0.5285215359375 0.2360343765625 0.5215366703125001 0.23419275625 0.5296856812499999 0.22774708437500002 0.536088475 0.22805402031250002 0.5506402796875001 0.224984653125 0.536670546875 0.21577655 0.5296856812499999 0.20779619375 0.5343422578125 0.20257826875 0.530267753125 0.20319214218749998 0.5023282890625 0.21577655 0.500582071875 0.21639042343749998 0.49010477343750003 0.188152240625 0.5017462171875 0.1847759359375 0.5139697328125 0.184469 0.530849825 0.15868631093750002 0.5320139703125 0.1470227140625 0.523864959375 0.135359115625 0.500582071875 0.1298342546875 0.5075669390625 0.12369551875 0.500582071875 0.108962553125 0.50523865 0.10865561718750001 0.5279394640625 0.1009821984375 0.530849825 0.09760589374999999 0.5279394640625 0.095764271875 0.5058207218749999 0.106507059375 0.5040745046875 0.10804174375 0.5 0.10220994531250001 0.487776484375 0.08686310625 0.48428405156250004 0.0782688765625 0.487776484375 0.0678330265625 0.4796274734375 0.045733578125 0.48311990624999995 0.0441988953125 0.49185098906249997 0.0475752 0.5017462171875 0.05494168125 0.50640279375 0.0684469 0.5029103609375001 0.0705954578125 0.5058207218749999 0.069981584375 0.5128055875 0.067219153125 0.5180442375000001 0.05494168125 0.5145518046875 0.054020871875 0.529103609375 0.0481890734375 0.5331781140625 0.031614487499999996 0.5343422578125 0.02885205625 0.517462165625 0.024861878125 0.5157159484375 0.0208717 0.5209545984374999 0.019950890625000002 0.5343422578125 0.011970534375 0.5296856812499999 0 0.5337601859375 0 0.6210710125000001
0 0.5515653781250001 0.675203725 0.5613873546875 0.6775320140625001 0.5690607734375 0.664144353125 0.57642725625 0.637369034375 0.57642725625 0.6152502906249999 0.5785758140625 0.608847496875 0.5902394109375 0.6123399296875001 0.6006752609375 0.596041909375 0.6043585015625 0.6100116421874999 0.6080417437500001 0.6065192078125 0.610804175 0.60942956875 0.6095764265625 0.61990686875 0.6126457953125 0.626891734375 0.6095764265625 0.6327124562499999 0.6160221 0.6344586734375001 0.6206261515625 0.61990686875 0.6206261515625 0.602444703125 0.620012278125 0.5919674046875001 0.6157151625 0.5884749703125001 0.6151012890625001 0.579161815625 0.6123388578125 0.5762514546874999 0.6101903015625 0.590803259375 0.604972375 0.5948777640625 0.6006752609375 0.5948777640625 0.596378146875 0.57857974375 0.5847145484375 0.585564609375 0.5718232046875 0.5774155999999999 0.5509515046875 0.584400465625 0.5472682625 0.5762514546874999 0.5411295265625 0.5727590218749999 0.53713935 0.5745052390625001 0.5337630453125 0.5878928984375 0.5257826890625 0.5809080328125 0.5208717 0.584400465625 0.49079189687499997 0.584400465625 0.4941682015625 0.626891734375 0.5046040515625 0.65599534375 0.5046040515625 0.6850989515625 0.5178023328125 0.7112922 0.526089625 0.71653085 0.540515653125 0.6833527359375 0.5515653781250001 0.675203725
0 0.753836709375 0.9912689171875 0.7532228359375 0.98311990625 0.7492326578124999 0.9778812578125 0.724677715625 0.9778812578125 0.7188459171875 0.9656577421874999 0.7176181703125 0.9435389984375 0.7200736640625001 0.9202561125000001 0.72344996875 0.9150174625 0.740945365625 0.9074505234375 0.7391037453125 0.8911525031249999 0.7298956421875 0.878346915625 0.7259054640625 0.862630965625 0.7228360953124999 0.8742724093750001 0.7200736640625001 0.87252619375 0.7179251078125 0.862630965625 0.717004296875 0.878346915625 0.7148557390625 0.8812572765625 0.7108655609375 0.878346915625 0.7099447515625 0.8684516875 0.70810313125 0.8789289874999999 0.701350521875 0.8766006984375 0.6998158375 0.8690337609375 0.7071823203125 0.8632130390625001 0.6942909765625 0.855064028125 0.6856967468749999 0.7968568109375 0.670042971875 0.78463329375 0.662062615625 0.7706635625 0.6586863109375 0.7735739234375 0.6611418046875001 0.7956926656250001 0.6519337015625 0.8038416765624999 0.6556169421875 0.808498253125 0.6593001843749999 0.8271245640625 0.6543891953125 0.8480791625 0.6556169421875 0.856228171875 0.651319828125 0.878346915625 0.643646409375 0.8835855640625001 0.6362799265625 0.8789289874999999 0.6329036218749999 0.8713620484375 0.6347452421875001 0.8620488937499999 0.6307550640625 0.8533178109374999 0.6203192140625 0.8533178109374999 0.616942909375 0.8457508734375001 0.6206261515625 0.8178114093750001 0.6065070593749999 0.7910360890625 0.6043585015625 0.7473806749999999 0.5804174343749999 0.7427240984375 0.5687538359375 0.7206053546875 0.5613873546875 0.7264260765625 0.5503376296875 0.7252619328125001 0.5316144875 0.7386495921875 0.530386740625 0.7514551796875 0.5402087171875001 0.7677532015625 0.5506445671875 0.8038416765624999 0.55003069375 0.82596041875 0.5555555562500001 0.8341094296874999 0.572130140625 0.8806752031249999 0.5770411296875 0.8818393484374999 0.5770411296875 0.867869615625 0.5804174343749999 0.8556461000000001 0.583179865625 0.9016298015625 0.6019030078125 0.9371362046874999 0.6154082265625 0.9534342265625 0.6375076734375 0.9965075671875001 0.6559238796875 0.99883585625 0.6599140578125 0.9947613499999999 0.661755678125 0.8771827703125 0.6623695515625 0.8690337609375 0.666973603125 0.862630965625 0.66605279375 0.9947613499999999 0.6807857578125 0.9982537828125 0.7443216703125 0.9976717109375001 0.753836709375 0.9912689171875
0 0.8161448734375 0.6542491265625 0.820748925 0.6408614671875 0.819521178125 0.6245634453125 0.8219766734375 0.6047729921875 0.827808471875 0.5983701984375001 0.8345610796875 0.6006984859375 0.843155309375 0.6263096625 0.8453038671875 0.6105937140625 0.8627992640625 0.585564609375 0.8941068140624999 0.5925494765625 0.905463475 0.602444703125 0.9085328421875 0.6210710125000001 0.9137507671874999 0.632130384375 0.9272559859375 0.6356228171875 0.9450583187499999 0.62514551875 0.9588704734375 0.5884749703125001 0.9677716390625 0.5750873109375 0.977900553125 0.5803259609375 0.9797421734375 0.603608846875 0.9849600984375 0.620488940625 0.9938612640625 0.5803259609375 0.9892572124999999 0.5669383 0.9720687531250001 0.571594878125 0.9665438921874999 0.5576251453125 0.9561080421874999 0.55529685625 0.9493554328125 0.548311990625 0.8996316765625 0.55529685625 0.8585021484375 0.549476134375 0.8499079187499999 0.5518044234375 0.8437691828125 0.5622817234374999 0.8400859421875 0.5564610015625 0.835788828125 0.5622817234374999 0.8228974828125001 0.5587892906249999 0.8161448734375 0.5634458671875 0.8001841625000001 0.5634458671875 0.7965009203125 0.5576251453125 0.7928176796875 0.5634458671875 0.7688766109375 0.56577415625 0.7651933703125 0.571594878125 0.7443216703125 0.559953434375 0.7259054640625 0.5646100109375001 0.7056476359375 0.561117578125 0.7016574578125 0.566356228125 0.6967464703124999 0.5861466828124999 0.696132596875 0.602444703125 0.7034990796875 0.6175785796875 0.706261509375 0.6426076828125 0.725291590625 0.6484284046875 0.72866789375 0.65599534375 0.7292817671875 0.6676367875 0.7357274406250001 0.6728754359375 0.7400245546875001 0.6717112921874999 0.7516881515625 0.6542491265625 0.7596685078125 0.65075669375 0.7701043578125 0.6565774156249999 0.7728667890625001 0.669965075 0.7771639046875001 0.6722933640625001 0.7922038062500001 0.657741559375 0.8161448734375 0.6542491265625
0 0.948741559375 0.9289871937499999 0.9530386734375 0.9371362046874999 0.9558011046875 0.9318975546875 0.9527317375000001 0.90861466875 0.9429097609375001 0.878346915625 0.9441375078125 0.8632130390625001 0.9570288515625001 0.8410942953125 0.9622467765625 0.8172293359375 0.9450583187499999 0.8090803265625001 0.9254143640624999 0.78230500625 0.9063842843750001 0.78346915 0.904235728125 0.7898719437499999 0.90791896875 0.8050058203124999 0.9033149171874999 0.812572759375 0.8971761812500001 0.812572759375 0.8873542046875 0.7927823046875 0.8781461015625001 0.79394645 0.8713934921875 0.789289871875 0.8670963781250001 0.7729918515625 0.8557397171875 0.7607683359374999 0.8557397171875 0.7502910359375 0.8523634124999999 0.741559953125 0.8360957640625 0.7293364375 0.8336402703125 0.7072176953125 0.8367096374999999 0.6932479625 0.8351749546875 0.6903376015625 0.82903621875 0.6903376015625 0.8228974828125001 0.7008149015625 0.8001841625000001 0.7008149015625 0.7851442609375 0.7072176953125 0.7888275015625 0.710710128125 0.7949662375 0.7328288703125 0.796193984375 0.759604190625 0.80294659375 0.7665890578125001 0.803867403125 0.8137369031249999 0.815531 0.8172293359375 0.8253529765625001 0.8335273578125 0.8468385515625 0.8288707796875 0.8560466546875001 0.8335273578125 0.8640270109375001 0.8416763671874999 0.878759975 0.8742724093750001 0.8928790671875 0.8742724093750001 0.89748311875 0.88533178125 0.8999386125 0.9132712453125 0.9027010437499999 0.9208381843750001 0.9143646406249999 0.9324796281250001 0.9217311234375 0.946449359375 0.9386126453125 0.9493597203125 0.947206875 0.9377182765625 0.948741559375 0.9289871937499999
0 1 0.0005820718750000001 0.5598526703125 0.0005820718750000001 0.56077348125 0.0139697328125 0.5650705953124999 0.0034924328125 0.5693677109374999 0.0034924328125 0.5770411296875 0.0157159484375 0.5794966234375 0.030849824999999997 0.5834868015625 0.03492433125 0.6098833640625 0.022118742187500002 0.6503990171875 0.0337601859375 0.669429096875 0.0232828875 0.688459178125 0.02444703125 0.7295887046875 0.03725261875 0.7455494171875 0.03492433125 0.7492326578124999 0.029103609375 0.7651933703125 0.0325960421875 0.7836095765625 0.027939464062500002 0.8044812765625 0.005820721875 0.8118477593750001 0.017462165625 0.8204419890624999 0.018626309375 0.8271945984375 0.025611176562499997 0.8345610796875 0.0139697328125 0.8394720687499999 0.0139697328125 0.8443830578125 0.025611176562499997 0.8505217921874999 0.012805587500000002 0.8560466546875001 0.010477298437500001 0.8612645796875 0.0203725265625 0.8606507062500001 0.036670546875 0.8575813374999999 0.0448195578125 0.859116021875 0.0523864953125 0.8637200734375 0.0506402796875 0.8670963781250001 0.0337601859375 0.869858809375 0.037834692187500005 0.869858809375 0.05296856875 0.8720073671874999 0.0570430734375 0.882750153125 0.058789290625000004 0.8925721296875 0.0506402796875 0.8937998765625 0.029685681250000002 0.898403928125 0.018626309375 0.9063842843750001 0.0325960421875 0.9162062609375001 0.017462165625 0.9254143640624999 0.012805587500000002 0.9426028234375 0.029103609375 0.9450583187499999 0.0454016296875 0.947206875 0.041327125 0.9490484953125 0.0157159484375 0.9573357890624999 0.0081490109375 0.97084100625 0.0151338765625 0.974831184375 0.022700815625000002 0.9742173109375001 0.036670546875 0.9849600984375 0.041909196875 0.9886433390624999 0.030267753125 1 0.0157159484375 1 0.0005820718750000001
0 0.07642725624999999 0 0.07120933125 0.0145518046875 0.0807243703125 0.030267753125 0.11540822656250001 0.0331781140625 0.143339471875 0.018626309375 0.152547575 0.018626309375 0.15531000625 0.0157159484375 0.15531000625 0.00523865 0.1519337015625 0 0.10712093281249999 0 0.1058931859375 0.006984865625 0.104051565625 0 0.09791282968750001 0 0.0966850828125 0.006984865625 0.08993247343750001 0.0011641437500000001 0.08624923281249999 0.0081490109375 0.0837937390625 0 0.07642725624999999 0
0 0.19582565937500002 0.035506403125 0.1992019640625 0.029103609375 0.21639042343749998 0.036088474999999995 0.2200736640625 0.051222351562500004 0.23173726249999999 0.051222351562500004 0.23449969375 0.037834692187500005 0.24155923906250001 0.025611176562499997 0.2526089625 0.029103609375 0.26243093906250003 0.0197904546875 0.27655003125 0.0197904546875 0.280540209375 0.0145518046875 0.2759361578125 0.0011641437500000001 0.26611418124999997 0.0023282890625 0.256292203125 0.005820721875 0.24340085937499997 0.022118742187500002 0.23971761875 0.022118742187500002 0.23449969375 0.0157159484375 0.23235113593749998 0.0023282890625 0.22805402031250002 0.0011641437500000001 0.20779619375 0.005820721875 0.1955187234375 0.0232828875 0.16912216093750002 0.022118742187500002 0.1706568453125 0.0541327125 0.18354818906249998 0.0564610015625 0.193677103125 0.054714784375000006 0.19582565937500002 0.035506403125
0 0.6261510125 0.1169965078125 0.6104972375 0.08381839375 0.5178023328125 0.0849825375 0.5135052171875001 0.0803259609375 0.5018416203125 0.07916181562499999 0.4858809078125 0.0826542484375 0.48096992031249997 0.0884749703125 0.447206875 0.076833528125 0.43799877187499997 0.07916181562499999 0.43400859374999995 0.08905704375 0.43400859374999995 0.11233992968749999 0.43922651874999996 0.13271245625 0.443523634375 0.12339930156250001 0.46439533437499997 0.1187427234375 0.466850828125 0.14318975625000002 0.4677716390625 0.119324796875 0.47114794375 0.114086146875 0.48649478281249997 0.1117578578125 0.49815837968750004 0.1187427234375 0.498465315625 0.1239813734375 0.4944751375 0.125727590625 0.4886433390625 0.1414435390625 0.5042971140625 0.1466821890625 0.5174953953125 0.1414435390625 0.514426028125 0.1344586734375 0.514426028125 0.119324796875 0.5178023328125 0.1105937140625 0.5214855734375 0.1164144359375 0.543585021875 0.115250290625 0.5481890734375 0.11233992968749999 0.548496009375 0.10360884687500001 0.5540208718749999 0.10360884687500001 0.5687538359375 0.1164144359375 0.585328421875 0.1187427234375 0.585635359375 0.1263096625 0.5785758140625 0.1303841671875 0.575199509375 0.1402793953125 0.5785758140625 0.14551804375 0.596378146875 0.14318975625000002 0.6243093921875 0.1472642609375 0.627378759375 0.1414435390625 0.6261510125 0.1169965078125
0 1 0.1891734578125 0.9929404546875 0.187427240625 0.9886433390624999 0.1676367875 0.9702271328125001 0.17345750937499999 0.9401473296875 0.1722933640625 0.9370779625000001 0.162980209375 0.9260282375 0.1583236328125 0.9254143640624999 0.1490104765625 0.9315531 0.1490104765625 0.937998771875 0.1426076828125 0.935543278125 0.1344586734375 0.9404542671874999 0.1263096625 0.9395334562500001 0.1187427234375 0.9020871703125 0.1164144359375 0.898403928125 0.1210710125 0.8947206874999999 0.1164144359375 0.8904235734375 0.1280558796875 0.878759975 0.13271245625 0.8652547578125 0.12223515781250001 0.8032535296875001 0.115250290625 0.7992633515625001 0.120488940625 0.798649478125 0.1414435390625 0.7952731734375 0.14318975625000002 0.769490484375 0.13154831250000001 0.7661141812500001 0.1263096625 0.7639656234375 0.1047729921875 0.7443216703125 0.089639115625 0.64978514375 0.08381839375 0.64456721875 0.09138533125000001 0.6500920812500001 0.11466821875 0.6556169421875 0.119324796875 0.651012890625 0.12223515781250001 0.64456721875 0.1414435390625 0.638428484375 0.14959255 0.643339471875 0.168218859375 0.643339471875 0.17869615781249998 0.640577040625 0.1827706640625 0.62338858125 0.1839348078125 0.6123388578125 0.19208381875 0.6095764265625 0.19965075625 0.6160221 0.23166472656249998 0.625230203125 0.23282887031250002 0.6301411906250001 0.24679860312500002 0.6467157765625 0.252619325 0.648864334375 0.25902211875000003 0.6476365875 0.2706635625 0.642111725 0.2799767171875 0.6393492937499999 0.294528521875 0.6255371390625 0.29860302656250004 0.6267648859375 0.3102444703125 0.6322897484375 0.3230500578125 0.640577040625 0.3271245640625 0.6439533453124999 0.3335273578125 0.643646409375 0.3399301515625 0.6307550640625 0.33643771875 0.627685696875 0.331781140625 0.6203192140625 0.33876600625000003 0.61817065625 0.33585564687499997 0.6193984046875001 0.3277066359375 0.6111111109375 0.3119906875 0.6101903015625 0.32072176875 0.6138735421875 0.3335273578125 0.611724984375 0.343422584375 0.6037446281250001 0.342258440625 0.5969920203125 0.33527357343749997 0.5948434625 0.3405122234375 0.596378146875 0.3597206046875 0.6080417437500001 0.3597206046875 0.619705340625 0.386495925 0.6236955187500001 0.3870779984375 0.624923265625 0.410360884375 0.6270718234375 0.41327124531250004 0.6387354203125 0.41210710156249997 0.643646409375 0.4004656578125 0.6491712703125 0.39813736875 0.6596071203125 0.39813736875 0.6706568453124999 0.41210710156249997 0.677409453125 0.39813736875 0.68661755625 0.3946449359375 0.69766728125 0.41327124531250004 0.7265193375 0.4225844 0.73449969375 0.43655413281250005 0.74493554375 0.43655413281250005 0.7572130140625 0.4330617 0.7651933703125 0.4249126890625 0.7688766109375 0.41210710156249997 0.7731737265625 0.41327124531250004 0.7768569671875001 0.4074505234375 0.7915899328125 0.4062863796875 0.8032535296875001 0.4202561125 0.8210558625000001 0.4179278234375 0.8232044203125 0.41268917343749995 0.8213628 0.396391153125 0.8232044203125 0.38474970937499997 0.8314917124999999 0.379511059375 0.8360957640625 0.39522700781250003 0.8321055859375001 0.4062863796875 0.8262737874999999 0.410360884375 0.825046040625 0.4196740390625 0.8321055859375001 0.43073341093749995 0.8394720687499999 0.4330617 0.8480662984375 0.428405121875 0.8572744015625 0.4353899890625 0.8634131375 0.4481955765625 0.8701657453125 0.4481955765625 0.8885819515625 0.44121070937500007 0.9155923874999999 0.44237485468750004 0.9223449968749999 0.43073341093749995 0.9272559859375 0.4295692671875 0.9376918359375 0.4353899890625 0.9444444437499999 0.4481955765625 0.9677716390625 0.45168800937500003 0.9736034374999999 0.49185098906249997 0.9742173109375001 0.48370197968750006 0.9809699203125 0.47555296875 0.9840392874999999 0.4476135046875 1 0.42782305000000004 1 0.1891734578125
0 0.4996930625 0.432479628125 0.49785144218750005 0.42665890624999997 0.49662369531249995 0.348661234375 0.5190300796875 0.342258440625 0.5337630453125 0.343422584375 0.530386740625 0.3277066359375 0.5306936765625 0.308498253125 0.546040515625 0.306169965625 0.5534069984375 0.28987194375 0.5662983421875001 0.28172293437499996 0.5755064453125 0.28172293437499996 0.5810313078125 0.271245634375 0.5865561687499999 0.271245634375 0.584100675 0.25378346875 0.5767341921875 0.2491268921875 0.5583179859375 0.252619325 0.5491098828125 0.247962746875 0.5454266421875 0.252619325 0.5257826890625 0.2561117578125 0.5055248625 0.25378346875 0.5049109890625 0.24447031406250003 0.48158379375000004 0.245634459375 0.4785144265625 0.2572759015625 0.474831184375 0.2491268921875 0.47298956406250003 0.2561117578125 0.466850828125 0.2619324796875 0.451503990625 0.26076833593750004 0.4370779625 0.2683352734375 0.44536525468750005 0.2735739234375 0.4588704734375 0.271245634375 0.473910375 0.29860302656250004 0.477593615625 0.312572759375 0.47053407031249994 0.32945285156250004 0.4653161453125 0.3335273578125 0.4653161453125 0.3416763671875 0.472682628125 0.3579743890625 0.47697974218750006 0.38009313125 0.47636586875000003 0.396391153125 0.4794352359375 0.41850989531250005 0.47636586875000003 0.432479628125 0.4788213625 0.4417927828125 0.484346225 0.4476135046875 0.4840392875 0.4551804421875 0.49109883437499996 0.456926659375 0.49723756874999997 0.4534342265625 0.4996930625 0.432479628125
0 0.46746470156250003 0.22817229375 0.473910375 0.21827706562500002 0.472068753125 0.193830034375 0.47452424843749996 0.17753201406250002 0.47084100624999997 0.1647264265625 0.47022713281249995 0.14959255 0.475138121875 0.1426076828125 0.47575199531249995 0.12747380625 0.48127685624999994 0.11233992968749999 0.477900553125 0.108265425 0.47605893125 0.115250290625 0.4732965015625 0.113504075 0.477593615625 0.0983701984375 0.47544505781249996 0.08381839375 0.46623695468750004 0.08381839375 0.451503990625 0.07450523906249999 0.43554327812500004 0.076833528125 0.43462246718750003 0.1111757859375 0.4315531 0.1286379515625 0.44198895 0.14959255 0.43431553125000005 0.15483119843749998 0.43400859374999995 0.1647264265625 0.43922651874999996 0.16880093125 0.448741559375 0.156577415625 0.44383057031249995 0.14842840468750002 0.44413750781249994 0.1292200234375 0.451503990625 0.1245634453125 0.4622467765625 0.1367869609375 0.46040515624999995 0.156577415625 0.4622467765625 0.1658905703125 0.4579496625 0.17869615781249998 0.4573357890625 0.2252619328125 0.4597912828125 0.2369033765625 0.46193984062500004 0.2270081484375 0.46746470156250003 0.22817229375
0 0.5420503375 0.175203725 0.5448127687500001 0.161816065625 0.552793125 0.161816065625 0.5543278078125 0.156577415625 0.5512584406250001 0.1426076828125 0.5466543890625 0.137369034375 0.51841620625 0.137369034375 0.5098219765625001 0.13271245625 0.49662369531249995 0.1461001171875 0.49631675937499997 0.150174621875 0.5098219765625001 0.161816065625 0.515653775 0.156577415625 0.514426028125 0.1658905703125 0.51043585 0.1676367875 0.5098219765625001 0.1722933640625 0.5233271953124999 0.17345750937499999 0.5257826890625 0.1664726421875 0.5325352984375 0.1653084984375 0.533149171875 0.1769499421875 0.5236341312499999 0.175203725 0.5251688156250001 0.18160651875 0.5273173718749999 0.181024446875 0.5386740328124999 0.17927823125 0.5420503375 0.175203725
0 0.388275015625 0.39813736875 0.3904235734375 0.3940628640625 0.391037446875 0.38009313125 0.38674033125 0.349825378125 0.39226519375 0.3416763671875 0.3965623078125 0.313736903125 0.39195825625 0.3015133875 0.38152240625 0.2991850984375 0.36924493593749996 0.2805587890625 0.364333946875 0.294528521875 0.35911602187499997 0.29860302656250004 0.3585021484375 0.3067520375 0.36556169375 0.3236321296875 0.3701657453125 0.3277066359375 0.369551871875 0.3346915015625 0.3738489875 0.3393480796875 0.3781461015625 0.35681024375 0.3769183546875 0.38009313125 0.3713934921875 0.38824214218750003 0.3732351140625 0.41850989531250005 0.37538367031250003 0.4004656578125 0.388275015625 0.39813736875
0 0.361571515625 0.391734575 0.351135665625 0.3719441203125 0.348373234375 0.3597206046875 0.3419275625 0.35681024375 0.34499693124999997 0.34400465625 0.348680171875 0.34284051249999997 0.34162062656250003 0.3329452859375 0.3373235109375 0.33527357343749997 0.329957028125 0.330616996875 0.3321055859375 0.3509895234375 0.3262737875 0.35739231718750003 0.3204419890625 0.3509895234375 0.31737262187500004 0.34284051249999997 0.31737262187500004 0.3288707796875 0.3139963171875 0.32596041875 0.3106200125 0.3405122234375 0.3047882140625 0.35040745 0.2980356046875 0.3515715953125 0.29189686875 0.3585564609375 0.2851442609375 0.3585564609375 0.282688765625 0.3538998828125 0.279005525 0.3597206046875 0.24278698593749998 0.3597206046875 0.23388581875 0.3649592546875 0.24094536562500002 0.380675203125 0.2523020265625 0.3894062859375 0.2559852671875 0.4057043078125 0.2547575203125 0.4196740390625 0.258133825 0.4249126890625 0.2955801109375 0.4260768328125 0.3047882140625 0.4179278234375 0.31338244375 0.428405121875 0.32197667343749997 0.4295692671875 0.32872928125 0.4237485453125 0.34990791875 0.4313154828125 0.3627992640625 0.4173457515625 0.361571515625 0.391734575
0 0.017188459375 0.45110593750000005 0.017188459375 0.4243306171875 0.0193370171875 0.41559953437499997 0.023634131250000003 0.4435389984375 0.07090239375 0.38533178125 0.07888275 0.392316646875 0.0850214859375 0.38998835781249996 0.0954573359375 0.3958090796875 0.09791282968750001 0.38300349218749996 0.1074278703125 0.38591385312500004 0.1043585015625 0.398719440625 0.1058931859375 0.4074505234375 0.121240025 0.4051222359375 0.13351749531249998 0.40861466875 0.13934929375 0.4243306171875 0.1387354203125 0.434807915625 0.1414978515625 0.44470314375 0.1758747703125 0.4551804421875 0.1838551265625 0.452852153125 0.1942909765625 0.44586728750000004 0.2084100671875 0.4225844 0.21516267656250002 0.4202561125 0.2228360953125 0.410360884375 0.224677715625 0.3649592546875 0.22375690625 0.36088475 0.19490485 0.3597206046875 0.132903621875 0.3690337609375 0.07888275 0.367869615625 0.0598526703125 0.37601862656249996 0.05494168125 0.3934807921875 0.0509515046875 0.38824214218750003 0.0469613265625 0.3690337609375 0.027931246875 0.367869615625 0.0211786375 0.37485448125 0.00276243125 0.37252619375 0 0.374272409375 0.0006138734375 0.46274738125 0.007673418749999999 0.4621653078125 0.017188459375 0.45110593750000005