1 0.546875 0.20390625 0.0421875 0.04453125
1 0.1828125 0.53984375 0.365625 0.91171875
1 0.446875 0.13671875 0.04453125 0.0859375
0 0.7979493359375 0.9829411765625 0.7979493359375 0.9394117640624999 0.79433051875 0.927647059375 0.79433051875 0.9052941171875 0.7979493359375 0.8652941171874999 0.80096501875 0.8570588234375001 0.7967430640625001 0.8488235296875001 0.805186971875 0.8311764703125 0.8075995171875 0.7970588234375 0.80699638125 0.7888235296875 0.8027744265625 0.7805882359375 0.8015681546875 0.6805882359375001 0.79433051875 0.6452941171875 0.7931242453125 0.5947058828125 0.7901085640625001 0.5829411765625 0.78829915625 0.5429411765625 0.7858866109375 0.535882353125 0.7870928828125 0.5288235296875 0.782870928125 0.475882353125 0.7792521109375 0.46058823593750003 0.7804583843749999 0.44882352968749994 0.7774427015625001 0.4311764703125 0.7714113390625 0.42882352968750004 0.7659831125000001 0.39470588281249996 0.7671893843750001 0.3794117640625 0.76296743125 0.3747058828125 0.7608564531249999 0.35882352968750003 0.758142340625 0.3605882359375 0.7593486125 0.3711764703125 0.75633293125 0.3852941171875 0.7569360671875 0.3370588234375 0.7605548859375 0.3335294125 0.7599517484375 0.32176470625000003 0.7659831125000001 0.3111764703125 0.76296743125 0.3064705875 0.76296743125 0.292352940625 0.758142340625 0.2829411765625 0.754523521875 0.264117646875 0.755126659375 0.22647058750000001 0.7572376359375 0.21529411718749997 0.7608564531249999 0.2188235296875 0.76296743125 0.2147058828125 0.7560313625 0.21411764687499998 0.75301568125 0.2094117640625 0.7442702046874999 0.2147058828125 0.74668275 0.23352941249999998 0.744873340625 0.26529411718749996 0.7472858859375 0.2994117640625 0.7460796140625 0.3135294125 0.75030156875 0.32176470625000003 0.75030156875 0.35352941250000003 0.7478890234375 0.35941176406249997 0.74969843125 0.39117647031249997 0.7539203859375 0.42529411718750004 0.757539203125 0.427647059375 0.7527141140625 0.44176470625 0.754523521875 0.4629411765625 0.7527141140625 0.48176470625 0.755126659375 0.49000000000000005 0.75331725 0.5111764703125 0.755126659375 0.5194117640625 0.7557297953125001 0.627647059375 0.7587454765625 0.6429411765624999 0.7557297953125001 0.68176470625 0.7593486125 0.70176470625 0.7623642937499999 0.7605882359375 0.761158021875 0.7817647062499999 0.7623642937499999 0.7911764703124999 0.7671893843750001 0.795882353125 0.7623642937499999 0.8088235296875 0.7635705671874999 0.9417647062500001 0.7659831125000001 0.9488235296875001 0.7659831125000001 0.9888235296874999 0.7699034984375001 0.9952941171875 0.7907117015625 0.995882353125 0.7934258140625 0.9952941171875 0.7979493359375 0.9829411765625
0 1 0.42529411718750004 0.9978890234375 0.422352940625 0.9924607968749999 0.42941176406250003 0.9894451140625 0.4247058828125 0.9788902296875 0.4264705875 0.9767792515625 0.4764705875 0.97496984375 0.46941176406249996 0.9704463203125 0.46647058750000003 0.975874546875 0.452352940625 0.9698431843750001 0.4370588234375 0.9740651390625 0.43 0.973160434375 0.4270588234375 0.9629071171874999 0.42352941250000004 0.9610977078125 0.4447058828125 0.9607961406250001 0.427647059375 0.9574788906249999 0.4188235296875 0.9532569359374999 0.425882353125 0.94903498125 0.42352941250000004 0.9454161640625 0.44941176406250005 0.941194209375 0.4129411765625 0.9375753921875001 0.43058823593750006 0.9345597109374999 0.42352941250000004 0.9312424609375001 0.42529411718750004 0.9306393249999999 0.43235294062499996 0.9330518703124999 0.4370588234375 0.9297346203125001 0.4552941171875 0.9276236421874999 0.4464705875 0.9282267796875001 0.427647059375 0.9255126656250001 0.4247058828125 0.9224969843749999 0.434117646875 0.9197828703125 0.43 0.9197828703125 0.39823529375 0.9140530765625 0.3988235296875 0.9104342578125 0.3929411765625 0.9071170078125 0.40294117656250006 0.9071170078125 0.43235294062499996 0.9019903499999999 0.4247058828125 0.900482509375 0.4370588234375 0.9019903499999999 0.442352940625 0.9080217125000001 0.4352941171875 0.91767189375 0.442352940625 0.9218938484375 0.437647059375 0.9246079609375 0.4429411765625 0.9240048249999999 0.452352940625 0.9218938484375 0.4588235296875 0.9182750296875 0.454117646875 0.9140530765625 0.457647059375 0.9089264171875 0.4429411765625 0.9077201453124999 0.5229411765624999 0.8980699640625 0.5288235296875 0.900482509375 0.5323529406249999 0.89897466875 0.5423529406250001 0.894149578125 0.534117646875 0.887515078125 0.534117646875 0.8854041015625 0.5288235296875 0.8872135109375 0.5205882359375 0.8826899875 0.52 0.8784680343750001 0.50823529375 0.8754523515624999 0.545882353125 0.8712303984374999 0.5352941171875 0.8621833531249999 0.5294117640625 0.858866103125 0.5205882359375 0.8492159234375001 0.484117646875 0.8486127859374999 0.464117646875 0.840168878125 0.43588235312499995 0.8314234015625 0.417647059375 0.8202653796874999 0.42882352968750004 0.8262967437500001 0.4370588234375 0.8190591078124999 0.4535294125 0.824185765625 0.44941176406250005 0.8287092890625001 0.45823529374999994 0.830518696875 0.49705882343749996 0.8287092890625001 0.5052941171875001 0.830518696875 0.5135294125 0.829312425 0.5605882359375001 0.8314234015625 0.565882353125 0.8353437874999999 0.56176470625 0.8359469234375 0.5488235296874999 0.837153196875 0.5747058828125 0.830518696875 0.5700000000000001 0.829312425 0.5900000000000001 0.8329312421875 0.59823529375 0.8299155609375 0.6064705874999999 0.832629675 0.6105882359375 0.8392641734374999 0.6047058828125 0.8443908328124999 0.612352940625 0.8425814234375 0.61823529375 0.8443908328124999 0.627647059375 0.8407720140625001 0.6347058828125001 0.8455971046874999 0.6429411765624999 0.8449939687500001 0.6711764703124999 0.8434861281250001 0.6764705875 0.83835946875 0.6735294125 0.8443908328124999 0.6864705875 0.8449939687500001 0.752352940625 0.8480096500000001 0.772352940625 0.8443908328124999 0.7805882359375 0.8483112187499999 0.7929411765625 0.859167671875 0.7917647062500001 0.8612786484375 0.795882353125 0.8600723765625 0.8652941171874999 0.8618817859375 0.872352940625 0.858866103125 0.8794117640625 0.859469240625 0.8888235296874999 0.8564535578125 0.9029411765625 0.8564535578125 0.9147058828124999 0.859469240625 0.9194117640625 0.855850421875 0.924117646875 0.8600723765625 0.9335294125000001 0.8582629671875001 0.9417647062500001 0.8600723765625 0.9464705875 0.8600723765625 0.987647059375 0.8633896265625 0.9952941171875 0.8787696015625001 0.995882353125 0.8835946921875 0.99 0.884197828125 0.964117646875 0.8811821468750001 0.9476470593749999 0.884197828125 0.9417647062500001 0.884197828125 0.9088235296875 0.8820868515625 0.9058823531250001 0.8781664656249999 0.9147058828124999 0.8739445109374999 0.887647059375 0.8787696015625001 0.875882353125 0.8781664656249999 0.8347058828125 0.8826899875 0.8235294124999999 0.8869119421875 0.82823529375 0.8899276234375 0.822352940625 0.8932448734375 0.827647059375 0.8893244875 0.8352941171875001 0.8947527140625 0.8329411765625 0.9016887812500001 0.8429411765625 0.9001809406250001 0.8505882359375001 0.8920386 0.855882353125 0.8917370328124999 0.8658823531250001 0.88570566875 0.86823529375 0.8805790109375 0.8794117640625 0.88630880625 0.8870588234375001 0.891133896875 0.8847058828125001 0.894149578125 0.894117646875 0.8986731000000001 0.887647059375 0.8986731000000001 0.895882353125 0.894149578125 0.8964705875 0.8920386 0.9064705875 0.890832328125 0.9417647062500001 0.8950542828125 0.955882353125 0.8920386 0.9711764703125001 0.8947527140625 0.99176470625 0.8977683953125 0.9952941171875 0.9013872140625001 0.99176470625 0.9152593484375 0.9952941171875 0.9188781671875 0.9894117640625 0.9297346203125001 0.9952941171875 0.9357659828125 0.9894117640625 0.9454161640625 0.9952941171875 0.9505428234375 0.9770588234375 0.94963811875 0.9729411765625 0.9454161640625 0.9752941171874999 0.9439083234375 0.9711764703125001 0.951145959375 0.9594117640625001 0.9484318453125 0.9541176468750001 0.9451145953125 0.96176470625 0.9433051875 0.9488235296875001 0.9454161640625 0.942352940625 0.9592882984375001 0.9541176468750001 0.9626055484375 0.964117646875 0.9610977078125 0.9670588234374999 0.9598914359374999 0.9611764703125001 0.9568757546875 0.9611764703125001 0.9547647765624999 0.9664705874999999 0.954161640625 0.987647059375 0.9562726171874999 0.9905882359374999 0.97496984375 0.9894117640625 0.97496984375 0.9788235296875 0.9773823890625 0.977647059375 0.98100120625 0.9847058828125 0.9840168874999999 0.9764705875 0.9867310015624999 0.9794117640625 0.9861278656250001 0.987647059375 0.9888419781250001 0.9952941171875 0.9930639328125 0.9952941171875 0.998793728125 0.987647059375 0.99698431875 0.9782352937500001 1 0.9747058828125 1 0.8147058828124999 0.998190590625 0.8111764703125001 1 0.807647059375 1 0.675882353125 0.9975874546875 0.6652941171875 1 0.6605882359375 1 0.42529411718750004
0 0.69632086875 0.9941176468749999 0.7107961406250001 0.997647059375 0.7159227984375 0.9829411765625 0.7129071171875 0.9429411765625 0.7092882984375 0.9264705875000001 0.713510253125 0.89 0.71230398125 0.864117646875 0.7095898671875001 0.854117646875 0.7026538 0.85 0.7129071171875 0.84176470625 0.7110977078125 0.8358823531249999 0.7129071171875 0.772352940625 0.7153196625 0.7664705875 0.71170084375 0.75823529375 0.710494571875 0.607647059375 0.713510253125 0.5900000000000001 0.7098914359374999 0.5735294125 0.7129071171875 0.5664705875 0.7080820265625001 0.5594117640625 0.7098914359374999 0.5347058828125 0.7050663453125 0.49941176406250004 0.7068757546875 0.48764705937499997 0.7110977078125 0.48058823593750005 0.710193003125 0.474117646875 0.7032569359374999 0.46647058750000003 0.710494571875 0.44529411718749995 0.7065741859375 0.4388235296875 0.7014475265625 0.4511764703125 0.6972255734374999 0.49705882343749996 0.694813028125 0.5135294125 0.6930036187499999 0.512352940625 0.6930036187499999 0.48176470625 0.6966224359375001 0.46176470625 0.700844390625 0.39 0.7086851625 0.31235294062499996 0.7062726171875 0.29 0.710494571875 0.2829411765625 0.7110977078125 0.26176470625000003 0.7147165265625001 0.2535294125 0.6924004828125 0.2370588234375 0.6945114593749999 0.2305882359375 0.71833534375 0.22999999999999998 0.701145959375 0.22823529374999998 0.697828709375 0.2170588234375 0.6966224359375001 0.13823529375000002 0.6984318453125 0.107647059375 0.694813028125 0.09941176406249999 0.697828709375 0.087647059375 0.6984318453125 0.054705882812499995 0.6930036187499999 0.0311764703125 0.6930036187499999 0.0005882359375 0.6161037390625 0 0.612183353125 0.014705882812500001 0.6073582625 0.06999999999999999 0.60434258125 0.07823529375 0.60434258125 0.10058823593749999 0.6007237640625 0.13 0.603136309375 0.1547058828125 0.5983112187499999 0.167647059375 0.5971049453124999 0.1935294125 0.5983112187499999 0.2535294125 0.6013269 0.2829411765625 0.6067551265625 0.3052941171875 0.6067551265625 0.3229411765625 0.587153196875 0.3388235296875 0.5844390828125 0.3452941171875 0.5820265375 0.42176470625 0.577804584375 0.4394117640625 0.574185765625 0.5288235296875 0.577804584375 0.5594117640625 0.586851628125 0.58176470625 0.5874547640625 0.5970588234374999 0.577201446875 0.6735294125 0.5699638124999999 0.684117646875 0.5675512671875 0.6970588234374999 0.5669481296875001 0.7405882359375 0.5633293125 0.7652941171875 0.564535584375 0.7805882359375 0.5723763578125001 0.8041176468750001 0.5723763578125001 0.8429411765625 0.5747889015625 0.8488235296875001 0.574185765625 0.864117646875 0.5720747890625 0.8658823531250001 0.5690591078125 0.86 0.5669481296875001 0.8711764703125 0.569360675 0.9264705875000001 0.5612183359375 0.92823529375 0.5579010859375 0.9194117640625 0.5579010859375 0.9005882359375 0.549155609375 0.9 0.54433051875 0.9129411765625 0.5386007234375 0.9182352937499999 0.539806996875 0.935882353125 0.5485524734375 0.942352940625 0.5322677921875 0.9458823531249999 0.5165862484375 0.9752941171874999 0.494873340625 0.9717647062499999 0.4906513875 0.9647058828124999 0.4864294328125 0.9717647062499999 0.47496984375 0.9458823531249999 0.46200241249999996 0.9417647062500001 0.4595898671875 0.9170588234375 0.45205066406250005 0.9105882359375 0.4469240046875 0.8935294125000001 0.4469240046875 0.8794117640625 0.4502412546875 0.8705882359375 0.457478890625 0.8576470593750001 0.4710494578125 0.8488235296875001 0.4704463203125 0.8111764703125001 0.47677925156249995 0.7929411765625 0.48703256875 0.794117646875 0.49427020468749994 0.8247058828125 0.5021109765625 0.8188235296874999 0.520205065625 0.8247058828125 0.523522315625 0.8300000000000001 0.5247285890625 0.84176470625 0.529855246875 0.8458823531249999 0.5277442703124999 0.815882353125 0.533172496875 0.787647059375 0.53829915625 0.7870588234375 0.5416164046875 0.7747058828125 0.5416164046875 0.7111764703125 0.533172496875 0.6947058828125 0.5307599515625 0.6688235296875 0.5171893843750001 0.6470588234375 0.4990952953125 0.6470588234375 0.4912545234375 0.642352940625 0.4873341375 0.6194117640625 0.4939686375 0.5900000000000001 0.4933655 0.5747058828125 0.4957780453125 0.5605882359375001 0.5021109765625 0.55176470625 0.5214113390625 0.5494117640625 0.53498190625 0.5158823531250001 0.530156815625 0.4335294125 0.51899879375 0.43058823593750006 0.507840771875 0.41941176406249997 0.514173703125 0.4188235296875 0.5177925218749999 0.41058823593750005 0.5286489750000001 0.40470588281250003 0.53829915625 0.4094117640625 0.5449336546875 0.4 0.5572979499999999 0.39823529375 0.49969843125 0.3929411765625 0.4933655 0.39823529375 0.498492159375 0.4094117640625 0.49427020468749994 0.4094117640625 0.492460796875 0.4 0.48220747812500003 0.4094117640625 0.48009650156249994 0.41352941249999997 0.4819059109375 0.42176470625 0.47617611562500006 0.425882353125 0.46743063906250004 0.44176470625 0.460193003125 0.46647058750000003 0.4632086859375 0.5135294125 0.457177321875 0.5582352937499999 0.45174909531249996 0.5664705875 0.460494571875 0.5788235296875001 0.46682750312500004 0.58176470625 0.46501809375000003 0.6323529406249999 0.4550663453125 0.66823529375 0.45235223125 0.6652941171875 0.45144752656250003 0.6529411765625001 0.44722557343749997 0.6729411765625 0.444511459375 0.6688235296875 0.444511459375 0.65823529375 0.4420989140625 0.6594117640625 0.44270205 0.675882353125 0.43727382343750004 0.6876470593749999 0.434861278125 0.7029411765625 0.42460796093750003 0.784117646875 0.4203860078125 0.8511764703125 0.4149577796875 0.8841176468749999 0.41435464375000003 0.955882353125 0.417370325 0.9888235296874999 0.4218938484375 0.9964705875 0.498492159375 0.997647059375 0.5177925218749999 0.99176470625 0.53166465625 0.9964705875 0.6556091671875001 0.99823529375 0.6908926421875 0.997647059375 0.69632086875 0.9941176468749999
0 0.777141134375 0.99176470625 0.7786489750000001 0.9852941171875 0.773522315625 0.9788235296875 0.7683956578125 0.9817647062500001 0.7647768390625 0.93823529375 0.761158021875 0.795882353125 0.7696019296875 0.7852941171875 0.770205065625 0.7370588234375 0.768697225 0.7176470593750001 0.7626658625 0.7341176468749999 0.7599517484375 0.727647059375 0.7599517484375 0.70176470625 0.76296743125 0.695882353125 0.7599517484375 0.6876470593749999 0.7599517484375 0.63 0.755126659375 0.5594117640625 0.7521109765625 0.427647059375 0.754523521875 0.4005882359375 0.75331725 0.352352940625 0.757539203125 0.3370588234375 0.764173703125 0.32999999999999996 0.7665862484375 0.29823529375 0.7653799765625 0.2888235296875 0.7593486125 0.284117646875 0.7587454765625 0.2747058828125 0.772014475 0.267647059375 0.770506634375 0.26 0.7632689984375001 0.2611764703125 0.7605548859375 0.25588235312499996 0.7599517484375 0.2452941171875 0.7668878171875 0.242352940625 0.7683956578125 0.22999999999999998 0.7653799765625 0.212352940625 0.75965018125 0.20823529375 0.758142340625 0.1994117640625 0.7521109765625 0.1911764703125 0.751507840625 0.1829411765625 0.75633293125 0.175882353125 0.744873340625 0.15352941250000002 0.7442702046874999 0.1135294125 0.7406513875 0.092352940625 0.7478890234375 0.084117646875 0.744873340625 0.07823529375 0.7430639328125 0.0605882359375 0.7364294328125001 0.0535294125 0.7376357062500001 0.0464705875 0.7340168874999999 0.032352940625 0.7340168874999999 0.0029411765625 0.7316043421875 0.007647059374999999 0.7328106156249999 0.0335294125 0.7303980703125 0.0488235296875 0.7340168874999999 0.06176470625 0.7337153203125 0.1 0.7273823890625 0.084117646875 0.727985525 0.0735294125 0.7207478890625 0.0629411765625 0.7225572984374999 0.0394117640625 0.720144753125 0.0335294125 0.7207478890625 0.022941176562500002 0.717129071875 0.015882353125000002 0.7189384796875 0.0052941171875 0.7065741859375 0 0.7032569359374999 0.0652941171875 0.7032569359374999 0.084117646875 0.7062726171875 0.092352940625 0.703860071875 0.11588235312499999 0.703860071875 0.17941176406249998 0.70566948125 0.184117646875 0.703860071875 0.192352940625 0.7050663453125 0.207647059375 0.71170084375 0.21352941250000002 0.710494571875 0.2229411765625 0.717129071875 0.244117646875 0.7086851625 0.3135294125 0.7098914359374999 0.32176470625000003 0.704463209375 0.384117646875 0.7020506640625 0.39 0.7020506640625 0.424117646875 0.70566948125 0.43235294062499996 0.707478890625 0.4511764703125 0.704463209375 0.46764705937500006 0.7086851625 0.49000000000000005 0.7110977078125 0.612352940625 0.7110977078125 0.7888235296875 0.7129071171875 0.7923529406250001 0.7129071171875 0.8229411765625001 0.71170084375 0.83823529375 0.7062726171875 0.84176470625 0.710193003125 0.8423529406249999 0.713510253125 0.855882353125 0.710494571875 0.9229411765625001 0.717129071875 0.9488235296875001 0.718033775 0.9894117640625 0.73431845625 0.9964705875 0.76296743125 0.995882353125 0.7711097703124999 0.9882352937500001 0.777141134375 0.99176470625
0 0.9047044625 0.35 0.8860072375 0.3147058828125 0.8802774421875 0.2905882359375 0.8748492156250001 0.282352940625 0.8606755125 0.2888235296875 0.86369119375 0.30882352968750004 0.8899276234375 0.362352940625 0.8977683953125 0.374117646875 0.9071170078125 0.375882353125 0.9083232812500001 0.367647059375 0.9047044625 0.35
0 0.872135103125 0.39117647031249997 0.868516284375 0.3429411765625 0.862484921875 0.30882352968750004 0.859167671875 0.3070588234375 0.8486127859374999 0.28176470625 0.8350422203125 0.26 0.827804584375 0.2552941171875 0.8268998796875 0.2629411765625 0.8480096500000001 0.3147058828125 0.86429433125 0.4711764703125 0.86700844375 0.4788235296875 0.8757539203125001 0.48647058750000005 0.884800965625 0.42882352968750004 0.872135103125 0.39117647031249997
0 1 0.3252941171875 0.981302775 0.295882353125 0.9773823890625 0.277647059375 0.9610977078125 0.2635294125 0.9562726171874999 0.2635294125 0.927322075 0.2705882359375 0.9155609171875 0.27823529375 0.9167671890625 0.2911764703125 0.9249095296875 0.3 0.9357659828125 0.322352940625 0.9424004828125 0.3305882359375 0.9532569359374999 0.3352941171875 0.9598914359374999 0.34588235312500004 0.973160434375 0.3529411765625 0.9954764781250001 0.39058823593750003 1 0.3935294125 1 0.3252941171875
0 0.428528346875 0 0.42129071093750003 0.0164705875 0.40892641718749995 0.0311764703125 0.41073582656249996 0.0688235296875 0.41314837187500003 0.0735294125 0.42310012031250005 0.062352940625 0.45205066406250005 0.061176470312499995 0.48220747812500003 0.041176470312500005 0.5165862484375 0.038823529687500004 0.5419179734374999 0.0164705875 0.56634499375 0.0064705875 0.5648371531249999 0 0.428528346875 0
0 0 0.175882353125 0.0162846796875 0.2170588234375 0.03166465625 0.1988235296875 0.071471653125 0.1811764703125 0.09680337812499999 0.1564705875 0.122135103125 0.15058823593749998 0.1420386 0.1529411765625 0.1541013265625 0.134117646875 0.1734016890625 0.13647058750000002 0.1827503015625 0.1170588234375 0.1984318453125 0.067647059375 0.1920989140625 0.054117646875 0.188480096875 0.062352940625 0.18365500625 0.0588235296875 0.1649577796875 0.065882353125 0.1444511453125 0.057647059375 0.1257539203125 0.0705882359375 0.0974065140625 0.0647058828125 0.054583835937500005 0.0788235296875 0.036489746875 0.0694117640625 0.0232207484375 0.0694117640625 0.0193003625 0.0629411765625 0.0199034984375 0.045294117187499996 0.017792521875 0.041176470312500005 0.0117611578125 0.034117646875000004 0.00030156875000000004 0.034117646875000004 0 0.075882353125 0.0054282265625 0.08529411718749999 0 0.095882353125 0 0.175882353125
0 0.7349215921875001 0 0.735826296875 0.0429411765625 0.7409529546875 0.045882353125000004 0.7518094093750001 0.042352940625 0.757539203125 0.0488235296875 0.7665862484375 0.0005882359375 0.7349215921875001 0
0 0.8320265375 0.0329411765625 0.8425814234375 0.022941176562500002 0.8350422203125 0.0105882359375 0.821170084375 0.0011764703125 0.7729191796875 0 0.7665862484375 0.03 0.7671893843750001 0.0370588234375 0.7696019296875 0.038235293749999996 0.7928226781250001 0.031764706250000004 0.8320265375 0.0329411765625