1 0.259375 0.67109375 0.0625 0.078125
1 0.1953125 0.5453125 0.05859375 0.05625
1 0.871875 0.54921875 0.25546875 0.51015625
1 0.56328125 0.39765625 0.04921875 0.06640625
1 0.71875 0.3046875 0.08125 0.09296875
1 0.75078125 0.32109375 0.05078125 0.1
1 0.98046875 0.259375 0.0390625 0.103125
1 0.93046875 0.8828125 0.04296875 0.23046875
1 0.62109375 0.3546875 0.03125 0.0515625
0 0.04294975625 0.8348623859375 0.046731496875 0.829128440625 0.052404106250000006 0.8044724765625 0.057806590625 0.7918577984375 0.05996758437500001 0.7746559640624999 0.059427335937500006 0.7356651375000001 0.0629389515625 0.7270642203125 0.0688816859375 0.7270642203125 0.0721231765625 0.7316513765625 0.0767152890625 0.7586009171875 0.0834683953125 0.7660550453125 0.0861696375 0.7752293578125 0.0948136140625 0.776376146875 0.09751485625 0.7729357796875 0.1199351703125 0.709288990625 0.12317666093749999 0.6645642203125 0.12884927031249999 0.655963303125 0.13722312187500002 0.665711009375 0.137493246875 0.675458715625 0.14397622968749998 0.6743119265625 0.1458670984375 0.6783256875 0.1493787140625 0.7018348624999999 0.1537007015625 0.6983944953125001 0.16882766093749998 0.7006880734375 0.1726094 0.7052752296875 0.1769313890625 0.6961009171875 0.180713128125 0.7087155968750001 0.19313884375 0.7133027515625 0.2015126953125 0.73107798125 0.2015126953125 0.7586009171875 0.20664505625000001 0.78325688125 0.2136682875 0.78325688125 0.21582928125 0.7694954125 0.217179903125 0.7895642203125 0.2201512703125 0.7947247703125 0.233117234375 0.79357798125 0.2358184765625 0.7981651375000001 0.23960021562499997 0.7901376140624999 0.24338195625 0.7889908250000001 0.2458130734375 0.766628440625 0.2344678546875 0.757454128125 0.23743922187500002 0.752293578125 0.24338195625 0.7511467890625 0.24797406875 0.7413990828125 0.24797406875 0.733371559375 0.23527822812500002 0.7316513765625 0.22960561875000002 0.7241972484375 0.23176661250000002 0.7069954125 0.22852512187500001 0.6943807343749999 0.22798487343749999 0.6748853218749999 0.22177201562499999 0.6743119265625 0.219340896875 0.665711009375 0.2390599671875 0.6284403671875001 0.2447325765625 0.62442660625 0.2493246890625 0.596330275 0.27201512656250004 0.5928899078125001 0.2766072390625 0.5751146781250001 0.2766072390625 0.5579128437499999 0.280659103125 0.55275229375 0.2871420859375 0.55275229375 0.2949756890625 0.533830275 0.272555375 0.526376146875 0.2744462453125 0.5108944953125001 0.27930848125 0.5086009171875 0.27849810937499997 0.5 0.25472717500000003 0.49770642187499997 0.2504051859375 0.4988532109375 0.24770394375000002 0.5057339453125 0.24338195625 0.5 0.23635872500000002 0.5080275234375 0.23500810312499998 0.5177752296875 0.2401404640625 0.5137614671875 0.24338195625 0.5194954125 0.2471636953125 0.5091743125 0.25445704999999996 0.5246559640624999 0.2358184765625 0.5298165140625 0.23149648906250003 0.56192660625 0.2271745 0.5607798171875 0.21636952968749998 0.5688073390625 0.210426796875 0.5665137609374999 0.200162075 0.5768348624999999 0.1958400859375 0.57224770625 0.1882766078125 0.5756880734375 0.1726094 0.57224770625 0.164775796875 0.5579128437499999 0.164775796875 0.5498853218749999 0.180443003125 0.5235091749999999 0.1815235015625 0.5086009171875 0.1731496484375 0.493119265625 0.16882766093749998 0.4965596328125 0.157752565625 0.4845183484375 0.1561318203125 0.473050459375 0.1582928140625 0.45470183437499995 0.1539708265625 0.4340596328125 0.1699081578125 0.4002293578125 0.18395461875000002 0.38188073437500003 0.1925985953125 0.3830275234375 0.1996218265625 0.392201834375 0.20637493281250002 0.415711009375 0.21636952968749998 0.43692660625 0.228254996875 0.42660550468749997 0.23284710937500003 0.415711009375 0.226364128125 0.3950688078125 0.2269043765625 0.362958715625 0.22852512187500001 0.35034403593749996 0.2358184765625 0.3348623859375 0.264991896875 0.3302752296875 0.27525661874999996 0.305045871875 0.287682334375 0.29357798125 0.2960561859375 0.2758027515625 0.29794705625 0.26490825625 0.309292275 0.2591743125 0.3141545109375 0.243119265625 0.3289905703125 0.2452147515625 0.3360734921875 0.22887938124999999 0.36132565156249996 0.2256123078125 0.3628654171875 0.2419476765625 0.376107403125 0.2164645 0.3098325234375 0.21330275156249998 0.26607239374999997 0.214449540625 0.2631010265625 0.24942660625 0.2587790390625 0.24942660625 0.260399784375 0.2586009171875 0.2514856828125 0.2603211015625 0.246623446875 0.214449540625 0.13263101093750002 0.208715596875 0.1253376546875 0.216169725 0.12317666093749999 0.25057339375 0.12182604062499999 0.2557339453125 0.11804429999999999 0.2557339453125 0.1134521875 0.2459862390625 0.11129119375 0.216169725 0.10723932968750001 0.20756880781249998 0.000270125 0.204128440625 0.0005402484375 0.8595183484375 0.0197190703125 0.836009175 0.04294975625 0.8348623859375
0 0.354403025 0.8790137609374999 0.3560237703125 0.8663990828125 0.3549432734375 0.7723623859375001 0.3538627765625 0.7643348624999999 0.34927066406249996 0.7580275234375 0.3276607234375 0.75 0.3268503515625 0.7413990828125 0.342247434375 0.7408256875 0.3584548890625 0.7534403671875001 0.364937871875 0.8050458718750001 0.3673689890625 0.7826834859375 0.37331172343749996 0.7700688078125 0.3835764453125 0.7299311921875 0.38411669375 0.6553899078125001 0.3835764453125 0.6393348624999999 0.3811453265625 0.6318807343749999 0.374122096875 0.6261467890625 0.362236628125 0.625 0.36142625625 0.6163990828125 0.3698001078125 0.6123853218749999 0.38546731562500003 0.622706421875 0.389519178125 0.6336009171875 0.3905996765625 0.66341743125 0.39627228593749997 0.6651376140624999 0.40005402500000004 0.653669725 0.4041058890625 0.65424311875 0.407887628125 0.627866971875 0.410048621875 0.62442660625 0.4084278765625 0.6163990828125 0.41653160468749995 0.608371559375 0.427336575 0.5590596328124999 0.42949756875 0.5235091749999999 0.42706645 0.5160550453125 0.3870880609375 0.5068807343749999 0.374122096875 0.5160550453125 0.367098865625 0.51490825625 0.36466774687500003 0.507454128125 0.36790923750000004 0.4959862390625 0.3689897359375 0.47763761406249994 0.37250135 0.488532109375 0.3776337109375 0.47075688125 0.3814154515625 0.466169725 0.380605078125 0.46100917499999994 0.3765532140625 0.46502293593750005 0.3765532140625 0.45126146718750004 0.3833063203125 0.4552752296875 0.38735818437499997 0.450114678125 0.38870880625000004 0.43922018281249997 0.3927606703125 0.4409403671875 0.3927606703125 0.43291284374999994 0.39627228593749997 0.42431192656250005 0.4016747703125 0.42545871562500004 0.4041058890625 0.401949540625 0.4151809828125 0.392201834375 0.42760669843750004 0.36123853281249996 0.4346299296875 0.3589449546875 0.43949216562500004 0.35091743124999997 0.44705564531249997 0.3520642203125 0.4508373859375 0.36009174375 0.46434359843750006 0.3589449546875 0.4773095625 0.3474770640625 0.48271204687499997 0.346330275 0.4864937875 0.35091743124999997 0.490815775 0.3383027515625 0.49783900625 0.336009175 0.5029713671875 0.30905963281250004 0.50216099375 0.29357798125 0.4902755265625 0.29357798125 0.4864937875 0.285550459375 0.47082657968749997 0.28784403593749996 0.467044840625 0.2924311921875 0.462722853125 0.288990825 0.44705564531249997 0.2993119265625 0.4303079421875 0.2981651375 0.42841707187500006 0.301032109375 0.42949756875 0.31708715625 0.425985953125 0.3233944953125 0.41356023750000004 0.3302752296875 0.38978930312500004 0.3302752296875 0.37601296562500003 0.3228211015625 0.3765532140625 0.299885321875 0.374122096875 0.29128440312500004 0.35683414375 0.28325688125 0.35224203125 0.3205275234375 0.3449486765625 0.329128440625 0.337385196875 0.329128440625 0.334954078125 0.334288990625 0.335494328125 0.3549311921875 0.3322528359375 0.3836009171875 0.321447865625 0.4008027515625 0.31847649843750003 0.41513761406249994 0.3144246359375 0.4122706421875 0.310372771875 0.396788990625 0.2984873046875 0.392201834375 0.29416531562500003 0.3807339453125 0.29173419843750004 0.415711009375 0.2728255 0.44208715625000006 0.271745003125 0.45814220156249996 0.264721771875 0.4741972484375 0.263641275 0.4913990828125 0.2890329546875 0.50057339375 0.2863317125 0.5246559640624999 0.2911939484375 0.533830275 0.2890329546875 0.5579128437499999 0.2860615890625 0.565366971875 0.2825499734375 0.5659403671875001 0.280929228125 0.584288990625 0.2814694765625 0.59575688125 0.2868719609375 0.5991972484375 0.2868719609375 0.6209862390625001 0.282820096875 0.6295871562500001 0.27471636875 0.6261467890625 0.2631010265625 0.6336009171875 0.2882225828125 0.642201834375 0.289573203125 0.651949540625 0.2879524578125 0.661123853125 0.2901134515625 0.6668577984375 0.2833603453125 0.690366971875 0.2744462453125 0.6978211015625 0.273905996875 0.7081422015625 0.27093462968750004 0.714449540625 0.23500810312499998 0.709288990625 0.23527822812500002 0.72591743125 0.2471636953125 0.72591743125 0.25823878906250003 0.733371559375 0.2552674234375 0.7465596328124999 0.2506753109375 0.74483945 0.2474338203125 0.7826834859375 0.24311183125000002 0.7826834859375 0.24311183125000002 0.7918577984375 0.23851971875000003 0.8050458718750001 0.2358184765625 0.8061926609375 0.2298757421875 0.7970183484375 0.2271745 0.7970183484375 0.223933009375 0.8050458718750001 0.22069151874999998 0.7981651375000001 0.21204754218750002 0.7947247703125 0.210156671875 0.7998853218749999 0.2244732578125 0.8096330281249999 0.23635872500000002 0.8383027515625001 0.26769313906250003 0.8830275234375 0.29416531562500003 0.8876146781250001 0.2974068078125 0.892201834375 0.33765532187499997 0.8962155968750001 0.3449486765625 0.8933486234375 0.354403025 0.8790137609374999
0 0.091031875 0.7660550453125 0.08400864375 0.7626146781250001 0.0777957859375 0.7654816515625 0.0867098859375 0.7752293578125 0.09049162656250001 0.7844036703125 0.094543490625 0.783830275 0.0940032421875 0.7735091749999999 0.091031875 0.7660550453125
0 0.1177741765625 0.7413990828125 0.10210696875 0.7918577984375 0.11750405156249999 0.8119266062499999 0.12209616406249998 0.8125 0.12182604062499999 0.7373853218749999 0.1177741765625 0.7413990828125
0 0.137493246875 0.738532109375 0.13560237656250002 0.7459862390625001 0.13614262500000002 0.8262614671874999 0.1769313890625 0.868119265625 0.185305240625 0.8675458718750001 0.1777417609375 0.8423165140625001 0.137493246875 0.738532109375
0 0.23149648906250003 0.8704128437499999 0.2323068609375 0.86525229375 0.223933009375 0.8532110093749999 0.2201512703125 0.8543577984375 0.21204754218750002 0.8474770640625 0.2088060515625 0.8371559640624999 0.2047541875 0.8342889906250001 0.21096704531250002 0.8233944953125001 0.20232306875 0.8142201828125 0.1882766078125 0.7901376140624999 0.17963263125 0.7844036703125 0.1726094 0.7912844031249999 0.1723392765625 0.783830275 0.176391140625 0.77408256875 0.164505671875 0.7568807343749999 0.1537007015625 0.752293578125 0.15235008125 0.75516055 0.1593733125 0.77924311875 0.194219340625 0.8704128437499999 0.2225823875 0.8732798171875 0.2277147484375 0.868119265625 0.23149648906250003 0.8704128437499999
0 0.7790383578125 0.7253440359375001 0.778498109375 0.716169725 0.76121015625 0.658830275 0.7585089140625 0.641628440625 0.73419773125 0.5533256875 0.7301458671875001 0.5424311921875 0.7269043765625 0.54357798125 0.7201512703125 0.560206421875 0.7333873578125 0.5951834859375 0.7390599671875 0.5991972484375 0.7460831984375 0.6209862390625001 0.7450027015625 0.6427752296875 0.7498649375 0.6496559640624999 0.7493246890624999 0.6714449546875 0.7563479203125001 0.6909403671875001 0.760129659375 0.7264908250000001 0.769584009375 0.7362385328125 0.7811993515625 0.7356651375000001 0.7844408421875 0.733371559375 0.7790383578125 0.7253440359375001
0 0.88411669375 0.925458715625 0.8862776875 0.9197247703125001 0.8938411671875001 0.9266055046874999 0.9005942734374999 0.9237385328125001 0.905456509375 0.8996559640624999 0.901134521875 0.88474770625 0.9059967578125001 0.8675458718750001 0.9038357640625 0.8618119265624999 0.9051863859375 0.8474770640625 0.8981631546875001 0.8486238531250001 0.894381415625 0.844036696875 0.889519178125 0.8497706421875 0.874122096875 0.841169725 0.8735818468750001 0.858371559375 0.8703403562500001 0.8663990828125 0.869259859375 0.9317660546875001 0.871420853125 0.9375 0.8765532140625 0.92775229375 0.88411669375 0.925458715625
0 0.8703403562500001 0.98107798125 0.860075634375 0.930619265625 0.8611561312499999 0.8744266062499999 0.8633171265625 0.8675458718750001 0.8611561312499999 0.85607798125 0.8643976234374999 0.8331422015625 0.8630470015625 0.829128440625 0.8576445171874999 0.82224770625 0.846839546875 0.8256880734375001 0.844138303125 0.8188073390625 0.8392760671874999 0.8211009171875 0.8360345765625 0.8165137609374999 0.8317125875 0.8279816515625 0.8279308484375001 0.8279816515625 0.8184764984375 0.7918577984375 0.8200972453125001 0.781536696875 0.8144246359375 0.7752293578125 0.8117233921875 0.7637614671875 0.8014586703125 0.7603211015625 0.7960561859374999 0.76490825625 0.7890329546875 0.7580275234375 0.7766072390625001 0.7568807343749999 0.7690437593749999 0.747706421875 0.762290653125 0.757454128125 0.7676931390624999 0.79759174375 0.76580226875 0.8061926609375 0.75229605625 0.8061926609375 0.74554295 0.7930045875 0.7417612109375 0.7643348624999999 0.7287952453125001 0.7069954125 0.712317665625 0.6662844031249999 0.7039438140625001 0.6576834859375 0.6969205828125 0.62557339375 0.69313884375 0.5946100921874999 0.7007023234374999 0.5533256875 0.7025931921875 0.550458715625 0.710156671875 0.5538990828125 0.7098865484375 0.5395642203125 0.7139384109375 0.5366972484375 0.7182604 0.5470183484375 0.72069151875 0.5326834859375 0.7188006484375 0.526376146875 0.7139384109375 0.530963303125 0.703133440625 0.5252293578125 0.7020529437499999 0.5080275234375 0.6723392765625 0.5 0.669097784375 0.5 0.6677471640625 0.50516055 0.6696380328125 0.5126146781250001 0.6753106421874999 0.516628440625 0.667206915625 0.533830275 0.667206915625 0.5418577984375 0.6731496484374999 0.5670871562500001 0.6742301453125 0.5819954125 0.6801728796875001 0.6003440359375001 0.6780118859375001 0.6106651375000001 0.6828741218750001 0.63016055 0.6823338734375 0.64392201875 0.6866558609375 0.676032109375 0.694219340625 0.6840596328124999 0.6882766078125 0.6966743125 0.6893571046875 0.7081422015625 0.6861156125 0.716169725 0.6882766078125 0.7241972484375 0.6826039984375 0.73509174375 0.6682874125 0.7264908250000001 0.6688276609375 0.716169725 0.6639654234375 0.709288990625 0.6588330625000001 0.6915137609374999 0.6547812000000001 0.6886467890625 0.6547812000000001 0.6576834859375 0.651269584375 0.6479357796875 0.639924365625 0.653669725 0.6318206375 0.66857798125 0.6274986499999999 0.6639908250000001 0.623716909375 0.6731651375000001 0.6199351703125 0.6662844031249999 0.61615343125 0.670871559375 0.6118314421875 0.6662844031249999 0.6099405734375 0.6771788984375 0.6129119390625 0.684633028125 0.6042679625 0.68807339375 0.6004862234375 0.6743119265625 0.5958941109375 0.6748853218749999 0.5948136140625 0.685206421875 0.59751485625 0.6966743125 0.60237709375 0.698967890625 0.6042679625 0.719036696875 0.6083198265624999 0.709288990625 0.6094003234375001 0.7253440359375001 0.6118314421875 0.7316513765625 0.6145326843750001 0.728211009375 0.63398163125 0.7305045875 0.6574824421875001 0.74942660625 0.6596434359375001 0.7586009171875 0.658022690625 0.7700688078125 0.6518098328125 0.78325688125 0.649108590625 0.7798165140625 0.637763371875 0.78325688125 0.637493246875 0.7918577984375 0.641815234375 0.7987385328125 0.64316585625 0.8084862390625001 0.6518098328125 0.8153669718750001 0.66126418125 0.8354357796875 0.6631550515625 0.846330275 0.67504051875 0.84174311875 0.6880064828125 0.8474770640625 0.6936790921875 0.8663990828125 0.6980010812499999 0.8962155968750001 0.705834684375 0.9094036703124999 0.7142085359375 0.9134174312500001 0.7209616421875 0.8451834859374999 0.7944354406249999 0.857798165625 0.7974068078125 0.8663990828125 0.7911939484375 0.875 0.73662885 0.8658256874999999 0.7260940031249999 0.8755733937500001 0.7255537546874999 0.9099770640625 0.7355483515625 0.910550459375 0.7436520796874999 0.92775229375 0.7506753109375001 0.93233945 0.7574284171875 0.9558486234375 0.755807671875 0.9638761468749999 0.7571582921875 0.9747706421875 0.77930848125 0.9770642203125 0.7768773640625 0.9489678906250001 0.780929228125 0.94266055 0.7903835765625 0.9512614671874999 0.7928146953125 0.9747706421875 0.8041599140625 0.9839449546875001 0.8084819015625 0.9805045874999999 0.8495407890625 0.993119265625 0.8643976234374999 0.9925458718750001 0.8684494875000001 0.9919724765625 0.8703403562500001 0.98107798125