1 0.7109375 0.35859375 0.15234375 0.1921875
1 0.89609375 0.13828125 0.11484375 0.1109375
1 0.76484375 0.22890625 0.07265625 0.0796875
1 0.04375 0.5109375 0.08671875 0.16015625
1 0.465625 0.1671875 0.07890625 0.13203125
1 0.58671875 0.209375 0.07734375 0.14765625
1 0.72109375 0.121875 0.03046875 0.0578125
1 0.80859375 0.965625 0.12734375 0.06015625
1 0.884375 0.36953125 0.153125 0.1515625
1 0.4046875 0.45703125 0.17890625 0.1375
0 0.029427082812499998 0 0.012760417187500001 0.0323033703125 0.0002604171875 0.0393258421875 0 0.07514045 0.0080729171875 0.0744382015625 0.01640625 0.0842696625 0.0466145828125 0.08005617968749999 0.05338541718749999 0.0856741578125 0.059114582812500004 0.0997191015625 0.06692708281250001 0.0997191015625 0.07734375 0.0842696625 0.0861979171875 0.0842696625 0.09036458281250001 0.1011235953125 0.09114583281250001 0.08637640468749999 0.0934895828125 0.08286516875 0.10703125 0.07865168593750001 0.12265625 0.0842696625 0.1296875 0.1130617984375 0.1380208328125 0.125702246875 0.1385416671875 0.14536516875 0.13359375 0.16011235937499999 0.1174479171875 0.1643258421875 0.115625 0.1467696625 0.11927083281249999 0.1285112359375 0.1127604171875 0.125 0.0940104171875 0.1292134828125 0.0908854171875 0.1221910109375 0.05859375 0.1207865171875 0.0408854171875 0.130617978125 0.029427082812499998 0.130617978125 0.0158854171875 0.119382021875 0.0002604171875 0.133426965625 0 0.290028090625 0.0067708328125 0.304073034375 0.0158854171875 0.34550561874999997 0.02734375 0.3469101125 0.03515625 0.339887640625 0.0434895828125 0.3469101125 0.04765625 0.3384831453125 0.06015625 0.3384831453125 0.06796875 0.3174157296875 0.0783854171875 0.311797753125 0.0817708328125 0.318117978125 0.08255208281250001 0.33146067343749996 0.09036458281250001 0.3286516859375 0.09427083281250001 0.305477528125 0.1049479171875 0.2893258421875 0.1098958328125 0.27036516875 0.1138020828125 0.2654494375 0.1325520828125 0.2120786515625 0.14140625 0.1994382015625 0.1575520828125 0.188202246875 0.1846354171875 0.188202246875 0.19973958281249998 0.1966292140625 0.20052083281250002 0.22823033750000002 0.1955729171875 0.25 0.18802083281249998 0.2549157296875 0.1885416671875 0.2619382015625 0.1966145828125 0.258426965625 0.20026041718749998 0.25140449375 0.2153645828125 0.258426965625 0.22421875 0.23595505625 0.23020833281250003 0.22823033750000002 0.23854166718749997 0.1903089890625 0.240625 0.1692415734375 0.24921875 0.15449438124999998 0.2526041671875 0.138342696875 0.2481770828125 0.1221910109375 0.2388020828125 0.116573034375 0.2361979171875 0.105337078125 0.22942708281250002 0.11516853906249999 0.22369791718749998 0.11376404531249999 0.21979166718749998 0.1060393265625 0.2171875 0.096207865625 0.21770833281250002 0.07654494375000001 0.21458333281250003 0.04845505625 0.215625 0.0344101125 0.21953125 0.0280898875 0.23151041718749998 0.033707865625 0.23671875 0.04213483125 0.2416666671875 0.06390449375 0.23958333281250002 0.07373595468750001 0.2416666671875 0.0905898875 0.25078125 0.1081460671875 0.2559895828125 0.1081460671875 0.2635416671875 0.124297753125 0.2630208328125 0.1467696625 0.25442708281250004 0.1502808984375 0.24895833281250002 0.16362359531249998 0.24739583281250002 0.20014045 0.2338541671875 0.22682584218750002 0.2296875 0.28581460625 0.22552083281250002 0.2970505625 0.2114583328125 0.37148876406250003 0.203125 0.3967696625 0.1932291671875 0.44452247187499994 0.1828125 0.5386235953125 0.1697916671875 0.5695224718749999 0.1666666671875 0.5919943812499999 0.165625 0.6228932578124999 0.1565104171875 0.6362359546875 0.1533854171875 0.6488764046875 0.14895833281249998 0.6369382015625 0.1473958328125 0.6228932578124999 0.1484375 0.6032303375 0.1541666671875 0.5807584265625 0.1572916671875 0.5498595500000001 0.1533854171875 0.5407303375 0.14453125 0.5407303375 0.1447916671875 0.5301966296875 0.1533854171875 0.5280898875 0.1614583328125 0.5189606734375001 0.1630208328125 0.486657303125 0.1666666671875 0.4655898875 0.1731770828125 0.44241572968750004 0.1895833328125 0.4192415734375 0.203125 0.3700842703125 0.2036458328125 0.35603932656250004 0.20182291718749998 0.3511235953125 0.1768229171875 0.3441011234375 0.17265625 0.33146067343749996 0.16848958281249998 0.33146067343749996 0.15390625 0.34550561874999997 0.1455729171875 0.339887640625 0.1247395828125 0.3384831453125 0.10234375 0.366573034375 0.08203125 0.3637640453125 0.0684895828125 0.3721910109375 0.0158854171875 0.37359550625 0.013020832812499999 0.38132022499999996 0.0153645828125 0.424157303125 0.06380208281250001 0.42275280937500004 0.0645833328125 0.445926965625 0.06692708281250001 0.45224719062499996 0.09036458281250001 0.45365168593750005 0.0927083328125 0.46699438125 0.0916666671875 0.4978932578125 0.0802083328125 0.5386235953125 0.07473958281250001 0.5533707859375 0.06015625 0.5603932578124999 0.054947917187499994 0.5828651687499999 0 0.5933988765625 0.0010416671875 0.79845505625 0.010416667187500001 0.8700842703125 0.029427082812499998 0.9929775281250001 0.11041666718750001 0.9922752812500001 0.1184895828125 0.9859550562500001 0.1299479171875 0.9901685390624999 0.13671875 0.9831460671875 0.14921875 0.9845505625 0.1565104171875 0.9719101125 0.1669270828125 0.9634831453125001 0.1794270828125 0.938202246875 0.1966145828125 0.936797753125 0.20807291718749998 0.910112359375 0.2130208328125 0.9136235953125 0.21770833281250002 0.943117978125 0.2205729171875 0.9480337078125001 0.2244791671875 0.9417134828125 0.22395833281250002 0.9206460671875 0.2265625 0.9009831453125001 0.23567708281250002 0.8834269656249999 0.2549479171875 0.8834269656249999 0.25729166718749996 0.8995786515624999 0.2515625 0.9206460671875 0.25338541718749996 0.9227528093749999 0.2643229171875 0.9213483140625 0.2705729171875 0.9297752812500001 0.271875 0.8911516859375 0.2783854171875 0.8834269656249999 0.2869791671875 0.8925561796875 0.2893229171875 0.9213483140625 0.32265625 0.9199438203125 0.34140625 0.9058988765624999 0.3447916671875 0.8841292140625001 0.34713541718749996 0.880617978125 0.35390625 0.8834269656249999 0.3578125 0.8995786515624999 0.3611979171875 0.9030898875 0.37265625 0.894662921875 0.38828125 0.897471909375 0.39140625 0.8876404499999999 0.4283854171875 0.880617978125 0.44348958281249995 0.8679775281250001 0.4565104171875 0.8707865171875 0.4635416671875 0.8602528093749999 0.46458333281249997 0.8279494375 0.47057291718750005 0.8146067421875 0.4760416671875 0.8223314609375001 0.478125 0.8433988765624999 0.48255208281249995 0.8609550562500001 0.4856770828125 0.8469101125 0.5153645828125 0.8455056187500001 0.5606770828125 0.8342696625 0.5794270828125 0.8230337078125001 0.6018229171875 0.8216292140625001 0.6200520828125 0.8146067421875 0.6299479171875 0.8033707859374999 0.64765625 0.8019662921874999 0.6747395828125 0.7879213484375 0.70703125 0.7893258421875 0.7184895828125 0.7738764046875 0.7403645828125 0.7612359546875 0.7450520828125 0.75140449375 0.7533854171875001 0.7570224718749999 0.7934895828124999 0.7542134828125 0.7953125 0.749297753125 0.790625 0.7296348312500001 0.79140625 0.716292134375 0.80078125 0.7036516859375 0.81953125 0.7106741578125 0.8234375 0.6776685390625 0.83046875 0.672752809375 0.85546875 0.67977528125 0.8627604171875 0.6966292140625 0.86953125 0.6980337078125001 0.87734375 0.730337078125 0.9236979171874999 0.714887640625 0.93359375 0.7205056187500001 0.96640625 0.7134831453125 0.96953125 0.7106741578125 0.9768229171874999 0.686797753125 0.9846354171874999 0.681179775 0.9950520828125 0.7120786515625 0.9997395828125001 0.7176966296875 1 0.652387640625 0.9958333328125001 0.6467696625 0.9953125 0.6355337078125001 1 0.625702246875 1 0.5414325843750001 0.98046875 0.5308988765625 0.9768229171874999 0.5182584265625 0.95390625 0.508426965625 0.95 0.4978932578125 0.9541666671875 0.4768258421875 0.9505208328125001 0.45014044999999997 0.940625 0.44452247187499994 0.94140625 0.438202246875 0.9489583328125001 0.4346910109375 0.94609375 0.42977528125 0.9268229171875 0.4283707859375 0.9229166671875 0.43328651718750005 0.9208333328125 0.44452247187499994 0.92265625 0.4494382015625 0.9359375 0.4655898875 0.93359375 0.47612359531250004 0.92578125 0.47471910156249997 0.91953125 0.4634831453125 0.9091145828125 0.4634831453125 0.89609375 0.4550561796875 0.8872395828125 0.466292134375 0.8875 0.4768258421875 0.8807291671874999 0.5189606734375001 0.8807291671874999 0.540028090625 0.8825520828125001 0.5463483140625 0.8908854171874999 0.5463483140625 0.89453125 0.5252808984375 0.8979166671875 0.528792134375 0.8973958328125 0.540028090625 0.8916666671875 0.5582865171875 0.8903645828125001 0.5800561796875 0.8794270828125 0.5828651687499999 0.87578125 0.57022471875 0.86328125 0.5660112359375 0.8583333328125 0.5498595500000001 0.8627604171875 0.5407303375 0.8671875 0.5442415734375 0.8669270828125001 0.5238764046875 0.8591145828125001 0.5280898875 0.8518229171874999 0.5 0.8463541671874999 0.50772471875 0.840625 0.4768258421875 0.84375 0.46418539374999995 0.8442708328125 0.43328651718750005 0.8393229171875 0.42134831406249995 0.83046875 0.4185393265625 0.8265625 0.42345505625 0.8268229171874999 0.45786516875 0.81640625 0.450842696875 0.8104166671874999 0.4206460671875 0.8033854171874999 0.4157303375 0.7877604171875 0.4185393265625 0.78203125 0.4255617984375 0.72109375 0.4396067421875 0.70390625 0.4564606734375 0.6580729171875 0.4592696625 0.64453125 0.4550561796875 0.6416666671875 0.445926965625 0.6421875 0.42345505625 0.6333333328124999 0.388342696875 0.63125 0.33918539375 0.6348958328125 0.318117978125 0.6471354171875 0.2949438203125 0.6513020828125 0.2808988765625 0.6557291671875001 0.278792134375 0.65625 0.25351123593749997 0.6591145828125 0.2387640453125 0.690625 0.2338483140625 0.6869791671875001 0.195926965625 0.6778645828125 0.1839887640625 0.675 0.1692415734375 0.6734375 0.131320225 0.6838541671875 0.11727528125 0.6744791671875 0.10323033749999999 0.6682291671875 0.07514045 0.66953125 0.056179775 0.68515625 0.056179775 0.7050381906250001 0.11556307187499999 0.7063398265624999 0.0973157484375 0.716752915625 0.0917011625 0.7300296187499999 0.11837036406250001 0.727426346875 0.1436358921875 0.7435666249999999 0.1541632 0.744087271875 0.180832375 0.7518970875 0.199781534375 0.7578846218749999 0.1913596828125 0.7559895828125 0.16713483125 0.7690104171875001 0.15449438124999998 0.7739583328124999 0.1706460671875 0.7723958328125 0.181882021875 0.7763020828125 0.1924157296875 0.7809895828125 0.193820225 0.7891238859375 0.19767607812500002 0.7903645828125 0.1839887640625 0.79140625 0.17977528125 0.784375 0.1692415734375 0.7822916671875 0.1481741578125 0.7833333328125 0.1228932578125 0.76484375 0.0842696625 0.7606770828125 0.0969101125 0.7533854171875001 0.10252809062499998 0.7515625 0.097612359375 0.7520833328125 0.084971909375 0.746875 0.068117978125 0.7458333328125 0.055477528124999995 0.7393229171875 0.0463483140625 0.7315104171875 0.019662921875 0.7184895828125 0.00140449375 0.7059895828125 0.007022471875 0.68515625 0 0.6783854171875 0.008426965625000001 0.6768229171875 0 0.59140625 0 0.57265625 0.0098314609375 0.5690104171875 0.0028089890625 0.5341145828125 0 0.5158854171875 0.004213482812500001 0.5125 0.0316011234375 0.5140625 0.0442415734375 0.5106770828125 0.0533707859375 0.49505208281249996 0.0716292140625 0.4791666671875 0.07514045 0.48984375 0.07724719062499999 0.496875 0.084971909375 0.496875 0.1074438203125 0.5020833328125 0.15941011249999998 0.5044270828124999 0.16713483125 0.5098958328125 0.1706460671875 0.5083333328124999 0.1917134828125 0.5166666671875 0.2127808984375 0.5161458328124999 0.222612359375 0.5244791671875 0.2549157296875 0.5244791671875 0.2661516859375 0.5190104171875001 0.27528089843750003 0.51796875 0.283707865625 0.50859375 0.2738764046875 0.5 0.24367977500000002 0.5003125749999999 0.218890378125 0.44199928125000004 0.2312424015625 0.4407496984375 0.2593152234375 0.45032975156250005 0.258192328125 0.47865333281250005 0.2682985171875 0.48072916718750003 0.278792134375 0.478236815625 0.301985903125 0.43158619375 0.2986171734375 0.424505275 0.285142209375 0.428670509375 0.2660526828125 0.42533834062500003 0.223382003125 0.41700787031250003 0.22562783749999998 0.407844334375 0.236856965625 0.41992352187500004 0.2435944265625 0.4190904875 0.262683953125 0.411176534375 0.2705443515625 0.407844334375 0.3042317375 0.4061782328125 0.3581315453125 0.435751428125 0.3603773796875 0.4361679453125 0.3188295953125 0.45116278593750003 0.30535463281249997 0.46699069218749995 0.32668999374999996 0.467407209375 0.3985564328125 0.47740378124999994 0.39406485 0.47740378124999994 0.31546086562500003 0.48698380312499995 0.290756775 0.49401041718750005 0.2963483140625 0.4984375 0.3082865171875 0.5018229171875 0.36235955 0.5216145828125 0.3567415734375 0.5234375 0.3504213484375 0.5229166671875001 0.33778089843750003 0.5294270828125 0.31882022499999996 0.53515625 0.3244382015625 0.54453125 0.34971910156249997 0.5544270828125 0.35393258437499997 0.5625 0.38132022499999996 0.5653645828125 0.4564606734375 0.49765625 0.4719101125 0.49296875 0.4817415734375 0.48671875 0.4817415734375 0.48255208281249995 0.49859550625000004 0.47838541718750005 0.48735955000000003 0.4466145828125 0.49297752812500006 0.44348958281249995 0.5042134828125 0.4341145828125 0.494382021875 0.40807291718750005 0.49578651718750005 0.3924479171875 0.50140449375 0.38723958281250004 0.51404494375 0.37734375 0.5210674156249999 0.37265625 0.5154494374999999 0.3356770828125 0.5280898875 0.33125 0.5386235953125 0.3338541671875 0.5470505625000001 0.3330729171875 0.563202246875 0.3190104171875 0.589887640625 0.3161458328125 0.6046348312500001 0.31015625 0.6179775281250001 0.2986979171875 0.619382021875 0.29348958281250004 0.5969101125 0.28072916718749996 0.5863764046875 0.2786458328125 0.540028090625 0.28359375 0.50140449375 0.2940104171875 0.48455056250000006 0.31015625 0.478932584375 0.3114583328125 0.4740168546875 0.3125 0.45294943749999994 0.31015625 0.44101123593749997 0.2986979171875 0.44241572968750004 0.2958333328125 0.4346910109375 0.2953125 0.3995786515625 0.2984375 0.37148876406250003 0.2984375 0.347612359375 0.3010416671875 0.33918539375 0.3036458328125 0.306882021875 0.2981770828125 0.3033707859375 0.2877604171875 0.313202246875 0.26901041718749996 0.3146067421875 0.2666666671875 0.3125 0.26614583281250004 0.292837078125 0.28984375 0.2879213484375 0.3044270828125 0.2907303375 0.3083333328125 0.28300561874999997 0.31015625 0.2654494375 0.3104166671875 0.374297753125 0.3138020828125 0.3904494375 0.3221354171875 0.38904494375 0.3255208328125 0.38272471874999997 0.32760416718749996 0.33778089843750003 0.33359375 0.32303370781249996 0.3377604171875 0.32303370781249996 0.34375 0.334971909375 0.3453125 0.37148876406250003 0.34765625 0.3778089890625 0.3544270828125 0.3792134828125 0.37265625 0.367977528125 0.37552083281250004 0.36025280937500004 0.3760416671875 0.347612359375 0.3760416671875 0.33778089843750003 0.3729166671875 0.3279494375 0.3739583328125 0.2970505625 0.37838541718749996 0.2893258421875 0.38984375 0.285112359375 0.3947916671875 0.2549157296875 0.38828125 0.241573034375 0.3565104171875 0.2457865171875 0.3494791671875 0.20716292187500002 0.3453125 0.195926965625 0.3479166671875 0.1467696625 0.3528645828125 0.1348314609375 0.36276041718749996 0.12640449375 0.3731770828125 0.1081460671875 0.38515625 0.10674157343749999 0.40026041718750005 0.0842696625 0.40442708281249995 0.08286516875 0.40807291718750005 0.091292134375 0.41171875 0.091292134375 0.41588541718750005 0.103932584375 0.41953125 0.1011235953125 0.42369791718750005 0.0842696625 0.42942708281249997 0.0856741578125 0.43645833281249996 0.0990168546875 0.43984375 0.11516853906249999 0.4497395828125 0.116573034375 0.4515625 0.1144662921875 0.45546875 0.08005617968749999 0.46328125 0.08286516875 0.46848958281249997 0.0744382015625 0.45546875 0.07022471875 0.4518229171875 0.054775281249999995 0.44453125 0.047752809375 0.4388020828125 0.047752809375 0.42942708281249997 0.0575842703125 0.3903645828125 0.0463483140625 0.35234375 0.049157303125 0.33151041718749996 0.0393258421875 0.3033854171875 0.0435393265625 0.2950520828125 0.0379213484375 0.2809895828125 0.0379213484375 0.27291666718749996 0.0316011234375 0.2744791671875 0.0035112359375 0.2721354171875 0 0.26171875 0 0.2440104171875 0.0098314609375 0.23671875 0 0.1846354171875 0 0.1854166671875 0.0175561796875 0.1994791671875 0.0442415734375 0.2010416671875 0.07654494375000001 0.1973958328125 0.096207865625 0.20052083281250002 0.10463483124999999 0.20052083281250002 0.11727528125 0.18046875 0.119382021875 0.1721354171875 0.1278089890625 0.1419270828125 0.117977528125 0.1395833328125 0.10884831406249999 0.1385416671875 0.08637640468749999 0.13333333281249998 0.068117978125 0.1359375 0.042837078125 0.1419270828125 0.025280898437499998 0.1481770828125 0.019662921875 0.15703125 0.022471909374999998 0.16328125 0 0.029427082812499998 0
0 0.7377604171875001 0.0238764046875 0.7450520828125 0.0323033703125 0.75234375 0.0365168546875 0.7580729171875 0.0323033703125 0.7669270828125 0.07724719062499999 0.79609375 0.117977528125 0.8 0.10884831406249999 0.803125 0.042837078125 0.80625 0.0344101125 0.8078125 0.014747190625 0.8093950828124999 0.034838778125 0.8125 0.0442415734375 0.808093446875 0.05589339375 0.8067708328125001 0.07654494375000001 0.8057291671875 0.110252809375 0.8080729171875 0.132022471875 0.8279646093749999 0.16806511875000002 0.8278783109375001 0.168184678125 0.8421875 0.1973314609375 0.8471354171875 0.2247191015625 0.8669270828125001 0.2542134828125 0.87890625 0.285112359375 0.88359375 0.2865168546875 0.8924479171874999 0.272471909375 0.8997395828125001 0.27528089843750003 0.9036458328125001 0.28721910156249997 0.90546875 0.3075842703125 0.9169270828125 0.3146067421875 0.9565104171875 0.380617978125 0.9638020828125 0.4157303375 0.97265625 0.42275280937500004 0.9841145828125001 0.44241572968750004 0.98828125 0.44241572968750004 0.9966145828125 0.466292134375 1 0.4683988765625 0.9997395828125001 0 0.7296875 0.000702246875 0.7377604171875001 0.0238764046875
0 0 0.9964887640625 0.0166666671875 0.9978932578125 0.017708332812499998 0.9782303375 0.010416667187500001 0.9332865171875 0.0002604171875 0.839887640625 0 0.9501404499999999 0.0015625 0.9529494375 0 0.9543539328125 0 0.9964887640625
0 0.7484375 0.9627808984374999 0.7505208328124999 0.9501404499999999 0.7528645828125 0.9452247187499999 0.76796875 0.9424157296875 0.7677083328125 0.93890449375 0.7611979171875001 0.9241573031250001 0.7580729171875 0.931179775 0.7533854171875001 0.9297752812500001 0.75 0.9206460671875 0.7497395828125 0.910112359375 0.74140625 0.908707865625 0.7372395828125 0.9227528093749999 0.7231770828124999 0.9255617984375 0.7213541671875 0.9304775281250001 0.7203125 0.9698033703125001 0.72734375 0.9957865171875 0.7354166671875 0.9964887640625 0.7502604171875 0.9957865171875 0.7484375 0.9627808984374999
0 0.8369791671875 0.8883426968749999 0.8395833328125001 0.8785112359375 0.8385416671874999 0.8672752812500001 0.8283854171874999 0.8581460671875 0.8158854171875 0.87359550625 0.8080729171875 0.8778089890624999 0.7955729171875 0.875 0.7908854171875 0.880617978125 0.7890625 0.8869382015625 0.7875 0.9304775281250001 0.7851874859375 0.9408708499999999 0.8384164249999999 0.9327158265625 0.8458333328125001 0.931882021875 0.8390625 0.917837078125 0.8369791671875 0.902387640625 0.8369791671875 0.8883426968749999
0 0.99609375 0.811797753125 0.9846354171874999 0.811797753125 0.96953125 0.8300561796875 0.9606770828125001 0.8497191015625001 0.95078125 0.855337078125 0.94453125 0.8721910109375001 0.9341145828125 0.8707865171875 0.9221354171874999 0.853932584375 0.9044270828125001 0.855337078125 0.89140625 0.8384831453125001 0.88515625 0.8370786515624999 0.8783854171875 0.8426966296874999 0.8705729171875 0.839887640625 0.8658854171874999 0.84831460625 0.8515625 0.8574438203125 0.8614583328125001 0.8855337078125001 0.8619791671874999 0.8995786515624999 0.8572916671874999 0.9290730343750001 0.8654904390624999 0.9320139640624999 0.9049479171874999 0.9255617984375 0.9377604171874999 0.9227528093749999 0.9432291671874999 0.9304775281250001 0.946875 0.9669943812499999 0.9424479171875 0.9831460671875 0.93671875 0.9831460671875 0.9372395828125001 0.9929775281250001 0.9419270828125 0.9859550562500001 0.9466145828125001 0.9957865171875 1 0.9964887640625 0.9997395828125001 0.797752809375 0.99609375 0.811797753125
0 0.8072916671874999 0.3518258421875 0.7973958328124999 0.3307584265625 0.7986979171875 0.3075842703125 0.81953125 0.30477528125000003 0.8268229171874999 0.29775280937500004 0.83671875 0.3005617984375 0.8411458328125001 0.2942415734375 0.846875 0.2619382015625 0.8526041671875 0.24367977500000002 0.83984375 0.22050561875 0.8158854171875 0.21348314531249998 0.80625 0.23244382031250002 0.8036458328125 0.250702246875 0.8002604171875 0.258426965625 0.7856770828124999 0.257022471875 0.7690104171875001 0.269662921875 0.7671875 0.2759831453125 0.7697916671875 0.2886235953125 0.7880208328125 0.3279494375 0.7869791671875 0.3504213484375 0.7903645828125 0.3581460671875 0.7984375 0.361657303125 0.80546875 0.36095505625 0.8072916671874999 0.3518258421875