1 0.67109375 0.771875 0.19296875 0.19296875
1 0.184375 0.634375 0.29375 0.21953125
1 0.490625 0.5671875 0.07265625 0.1125
1 0.84609375 0.46484375 0.125 0.278125
1 0.68671875 0.2453125 0.16953125 0.14453125
1 0.271875 0.3890625 0.0625 0.075
1 0.2 0.5 0.07578125 0.0859375
1 0.3625 0.534375 0.0671875 0.10078125
1 0.44296875 0.54375 0.071875 0.128125
1 0.53515625 0.50703125 0.103125 0.0859375
1 0.6 0.57265625 0.08515625 0.1421875
1 0.690625 0.571875 0.04765625 0.07890625
1 0.0515625 0.47578125 0.103125 0.11484375
1 0.26328125 0.44453125 0.05078125 0.06328125
1 0.38203125 0.46484375 0.06875 0.09609375
1 0.6390625 0.47734375 0.16328125 0.11484375
1 0.07734375 0.9046875 0.1546875 0.190625
1 0.071875 0.29765625 0.14375 0.1453125
1 0.20078125 0.18046875 0.175 0.10078125
1 0.45625 0.2390625 0.1375 0.10078125
1 0.37109375 0.37109375 0.075 0.10625
1 0.28203125 0.340625 0.0703125 0.08125
1 0.51796875 0.3328125 0.04140625 0.0421875
1 0.47265625 0.3265625 0.04296875 0.0546875
1 0.3015625 0.5296875 0.0625 0.07734375
1 0.25234375 0.51328125 0.059375 0.07578125
1 0.13984375 0.484375 0.09765625 0.10703125
1 0.2140625 0.78671875 0.10625 0.15234375
1 0.35390625 0.70859375 0.1203125 0.1921875
1 0.1984375 0.378125 0.1453125 0.10859375
1 0.5203125 0.10390625 0.08984375 0.0546875
0 1 0.2462593515625 0.9959551953125001 0.244389028125 0.9903546984375 0.2568578546875 0.9810205359375 0.260598503125 0.945550715625 0.2568578546875 0.9405724953125001 0.2618453859375 0.925637834375 0.260598503125 0.9234598625 0.2462593515625 0.9268823890625001 0.23690773125 0.94306160625 0.2306733171875 0.9579962656250001 0.234413965625 0.9648413187499999 0.2456359109375 0.9691972625 0.2381546140625 0.99222153125 0.23566084843750001 0.9959551953125001 0.2431421453125 1 0.23877805468750002 0.9996888609375001 0.0012468828125 0.69477286875 0 0.68543870625 0.0162094765625 0.6692594890625 0.0162094765625 0.66428126875 0.007481296875 0.6586807718750001 0.007481296875 0.654324828125 0.0336658359375 0.6288114499999999 0.0299251875 0.6238332296875 0.047381546875 0.6032980703125 0.06733167031250001 0.5973864343749999 0.077930175 0.5955196015625 0.09413965156250001 0.605164903125 0.1022443890625 0.697261978125 0.128428928125 0.7794026140625 0.1807980046875 0.787492221875 0.19825436406250002 0.8024268828125001 0.19825436406250002 0.8154947109374999 0.204488778125 0.821406346875 0.2138403984375 0.8279402609375 0.239401496875 0.8316739265624999 0.23192020000000002 0.8509645296875 0.25187032343750004 0.8830118234375 0.3148379046875 0.8998133171875 0.3647132171875 0.9085252015625 0.3771820453125 0.9153702546875 0.3996259359375 0.9234598625 0.4108478796875 0.9421281890625 0.4607231921875 0.9695083999999999 0.5118453859375001 1 0.5816708234375 1 0.2462593515625
0 0.7349097703125 0.989401496875 0.7212196640624999 0.9120947625 0.7252644671875 0.9064837906250001 0.7352209078125 0.9052369078125 0.741443684375 0.8927680796875 0.7454884875000001 0.8971321703124999 0.7635345359375 0.9906483796875 0.7682016171875 0.9987531171875 0.9996888609375001 0.9987531171875 1 0.8198254359374999 0.9299937765624999 0.8054862843749999 0.9231487250000001 0.8104738156250001 0.9100808953125 0.7967581046875 0.88207840625 0.7942643390625 0.8161169875000001 0.7768079796875 0.7986932171875 0.7780548625 0.781269446875 0.7718204484375 0.7769135031250001 0.7768079796875 0.7682016171875 0.770573565625 0.7641568140625 0.7786783046875 0.7641568140625 0.8098503734375001 0.7672682015625 0.8173316703125 0.7672682015625 0.8347880296874999 0.7697573125 0.84102244375 0.7657125078125 0.8441396515624999 0.7588674546874999 0.8615960093749999 0.7177971375000001 0.8478802999999999 0.6916614812499999 0.8466334171875 0.6593030484375 0.8341645890624999 0.6474797765625 0.8354114718749999 0.63939016875 0.8291770578125 0.635034225 0.840399003125 0.628189171875 0.830423940625 0.57840696875 0.81296758125 0.5762289984375 0.8098503734375001 0.57809583125 0.803615959375 0.5765401375 0.78304239375 0.55351586875 0.7793017453125 0.5410703171875 0.7693266828125 0.5364032359375 0.7562344140625 0.5388923453125 0.7487531171875 0.537647790625 0.7362842890625 0.529869321875 0.724438903125 0.45519601718749997 0.71695760625 0.45208462968749996 0.7069825437499999 0.43621655312499996 0.71508728125 0.4405724953125 0.7400249375 0.43995021718749994 0.7524937656249999 0.4352831359375 0.760598503125 0.4284380828125 0.76309226875 0.41972619843750003 0.7842892765625 0.3954573734375 0.780548628125 0.3867454890625 0.7718204484375 0.3792781578125 0.7780548625 0.379589296875 0.7861596015625001 0.3767890484375 0.7905236906249999 0.3680771625 0.788029925 0.3593652765625 0.795511221875 0.3238954578125 0.785536159375 0.3139390171875 0.7992518703125 0.2865588046875 0.85910224375 0.27909147500000003 0.8640897750000001 0.2373988796875 0.851620946875 0.2305538265625 0.8541147125 0.215619165625 0.845386534375 0.1851275671875 0.8379052375 0.17330429375 0.8416458859375 0.1714374609375 0.83291770625 0.1645924078125 0.8291770578125 0.16085874375 0.8204488781249999 0.11045426249999998 0.8117206984375 0.076851275 0.7992518703125 0.047604231250000004 0.7980049874999999 0.028935904687500003 0.7905236906249999 0.0258245171875 0.780548628125 0.0158680765625 0.780548628125 0.012756689062500002 0.7718204484375 0 0.7861596015625001 0.0003111390625 0.830423940625 0.011512134375 0.8204488781249999 0.014001245312499999 0.81296758125 0.027691349999999997 0.8104738156250001 0.0326695703125 0.8179551125 0.0631611703125 0.830423940625 0.1347230859375 0.8491271828125001 0.1477909140625 0.856608478125 0.157125078125 0.8678304234375 0.1683260734375 0.8628428921875001 0.17641568125 0.86907730625 0.177971375 0.8796758109375 0.17330429375 0.88902743125 0.1652146859375 0.9002493765624999 0.1565028 0.9002493765624999 0.15432482812499998 0.904613465625 0.15432482812499998 0.9682044890625001 0.151213440625 0.9756857859375 0.150902303125 0.9987531171875 0.180149346875 0.9987531171875 0.1807716234375 0.99501246875 0.18326073437499998 0.9987531171875 0.35749844375 0.9987531171875 0.364965775 0.9900249375 0.37118855 0.9987531171875 0.45395146249999996 0.9987531171875 0.463285625 0.9825436406250001 0.46577473593749996 0.9987531171875 0.726197884375 0.999376559375 0.733976353125 0.9987531171875 0.7349097703125 0.989401496875
0 0.571250778125 0.693890275 0.571250778125 0.6477556109375 0.5693839453125 0.6352867828125001 0.562227753125 0.6296758109375 0.5588052265625 0.614089775 0.5606720593750001 0.5467581046875 0.55662725625 0.53990025 0.5261356562499999 0.532418953125 0.522090853125 0.5692019953125 0.5180460484375 0.57107231875 0.5133789671875 0.590399003125 0.4981331671875 0.613466334375 0.48630989375 0.6159601 0.454573740625 0.6097256859375 0.4514623515625 0.6034912718750001 0.4396390796875 0.6159601 0.40043559375 0.6084788031249999 0.3988799 0.6003740640624999 0.4051026765625 0.5891521203125001 0.40634723125 0.5642144640625 0.411947728125 0.5504987531250001 0.40852520156249994 0.5436408984375001 0.40479153749999996 0.556109725 0.39856876093750004 0.5623441390624999 0.3767890484375 0.5623441390624999 0.37274424375000004 0.577930175 0.364965775 0.59102244375 0.35438705625 0.5997506234375 0.348786559375 0.5972568578125 0.3478531421875 0.601620946875 0.348786559375 0.6246882796875 0.404169259375 0.638403990625 0.4075917859375 0.6452618453125 0.4075917859375 0.6652119703125 0.41723708750000005 0.6733167078125 0.4452395765625 0.6758104734375 0.47946484062500005 0.6882793015625001 0.5336029875 0.6945137156250001 0.5373366515625 0.7019950125000001 0.5448039828125 0.69700748125 0.566894834375 0.7013715703125001 0.5696950843749999 0.7007481296875 0.571250778125 0.693890275
0 0.9564405718750001 0.7687032421875 0.9489732421875001 0.757481296875 0.9483509640625 0.7512468828125 0.953329184375 0.72506234375 0.9387056625 0.7206982546875 0.934660859375 0.71508728125 0.93092719375 0.676433915625 0.9411947734374999 0.659600996875 0.95239576875 0.6496259359375001 0.9691972625 0.6496259359375001 0.9701306781250001 0.6415211968750001 0.9688861234375 0.62905236875 0.9642190421875 0.6271820453125 0.9576851281250001 0.6153366578125 0.9530180453125 0.5935162093749999 0.940883634375 0.5891521203125001 0.9377722468749999 0.5430174562500001 0.9293715 0.532418953125 0.9253266953124999 0.53304239375 0.9253266953124999 0.545511221875 0.9278158062499999 0.560473815625 0.9315494703124999 0.5667082296875 0.9253266953124999 0.59289276875 0.92190416875 0.6246882796875 0.9169259484375001 0.6109725687500001 0.8453640328124999 0.598503740625 0.7924704421875 0.5798004984375 0.7825140015625001 0.507481296875 0.7532669578125 0.5 0.7426882390625 0.4788029921875 0.7296204109375 0.47755610937500004 0.72868699375 0.4831670828125 0.73459863125 0.48877805468749996 0.7358431859375 0.497506234375 0.741443684375 0.49625935156249995 0.7448662109375 0.50311720625 0.7436216546875001 0.6128428921875 0.7411325453125001 0.6215710718749999 0.742999378125 0.6302992515625 0.7380211578125 0.671446384375 0.7258867453125 0.672069825 0.7121966390625001 0.6683291765625 0.7106409453125 0.6639650875 0.712507778125 0.614089775 0.7103298078125 0.6072319203125 0.691039203125 0.6047381546875 0.6714374609375 0.595386534375 0.669570628125 0.5667082296875 0.6720597390624999 0.55299251875 0.6804604859375 0.53491271875 0.6869944 0.535536159375 0.689483509375 0.5268079796875 0.6866832609375 0.5211970078125 0.6232109515625 0.507481296875 0.6176104546875 0.51496259375 0.608276290625 0.51496259375 0.6042314875 0.5268079796875 0.6113876781250001 0.5498753125 0.631300559375 0.5548628421874999 0.63970130625 0.5667082296875 0.64405725 0.5866583546874999 0.643434971875 0.6390274312499999 0.6409458625 0.6377805484375 0.63939016875 0.6271820453125 0.59831985 0.6271820453125 0.592719353125 0.638403990625 0.582140634375 0.6396508734374999 0.5771624140625 0.633416459375 0.5737398875 0.651496259375 0.5737398875 0.7001246875 0.5771624140625 0.704488778125 0.588363409375 0.7057356609375 0.5952084625 0.6907730671875 0.6045426265625 0.684538653125 0.609520846875 0.689526184375 0.6431238328125 0.6982543640625 0.7022401984375 0.7094763093750001 0.708462975 0.704488778125 0.73771001875 0.7082294265625 0.761356565625 0.7219451375 0.7641568140625 0.7562344140625 0.7682016171875 0.7643391515625 0.775357809375 0.7549875312500001 0.7769135031250001 0.7182044890625 0.7772246421875 0.7549875312500001 0.780024890625 0.765586034375 0.7843808343750001 0.7693266828125 0.8117610453124999 0.7680798 0.8161169875000001 0.7743142140625 0.8232731796874999 0.76496259375 0.8232731796874999 0.7537406484375 0.8263845671875 0.7475062343750001 0.8279402609375 0.6421446390625001 0.8294959546875 0.6814214468750001 0.82669570625 0.7643391515625 0.8298070937500001 0.7593516203124999 0.8441194765625 0.7593516203124999 0.8553204734375001 0.7730673312499999 0.8590541375 0.7668329171875 0.8752333546875001 0.7680798 0.8907902921874999 0.7817955109375 0.9069695078125 0.780548628125 0.9100808953125 0.7842892765625 0.9178593656249999 0.7786783046875 0.9197261984375 0.7387780546875 0.92190416875 0.7331670828125 0.925637834375 0.7331670828125 0.9278158062499999 0.7412718203125 0.9284380828125001 0.7786783046875 0.9312383328125 0.78304239375 0.9458618546875 0.7836658359374999 0.95706285 0.7786783046875 0.9564405718750001 0.7687032421875
0 0 0.565461346875 0.012756689062500002 0.5648379046875001 0.0186683265625 0.5741895265625 0.0102675796875 0.57605985 0.0003111390625 0.5673316703125 0.0003111390625 0.5847880296875 0.0164903546875 0.5847880296875 0.0227131296875 0.59102244375 0.041692595312500004 0.595386534375 0.051337896875 0.5922693265625 0.074362165625 0.5685785531249999 0.0731176109375 0.5598503734375 0.06596141875 0.5592269328125 0.066583696875 0.5504987531250001 0.07809583125 0.5361596015625001 0.0808960796875 0.5268079796875 0.07062850000000001 0.51496259375 0.051337896875 0.532418953125 0.033914125 0.53491271875 0.0258245171875 0.54488778125 0.0065339140625 0.5436408984375001 0.0031113875 0.5293017453125 0 0.5280548625 0 0.565461346875
0 0.7065961421875 0.38653366562499997 0.7087741125 0.4008728171875 0.7118855015625 0.3996259359375 0.7118855015625 0.3622194515625 0.7202862484375 0.34413965156250004 0.74393279375 0.3491271828125 0.7473553203125001 0.3559850375 0.7489110140624999 0.3753117203125 0.752333540625 0.3559850375 0.760112009375 0.35286782968749997 0.76540136875 0.3672069828125 0.7688238953125001 0.3902743140625 0.7725575609375 0.3852867828125 0.7756689484375 0.391521196875 0.7881144984375 0.3877805484375 0.79278158125 0.378428928125 0.79278158125 0.3672069828125 0.782825140625 0.35349127187499996 0.782825140625 0.3347880296875 0.7725575609375 0.32294264375 0.7389545734375 0.3316708234375 0.68855009375 0.3216957609375 0.6804604859375 0.310473815625 0.6667703796875 0.3067331671875 0.6505911640625001 0.315461346875 0.63939016875 0.30299251875 0.6275668953125 0.30423940156249996 0.6216552578125001 0.313591021875 0.6194772875 0.33291770625 0.6490354703125 0.34102244375 0.646546359375 0.37967581093749997 0.6493466078125001 0.39900249374999996 0.66428126875 0.401496259375 0.6748599875 0.3927680796875 0.6736154328125 0.401496259375 0.7025513375 0.40710723125000003 0.705662725 0.4033665828125 0.7065961421875 0.38653366562499997
0 0.46266334843749995 0 0.45892968281249996 0.006234414062500001 0.45332918437499997 0 0.42470441875000003 0.002493765625 0.4212818921875 0.0081047375 0.42283758593750004 0.011221945312499999 0.4359054140625 0.0137157109375 0.4368388296875 0.019326682812500003 0.43092719375 0.021197007812499998 0.4284380828125 0.027431421875 0.42408214062500005 0.0236907734375 0.4138145609375 0.0517456359375 0.40292470468749997 0.06608478749999999 0.3951462359375 0.06296758125 0.396390790625 0.0492518703125 0.38799004375 0.0336658359375 0.3736776609375 0.022443890624999997 0.3637212203125 0.027431421875 0.3568761671875 0.0187032421875 0.3531425015625 0.019950125 0.3509645296875 0.0243142140625 0.356565028125 0.0317955109375 0.3494088359375 0.0336658359375 0.34194150625 0.061097256249999995 0.3316739265625 0.0317955109375 0.3310516484375 0.016832917187499997 0.33696328593749997 0.0099750625 0.345675171875 0.01496259375 0.3525202234375 0.0099750625 0.35749844375 0.0137157109375 0.361232109375 0.0037406484375 0.364965775 0.002493765625 0.370566271875 0.012468828125000001 0.3767890484375 0.0137157109375 0.381144990625 0 0.3207840703125 0.0012468828125 0.316739265625 0.0081047375 0.3254511515625 0.016832917187499997 0.3210952078125 0.019326682812500003 0.318294959375 0.032418953125 0.30211574375 0.03491271875 0.2993154953125 0.0517456359375 0.2946484125 0.058603490625 0.2884256375 0.054862842187500004 0.27909147500000003 0.062344139062500005 0.266023646875 0.05985037343750001 0.262912259375 0.0411471328125 0.260112009375 0.05548628437499999 0.255444928125 0.0648379046875 0.2510889859375 0.0648379046875 0.24797759843749997 0.03990025 0.2317983828125 0.027431421875 0.2268201625 0.027431421875 0.2237087734375 0.038653367187499996 0.2044181703125 0.0361596015625 0.1988176734375 0.042394015624999996 0.14094586250000002 0.047381546875 0.1191661484375 0.056109725 0.109831984375 0.054862842187500004 0.10672059687499999 0.047381546875 0.086807715625 0.05112219375 0.0824517734375 0.047381546875 0.07187305468750001 0.054862842187500004 0.047604231250000004 0.05112219375 0.0426260109375 0.056109725 0.0003111390625 0.056109725 0.0003111390625 0.108478803125 0.007778468750000001 0.1047381546875 0.0756067203125 0.10598503749999999 0.0830740515625 0.103491271875 0.08556316093750001 0.093516209375 0.09054138125 0.0947630921875 0.09240821406250001 0.103491271875 0.0986309890625 0.1047381546875 0.1029869328125 0.0947630921875 0.1060983203125 0.1022443890625 0.11792159375 0.10099750625 0.1285003109375 0.11221945156249999 0.1347230859375 0.10972568593750001 0.137212196875 0.1197007484375 0.14499066562500001 0.12531172031249999 0.149657746875 0.1421446390625 0.1533914125 0.1421446390625 0.1574362171875 0.1340399 0.1561916609375 0.11658354062500001 0.15805849375 0.095386534375 0.160236465625 0.093516209375 0.18823895468750002 0.096009975 0.192594896875 0.09102244375 0.1963285625 0.10099750625 0.21686372187499997 0.103491271875 0.21997510937500003 0.10972568593750001 0.22059738593749997 0.093516209375 0.2317983828125 0.09102244375 0.2342874921875 0.1022443890625 0.24859987499999997 0.1022443890625 0.2510889859375 0.10723192031249999 0.262912259375 0.103491271875 0.272246421875 0.10972568593750001 0.30211574375 0.108478803125 0.3126944625 0.1172069828125 0.3201617921875 0.10972568593750001 0.325762290625 0.1197007484375 0.3294959546875 0.11596010000000001 0.3322962046875 0.11907730624999999 0.3294959546875 0.1508728171875 0.3139390171875 0.15336658281249999 0.29900435625 0.1633416453125 0.292159303125 0.1608478796875 0.2865588046875 0.1820448875 0.27598008749999997 0.1882793015625 0.2610454265625 0.1882793015625 0.2557560671875 0.181421446875 0.25637834531250003 0.1552369078125 0.2588674546875 0.15024937656249998 0.255444928125 0.1421446390625 0.2520224015625 0.16521197031249998 0.253889234375 0.176433915625 0.24953329218750003 0.1976309234375 0.21997510937500003 0.22443890312499998 0.21126322343749998 0.22069825468749998 0.2025513375 0.2306733171875 0.193839453125 0.2306733171875 0.1322339765625 0.22319202031250002 0.130989421875 0.22942643437500002 0.13845675156249998 0.22942643437500002 0.1406347234375 0.2362842890625 0.1443683890625 0.277431421875 0.13907902968750002 0.2917705734375 0.045115121875000004 0.3491271828125 0.0388923453125 0.35785536093750003 0.028313628125 0.3628428921875 0.0009334156249999999 0.35785536093750003 0 0.429551121875 0.002489109375 0.429551121875 0.0196017421875 0.4152119703125 0.0357809578125 0.416458853125 0.05693839375 0.38653366562499997 0.091163659375 0.3877805484375 0.109831984375 0.351620946875 0.1260112015625 0.33915212031249997 0.1378344734375 0.33915212031249997 0.1459240828125 0.31421446406250003 0.1621032984375 0.31421446406250003 0.173926571875 0.325436409375 0.177037959375 0.31296758125 0.1807716234375 0.3266832921875 0.1913503421875 0.325436409375 0.2081518359375 0.31421446406250003 0.2103298078125 0.30860349062500003 0.2097075296875 0.282418953125 0.204729309375 0.27493765625 0.20224019843750002 0.25249376562500003 0.20410703125000002 0.2412718203125 0.20939639062499998 0.234413965625 0.21499688906249997 0.2381546140625 0.21904169218749997 0.25 0.21468574999999998 0.2811720703125 0.215308028125 0.313591021875 0.22619788437500002 0.325436409375 0.2317983828125 0.325436409375 0.236154325 0.310473815625 0.2473553203125 0.3067331671875 0.25637834531250003 0.29364089843749996 0.2557560671875 0.2711970078125 0.2473553203125 0.26309226875 0.24579962656249998 0.2599750625 0.24797759843749997 0.25561097187500004 0.272246421875 0.2418952625 0.27784692031249997 0.2331670828125 0.2862476671875 0.2362842890625 0.27784692031249997 0.244389028125 0.2940261359375 0.25062344062499997 0.298382078125 0.2568578546875 0.3201617921875 0.23566084843750001 0.325762290625 0.23690773125 0.33509645312499997 0.24812967656249998 0.364965775 0.24688279375 0.3699439953125 0.25062344062499997 0.372121965625 0.242518703125 0.3683883015625 0.23004987500000001 0.36745488437499996 0.2132169578125 0.36060983125 0.2082294265625 0.34691972656250003 0.22069825468749998 0.33011823281249997 0.21945137187500002 0.325762290625 0.2082294265625 0.31736154375000003 0.20511221875 0.327317984375 0.1976309234375 0.3294959546875 0.17705735625000002 0.33385189843749996 0.19201995 0.3599875546875 0.1758104734375 0.364965775 0.1658354109375 0.3742999375 0.1683291765625 0.3805227125 0.1583541140625 0.3923459859375 0.1583541140625 0.3998133171875 0.1508728171875 0.3988799 0.1427680796875 0.40852520156249994 0.135910225 0.40945861875 0.126558603125 0.41257000625 0.12281795468750001 0.41257000625 0.095386534375 0.41972619843750003 0.062344139062500005 0.4390168015625 0.058603490625 0.44337274375 0.0648379046875 0.4495955203125 0.061097256249999995 0.454884878125 0.0891521203125 0.463285625 0.0922693265625 0.4691972625 0.080423940625 0.47137523281249993 0.05985037343750001 0.506222775 0.0573566078125 0.506222775 0.05112219375 0.502489109375 0.054862842187500004 0.5015556937500001 0.0492518703125 0.502489109375 0.0436408984375 0.5065339140625 0.0417705734375 0.5056004984375 0.0299251875 0.5112009953125 0.024937656250000002 0.529869321875 0.0311720703125 0.53515868125 0.0243142140625 0.5326695703125 0.0180798 0.5332918484375 0.0081047375 0.5311138765625001 0 0.46266334843749995 0