1 0.8234375 0.77578125 0.24765625 0.26328125
1 0.62578125 0.06875 0.125 0.1375
1 0.81875 0.57578125 0.15859375 0.2046875
1 0.4921875 0.396875 0.21328125 0.20625
1 0.64296875 0.5203125 0.125 0.2375
1 0.9453125 0.92578125 0.1015625 0.1359375
1 0.478125 0.05625 0.1046875 0.10234375
1 0.8296875 0.09375 0.109375 0.1328125
1 0.96328125 0.6625 0.07265625 0.2734375
1 0.96640625 0.4 0.06640625 0.26640625
1 0.67734375 0.3734375 0.13359375 0.4890625
1 0.8328125 0.39765625 0.10078125 0.20625
1 0.3953125 0.2375 0.16171875 0.16796875
1 0.54375 0.2234375 0.12890625 0.1578125
1 0.3328125 0.0984375 0.153125 0.15078125
1 0.9484375 0.18671875 0.103125 0.13046875
1 0.83984375 0.25859375 0.1234375 0.1984375
0 0.5047549375 0.9540295125 0.501828821875 0.9131668562499999 0.504023409375 0.90181611875 0.515727871875 0.88933030625 0.5142648140625 0.8723042 0.4926847109375 0.8603859249999999 0.48280907031250003 0.8496027234374999 0.4498902703125 0.7780930765625 0.44476956875000007 0.7519863796874999 0.44842721250000006 0.7202043125 0.47549378124999997 0.6736662890625 0.4725676671875 0.63393870625 0.4670812 0.6288308734375 0.4509875640625 0.631101021875 0.44001463125000007 0.6503972765625 0.42940746093750004 0.639614075 0.41185076875000004 0.5692395 0.41623994218749993 0.5419977296875 0.373811265625 0.48297389375 0.3547915140625 0.421679909375 0.33760058593750003 0.387060159375 0.33028529687499997 0.387060159375 0.3258961234375 0.3961407484375 0.318580834375 0.3972758234375 0.3141916609375 0.41203178281249997 0.3101682515625 0.41032917187500006 0.3054133140625 0.3961407484375 0.2863935625 0.3881952328125 0.28273591875 0.38138479062499997 0.27834674531250003 0.3881952328125 0.2702999265625 0.3836549375 0.2684711046875 0.38989784375 0.271762984375 0.3972758234375 0.2585954640625 0.395005675 0.24762253125 0.4074914875 0.2110460859375 0.4052213390625 0.2015362109375 0.40068104375 0.195318215625 0.38989784375 0.189465984375 0.358115778125 0.1803218734375 0.34619750312500003 0.1773957578125 0.3496027234375 0.15983906406249998 0.3496027234375 0.1539868328125 0.35527809375 0.12545720625 0.3530079453125 0.11923920937500002 0.3479001140625 0.12070226718749999 0.334279228125 0.11850768125 0.3240635640625 0.11009509843750001 0.3212258796875 0.10204828125000001 0.3269012484375 0.0918068765625 0.3450624296875 0.069861009375 0.3382519859375 0.0673006578125 0.33200908125 0.0680321875 0.311577753125 0.0636430140625 0.299091940625 0.065106071875 0.24687854687500002 0.05486466718750001 0.2139614078125 0.05486466718750001 0.20601589062499998 0.059985368750000004 0.1935300796875 0.062911484375 0.1696935296875 0.075713240625 0.1668558453125 0.0811997078125 0.15720771875 0.0790051203125 0.1345062421875 0.0914411125 0.1083995453125 0.089246525 0.0777525546875 0.093269934375 0.0737797953125 0.10204828125000001 0.07491486875 0.11119239218750002 0.055051078125 0.11119239218750002 0.0482406359375 0.0947329921875 0.027241770312500004 0.07863935625 0.0192962546875 0.06327725 0.0022701468749999998 0.0003657640625 0.0034052218750000003 0 0.9960272421875 0.5084125828125 0.997162315625 0.51280175625 0.988081725 0.5047549375 0.9540295125
0 0.6839795171875 1 0.700073153125 0.9960272421875 0.7015362109375001 0.98240635625 0.6975128015625 0.9716231562500001 0.675566934375 0.9648127125 0.644842721875 0.92395005625 0.6258229703125 0.9171396140624999 0.6188734453125 0.90181611875 0.6181419171875 0.9404086265625 0.627286028125 1 0.6839795171875 1
0 0.6276517921875 0.8246311015625001 0.6400877828125 0.8064699203125001 0.635698609375 0.77922815 0.637893196875 0.76106696875 0.647403071875 0.7395005671875 0.6587417703125 0.7309875140625001 0.661302121875 0.7247446078124999 0.6324067296875 0.711691259375 0.6089978046875 0.6833144156250001 0.594367228125 0.671963678125 0.5804681781250001 0.66855845625 0.5749817125 0.6782065828125 0.5713240671875 0.7133938703125 0.5888807609375 0.7497162312500001 0.5910753468750001 0.7678774125000001 0.5844915875 0.7837684453125 0.5844915875 0.80874006875 0.608632040625 0.84279228125 0.616678859375 0.8666288312500001 0.6217995609375 0.8564131671874999 0.6276517921875 0.8246311015625001