1 0.34921875 0.71171875 0.08984375 0.14296875
1 0.20703125 0.7234375 0.10390625 0.1078125
1 0.70078125 0.86484375 0.140625 0.1609375
1 0.6265625 0.72890625 0.103125 0.12421875
1 0.73359375 0.75625 0.07578125 0.10546875
1 0.08046875 0.71875 0.11171875 0.10859375
1 0.43203125 0.4515625 0.06953125 0.09453125
1 0.38828125 0.5859375 0.06640625 0.0859375
1 0.309375 0.54765625 0.0734375 0.096875
1 0.1578125 0.53359375 0.06171875 0.071875
1 0.60390625 0.63515625 0.06015625 0.07109375
1 0.60234375 0.5671875 0.059375 0.071875
1 0.6453125 0.41796875 0.04765625 0.0859375
1 0.540625 0.25859375 0.059375 0.0625
1 0.1515625 0.39140625 0.059375 0.0640625
1 0.06328125 0.559375 0.11328125 0.08203125
1 0.10390625 0.3375 0.0703125 0.08671875
1 0.04296875 0.28671875 0.065625 0.08359375
1 0.24296875 0.4890625 0.04765625 0.05859375
1 0.30390625 0.44296875 0.04453125 0.04921875
1 0.69609375 0.53828125 0.046875 0.0625
1 0.21953125 0.3796875 0.04921875 0.02890625
1 0.17890625 0.3453125 0.04453125 0.04375
1 0.703125 0.12890625 0.0765625 0.059375
1 0.6265625 0.15390625 0.05234375 0.03984375
1 0.5640625 0.16171875 0.0296875 0.02890625
1 0.60390625 0.42890625 0.03828125 0.04140625
1 0.72421875 0.6796875 0.0765625 0.04453125
1 0.778125 0.96171875 0.08125 0.0765625
1 0.12734375 0.9609375 0.115625 0.07734375
1 0.1734375 0.65703125 0.059375 0.05703125
1 0.29375 0.6375 0.0453125 0.0765625
1 0.40078125 0.521875 0.071875 0.0515625
1 0.44921875 0.24765625 0.03359375 0.04453125
1 0.4875 0.26015625 0.0390625 0.0375
0 0.8727386156250001 0.9777142859374999 0.847161571875 0.9057142859375 0.832501559375 0.8480000000000001 0.8206487828125001 0.836571428125 0.8063006859374999 0.8354285718750001 0.7719900187500001 0.8377142859375001 0.7654398 0.844 0.7648159703124999 0.852 0.77354959375 0.8851428578125 0.7723019343749999 0.9137142859375 0.769494696875 0.9211428578125 0.8069245171875 0.932571428125 0.814098565625 0.9548571421875 0.8153462265625 0.9800000000000001 0.820024953125 0.995428571875 0.8615096687499999 0.9971428578125 0.874298190625 0.9931428578125001 0.8727386156250001 0.9777142859374999
0 0.7055520890625 0.2428571421875 0.711478478125 0.2308571421875 0.7199001875000001 0.22342857187499998 0.7208359328125 0.184 0.6859014343750001 0.1737142859375 0.6185277609375001 0.195428571875 0.5973175296875 0.195428571875 0.5829694328125 0.187428571875 0.572988146875 0.1977142859375 0.5636306921875 0.1977142859375 0.5336868375 0.187428571875 0.5283842796875 0.196 0.526824703125 0.22400000000000003 0.5349344984375 0.2262857140625 0.556768559375 0.21942857187499998 0.573611978125 0.22742857187499999 0.5810979406250001 0.2137142859375 0.5923268875 0.2148571421875 0.6060511546875 0.22857142812500003 0.6228945734375 0.2708571421875 0.627885215625 0.256 0.6372426703125 0.2537142859375 0.6534622578125 0.259428571875 0.6653150343750001 0.28571428593750003 0.6905801625 0.288571428125 0.700561446875 0.268 0.7055520890625 0.2428571421875
0 0.0202744859375 0.540571428125 0.033374921875000005 0.532571428125 0.039613225 0.5062857140625 0.0427323765625 0.5257142859374999 0.06082345625 0.5211428578125 0.09451029375 0.5337142859374999 0.10012476562499999 0.516571428125 0.10948222031249999 0.5131428578125 0.12195882656249998 0.48457142812500004 0.146288209375 0.4788571421875 0.1515907671875 0.45999999999999996 0.14878353125 0.451428571875 0.14441671875 0.45371428593749996 0.141921396875 0.444571428125 0.14004990625 0.44800000000000006 0.129444790625 0.444571428125 0.125701809375 0.4502857140625 0.1207111671875 0.43200000000000005 0.0995009359375 0.4251428578125 0.0782907046875 0.40571428593750003 0.067061759375 0.3817142859375 0.045227698437500005 0.3782857140625 0.028384279687500003 0.3691428578125 0.0159076734375 0.3737142859375 0.0118527765625 0.3651428578125 0.0118527765625 0.359428571875 0.0155957578125 0.3537142859375 0.013100435937499998 0.3297142859375 0.0090455390625 0.324571428125 0.000311915625 0.32342857187499996 0.0012476609375 0.4451428578125 0.02121023125 0.45999999999999996 0.02121023125 0.4691428578125 0.0134123515625 0.4857142859375 0 0.49657142812500005 0.0006238296875000001 0.5559999999999999 0.012164690625 0.536 0.0202744859375 0.540571428125
0 0.6116656265625 0.9577142859375 0.6266375546875 0.9622857140625 0.6709295078124999 0.963428571875 0.6846537734375 0.9748571421875001 0.690268246875 0.9862857140625 0.698378040625 0.979428571875 0.7058640046875 0.9942857140625 0.7308172171875 0.9931428578125001 0.7348721140625 0.975428571875 0.7348721140625 0.9388571421874999 0.732688709375 0.9314285718749999 0.72645040625 0.9279999999999999 0.6584529015625 0.9337142859374999 0.6434809734375 0.9211428578125 0.63568309375 0.8931428578125 0.6263256390625 0.884 0.6219588265625 0.8337142859375 0.6281971296875 0.82 0.6275733 0.8051428578125 0.615408609375 0.8022857140624999 0.6082345609375001 0.784571428125 0.6004366812499999 0.7748571421875 0.5923268875 0.7771428578124999 0.5873362453125 0.7942857140624999 0.5789145359375001 0.7628571421875 0.579538365625 0.7388571421875 0.57704304375 0.728571428125 0.5679975046875 0.728 0.5611353718750001 0.7188571421875001 0.545851528125 0.711428571875 0.5611353718750001 0.7062857140625 0.5683094203125 0.6965714281250001 0.5708047406250001 0.644 0.567061759375 0.6131428578125 0.5683094203125 0.5857142859375 0.5664379281249999 0.5777142859375 0.5611353718750001 0.5714285718750001 0.5474111046875 0.5714285718750001 0.542108546875 0.5662857140625001 0.5433562078125 0.5502857140625 0.5408608859374999 0.535428571875 0.546475359375 0.5011428578125 0.5514660015625 0.4897142859375 0.55208983125 0.45999999999999996 0.5492825953125 0.451428571875 0.5430442921874999 0.4582857140625 0.53587024375 0.4542857140625 0.539301309375 0.435428571875 0.5508421703125 0.431428571875 0.5502183406250001 0.4142857140625 0.5533374921875 0.404 0.5533374921875 0.351428571875 0.5495945109375 0.34457142812499997 0.5552089828125 0.33657142812499996 0.5558328140625 0.3297142859375 0.5517779171875 0.316571428125 0.5336868375 0.3131428578125 0.5299438546874999 0.3211428578125 0.5196506546874999 0.3217142859375 0.52121023125 0.3268571421875 0.5302557703125 0.3331428578125 0.53150343125 0.356 0.5302557703125 0.3662857140625 0.5193387406250001 0.3817142859375 0.5152838421875 0.3937142859375 0.517155334375 0.42000000000000004 0.5283842796875 0.43485714218749993 0.5308796 0.455428571875 0.541484715625 0.46685714218749996 0.53587024375 0.476 0.5339987515625 0.6268571421875 0.5321272609375 0.631428571875 0.5327510921874999 0.6542857140625 0.5296319406250001 0.6599999999999999 0.5283842796875 0.6737142859375 0.5283842796875 0.8188571421875 0.5246412968749999 0.863428571875 0.5296319406250001 0.9880000000000001 0.5368059890625 0.9977142859375 0.54772301875 0.9971428578125 0.5761072984375 0.995428571875 0.6116656265625 0.9577142859375
0 0.246412975 0.9708571421875 0.252651278125 0.9457142859375001 0.259201496875 0.9337142859374999 0.2704304421875 0.9291428578125001 0.27199001875 0.9182857140625 0.265751715625 0.8337142859375 0.2629444796875 0.8297142859375001 0.254834684375 0.8320000000000001 0.24922021249999998 0.8560000000000001 0.237991265625 0.8560000000000001 0.2351840296875 0.847428571875 0.2351840296875 0.8325714281250001 0.23892701249999998 0.8108571421875 0.23674360625 0.8022857140624999 0.23144104843750002 0.7982857140624999 0.23393636875 0.792571428125 0.23237679375 0.7828571421875 0.21116656250000002 0.7748571421875 0.201185278125 0.7862857140624999 0.1918278234375 0.7862857140624999 0.1849656890625 0.7748571421875 0.1512788515625 0.7702857140625 0.144728634375 0.752571428125 0.138178415625 0.744 0.125077978125 0.7462857140625 0.1163443546875 0.763428571875 0.105115409375 0.7691428578124999 0.0970056140625 0.7691428578124999 0.09014348125 0.7611428578125 0.06082345625 0.768 0.0383655640625 0.7611428578125 0.0277604484375 0.7691428578124999 0.020898315625 0.7691428578124999 0.0180910796875 0.7571428578125 0.0199625703125 0.748 0.0159076734375 0.744 0.013100435937499998 0.748 0.012164690625 0.7702857140625 0.0071740484374999995 0.7702857140625 0.004678728125 0.7622857140625 0 0.772 0.0015595765625000002 0.7977142859375 0.025265128125 0.8022857140624999 0.031191515625 0.8142857140625 0.0277604484375 0.828571428125 0 0.8302857140625 0.000311915625 0.8948571421875 0.0053025578125 0.892571428125 0.01091703125 0.8754285718749999 0.01840299375 0.876571428125 0.0233936375 0.8891428578125 0.031503431250000005 0.8834285718749999 0.0383655640625 0.892571428125 0.046475359375000004 0.8868571421875 0.0533374921875 0.8868571421875 0.058951965625000005 0.892571428125 0.0639426078125 0.8857142859374999 0.0720524015625 0.8868571421875 0.0782907046875 0.9017142859374999 0.0842170921875 0.9068571421874999 0.0835932625 0.9354285718750001 0.0864004984375 0.939428571875 0.1138490328125 0.9314285718749999 0.14753587031249998 0.9348571421875 0.156893325 0.9428571421875 0.1731129140625 0.944 0.17997504687500002 0.9428571421875 0.1827822828125 0.932 0.1893325015625 0.924571428125 0.198378040625 0.9400000000000001 0.204928259375 0.988571428125 0.2370555203125 0.9902857140625001 0.240798503125 0.9868571421875 0.246412975 0.9708571421875
0 0.5177791640625 0.9937142859374999 0.5215221453125001 0.9777142859374999 0.51840299375 0.9651428578125 0.517155334375 0.863428571875 0.519026825 0.828 0.517155334375 0.8131428578125 0.519026825 0.6188571421875 0.5134123515625 0.6051428578125 0.5134123515625 0.596 0.5159076734375 0.5754285718750001 0.526824703125 0.5714285718750001 0.529008109375 0.5651428578125001 0.5296319406250001 0.48057142812500003 0.526824703125 0.47542857187500004 0.5062383031250001 0.4891428578125 0.49875233906250005 0.5131428578125 0.4906425453125 0.5062857140625 0.48752339375 0.5108571421875 0.48315658125 0.507428571875 0.47878976875 0.48457142812500004 0.46880848437499995 0.4868571421875 0.46724890781250006 0.504571428125 0.4631940109375 0.5017142859375 0.455708046875 0.508571428125 0.45414847187499996 0.5148571421875 0.460386775 0.5251428578125 0.4616344359375 0.5331428578125 0.45976294375000004 0.564 0.424828446875 0.572 0.424828446875 0.604 0.43574547656249996 0.611428571875 0.43917654375000004 0.623428571875 0.445414846875 0.6302857140625 0.445414846875 0.640571428125 0.443231440625 0.6468571421875 0.4295071734375 0.6491428578125 0.42295695625 0.6599999999999999 0.42046163437499995 0.688571428125 0.4217092953125 0.7045714281250001 0.41890205937499997 0.7142857140625 0.41297567031250004 0.7102857140625 0.4114160953125 0.6891428578125 0.401434809375 0.6822857140624999 0.3923892703125 0.6851428578125 0.3923892703125 0.7422857140625 0.38864628749999997 0.768571428125 0.38084840937500003 0.788571428125 0.36650031250000004 0.787428571875 0.3527760453125 0.7748571421875 0.3315658140625 0.7737142859375 0.32033686875 0.7748571421875 0.3187772921875 0.783428571875 0.314098565625 0.788571428125 0.31004366875 0.776571428125 0.311915159375 0.772 0.3106674984375 0.7582857140625 0.30536494062499997 0.7508571421875 0.2985028078125 0.752 0.2897691828125 0.7702857140625 0.28072364375 0.775428571875 0.27448534062499996 0.808571428125 0.2794759828125 0.8188571421875 0.275733 0.8348571421875001 0.2813474734375 0.9537142859375001 0.2978789765625 0.9691428578125001 0.322208359375 0.9668571421875001 0.3315658140625 0.9851428578125001 0.3440424203125 0.9977142859375 0.349344978125 0.9937142859374999 0.3527760453125 0.9771428578125001 0.36774797187499997 0.976 0.369931378125 0.9777142859374999 0.3693075484375 0.992571428125 0.3736743609375 0.9982857140625001 0.5043668125 0.9977142859375 0.5177791640625 0.9937142859374999
0 0.991266375 0.7971428578124999 0.9987523390625 0.712571428125 0.998128509375 0.6828571421875 0.9937616968749999 0.6759999999999999 1 0.6691428578124999 0.999688084375 0.16 0.9853399875 0.1737142859375 0.9485339984375001 0.196571428125 0.8574547718750001 0.2651428578125 0.832501559375 0.29485714218750003 0.8106674984375 0.33599999999999997 0.8031815343750001 0.3428571421875 0.8003742984375 0.352571428125 0.8022457890625001 0.3857142859375 0.800998128125 0.4531428578125 0.8184653781250001 0.47485714218749997 0.8714909546875 0.62 0.9157829078124999 0.7102857140625 0.9226450406250001 0.719428571875 0.9631940109375 0.8188571421875 0.985028071875 0.86 0.9925140359375 0.8051428578125 0.991266375 0.7971428578124999
0 0.625701809375 0.352571428125 0.6235184031250001 0.3462857140625 0.6116656265625 0.347428571875 0.6069869 0.368571428125 0.6038677484375 0.3708571421875 0.6054273234374999 0.3817142859375 0.6138490328125 0.3811428578125 0.621334996875 0.3708571421875 0.625701809375 0.352571428125
0 0.701185278125 0.3811428578125 0.70305676875 0.3742857140625 0.69868995625 0.367428571875 0.7024329375 0.359428571875 0.694635059375 0.3462857140625 0.6930754828125 0.367428571875 0.6871490953125 0.368 0.688084840625 0.34114285781250003 0.6852776046875 0.3348571421875 0.65907673125 0.344 0.6553337499999999 0.352 0.650655021875 0.352571428125 0.6578290703125 0.3611428578125 0.6709295078124999 0.3622857140625 0.6737367437499999 0.367428571875 0.6721771671875 0.3748571421875 0.6999376171875 0.391428571875 0.70305676875 0.388 0.701185278125 0.3811428578125
0 0.43418590156250003 0.4017142859375 0.4316905796875 0.3902857140625 0.42326887031249993 0.3908571421875 0.41515907656250006 0.3748571421875 0.4051777921875 0.3691428578125 0.39082969375 0.372571428125 0.386774796875 0.388 0.3983156578125 0.40228571406249997 0.40860885781249995 0.4222857140625 0.4320024953125 0.411428571875 0.43418590156250003 0.4017142859375
0 0.2043044296875 0.44800000000000006 0.21179039375 0.4422857140625 0.215533375 0.444571428125 0.21802869687499998 0.452571428125 0.2330006234375 0.451428571875 0.236431690625 0.439428571875 0.2351840296875 0.423428571875 0.23237679375 0.4182857140625 0.22052401718749998 0.41600000000000004 0.21054273281250002 0.42285714218750003 0.194946975 0.4182857140625 0.17966313125 0.431428571875 0.17966313125 0.4462857140625 0.1771678109375 0.4531428578125 0.18902058593749999 0.45771428593749997 0.19557080468750002 0.44685714218749994 0.2043044296875 0.44800000000000006
0 0.35776668749999996 0.40571428593750003 0.36150966875 0.411428571875 0.36650031250000004 0.411428571875 0.372738615625 0.40800000000000003 0.37928883281250003 0.388 0.373986275 0.371428571875 0.34092326875 0.3782857140625 0.32657517187499996 0.3737142859375 0.3109794140625 0.3748571421875 0.3078602625 0.3851428578125 0.3003742984375 0.3908571421875 0.29600748593750004 0.4011428578125 0.2788521515625 0.40971428593750003 0.2794759828125 0.42800000000000005 0.284466625 0.431428571875 0.3484092328125 0.4068571421875 0.35776668749999996 0.40571428593750003
0 0.325951340625 0.22857142812500003 0.324391765625 0.244 0.33437305 0.24971428593749997 0.33437305 0.2348571421875 0.325951340625 0.22857142812500003
0 0.4868995640625 0.272 0.48128509062499997 0.276571428125 0.45820336875 0.268571428125 0.45477230156250004 0.2737142859375 0.4631940109375 0.2971428578125 0.48003742968749996 0.291428571875 0.49157829062499997 0.3 0.500311915625 0.295428571875 0.4868995640625 0.272
0 0.43917654375000004 0.26 0.43137866562499994 0.2537142859375 0.40393013125 0.2537142859375 0.38646288281249996 0.243428571875 0.3671241421875 0.24114285781250003 0.3652526515625 0.244571428125 0.36150966875 0.235428571875 0.353087959375 0.252 0.3646288203125 0.251428571875 0.3820960703125 0.272 0.3902058640625 0.2708571421875 0.397067996875 0.2777142859375 0.41671865312499995 0.279428571875 0.42264504062499997 0.2697142859375 0.43917654375000004 0.26
0 0.9067373671875 0.1908571421875 0.9157829078124999 0.1868571421875 0.9135995015624999 0.179428571875 0.9089207734375 0.17885714218749998 0.9095446031250001 0.15942857187499998 0.8917654390624999 0.164571428125 0.8873986281249999 0.17028571406249998 0.866188396875 0.1668571421875 0.8618215843750001 0.1782857140625 0.85121646875 0.1828571421875 0.8293824078125 0.180571428125 0.8284466625 0.1902857140625 0.8340611359375 0.20742857187500002 0.8334373046874999 0.231428571875 0.8359326265625 0.23371428593750002 0.9023705546875 0.2011428578125 0.9067373671875 0.1908571421875