1 0.44140625 0.39140625 0.121875 0.10234375
1 0.3921875 0.24140625 0.10625 0.0859375
1 0.77734375 0.28984375 0.10546875 0.13515625
1 0.54609375 0.06796875 0.05390625 0.0640625
1 0.63984375 0.5421875 0.08125 0.10390625
1 0.98125 0.05625 0.0375 0.059375
1 0.80703125 0.64921875 0.0578125 0.1390625
1 0.4671875 0.0984375 0.06328125 0.05078125
1 0.4140625 0.17890625 0.12109375 0.08359375
1 0.73203125 0.54609375 0.06171875 0.0734375
1 0.62109375 0.45234375 0.0828125 0.0921875
1 0.7265625 0.6203125 0.11640625 0.13125
0 0.9995741062500001 0.7209595953125 0.98339011875 0.7512626265625 0.9706132875 0.7651515156250001 0.9565587734375001 0.7708333328125 0.9535775125000001 0.799242425 0.9416524703125001 0.796717171875 0.938671209375 0.816287878125 0.9339863718749999 0.8106060609375 0.930153321875 0.8150252531250001 0.9327086875000001 0.8491161609375 0.9297274281250001 0.85606060625 0.8913969328125001 0.8547979796874999 0.870954003125 0.8371212124999999 0.85988075 0.8371212124999999 0.8466780234375 0.8503787875000001 0.8526405453124999 0.8970959593750001 0.8603066437500001 0.9084595953125 0.862436115625 0.9255050499999999 0.866695059375 0.9255050499999999 0.8777683140624999 0.9103535359375 0.8982112437499999 0.8989898984375 0.9160988078125 0.9040404046875 0.921635434375 0.9109848484375 0.9250425890624999 0.9248737374999999 0.9250425890624999 0.96906565625 0.930579215625 0.9949494953125001 0.9948892671875 0.9955808078124999 1 0.99431818125 0.9995741062500001 0.7209595953125
0 0 0.6521464640625 0.0123509375 0.6616161609375 0.0204429296875 0.683712121875 0.035775128125 0.6988636359375 0.03407155 0.736742425 0.053236796875000006 0.7979797984375 0.06771720625 0.803030303125 0.090715503125 0.821969696875 0.100085178125 0.8232323234375001 0.1196763203125 0.8143939390625 0.1286201015625 0.8263888890625 0.1286201015625 0.8781565656250001 0.1235093703125 0.9008838390625 0.1264906296875 0.9128787875000001 0.14948892656249999 0.9078282828124999 0.175894378125 0.9255050499999999 0.2040034078125 0.91919191875 0.2193356046875 0.928030303125 0.2257240203125 0.9400252531250001 0.230834753125 0.96906565625 0.239352640625 0.9804292921875 0.244037478125 0.9974747468749999 0.7274275984374999 0.9981060609375 0.732964225 0.996212121875 0.7342419078125 0.9892676765624999 0.7223168656250001 0.9678030296875001 0.726575809375 0.9539141421874999 0.74190800625 0.933712121875 0.7444633734375 0.9147727265625001 0.7423339015625 0.9015151515625 0.6818569 0.9078282828124999 0.671635434375 0.9255050499999999 0.658858603125 0.9343434343749999 0.6230834749999999 0.871212121875 0.612436115625 0.8667929296875 0.612436115625 0.8251262625000001 0.6196763203125 0.7979797984375 0.633304940625 0.79419191875 0.658858603125 0.7979797984375 0.6597103921875 0.790404040625 0.6916524703125 0.76199495 0.684412265625 0.7449494953125 0.6733390125 0.739898990625 0.65672913125 0.7140151515625 0.6520442937500001 0.6982323234375001 0.641822828125 0.696969696875 0.6324531515625 0.7159090906250001 0.6222316859375 0.7209595953125 0.5804940375000001 0.7171717171875 0.5609028953124999 0.724747475 0.548551959375 0.7140151515625 0.5430153328125 0.696969696875 0.5298126062499999 0.691287878125 0.5247018734375 0.6698232328125 0.5221465078125 0.6445707078125 0.53833049375 0.6180555562500001 0.5425894375 0.5991161609375 0.5379046 0.5921717171875 0.5264054515625001 0.59406565625 0.51660988125 0.6262626265625 0.5012776828125001 0.628787878125 0.48339011875000004 0.6098484843749999 0.463798978125 0.60606060625 0.4608177171875 0.59406565625 0.45102214687500003 0.5858585859375001 0.43654173749999997 0.584595959375 0.42717206093750004 0.578282828125 0.40502555312500005 0.5820707078125 0.3994889265625 0.5763888890625 0.3926746171875 0.534722221875 0.3994889265625 0.486742425 0.396507665625 0.4835858578125 0.36413969375 0.49873737343749996 0.3530664390625 0.49873737343749996 0.345400340625 0.49368686874999995 0.3398637140625 0.48295454531250004 0.336456559375 0.458964646875 0.344974446875 0.43118686874999995 0.3258092 0.40277777812500004 0.294718909375 0.378156565625 0.290459965625 0.3604797984375 0.286201021875 0.30618686875 0.2789608171875 0.2916666671875 0.27172061406250003 0.2859848484375 0.2725724015625 0.26199495 0.26490630312499996 0.25063131250000004 0.269165246875 0.234217171875 0.29216354375 0.2039141421875 0.2938671203125 0.1862373734375 0.31303236874999996 0.18181818125 0.3168654171875 0.1698232328125 0.311754684375 0.1571969703125 0.3121805796875 0.1262626265625 0.30366269218749997 0.121212121875 0.252129471875 0.11679292968749999 0.25042589375 0.065025253125 0.264480409375 0.046717171875000005 0.27512776875 0.0397727265625 0.2802385015625 0.01830808125 0.27129471875 0.0012626265625000001 0.035775128125 0.0006313125 0.03407155 0.01199495 0.0221465078125 0.0246212125 0.0161839859375 0.0574494953125 0.029386712500000002 0.07954545468749999 0.0430153328125 0.084595959375 0.0519591140625 0.0953282828125 0.05919931874999999 0.1325757578125 0.083049403125 0.133838384375 0.1064735953125 0.1635101015625 0.10051107343750001 0.21275252500000003 0.10221465 0.23800505 0.1060477 0.24242424218749997 0.133304940625 0.23737373750000001 0.154599659375 0.23989899062500003 0.18057921562499998 0.26704545468749996 0.1942078359375 0.291035353125 0.2005962515625 0.31186868749999996 0.22870528124999998 0.303030303125 0.23424190781249998 0.31881313125 0.23339011875 0.327651515625 0.2240204421875 0.3428030296875 0.22998296406250002 0.359217171875 0.22998296406250002 0.371843434375 0.21294718906250001 0.3832070703125 0.20954003437500002 0.3996212125 0.20017035781249998 0.4109848484375 0.1903747875 0.440656565625 0.1707836453125 0.44949494999999995 0.14863713750000002 0.4457070703125 0.1213798984375 0.46212121249999993 0.1137137984375 0.44444444375 0.09156729062499999 0.4292929296875 0.0753833046875 0.42550505000000005 0.0668654171875 0.40782828281250005 0.044718909375 0.396464646875 0.0200170359375 0.36868686875 0.0076660984375 0.36300505 0.002555365625 0.32007575781250003 0.0085178875 0.291035353125 0.0093696765625 0.2518939390625 0.005110732812499999 0.2253787875 0 0.2203282828125 0 0.6521464640625
0 0.926320271875 0.5580808078125 0.9378194203125 0.5410353531250001 0.9412265765625 0.51830808125 0.9399488921874999 0.5113636359375 0.922061328125 0.508838384375 0.9143952296875 0.5138888890625 0.9024701875 0.502525253125 0.8990630328125 0.50631313125 0.8752129468750001 0.503787878125 0.8739352640625 0.534722221875 0.8620102218750001 0.5511363640625 0.8483816015625001 0.5271464640625 0.8483816015625001 0.51830808125 0.8441226578125001 0.51199495 0.8551959109375 0.5006313125 0.8543441234375001 0.4791666671875 0.8671209546875 0.45770202031249996 0.8671209546875 0.446338384375 0.8752129468750001 0.41792929218749997 0.862436115625 0.41919191875 0.84710391875 0.4292929296875 0.8381601359375 0.447601009375 0.8424190796875 0.48800505000000005 0.837308346875 0.5018939390625 0.8304940375 0.5069444437499999 0.827938671875 0.5233585859375001 0.8185689953124999 0.5359848484375 0.8202725718749999 0.553661615625 0.8134582625 0.5637626265625 0.8232538328125001 0.5770202015625 0.8577512781250001 0.587752525 0.8862862015624999 0.5833333328125 0.926320271875 0.5580808078125
0 0.8628620109374999 0.28093434375 0.8739352640625 0.26704545468749996 0.87265758125 0.2613636359375 0.8615843265625 0.265151515625 0.8436967624999999 0.2626262625 0.8394378187499999 0.27272727343750003 0.8351788750000001 0.2739898984375 0.828790459375 0.2695707078125 0.8249574109375001 0.2550505046875 0.8185689953124999 0.25694444375000003 0.82197615 0.2746212125 0.8313458265625 0.2885101015625 0.8253833046875 0.321338384375 0.8381601359375 0.3327020203125 0.853492334375 0.315025253125 0.8628620109374999 0.28093434375
0 0.840715503125 0.13699495 0.8398637140625 0.1142676765625 0.8339011921875 0.1003787875 0.833049403125 0.087752525 0.8368824531250001 0.07954545468749999 0.8577512781250001 0.0675505046875 0.8513628625 0.0517676765625 0.8466780234375 0.0498737375 0.849233390625 0.058712121875 0.8394378187499999 0.071969696875 0.8309199312500001 0.055555556250000006 0.8172913124999999 0.0517676765625 0.8121805796875 0.039141414062500005 0.8045144796875 0.0429292921875 0.79684838125 0.0303030296875 0.76277683125 0.0303030296875 0.7568143093749999 0.0227272734375 0.7380749578125 0.015151515625 0.7338160140625 0.0050505046875000004 0.72870528125 0.0050505046875000004 0.72487223125 0.0170454546875 0.7146507671875 0.027146464062499997 0.709540034375 0.0498737375 0.7120954 0.0700757578125 0.7210391828125 0.06944444375 0.7261499140625001 0.0871212125 0.74190800625 0.053661615625000006 0.75 0.0479797984375 0.760221465625 0.05681818125 0.764906303125 0.06881313125 0.7614991484375 0.07891414218750001 0.7529812609375 0.0864898984375 0.75425894375 0.0959595953125 0.765332196875 0.1085858578125 0.7764054515625001 0.10101010156250001 0.790034071875 0.1073232328125 0.798551959375 0.121212121875 0.811328790625 0.12752525312500002 0.815587734375 0.135101009375 0.8211243609375 0.13446969687500002 0.819846678125 0.11868686875000001 0.828364565625 0.1174242421875 0.832197615625 0.12310606093750001 0.823679728125 0.14330808125 0.8270868828125 0.1571969703125 0.8441226578125001 0.1635101015625 0.8483816015625001 0.1546717171875 0.840715503125 0.13699495