1 0.3890625 0.31640625 0.1234375 0.11484375
1 0.503125 0.40625 0.0921875 0.08359375
1 0.70078125 0.390625 0.159375 0.08359375
1 0.87421875 0.6359375 0.08671875 0.10859375
1 0.17578125 0.11171875 0.11484375 0.11171875
1 0.80078125 0.175 0.0703125 0.08671875
1 0.69453125 0.13828125 0.059375 0.075
1 0.6 0.89765625 0.05625 0.06640625
0 1 0.8148751359374999 0.99555439375 0.8175895765625001 0.9887552296875001 0.8110749187499999 0.9809100421875 0.8099891421875001 0.9631276156249999 0.814332246875 0.9573744765625 0.8197611296874999 0.9521443515625 0.8175895765625001 0.9471757328124999 0.8040173718749999 0.9560669453124999 0.7899022796875 0.9547594140625 0.7817589578125 0.9495292890625 0.782844734375 0.9482217578125001 0.793159609375 0.9432531375 0.7980456031250001 0.9411610874999999 0.8067318125 0.93776150625 0.7866449515625 0.9265167359375001 0.7861020625 0.9205020921875 0.7736156359375 0.9199790796875 0.7660152015625 0.9134414218750001 0.7470141156250001 0.8946129703125001 0.7470141156250001 0.8841527203125 0.7415852328125 0.8653242671875001 0.7459283390625 0.8587866109375 0.7366992406249999 0.8522489546875001 0.716612378125 0.843357740625 0.7133550484375 0.8410041843749999 0.7269272531250001 0.8355125515624999 0.7339847984375 0.8318514640625001 0.731813246875 0.8300209203125 0.742128121875 0.8464958156250001 0.7459283390625 0.8517259421875 0.742671009375 0.8587866109375 0.7486427796874999 0.8577405859375 0.7562432140625 0.842311715625 0.7752443 0.8302824265625001 0.7774158515625 0.8276673640625001 0.7741585234375 0.81328451875 0.78013029375 0.81223849375 0.7899022796875 0.81694560625 0.798588490625 0.8190376562499999 0.8127035828125001 0.8158995812500001 0.8604777421875 0.8130230125000001 0.87187839375 0.7999476984375 0.877307275 0.7921025109375 0.875135721875 0.787656903125 0.8637350703125 0.783472803125 0.8159609124999999 0.7685669453124999 0.8089033656250001 0.7646443515625 0.798588490625 0.7651673640625 0.7812160687499999 0.7669979078125 0.7774158515625 0.776935146875 0.7763300765625 0.7847803343749999 0.7633007593750001 0.7962866109375 0.7741585234375 0.7975941421875 0.7616720953125 0.80543933125 0.7519001078125 0.7923640171875 0.7269272531250001 0.7928870296875 0.717155265625 0.788964434375 0.706840390625 0.784257321875 0.714440825 0.781380753125 0.70412595 0.776412134375 0.6981541796874999 0.775104603125 0.7084690546875 0.7690899578125 0.71986970625 0.75496861875 0.714440825 0.74503138125 0.716612378125 0.74921548125 0.7187839312500001 0.75 0.7247557 0.7486924687500001 0.72964169375 0.74346234375 0.7328990234375 0.7382322171875 0.7307274703125 0.7364016734375001 0.7247557 0.7379707109375 0.717155265625 0.7335251046875 0.7133550484375 0.7293410046875 0.7252985890625 0.725679915625 0.7252985890625 0.721757321875 0.70955483125 0.724895396875 0.6845819765625001 0.719142259375 0.6780673187499999 0.718096234375 0.6563517921875001 0.7099895390625 0.6634093375 0.7081589953125 0.6520086859374999 0.7021443515625 0.644951140625 0.68776150625 0.6498371328125 0.68200836875 0.666123778125 0.68043933125 0.70955483125 0.6749476984375 0.711183496875 0.6686715484375 0.71986970625 0.658211296875 0.7209554828125 0.6553347281249999 0.7138979375 0.6550732218750001 0.661237784375 0.651150628125 0.66829533125 0.650627615625 0.681324646875 0.654288703125 0.7008686203125001 0.6472280328125 0.712269271875 0.6409518828125 0.7046688375 0.6357217578125 0.711183496875 0.62892259375 0.70901194375 0.6255230125 0.69869706875 0.6244769875 0.685667753125 0.62212343125 0.6829533109375 0.617677825 0.6845819765625001 0.617677825 0.7008686203125001 0.6158472796875001 0.7035830625 0.6150627609375 0.6845819765625001 0.6116631796875 0.6753528765625 0.6085251046875 0.6796959828125 0.595449790625 0.6818675359374999 0.592311715625 0.7155266015625 0.5842050203125 0.6943539624999999 0.5834205015625 0.6840390875 0.5792364015625 0.6818675359374999 0.5766213390625 0.6927252984375001 0.5726987453125 0.686753528125 0.56956066875 0.6596091203125 0.5719142265625 0.652551575 0.5768828453125 0.650922909375 0.5792364015625 0.6319218234374999 0.593096234375 0.620521171875 0.594142259375 0.5705754609375 0.600156903125 0.5570032578124999 0.6119246859375 0.5542888171875 0.6103556484375 0.538002171875 0.6134937234375 0.5271444078124999 0.6121861921875 0.5211726390625 0.598587865625 0.5135722046875 0.587866109375 0.49891422343749997 0.5810669453124999 0.47394136875 0.5826359828125 0.446796959375 0.5779288703125001 0.4370249734375 0.5784518828125 0.42399565624999996 0.5768828453125 0.415309446875 0.5745292890625 0.41368078124999996 0.5706066953125 0.4218241046875 0.5706066953125 0.4478827359375 0.5588389125 0.4657980453125 0.5530857734375 0.4657980453125 0.5494246859375 0.46036916406249995 0.5452405859375 0.46688382187500005 0.5133368203125 0.4473398484375 0.5018305437499999 0.4473398484375 0.49816945625000003 0.45276872968750004 0.48614016718749997 0.44842562499999994 0.4824790796875 0.4397394140625 0.47803347343749997 0.4478827359375 0.4782949796875 0.46796959843749997 0.4767259421875 0.46254071718749995 0.46260460312499996 0.46036916406249995 0.45894351406249995 0.46905537500000005 0.45763598281249995 0.46308360468750004 0.46182008437500005 0.45874050000000005 0.464435146875 0.4478827359375 0.45319037656249994 0.43431053124999996 0.44874477031250004 0.4250814328125 0.44639121406250004 0.4115092296875 0.42913179843749993 0.404994571875 0.4233786609375 0.3963083609375 0.4212866109375 0.39739413749999997 0.42050209218749995 0.40879478750000003 0.4157949796875 0.4196525515625 0.41527196718750004 0.45114006562500003 0.41893305468750003 0.49674267031249997 0.42102510468750004 0.5955483171875 0.4225941421875 0.6107491859375 0.4273012546875 0.6194353968749999 0.4273012546875 0.6368078171875 0.4215481171875 0.6520086859374999 0.42050209218749995 0.6672095546875 0.41605648593750005 0.673181325 0.409257321875 0.67861020625 0.3893828453125 0.6753528765625 0.3849372390625 0.6650380015625 0.3844142265625 0.6541802390625 0.3906903765625 0.38273615625 0.3896443515625 0.354505971875 0.37787656875 0.3528773078125 0.350156903125 0.3615635171875 0.3289748953125 0.3555917484375 0.32635983281250003 0.3436482078125 0.3284518828125 0.308903365625 0.341265690625 0.2942453859375 0.345972803125 0.30184582031249996 0.3535564859375 0.288273615625 0.3535564859375 0.2611292078125 0.34754184062500004 0.2540716609375 0.343619246875 0.257871878125 0.345188284375 0.26981541875000004 0.340219665625 0.28447339843749997 0.3057008375 0.2920738328125 0.284257321875 0.28664495156249997 0.278504184375 0.27035830625 0.2628138078125 0.27578718750000003 0.25130753125 0.2736156359375 0.24947698749999997 0.262214984375 0.25209205 0.2448425625 0.25496861875 0.23995656875 0.2669979078125 0.22801302968749998 0.279550209375 0.23018458125 0.2931485359375 0.2236699234375 0.2955020921875 0.2209554828125 0.2970711296875 0.20901194374999998 0.3125 0.17806731874999998 0.32871338906249997 0.1748099890625 0.3326359828125 0.15798045624999998 0.3315899578125 0.14712269218750001 0.33342050156249997 0.1422367 0.3342050203125 0.1829533109375 0.337604603125 0.1943539625 0.34283472812500004 0.1954397390625 0.345449790625 0.201954396875 0.3553870296875 0.201954396875 0.37369246875 0.22801302968749998 0.3883368203125 0.2312703578125 0.3917364015625 0.21335504843750003 0.39121338906249997 0.1438653640625 0.37996861875 0.11074918593750001 0.37656903750000004 0.10912052187500001 0.37369246875 0.1313789359375 0.36114016718749997 0.1292073828125 0.3538179921875 0.1140065140625 0.350679915625 0.1216069484375 0.341788703125 0.1292073828125 0.3297594140625 0.130293159375 0.3255753140625 0.11726384375000001 0.3192991625 0.12703583125 0.3098849375 0.1237785015625 0.30334727968749997 0.13083604843750002 0.3028242671875 0.155808903125 0.2983786609375 0.1617806734375 0.2960251046875 0.155808903125 0.2944560671875 0.0884907703125 0.2900104609375 0.068403909375 0.282426778125 0.0819761125 0.285564853125 0.0960912046875 0.282688284375 0.10206297499999999 0.27562761562500004 0.0982627578125 0.27719665312499997 0.0808903359375 0.274843096875 0.07600434375000001 0.274058578125 0.08631921875000001 0.27092050156249997 0.0906623234375 0.2717050203125 0.0988056453125 0.2654288703125 0.1009771984375 0.25549163125 0.09337676406249999 0.251046025 0.0982627578125 0.25418409999999997 0.1112920734375 0.25313807499999996 0.12432138906250001 0.25627615000000004 0.1384364828125 0.2630753140625 0.146036915625 0.2596757328125 0.155266015625 0.24869246875 0.15852334375 0.2350941421875 0.1563517921875 0.23274058593750002 0.14820846875 0.2332635984375 0.1340933765625 0.2314330546875 0.1259500546875 0.211558578125 0.1335504890625 0.2042364015625 0.14440825156249998 0.20005230156249998 0.14440825156249998 0.1958682015625 0.13572204062499998 0.1922071125 0.134636265625 0.1807008375 0.1465798046875 0.160826359375 0.1541802390625 0.149320084375 0.1541802390625 0.1414748953125 0.13572204062499998 0.13859832656249998 0.14820846875 0.13206066875 0.155266015625 0.11820083749999999 0.14712269218750001 0.11820083749999999 0.1395222578125 0.1145397484375 0.129750271875 0.11872385 0.11454940312499999 0.1119246859375 0.1058631921875 0.1119246859375 0.0982627578125 0.1087866109375 0.0928338765625 0.1087866109375 0.0808903359375 0.11166317968749999 0.0727470140625 0.0844665265625 0.0651465796875 0.0766213390625 0.0705754609375 0.0745292890625 0.07709011875 0.0740062765625 0.0651465796875 0.059361925 0.0597176984375 0.05700836875 0.06568946875000001 0.05805439375 0.0819761125 0.054916318750000005 0.0960912046875 0.05700836875 0.10477741562500001 0.06459205 0.109663409375 0.06485355625 0.12323561406250001 0.0708682015625 0.1324647125 0.0760983265625 0.1335504890625 0.0787133890625 0.1498371328125 0.0794979078125 0.1286644953125 0.0828974890625 0.11726384375000001 0.08943514687500001 0.13083604843750002 0.087866109375 0.140608034375 0.094403765625 0.1541802390625 0.11035564843750001 0.1623235609375 0.10617154843750001 0.17969598281250002 0.09388075312500001 0.1845819765625 0.0787133890625 0.17915309375 0.0724372390625 0.18675352812499998 0.056746862499999995 0.18892508125000002 0.0473326359375 0.18892508125000002 0.0421025109375 0.181324646875 0.035303346875 0.1878393046875 0.027458159375000003 0.1878393046875 0.023274057812500002 0.196525515625 0.0190899578125 0.18892508125000002 0.0078451890625 0.18078175937500002 0.0057531375 0.1590662328125 0.023797071875 0.13897937031250002 0.025889121874999997 0.130293159375 0.0400104609375 0.1313789359375 0.0489016734375 0.124864278125 0.0507322171875 0.1221498375 0.050209204687499995 0.1134636265625 0.046809623437499996 0.10749185624999999 0.038441421875 0.1064060796875 0.0418410046875 0.0982627578125 0.031380753125 0.084147665625 0.026150628125 0.05157437499999999 0.027719665625 0.038545059375 0.025889121874999997 0.029315960937500003 0.004445606249999999 0.02497285625 0.0010460250000000001 0.029858848437500002 0 0.0418023890625 0.0015690374999999999 0.058089034375 0.0057531375 0.06786102031249999 0.0062761499999999994 0.0852334421875 0 0.10369163906250001 0.00026150625000000003 0.986970684375 0.0196129703125 0.98479913125 0.037395396875 0.99457111875 0.152458159375 0.99457111875 0.1681485359375 0.9880564609375 0.192730125 0.9891422359375 0.20005230156249998 0.982627578125 0.2078974890625 0.9880564609375 0.2099895390625 0.9761129203125 0.21417364062500002 0.9761129203125 0.216265690625 0.982627578125 0.219403765625 0.97394136875 0.2314330546875 0.9728555921875 0.24346234375 0.9609120515624999 0.287395396875 0.9576547234375001 0.3088389125 0.9609120515624999 0.31563807499999996 0.9695982624999999 0.33342050156249997 0.9771986968749999 0.337081590625 0.9858849078125 0.344926778125 0.9891422359375 0.38153765625 0.992399565625 0.3870292890625 0.9853420203125 0.38546025156249997 0.9451682953124999 0.36741631875 0.9348534203125001 0.3593096234375 0.9201954390625 0.3666317984375 0.8648208468749999 0.37212343125 0.8566775249999999 0.37683054375 0.8566775249999999 0.3893828453125 0.859934853125 0.41239539687500004 0.8740499453125 0.41971757343749994 0.879478828125 0.4215481171875 0.885450596875 0.42364016718749997 0.9223669921875001 0.4283472796875 0.9364820843749999 0.4288702921875 0.9451682953124999 0.4202405859375 0.9565689468749999 0.407688284375 0.9576547234375001 0.40428870312500004 0.9625407171875 0.402196653125 0.9701411515625 0.404811715625 0.9777415859374999 0.40376569062499995 0.9853420203125 0.407165271875 0.9934853421875 0.5036610875 0.9940282296875 0.5107217578125 0.9934853421875 0.5156903765624999 0.9864277953125 0.5156903765624999 0.9125950046875 0.5211820078125 0.9077090125 0.530857740625 0.9125950046875 0.5303347281249999 0.9636264921875 0.529550209375 0.9685124859375 0.525627615625 0.9690553749999999 0.529811715625 0.9701411515625 0.530857740625 0.987513571875 0.533734309375 0.9934853421875 0.575247809375 0.9964558328124999 0.647813721875 0.9943546765625 0.644776078125 0.9159115578125 0.6296713984375 0.9109522578125 0.592638696875 0.9213492328124999 0.5776077765625 0.91185634375 0.5776673640625 0.875135721875 0.591788703125 0.8631921828125 0.6074790796875 0.8675352875 0.6116631796875 0.8740499453125 0.62578451875 0.8816503796875 0.63153765625 0.9066232359375 0.6401673640625 0.9039087953125 0.6396443515625 0.88762215 0.6351987453125 0.8783930515625 0.6461820078125 0.8740499453125 0.655596234375 0.877307275 0.6574267781249999 0.880021715625 0.655857740625 0.88762215 0.6574267781249999 0.8973941375000001 0.654811715625 0.9071661234375 0.6522014281249999 0.9894519828125 0.6771776015625 0.9775454375000001 0.6736401671875 0.906080346875 0.6741631796875 0.8485342015624999 0.6715481171875 0.8224755703125 0.6786087859375 0.8089033656250001 0.68253138125 0.8170466890625001 0.68305439375 0.8669924 0.6888075312499999 0.9223669921875001 0.68723849375 0.9386536375000001 0.68985355625 0.9473398484375 0.68985355625 0.9636264921875 0.6942991625 0.9685124859375 0.7178347281249999 0.9609120515624999 0.722018828125 0.9489685124999999 0.724633890625 0.9543973937500001 0.7335251046875 0.9543973937500001 0.7371861921875 0.9424538546875001 0.74764644375 0.9424538546875001 0.7494769875 0.9386536375000001 0.7489539749999999 0.8963083609375 0.75209205 0.8897937031250001 0.75339958125 0.877307275 0.7567991625 0.880021715625 0.7547071125 0.8984799125 0.7562761499999999 0.9201954390625 0.7588912140625 0.9277958734375 0.7583682015625001 0.9364820843749999 0.7649058578125 0.9413680781249999 0.780596234375 0.9391965250000001 0.8151150625 0.9229098812500001 0.8276673640625001 0.9218241046875001 0.8318514640625001 0.9120521171875 0.8391736406250001 0.9087947875 0.8736924687500001 0.90336590625 0.8904288703125 0.89250814375 0.8982740578125 0.8783930515625 0.9202405859375 0.87187839375 0.9531903765624999 0.8729641687499999 0.969403765625 0.865363734375 0.9845711296875 0.8555917484375 0.9887552296875001 0.8371335500000001 0.99293933125 0.8403908796874999 0.99450836875 0.8284473406249999 1 0.8289902281250001 1 0.8148751359374999
0 0.43854602500000006 0.22801302968749998 0.43959205 0.2312703578125 0.44351464375000005 0.22529858906250003 0.44351464375000005 0.16775244375 0.43723849374999996 0.1547231265625 0.4348849375 0.140065146875 0.43122385 0.13680781718749999 0.4275627609375 0.1422367 0.41971757343749994 0.130293159375 0.411349371875 0.1259500546875 0.406380753125 0.13626492968749998 0.405334728125 0.14712269218750001 0.40794979062500003 0.22964169375000001 0.41893305468750003 0.2328990234375 0.4270397484375 0.22801302968749998 0.43854602500000006 0.22801302968749998
0 0.7894874484375001 0.4375678609375 0.7926255234374999 0.42236699218749996 0.7949790796875 0.42399565624999996 0.7962866109375 0.43322475625 0.8007322171875 0.43051031562500003 0.8012552296875001 0.42399565624999996 0.7986401671875 0.4196525515625 0.7970711296874999 0.40770901249999997 0.7897489546875 0.40336590625 0.7921025109375 0.3919652546875 0.8015167359375001 0.3941368078125 0.8046548109374999 0.389793703125 0.8083159 0.395222584375 0.8130230125000001 0.389793703125 0.81851464375 0.375135721875 0.8166841 0.3713355046875 0.8036087859375 0.3691639515625 0.7962866109375 0.35939196562500003 0.784257321875 0.3561346359375 0.7680439328124999 0.34310532031249996 0.7651673640625 0.33496199843749996 0.7651673640625 0.3251900109375 0.7690899578125 0.3170466890625 0.7581066953125 0.3170466890625 0.7599372390625 0.329533115625 0.7630753140625 0.333876221875 0.75706066875 0.3365906625 0.74921548125 0.3224755703125 0.7413702921875001 0.3246471234375 0.721495815625 0.31921824062500004 0.717311715625 0.3127035828125 0.7042364015625 0.3051031484375 0.7003138078125 0.282844734375 0.6976987453125 0.28067318124999996 0.6950836812500001 0.32844734062500003 0.6984832640625 0.374592834375 0.7052824265625001 0.35939196562500003 0.7178347281249999 0.3637350703125 0.720972803125 0.3583061890625 0.7277719671875 0.3561346359375 0.7345711296874999 0.34201954375 0.7591527203124999 0.347448425 0.7643828453125 0.3528773078125 0.7685669453124999 0.3659066234375 0.777458159375 0.3659066234375 0.779811715625 0.37187839375 0.7803347281249999 0.39250814375 0.777981171875 0.39739413749999997 0.75706066875 0.3941368078125 0.755230125 0.39902280156250003 0.7607217578125 0.41259500468750004 0.7706589953125 0.41476655781250005 0.7703974890625 0.42399565624999996 0.7777196656250001 0.44353963125 0.784257321875 0.4321389796875 0.7894874484375001 0.4375678609375
0 0.6422594140625 0.45656894687499994 0.648535565625 0.4478827359375 0.648535565625 0.435939196875 0.6464435140625 0.42399565624999996 0.6435669453124999 0.42019543906249995 0.6336297078124999 0.421281215625 0.625 0.41639522187500005 0.6239539749999999 0.390336590625 0.6255230125 0.379478828125 0.62892259375 0.37350705781250004 0.6393828453125 0.37350705781250004 0.6467050203125 0.3637350703125 0.648535565625 0.359934853125 0.648535565625 0.3327904453125 0.659257321875 0.31161780625 0.6705020921875 0.32844734062500003 0.6728556484375 0.3572204125 0.6869769875 0.3572204125 0.6906380750000001 0.374592834375 0.68985355625 0.29695982656250003 0.6875 0.287730728125 0.6707635984375 0.28664495156249997 0.6446129703125 0.264929425 0.6116631796875 0.24647122656249998 0.6074790796875 0.23887079218750001 0.597541840625 0.236699240625 0.594403765625 0.226927253125 0.6043410046875 0.226927253125 0.6082635984375 0.21986970625 0.6043410046875 0.2128121609375 0.5991108781250001 0.2138979375 0.596495815625 0.2073832796875 0.587604603125 0.2106406078125 0.5847280328125 0.2035830625 0.5844665265625 0.1943539625 0.5842050203125 0.2035830625 0.5774058578125 0.21226927187500003 0.5781903765624999 0.22149837187500002 0.5742677828125 0.21986970625 0.5755753140625 0.211726384375 0.5721757328125 0.21118349687500002 0.5687761499999999 0.2486427796875 0.56537656875 0.23941368125 0.56537656875 0.22529858906250003 0.56223849375 0.21986970625 0.56171548125 0.195982628125 0.55596234375 0.1927252984375 0.5530857734375 0.1769815421875 0.5455020921875 0.1872964171875 0.5494246859375 0.196525515625 0.55596234375 0.20141150937500002 0.55910041875 0.21226927187500003 0.557269875 0.21824104218749998 0.533734309375 0.20521172656250003 0.5300732218750001 0.191096634375 0.524058578125 0.1872964171875 0.530596234375 0.181324646875 0.537395396875 0.191096634375 0.5421025109375 0.191096634375 0.5449790796875 0.1872964171875 0.5436715484375 0.1834962 0.536349371875 0.17806731874999998 0.524320084375 0.17806731874999998 0.5183054390625 0.1905537453125 0.5193514640625 0.21878393125 0.5138598328125 0.22149837187500002 0.5099372390625 0.1981541796875 0.5104602515625001 0.18621064062499998 0.50706066875 0.1824104234375 0.4908472796875 0.1748099890625 0.48300209218749995 0.16286645 0.465742678125 0.1563517921875 0.4537133890625 0.1563517921875 0.45083682031250005 0.161237784375 0.44874477031250004 0.176438653125 0.44874477031250004 0.21226927187500003 0.4550209203125 0.25461455 0.4516213390625 0.25950054218749996 0.43906903750000004 0.2562432140625 0.430177825 0.2616720953125 0.4375 0.2660152015625 0.44377615 0.2616720953125 0.4521443515625 0.262757871875 0.46260460312499996 0.27252985937499996 0.4788179921875 0.2692725296875 0.4801255234375 0.23941368125 0.4769874484375 0.21226927187500003 0.47934100468749996 0.2073832796875 0.4853556484375 0.2665580890625 0.4882322171875 0.2671009765625 0.4903242671875 0.2616720953125 0.50339958125 0.2736156359375 0.507322175 0.29587405 0.5230125515624999 0.314332246875 0.525627615625 0.33170466875 0.532688284375 0.35504885937499997 0.5405334734375 0.34201954375 0.5457635984375 0.339847990625 0.56040795 0.3452768734375 0.56694560625 0.3577633 0.5706066953125 0.37296416875 0.5706066953125 0.38273615625 0.56746861875 0.40010857812499995 0.56956066875 0.40879478750000003 0.56537656875 0.41639522187500005 0.56956066875 0.431596090625 0.56956066875 0.4478827359375 0.5651150625 0.45494028281250004 0.5509937234375 0.457111834375 0.5609309625 0.47231270312499996 0.5640690375 0.46688382187500005 0.5813284515625 0.46796959843749997 0.586035565625 0.4495114 0.600156903125 0.44082519062500003 0.6059100421875 0.4495114 0.62421548125 0.4505971765625 0.62787656875 0.46036916406249995 0.6365062765625 0.467426709375 0.6396443515625 0.4902280125 0.6427824265625001 0.48045602656249997 0.6422594140625 0.45656894687499994
0 1 0.5640608031250001 0.9932008375000001 0.5618892515625 1 0.5597176984375001 0.99973849375 0.347448425 0.9479602515625001 0.3572204125 0.9411610874999999 0.3669924 0.87787656875 0.370249728125 0.8755230125000001 0.375135721875 0.8783995812500001 0.38762215 0.8909518828125 0.38436482031249997 0.8933054390624999 0.3881650375 0.8933054390624999 0.39902280156250003 0.8909518828125 0.40390879531249996 0.8632322171875 0.390879478125 0.8590481171875 0.38327904375 0.8543410046875 0.38327904375 0.8532949796875 0.37785016250000003 0.8464958156250001 0.38436482031249997 0.845188284375 0.4011943546875 0.847803346875 0.4250814328125 0.8436192468750001 0.44462540781250004 0.839696653125 0.44408251875 0.8378661093750001 0.4489685125 0.8446652718750001 0.4533116171875 0.846757321875 0.46851248593749995 0.8493723843750001 0.471769815625 0.848849371875 0.48262757812499996 0.845711296875 0.48914223593750006 0.8480648531250001 0.497285559375 0.8546025109375 0.5054288812500001 0.8546025109375 0.5141150921875 0.8561715484375 0.513029315625 0.8566945609375001 0.497828446875 0.8590481171875 0.4940282296875 0.8608786609375001 0.5119435390625 0.8637552296875001 0.5146579796874999 0.8668933046875 0.508143321875 0.8718619249999999 0.5238870796875 0.8729079499999999 0.5293159609375 0.86872385 0.5369163953125 0.869769875 0.5618892515625 0.8648012546875 0.56568946875 0.851202928125 0.5635179156250001 0.847018828125 0.56677524375 0.843357740625 0.559174809375 0.839696653125 0.56677524375 0.8313284515625 0.5700325734375 0.8266213390624999 0.5646036921875 0.8229602515625001 0.57111835 0.819822175 0.5494028234375 0.81799163125 0.5542888171875 0.8190376562499999 0.5694896843749999 0.8156380750000001 0.5732899015624999 0.81328451875 0.5640608031250001 0.81433054375 0.5521172640625001 0.81223849375 0.538002171875 0.8109309625 0.543973940625 0.8077928875 0.543973940625 0.8059623437500001 0.538002171875 0.80805439375 0.49674267031249997 0.8028242671875001 0.481541803125 0.8041317984375 0.47231270312499996 0.81276150625 0.46308360468750004 0.8083159 0.46036916406249995 0.8046548109374999 0.451682953125 0.7910564859375 0.4495114 0.788441421875 0.441910965625 0.788179915625 0.4478827359375 0.7853033468749999 0.451682953125 0.776412134375 0.4495114 0.7664748953125 0.45602605937499996 0.7680439328124999 0.46036916406249995 0.779550209375 0.46145494062500003 0.785564853125 0.47285559218750006 0.787133890625 0.48262757812499996 0.784518828125 0.48914223593750006 0.784518828125 0.49674267031249997 0.7926255234374999 0.50488599375 0.7944560671875001 0.5162866453125 0.7939330546875001 0.52497285625 0.788179915625 0.5314875140625 0.7962866109375 0.5352877312500001 0.7991631796875 0.5466883828125 0.7939330546875001 0.5857763296875 0.784257321875 0.58631921875 0.777981171875 0.595005428125 0.7680439328124999 0.5906623234375 0.7649058578125 0.584147665625 0.7607217578125 0.5874049953125 0.7620292890625 0.579261671875 0.75601464375 0.5700325734375 0.7364016734375001 0.5640608031250001 0.7353556484375 0.532573290625 0.7369246859375 0.5217155265625 0.7348326359375 0.4880564609375 0.7330020921875 0.4831704671875 0.721234309375 0.47719869687500005 0.718096234375 0.45439739375 0.711820084375 0.4478827359375 0.712343096875 0.4402823015625 0.7099895390625 0.43322475625 0.7042364015625 0.4299674265625 0.6976987453125 0.41856677500000006 0.6966527203124999 0.46416938124999996 0.6942991625 0.47014115156249997 0.6893305437499999 0.4576547234375 0.6901150625 0.4093376765625 0.6791317984374999 0.421281215625 0.6749476984375 0.42345276875 0.6697175734374999 0.4191096640625 0.6663179921875 0.42399565624999996 0.6663179921875 0.431596090625 0.6707635984375 0.4353963078125 0.6744246859375 0.4245385453125 0.68305439375 0.42833876249999997 0.68410041875 0.4326818671875 0.6773012546875 0.4478827359375 0.68305439375 0.46416938124999996 0.6788702921875001 0.47285559218750006 0.6788702921875001 0.4902280125 0.6749476984375 0.49511400625 0.6741631796875 0.48045602656249997 0.6718096234375001 0.4755700328125 0.6684100421875 0.47937025 0.6671025109375 0.49294245312499996 0.661349371875 0.47665580937499996 0.656642259375 0.47339847968750004 0.653765690625 0.47611292031249997 0.653765690625 0.49674267031249997 0.656903765625 0.502171553125 0.6603033468749999 0.5298588484375 0.6718096234375001 0.5352877312500001 0.6916841 0.530944625 0.7068514640625 0.54614549375 0.714173640625 0.548317046875 0.718619246875 0.5608034749999999 0.718619246875 0.5673181328125 0.7152196656250001 0.57654723125 0.7099895390625 0.578718784375 0.7293410046875 0.58631921875 0.7377092046875 0.5819761125 0.74712343125 0.5895765468749999 0.7484309625 0.594462540625 0.7473849375 0.6129207390625 0.744769875 0.6183496203125001 0.7452928875 0.62703583125 0.75026150625 0.629750271875 0.776412134375 0.6264929421875001 0.779811715625 0.6389793703125 0.780596234375 0.6590662328125 0.788702928125 0.6520086859374999 0.7847803343749999 0.6427795875 0.7962866109375 0.629750271875 0.8009937234375 0.6308360484375 0.8140690375 0.61672095625 0.8276673640625001 0.6188925078125 0.8206066953125 0.6335504890625 0.8226987453125 0.6650380015625 0.8200836812500001 0.66829533125 0.841527196875 0.6780673187499999 0.848849371875 0.675895765625 0.842311715625 0.6666666671875 0.8355125515624999 0.66883821875 0.8318514640625001 0.6590662328125 0.8276673640625001 0.6623235609375 0.8253138078125 0.6541802390625 0.8263598328124999 0.6422367 0.8355125515624999 0.609120521875 0.8564330546875001 0.5884907703125 0.8825836812500001 0.5874049953125 0.8862447703124999 0.5928338765625 0.901412134375 0.5982627578125 0.9176255234375 0.5895765468749999 0.9265167359375001 0.5895765468749999 0.9333159 0.5917481 0.9369769874999999 0.5982627578125 0.9453451890625001 0.5982627578125 0.9490062765625 0.6134636265625 1 0.5955483171875 1 0.5640608031250001
0 0.6752092046875 0.20684039062499998 0.6827928875 0.196525515625 0.6864539749999999 0.185667753125 0.6953451890625 0.18675352812499998 0.717311715625 0.19978284531249998 0.7340481171875 0.196525515625 0.7400627609375 0.1872964171875 0.7356171546875 0.17915309375 0.721495815625 0.1672095546875 0.7031903765624999 0.16829533125 0.6827928875 0.1574375671875 0.6686715484375 0.1726384359375 0.659257321875 0.16829533125 0.658995815625 0.21226927187500003 0.662918409375 0.2236699234375 0.6678870296875 0.22421281249999997 0.6733786609375 0.22149837187500002 0.6752092046875 0.20684039062499998
0 0.654288703125 0.146036915625 0.651412134375 0.13680781718749999 0.62055439375 0.12812160625 0.6038179921875 0.1324647125 0.600156903125 0.124864278125 0.595972803125 0.1313789359375 0.592311715625 0.1237785015625 0.5849895390625 0.1313789359375 0.5781903765624999 0.1313789359375 0.56485355625 0.146036915625 0.5729602515625001 0.1563517921875 0.5808054390625 0.1563517921875 0.5844665265625 0.175895765625 0.588127615625 0.160694896875 0.5949267781249999 0.170466884375 0.6017259421875 0.171552659375 0.6043410046875 0.17915309375 0.6074790796875 0.1737242125 0.6116631796875 0.1737242125 0.6150627609375 0.1851248640625 0.6153242671875 0.22149837187500002 0.6171548109375 0.21986970625 0.6166317984374999 0.18621064062499998 0.62160041875 0.18023887031250002 0.6333682015625001 0.1905537453125 0.6354602515625001 0.2176981546875 0.6383368203125 0.2236699234375 0.6430439328124999 0.22041259531250001 0.6472280328125 0.22909880624999998 0.6527196656250001 0.2285559171875 0.654811715625 0.2209554828125 0.654288703125 0.146036915625