1 0.5640625 0.8046875 0.22265625 0.209375
1 0.57421875 0.9046875 0.28515625 0.190625
1 0.6109375 0.403125 0.07890625 0.1484375
1 0.5921875 0.5453125 0.2109375 0.16171875
1 0.85703125 0.56953125 0.090625 0.1375
1 0.825 0.475 0.10234375 0.07890625
1 0.9578125 0.3109375 0.084375 0.140625
1 0.22890625 0.5203125 0.115625 0.14765625
1 0.0796875 0.81484375 0.14140625 0.31015625
1 0.06953125 0.403125 0.1390625 0.26171875
1 0.31640625 0.21875 0.0828125 0.06640625
1 0.61875 0.30078125 0.06796875 0.096875
1 0.67890625 0.221875 0.04609375 0.075
1 0.3953125 0.08828125 0.08125 0.05859375
1 0.25625 0.3625 0.1515625 0.13671875
1 0.36953125 0.36875 0.05078125 0.06171875
0 0.67849686875 0.7575921906249999 0.67693110625 0.7402386109375 0.6816283921874999 0.7033622562499999 0.681106471875 0.684924078125 0.6907620046875 0.67245119375 0.6978079328125 0.6523861171875 0.6972860125 0.6469631234375 0.6941544890625 0.643709328125 0.6936325671875 0.6285249453125 0.6884133609374999 0.617678959375 0.6884133609374999 0.612255965625 0.6865866390625001 0.6084598703124999 0.6620563671874999 0.611713665625 0.6046450937500001 0.6084598703124999 0.6022964515625 0.6209327546875001 0.6038622124999999 0.6447939265625 0.59707724375 0.668655096875 0.5975991656249999 0.6784164859375 0.5923799578125 0.7011930578125 0.5929018796875 0.716377440625 0.603601253125 0.73427331875 0.6594467640625 0.75488069375 0.6662317328125 0.767895878125 0.6717119 0.7716919734375 0.6756263046875 0.767895878125 0.67849686875 0.7575921906249999
0 1 0.5059652921875 0.995824634375 0.5103036875 0.995824634375 0.48861171406250004 0.9939979125 0.48481561875 0.9835594984375 0.48481561875 0.9772964515625 0.479392625 0.9553757828125 0.4490238609375 0.9501565765625 0.43709327499999995 0.9324112734375 0.41648589999999996 0.9094467640625 0.4273318875 0.900313153125 0.456073753125 0.90135699375 0.46583514062500003 0.905532359375 0.47342733125 0.909707725 0.4907809109375 0.9264091859375 0.5103036875 0.9347599171875001 0.5428416484375 0.9368475984375 0.564533621875 0.9352818375 0.57863340625 0.9284968687499999 0.5949023859375 0.9298016703125 0.607375271875 0.9485908140625 0.6052060734375 0.9540709812499999 0.595986984375 0.9569415453125 0.5845986984375 0.969467640625 0.5824295015625001 0.9759916499999999 0.5894793921875 0.975469728125 0.61984815625 0.965031315625 0.6372017359375 0.9629436328125 0.6599783078125 0.9645093953125 0.668655096875 0.9616388312499999 0.6778741859374999 0.9475469734375 0.6811279828125001 0.9376304796875001 0.6767895875 0.931889353125 0.6789587859374999 0.9230167015624999 0.6702819953125 0.918319415625 0.6605206078125 0.911534446875 0.6605206078125 0.9180584546875 0.61984815625 0.9136221296875 0.611713665625 0.9016179546875 0.60954446875 0.896398746875 0.6008676796875 0.892745303125 0.6008676796875 0.88778705625 0.6079175703125 0.8883089765625 0.6209327546875001 0.8906576203125001 0.6279826468749999 0.8948329859375 0.62472885 0.8984864296874999 0.633405640625 0.89979123125 0.62527115 0.8979645093749999 0.61930585625 0.9063152406249999 0.6182212578125 0.9081419625 0.64045553125 0.9068371609374999 0.648590021875 0.9010960328125 0.6496746203125 0.8984864296874999 0.6399132328125 0.8948329859375 0.6518438171875001 0.8729123171875001 0.6464208250000001 0.8684759921874999 0.638286334375 0.86743215 0.6285249453125 0.8768267218749999 0.612255965625 0.8768267218749999 0.6035791749999999 0.8744780796875 0.5976138828125 0.870824634375 0.59869848125 0.8671711906249999 0.606290671875 0.8627348640625 0.6035791749999999 0.8616910234375 0.612255965625 0.866388309375 0.627440346875 0.8653444671875 0.6447939265625 0.86221294375 0.6556399125000001 0.85621085625 0.6637744031249999 0.8447286015625 0.6605206078125 0.831680584375 0.6626898046874999 0.82750521875 0.67136659375 0.819676409375 0.674620390625 0.7716597078125 0.6735357921875 0.7682672234375 0.6773318875000001 0.774530271875 0.71312364375 0.771398746875 0.7434924078125 0.767745303125 0.75 0.7687891437500001 0.7597613890625 0.7635699375 0.8063991328125001 0.7640918578125 0.8573752718750001 0.7755741125 0.882321040625 0.7776617953125 0.8996746203124999 0.777139875 0.930043384375 0.7797494781250001 0.9387201734374999 0.784707725 0.940347071875 0.7946242171875 0.9544468546875 0.79749478125 0.9539045546875 0.803757828125 0.8964208250000001 0.7980167015624999 0.8476138828125 0.7938413359375 0.8400216921875 0.7938413359375 0.8324295015625 0.784968684375 0.8085683296875 0.7828810015625 0.794468546875 0.7828810015625 0.7673535796875 0.7867954078125 0.75488069375 0.8024530265625 0.7505423 0.8395093953125 0.7537960953125 0.8541231734375 0.7494577 0.8948329859375 0.752711496875 0.9063152406249999 0.7722342734375001 0.9136221296875 0.76572668125 0.9209290187500001 0.7494577 0.9339770359375 0.7462039046875 0.9368475984375 0.752169196875 0.9378914406250001 0.7695227765625 0.949112734375 0.7798264640625 1 0.7847071578125 1 0.5059652921875
0 0.33663883125 0.9864425156250001 0.34759916562500004 0.956073753125 0.38178496875 0.8221258140625001 0.39692066875 0.8026030375 0.41675365312499996 0.8026030375 0.4230167015625 0.7982646421874999 0.42823590781250004 0.778741865625 0.43710855937500004 0.77548806875 0.44493736874999995 0.7635574843749999 0.4548538625 0.7603036875 0.46842379999999995 0.7483731015624999 0.4741649265625 0.7407809109375 0.47938413437499994 0.726681128125 0.5062630484375 0.7044468546875 0.5052192062499999 0.6773318875000001 0.48643006250000004 0.6599783078125 0.4832985390625 0.6231019515625 0.4791231734375 0.61984815625 0.48382045937499996 0.612255965625 0.47807933125 0.6068329718750001 0.47651357031249997 0.5927331890625 0.47599165 0.5558568328125 0.47964509375000003 0.538503253125 0.4791231734375 0.5222342734375001 0.46685803750000004 0.5195227765625 0.459029228125 0.539045553125 0.45537578281249996 0.5401301515625 0.45563674374999996 0.5059652921875 0.44676409218749996 0.5059652921875 0.4415448859375 0.4896963125 0.44467640937499997 0.4799349234375 0.43893528125000003 0.4723427328125 0.4410229640625 0.4571583515625 0.425887265625 0.41594360156250004 0.42693110624999997 0.40075921875000003 0.4313674328125 0.388286334375 0.43684759843750004 0.38340564062500004 0.4324112734375 0.354663775 0.42745302656249995 0.367136659375 0.429540709375 0.3768980484375 0.42562630468749996 0.3839479390625 0.4005741125 0.39370932812500004 0.3966597078125 0.3996746203125 0.3966597078125 0.40943600937499997 0.3922233828125 0.41865509687499997 0.37239039687500003 0.4208242953125 0.37108559531249996 0.424620390625 0.37421711874999997 0.439804771875 0.37265135625 0.47885032499999997 0.3650835078125 0.4826464203125 0.353601253125 0.497830803125 0.3353340296875 0.50542299375 0.3382045921875 0.517895878125 0.3319415453125 0.5363340562500001 0.33011482187499996 0.549891540625 0.30558455156250003 0.5488069421875 0.299321503125 0.5563991328125 0.2946242171875 0.5715835140625 0.284185803125 0.580260303125 0.2393006265625 0.5878524953125 0.21737995781250002 0.57809110625 0.2027661796875 0.57809110625 0.198851775 0.5818872015625 0.1936325671875 0.604663775 0.1881524015625 0.6138828640625 0.16988517812499998 0.6236442515625 0.1620563671875 0.632321040625 0.1417014609375 0.637744034375 0.1093423796875 0.633405640625 0.0957724421875 0.6290672453124999 0.086899790625 0.62039045625 0.06654488593749999 0.6290672453124999 0.0678496875 0.60900216875 0.0641962421875 0.595986984375 0.0647181625 0.5862255968750001 0.061064718750000004 0.580802603125 0.061064718750000004 0.5710412140625001 0.051409185937500004 0.555314534375 0.034707725 0.570498915625 0.0172233828125 0.595986984375 0.023486429687499998 0.6035791749999999 0.0208768265625 0.612255965625 0.022181628125 0.6160520609375 0.0284446765625 0.6171366593750001 0.0315762 0.6008676796875 0.035751565624999995 0.606290671875 0.038100209375 0.59924078125 0.0378392484375 0.5867678953125 0.05506263125000001 0.585683296875 0.060281837500000005 0.581344903125 0.060542796875000006 0.6220173531250001 0.0652400828125 0.6361171359375 0.0623695203125 0.6464208250000001 0.056889353125 0.6523861171875 0.0597599171875 0.6637744031249999 0.12969728593750002 0.684381778125 0.1310020875 0.6936008671875 0.13778705625 0.7011930578125 0.1401357 0.7136659437499999 0.1482254703125 0.720715834375 0.15005219218750002 0.7364425156250001 0.153183715625 0.741865509375 0.1581419625 0.7424078093750001 0.15892484375 0.752711496875 0.1688413359375 0.74511930625 0.180323590625 0.7668112796875 0.188674321875 0.7592190890625 0.20876826718750002 0.7749457703125 0.2077244265625 0.7988069421875 0.1936325671875 0.8324295015625 0.19258872656249998 0.8400216921875 0.1868475984375 0.8476138828125 0.1847599171875 0.872559653125 0.1779749484375 0.882321040625 0.168319415625 0.9088937093749999 0.1576200421875 0.9137744031249999 0.159968684375 0.9219088937500001 0.168319415625 0.9305856828125 0.1722338203125 0.9441431671875 0.17379958281250002 0.971258134375 0.167536534375 0.9864425156250001 0.1714509390625 0.9956616046875 0.3063674328125 0.9962039046875001 0.3259394578125 0.9956616046875 0.33663883125 0.9864425156250001
0 0.8087160750000001 0.382863340625 0.8217640921875 0.37527115 0.8262004171875 0.35845987031250004 0.8160229640625 0.35791757031250004 0.811325678125 0.3524945765625 0.7703549062499999 0.3552060734375 0.7693110640625 0.36822125781250004 0.780532359375 0.398047721875 0.7990605421875 0.4061822125 0.8027139875 0.39316702812500004 0.8087160750000001 0.382863340625
0 0.8945720250000001 0.3270065078125 0.8930062624999999 0.31399132343749997 0.885177453125 0.2933839484375 0.8841336109375 0.268438178125 0.8731732781250001 0.2510845984375 0.8726513562499999 0.242407809375 0.8752609609374999 0.23698481562499998 0.870041753125 0.23156182187500002 0.8661273484375 0.2169197390625 0.8577766171875 0.2169197390625 0.8509916499999999 0.2071583515625 0.8436847593750001 0.21041214687499998 0.83585595 0.20824294999999998 0.8350730687500001 0.253253796875 0.8376826718749999 0.2586767890625 0.8397703546875 0.2825379609375 0.8397703546875 0.2901301515625 0.8350730687500001 0.3020607375 0.8371607515624999 0.31399132343749997 0.8439457203125 0.3237527109375 0.8439457203125 0.3345986984375 0.8473382046875001 0.3373101953125 0.8556889359375001 0.35791757031250004 0.86664926875 0.3655097609375 0.8765657625 0.3611713671875 0.8872651359375 0.3660520609375 0.8940501046874999 0.3421908890625 0.8945720250000001 0.3270065078125