1 0.36484375 0.7015625 0.11875 0.1734375
1 0.32421875 0.19140625 0.05390625 0.0796875
1 0.75078125 0.5109375 0.065625 0.10859375
1 0.5046875 0.3140625 0.059375 0.10546875
1 0.4484375 0.3484375 0.02421875 0.05
0 0.027980535937500002 0.14672544062499998 0.0234184921875 0.1309823671875 0.00030413593749999997 0.11335012656250001 0 0.2197733 0.012773721875 0.2222921921875 0.0255474453125 0.1719143578125 0.027980535937500002 0.14672544062499998
0 0.1246958640625 0.665617128125 0.130170315625 0.650503778125 0.12956204375 0.6416876578124999 0.133211678125 0.635390428125 0.1341240875 0.6083123421875001 0.1219586375 0.6120906796875001 0.10583941562500002 0.642947103125 0.1009732359375 0.673173803125 0.10279805312500001 0.688287153125 0.1146593671875 0.6851385390625 0.1246958640625 0.665617128125
0 0.1611922140625 0.43136020156250005 0.1526763984375 0.41498740625 0.1572384421875 0.4093199 0.162408759375 0.41498740625 0.16180048593750002 0.398614609375 0.168491484375 0.3822418140625 0.167579075 0.374055415625 0.1475060828125 0.3639798484375 0.14142335781249998 0.355163728125 0.13929440312500002 0.35831234218749997 0.14233576718750002 0.3734256921875 0.13716545 0.39168765781250003 0.1298661796875 0.39168765781250003 0.1253041359375 0.3822418140625 0.1253041359375 0.41876574375000003 0.1368613140625 0.42380352656250003 0.1374695859375 0.432619646875 0.13381995156249998 0.447732996875 0.138077859375 0.45654911875000004 0.1408150859375 0.438287153125 0.1611922140625 0.43136020156250005
0 0.06812652031250001 0.349496221875 0.0675182484375 0.32556675 0.06143552343749999 0.3104534 0.060218978125 0.27392947031250003 0.05656934375 0.257556675 0.04714111875 0.2544080609375 0.043491484375 0.24685138593749997 0.0383211671875 0.2537783375 0.0352798046875 0.292821159375 0.038929440625 0.319269521875 0.0444038921875 0.32808564218749997 0.0437956203125 0.349496221875 0.054744525 0.387279596875 0.059002432812500005 0.39357682656250004 0.06082725 0.357052896875 0.06812652031250001 0.349496221875
0 0.15754257968750002 0.6026448359375001 0.1557177609375 0.5988664984375001 0.1557177609375 0.5686397984375 0.1602798046875 0.5566750625 0.16392944062499998 0.557934509375 0.168491484375 0.574937028125 0.1733576640625 0.5799748109375 0.17274939218750002 0.5535264484375 0.16149635 0.5188916875 0.14142335781249998 0.5025188921875 0.13716545 0.492443325 0.13564476875 0.5157430734374999 0.13351581562499998 0.522670025 0.130474453125 0.5214105796874999 0.1246958640625 0.5081863984375 0.12043795625 0.45403022656249997 0.11405109531249999 0.44458438281249996 0.10401459843750001 0.462846346875 0.10431873437500001 0.4874055421875 0.0842457421875 0.4974811078125 0.0729927 0.46410579375000005 0.0760340625 0.45403022656249997 0.0666058390625 0.42191435781250003 0.058698296875 0.41183879062499995 0.054440389062500004 0.4282115875 0.043491484375 0.430730478125 0.0322384421875 0.4124685140625 0.03193430625 0.3904282109375 0.023114354687499998 0.38979848906250003 0.0249391734375 0.42254408125 0.0158150859375 0.43891687656249995 0.0255474453125 0.45528967187499997 0.0243309 0.47921914374999997 0.0310218984375 0.49433249375 0.0316301703125 0.5044080609375 0.0276763984375 0.5113350125 0.0209854015625 0.5113350125 0.008819951562500001 0.48488665 0 0.49433249375 0.00030413593749999997 0.5906800999999999 0.011253040625 0.580604534375 0.016119221875 0.5591939546875 0.0276763984375 0.5478589421875 0.0331508515625 0.5365239296875 0.05018248125 0.5176322421874999 0.07816301718749999 0.5012594453125 0.0866788328125 0.5176322421874999 0.112226278125 0.5340050375 0.118917275 0.546599496875 0.1292579078125 0.552896725 0.1368613140625 0.5686397984375 0.1344282234375 0.5925692687499999 0.138077859375 0.6039042828125 0.1408150859375 0.5969773296875001 0.15754257968750002 0.6026448359375001
0 0.31569343125 0.98677581875 0.31326034062499997 0.9691435765625 0.3138686125 0.9338790937500001 0.3083941609375 0.9263224187500001 0.31082725 0.9200251890625 0.3083941609375 0.909949621875 0.2986618 0.8935768265625 0.3023114359375 0.8847607046875 0.30352798124999997 0.8608312343750001 0.29835766406249997 0.8576826203125 0.2947080296875 0.8727959703125 0.2898418484375 0.8715365234375 0.28193430625000004 0.8816120906249999 0.2743309 0.8683879093750001 0.2712895375 0.8482367765625 0.263077859375 0.8337531484375 0.2588199515625 0.8488664984375 0.255170315625 0.8438287156250001 0.25152068125000004 0.8488664984375 0.249087590625 0.840050378125 0.24513382031250003 0.8369017624999999 0.2503041359375 0.8186397984375 0.24361313906249998 0.809823678125 0.2350973234375 0.813602015625 0.2287104625 0.804156171875 0.22749391718749998 0.796599496875 0.22992700781250003 0.7890428218750001 0.23996350312499998 0.7871536531250001 0.24574209218749998 0.7676322421874999 0.24513382031250003 0.7512594453125 0.24148418437500002 0.7399244328125001 0.23783455 0.7084382875 0.23965936718749997 0.7008816125 0.23783455 0.6756926953125 0.23905109531250002 0.616498740625 0.2360097328125 0.6026448359375001 0.2162408765625 0.5642317375 0.197384428125 0.54534005 0.1888686125 0.546599496875 0.18795620468750002 0.57367758125 0.1909975671875 0.5938287156250001 0.1885644765625 0.601385390625 0.1922141125 0.6253148609375 0.20529197031250002 0.6272040296875 0.21502433124999998 0.6397984890624999 0.2198905109375 0.637279596875 0.22323600937500002 0.6416876578124999 0.2189781015625 0.650503778125 0.2256691 0.6580604531249999 0.220194646875 0.681989925 0.2220194640625 0.7008816125 0.2177615578125 0.7159949625 0.22445255468749997 0.7298488671875 0.22627737187500002 0.7411838796875 0.22354014531250002 0.74811083125 0.2162408765625 0.7380352640625001 0.21228710468749998 0.7411838796875 0.2104622875 0.76511335 0.2159367390625 0.7802266999999999 0.214111921875 0.8066750624999999 0.19343065625 0.8646095718750001 0.19647201875 0.9074307312500001 0.2055961078125 0.9603274562499999 0.20894160624999997 0.9659949624999999 0.2168491484375 0.9521410578125 0.22779805312499998 0.9433249375000001 0.24482968437500002 0.9433249375000001 0.2542579078125 0.9603274562499999 0.256995134375 0.9722921921875001 0.26733576718749996 0.9748110828125001 0.2746350359375 1 0.2840632609375 0.9993702765625001 0.3105231140625 0.9987405546874999 0.31569343125 0.98677581875
0 0.4486009734375 0.385390428125 0.4236618 0.32871536562500003 0.4203163015625 0.349496221875 0.42214111875000004 0.3633501265625 0.4303527984375 0.39168765781250003 0.4422141125 0.398614609375 0.4531630171875 0.38979848906250003 0.4486009734375 0.385390428125
0 0.5103406328125 0.47921914374999997 0.511557178125 0.4691435765625 0.508515815625 0.46410579375000005 0.5155109484375 0.4596977328125 0.517639903125 0.451511334375 0.5261557171875 0.38979848906250003 0.5170316296874999 0.3671284640625 0.514294403125 0.35264483593749996 0.5015206812499999 0.35264483593749996 0.47597323593749996 0.3639798484375 0.4799270078125 0.39105793437499997 0.48874695937499996 0.40176322343750004 0.499391728125 0.43010075625 0.5097323593749999 0.47921914374999997 0.506082725 0.48803526406250003 0.5103406328125 0.49433249375 0.512773721875 0.48803526406250003 0.5103406328125 0.47921914374999997
0 0.4829683703125 0.32682619687500003 0.4750608265625 0.3091939546875 0.4774939171875 0.300377834375 0.476277371875 0.2789672546875 0.4826642328125 0.26952141093750004 0.48874695937499996 0.2682619640625 0.4927007296875 0.2562972296875 0.4927007296875 0.2260705296875 0.4905717765625 0.22040302343749998 0.48083941562500004 0.22166246875 0.476277371875 0.214735515625 0.47384428281249996 0.199622165625 0.4750608265625 0.1681360203125 0.47049878281249996 0.16120906875000002 0.462591240625 0.1624685140625 0.45894160624999997 0.16876574375 0.4552919703125 0.16624685156250002 0.4537712890625 0.1857682625 0.441301703125 0.19521410625 0.43856447656249997 0.20214105781249997 0.43886861250000003 0.212846346875 0.4616788328125 0.24874055468749998 0.46532846718750004 0.2764483625 0.45650851562500006 0.27959697656250004 0.45346715312499997 0.28589420625 0.43765206875 0.28589420625 0.43065693437499997 0.292821159375 0.432177615625 0.2997481109375 0.44038929375 0.3016372796875 0.43734793125 0.304156171875 0.44008515781249996 0.31612090625 0.4431265203125 0.31989924375 0.4516423359375 0.31612090625 0.4531630171875 0.32556675 0.46350365 0.34068010000000004 0.468673965625 0.32745591875 0.4829683703125 0.32682619687500003
0 0.7098540140625 0.7298488671875 0.711070559375 0.699622165625 0.719586375 0.6681360203125 0.719586375 0.6416876578124999 0.71350365 0.6139798484375001 0.704987834375 0.608942065625 0.70590024375 0.6007556671875001 0.7022506078124999 0.6057934515625 0.6986009734375 0.599496221875 0.6748783453125 0.5957178843750001 0.67548661875 0.603274559375 0.7001216546875 0.608942065625 0.6870437953125 0.614609571875 0.6809610703125 0.629722921875 0.6736618 0.6272040296875 0.6706204375 0.6309823671875 0.6697080296875 0.650503778125 0.67214111875 0.6593199000000001 0.6633211671875 0.6662468515625 0.6605839421875 0.67443325 0.6666666671875 0.7222921921875 0.674574209375 0.7600755671874999 0.67852798125 0.7682619640625 0.6843065687500001 0.7701511328125 0.6906934312499999 0.75188916875 0.7098540140625 0.7298488671875
0 0.4142335765625 0.574937028125 0.39233576718749996 0.5283375312499999 0.39172749375000004 0.5182619640625 0.4020681265625 0.5044080609375 0.40815085156249997 0.44647355156249996 0.42214111875000004 0.41498740625 0.42214111875000004 0.394836271875 0.42001216562500004 0.3904282109375 0.41149635 0.392947103125 0.407846715625 0.38916876562499997 0.3792579078125 0.41561712812499996 0.36465936718749997 0.4181360203125 0.34397810156249997 0.43702770781250005 0.3409367390625 0.44836272031249996 0.333029196875 0.44836272031249996 0.31538929375 0.4634760703125 0.29835766406249997 0.468513853125 0.29409975625 0.4785894203125 0.2837591234375 0.4823677578125 0.2652068125 0.5031486140625 0.26642335781250004 0.52078085625 0.2801094890625 0.5365239296875 0.3068734796875 0.5302266999999999 0.314781021875 0.54534005 0.3263382 0.546599496875 0.333029196875 0.552896725 0.34367396562499997 0.571158690625 0.3464111921875 0.5831234249999999 0.37986617968749997 0.584382871875 0.3920316296875 0.5982367765625 0.3990267640625 0.5988664984375001 0.4127128953125 0.5869017624999999 0.4142335765625 0.574937028125