1 0.8046875 0.60390625 0.16015625 0.23984375
1 0.9609375 0.58359375 0.078125 0.53515625
1 0.94609375 0.9171875 0.1078125 0.165625
1 0.34765625 0.35390625 0.053125 0.07578125
1 0.225 0.284375 0.08125 0.08359375
1 0.14765625 0.45 0.28984375 0.12734375
1 0.125 0.24375 0.0734375 0.10859375
1 0.7921875 0.44375 0.07421875 0.08359375
0 0.8840274109375 0.9678030296875001 0.8861360046875 0.9349747468749999 0.900369003125 0.8983585859375 0.8993147078125 0.8743686875 0.8940432265625 0.8554292921875 0.8953610968750001 0.8522727265625001 0.911175540625 0.847222221875 0.949920928125 0.8465909093749999 0.95255666875 0.8175505046874999 0.9393779656250001 0.7859848484375 0.93489720625 0.7651515156250001 0.9117026890625001 0.7550505046875 0.8937796515624999 0.75631313125 0.8885081703125 0.7638888890625 0.8500263578125 0.7651515156250001 0.8460727468749999 0.7607323234375001 0.8450184500000001 0.7506313125 0.8508170796875 0.7329545453125 0.8502899312500001 0.727904040625 0.840537690625 0.7121212124999999 0.8004744328125 0.7121212124999999 0.7952029515625 0.7083333328125 0.7698998421875001 0.7121212124999999 0.760411175 0.6982323234375001 0.7295730093749999 0.6294191921875 0.727991565625 0.6142676765624999 0.72008434375 0.5915404046875 0.7187664734375 0.5707070703125 0.7145492890625 0.5643939390625 0.696099103125 0.5606060609375 0.6773853453124999 0.5637626265625 0.6763310484375 0.5839646468749999 0.6784396421875 0.6016414140624999 0.6736953078125001 0.609217171875 0.675276753125 0.6193181812499999 0.675276753125 0.6887626265625 0.694517659375 0.7133838390625 0.69899841875 0.7241161609375 0.7029520296875 0.7449494953125 0.7150764359374999 0.75 0.7177121765625001 0.7790404046875 0.7224565109375 0.7765151515625 0.7311544546875 0.7897727265625 0.7416974171875 0.8289141421874999 0.745387453125 0.8642676765624999 0.7493410640625 0.866161615625 0.7575118609375 0.8869949500000001 0.765155509375 0.9179292921875 0.780706378125 0.9198232328125 0.7801792296875 0.96906565625 0.7830785453125 0.991161615625 0.7920400625 0.996212121875 0.8792830781250001 0.9968434343749999 0.8871903 0.9867424249999999 0.8840274109375 0.9678030296875001
0 0.66710595625 0.9949494953125001 0.670005271875 0.9829545453125 0.6589351609375 0.9147727265625001 0.65498155 0.9128787875000001 0.64628360625 0.884469696875 0.5946230890625 0.6660353531250001 0.56879283125 0.5827020203125 0.5513969421875 0.51199495 0.5455983125 0.4766414140625 0.5366367953125 0.45265151562500006 0.5355824984375 0.441287878125 0.5213494984375 0.41351010156249995 0.5192409062500001 0.38573232343749997 0.5026357406249999 0.377525253125 0.4978914078125 0.3623737375 0.48576699999999995 0.3547979796875 0.478123353125 0.327651515625 0.4768054828125 0.290404040625 0.471006853125 0.28661616093750003 0.45677385312499996 0.2891414140625 0.4538745390625 0.3011363640625 0.453347390625 0.34406565625 0.45703742812500003 0.38573232343749997 0.45229309375 0.41224747500000003 0.45071165 0.4665404046875 0.44807590937499997 0.48800505000000005 0.4512387984375 0.49936868749999996 0.45229309375 0.5385101015625 0.446494465625 0.5965909093749999 0.4512387984375 0.6205808078125 0.44544016875 0.6584595953125 0.451765946875 0.8491161609375 0.4544016875 0.8731060609375 0.453347390625 0.990530303125 0.45519240937500005 0.996212121875 0.46204533437500006 0.9974747468749999 0.5411175546875 0.9987373734375 0.5471797578125 0.99431818125 0.5495519234375 0.974747475 0.5498154984375 0.9867424249999999 0.5569319984375001 0.996212121875 0.5972588296875 0.9981060609375 0.6607801796875 0.9974747468749999 0.66710595625 0.9949494953125001
0 0.053769109375 1 0.0593041640625 0.9987373734375 0.0909330515625 0.9974747468749999 0.1014760140625 1 0.11043753281249999 0.9974747468749999 0.1367949390625 0.996212121875 0.14786505 1 0.15524512343750002 0.996212121875 0.197944121875 1 0.22219293593749997 0.9949494953125001 0.25645756406250003 0.9987373734375 0.2627833421875 0.9924242421875 0.2706905640625 0.99368686875 0.27754348906250004 1 0.28228782343750003 0.996212121875 0.294939378125 0.9974747468749999 0.298629415625 1 0.305482340625 0.9924242421875 0.3133895625 0.989898990625 0.3218239328125 0.9987373734375 0.337111228125 0.9987373734375 0.3455455984375 0.991161615625 0.3545071171875 0.991161615625 0.3766473375 1 0.38297311562499997 0.9987373734375 0.38929889375000004 0.989898990625 0.398787559375 0.9924242421875 0.404059040625 1 0.40669478124999997 0.9974747468749999 0.43305218749999996 0.9974747468749999 0.43832366875 0.991161615625 0.4441222984375 0.991161615625 0.446494465625 0.9867424249999999 0.446494465625 0.9715909093749999 0.443858725 0.7885101015625 0.43806009531249995 0.7821969703125 0.435951503125 0.7695707078125 0.43858724374999997 0.7518939390625 0.43331576250000003 0.7430555562500001 0.43806009531249995 0.71906565625 0.43647865 0.621843434375 0.42514496562500004 0.6111111109375 0.42198207656250003 0.599747475 0.4177648921875 0.5959595953125 0.33974696875 0.5959595953125 0.322878228125 0.5858585859375001 0.316025303125 0.5946969703125 0.310753821875 0.5858585859375001 0.30126515625 0.5820707078125 0.29757511875 0.5820707078125 0.29441222968749997 0.59343434375 0.2907221921875 0.5946969703125 0.2865050078125 0.58080808125 0.27121771250000004 0.5833333328125 0.2670005265625 0.59343434375 0.2627833421875 0.58080808125 0.2548761203125 0.58080808125 0.247496046875 0.5820707078125 0.243806009375 0.59343434375 0.226410121875 0.5871212124999999 0.21586715937499998 0.5946969703125 0.2116499734375 0.5858585859375001 0.20848708437500002 0.5909090906250001 0.1916183453125 0.5946969703125 0.1863468640625 0.5883838390625 0.1726410125 0.5858585859375001 0.168950975 0.5959595953125 0.1615709015625 0.5871212124999999 0.15524512343750002 0.5858585859375001 0.1483921984375 0.5858585859375001 0.14153927187499998 0.59343434375 0.1373220875 0.578282828125 0.11781760625 0.584595959375 0.10200316250000001 0.5833333328125 0.09251449687499999 0.597222221875 0.09040590468750001 0.597222221875 0.08618871875 0.5833333328125 0.0803900890625 0.5883838390625 0.07459146093749999 0.5795454546875 0.066157090625 0.5896464640625 0.0524512390625 0.5795454546875 0.039799684375 0.5833333328125 0.03505535 0.578282828125 0.016078017187499998 0.5984848484375 0.012387981250000001 0.578282828125 0.0002635734375 0.5858585859375001 0 1 0.03716394375 0.9974747468749999 0.04401686875 0.9987373734375 0.0471797578125 1 0.053769109375 1
0 0.3703215609375 0.22474747499999997 0.38877174531250003 0.21969697031250002 0.4045861890625 0.2260101015625 0.4114391140625 0.2121212125 0.4143384296875 0.2165404046875 0.41618344687500003 0.228535353125 0.4188191875 0.2272727265625 0.4190827625 0.16856060625 0.41539272499999996 0.162247475 0.41381128125 0.1988636359375 0.4119662625 0.20202020156249997 0.40537691093749995 0.178661615625 0.40853979999999995 0.1698232328125 0.408276225 0.15909090937499998 0.4045861890625 0.1666666671875 0.40036900312499996 0.16035353593749999 0.39246178125000003 0.174242425 0.38191881875 0.16919191875 0.38218239375 0.1887626265625 0.3655772265625 0.21338383906249997 0.352925671875 0.2121212125 0.3492356359375 0.215909090625 0.34501845000000003 0.2121212125 0.344227728125 0.221590909375 0.3484449125 0.2253787875 0.3473906171875 0.23547979843750003 0.3526620984375 0.236742425 0.36188719062499997 0.21969697031250002 0.3703215609375 0.22474747499999997
0 0.032419609375000005 0.21843434374999998 0.11623616249999999 0.18181818125 0.1228255140625 0.1698232328125 0.11096468125 0.165404040625 0.0002635734375 0.1616161609375 0.001054296875 0.2392676765625 0.0118608328125 0.23611111093749998 0.032419609375000005 0.21843434374999998