1 0.51796875 0.84921875 0.1515625 0.30078125
1 0.3921875 0.68828125 0.1875 0.27265625
1 0.15546875 0.68828125 0.13515625 0.25859375
1 0.2203125 0.846875 0.07421875 0.1578125
1 0.7484375 0.6234375 0.15703125 0.16171875
1 0.89921875 0.64765625 0.1484375 0.20625
1 0.97734375 0.6015625 0.0453125 0.159375
1 0.753125 0.4015625 0.15 0.16171875
1 0.675 0.428125 0.07109375 0.1
1 0.55 0.44296875 0.09375 0.10625
1 0.1875 0.3875 0.0890625 0.21953125
1 0.0484375 0.3890625 0.09609375 0.23828125
1 0.16796875 0.1375 0.26171875 0.21484375
1 0.88828125 0.2625 0.16328125 0.115625
1 0.27890625 0.309375 0.07421875 0.1125
1 0.39921875 0.309375 0.08359375 0.04921875
1 0.475 0.259375 0.0765625 0.0453125
1 0.4390625 0.059375 0.11015625 0.065625
1 0.97578125 0.1578125 0.0484375 0.10625
1 0.7859375 0.03671875 0.03203125 0.03828125
1 0.92578125 0.03203125 0.0359375 0.03984375
1 0.85546875 0.053125 0.0421875 0.0453125
1 0.50625 0.32890625 0.0828125 0.0625
1 0.925 0.371875 0.09609375 0.10234375
0 0 0.99815043125 0.01775523125 0.9993834765624999 0.023779328125 0.997533909375 0.02599873125 0.991985203125 0.0231452125 0.9839704062499999 0.0161699421875 0.9802712703124999 0.0139505390625 0.9697903828125 0.016486999999999998 0.9537607890625001 0.025364615624999996 0.934032059375 0.022828154687499998 0.909371146875 0.02441344375 0.8964241671875 0.0313887125 0.8914919859375001 0.0323398859375 0.9044389640625001 0.037412809375 0.915536375 0.03677869375 0.92416769375 0.0453392515625 0.9371146734375 0.05168040625 0.9346485812499999 0.059606848437500005 0.9475955609375 0.0611921375 0.9827373609375 0.077045021875 0.9802712703124999 0.0818008875 0.9759556109374999 0.08433735 0.9537607890625001 0.0941661375 0.93834771875 0.1154090046875 0.9327990140625 0.1160431203125 0.8908754625 0.11857958125000001 0.8785450062500001 0.12587190937499998 0.8668310734375 0.1350665828125 0.8797780515625 0.1404565625 0.8976572140625001 0.15821179531250001 0.9149198515625001 0.1699429296875 0.9389642421875 0.1727964484375 0.993834771875 0.1829422953125 0.9987669546875001 0.20450221875 0.9987669546875001 0.20608750781250001 0.991985203125 0.20164870000000001 0.9747225640625 0.19213696875 0.9636251546875 0.184527584375 0.934032059375 0.1857958140625 0.8982737359374999 0.18072289218749998 0.8699136875000001 0.1851617 0.8205918625 0.1766011421875 0.8162762015625 0.1727964484375 0.8027127000000001 0.16708941093750002 0.8162762015625 0.1616994296875 0.8205918625 0.160114140625 0.8323057953124999 0.134115409375 0.8483353890625001 0.128725428125 0.831689271875 0.149334178125 0.808877928125 0.0903614453125 0.812577065625 0.0862396953125 0.816892725 0.0818008875 0.8464858203125001 0.0745085609375 0.8618988906249999 0.042802790624999996 0.8705302093749999 0.0418516171875 0.8551171390625001 0.038046924999999995 0.847718865625 0.0399492703125 0.8057953140624999 0.0364616359375 0.8064118375 0.029169309375 0.8242909984375 0.027901078125 0.8403205921874999 0.01775523125 0.8575832312499999 0.006975268749999999 0.888409371875 0.0057070390625000005 0.9081381015625001 0 0.9315659671875001 0 0.99815043125
0 0.46924540312499996 0.9697903828125 0.46861128750000003 0.946362515625 0.45466074843750004 0.8933415531250001 0.451490171875 0.8674475953125 0.437856690625 0.8594327984374999 0.4239061515625 0.8298397046874999 0.40044388125 0.8323057953124999 0.3975903609375 0.8378545000000001 0.39885859218749997 0.8736128234375 0.40583386250000003 0.8847102343750001 0.405199746875 0.8921085078125 0.40044388125 0.898890259375 0.3880786296875 0.8933415531250001 0.3899809765625 0.8859432796875 0.3842739375 0.8699136875000001 0.38934686093750004 0.839087546875 0.380786303125 0.8261405671875 0.37317691875 0.824907521875 0.36112872500000004 0.800246609375 0.358909321875 0.8205918625 0.35573874375000003 0.8242909984375 0.3662016484375 0.8286066578125 0.367152821875 0.839087546875 0.3646163609375 0.8464858203125001 0.36525047499999996 0.8575832312499999 0.356372859375 0.8674475953125 0.353519340625 0.8877928484375 0.3443246671875 0.847718865625 0.350665821875 0.839087546875 0.350665821875 0.831689271875 0.34590995625 0.83107275 0.3354470515625 0.816892725 0.33608116718750003 0.8008631312500001 0.3417882046875 0.7934648578125 0.33956880156249997 0.7916152890625 0.3281547234375 0.79038224375 0.3224476859375 0.8014796546875 0.3142041859375 0.8039457453125 0.307228915625 0.8175092484375 0.297717184375 0.8236744765624999 0.2824984140625 0.84340320625 0.27869372187499997 0.8421701609375001 0.2748890296875 0.8323057953124999 0.2666455296875 0.8360049328124999 0.2625237796875 0.8464858203125001 0.266328471875 0.8773119609375 0.264426125 0.8834771890625 0.266328471875 0.9229346484375001 0.2631578953125 0.9389642421875 0.2577679140625 0.94204685625 0.2523779328125 0.9525277437499999 0.24920735624999998 0.9685573359375 0.25142675937500003 0.9963008625 0.2593532015625 0.9895191125 0.2593532015625 0.9759556109374999 0.262206721875 0.9691738593749999 0.2679137609375 0.9679408140625 0.2761572609375 0.9765721328125 0.279961953125 0.98766954375 0.29454660781249997 0.9901356343750001 0.297717184375 0.9987669546875001 0.30532656875 0.997533909375 0.3157894734375 0.9784217015625 0.3142041859375 0.950678175 0.3183259359375 0.9500616515625 0.32117945468750003 0.9741060421875 0.3338617625 0.9765721328125 0.3376664546875 0.928483353125 0.3655675328125 0.9247842171875 0.3696892828125 0.9303329218749999 0.3703233984375 0.942663378125 0.3801521875 0.9543773124999999 0.39220038125 0.95930949375 0.4099556125 0.9556103578125 0.418833228125 0.9605425406249999 0.4273937859375 0.9771886562500001 0.42866201718749997 0.9932182484375 0.4321496515625 1 0.4711477484375 0.9993834765624999 0.47558655625 0.991985203125 0.46924540312499996 0.9697903828125
0 1 0.4580764484375 0.99714648125 0.45622687968750003 0.9717818640625 0.45006165156250005 0.9638554218750001 0.4580764484375 0.96322130625 0.477805178125 0.9527584015624999 0.4895191125 0.9286620171875001 0.49075215781250003 0.9159797078125 0.48335388437500004 0.894419784375 0.48212083906250003 0.8928344953125 0.4580764484375 0.8861762843750001 0.454993834375 0.8839568796874999 0.45930949375 0.880786303125 0.49630086249999994 0.877932784375 0.49938347656250004 0.8750792640625 0.4926017265625 0.8782498421874999 0.465474721875 0.8757133796875 0.44451294687500004 0.8595434375 0.4229346484375 0.8474952437500001 0.4204685578125 0.8436905515625 0.4081381015625 0.8316423593750001 0.40073982812500003 0.8313253015625 0.42355117187499997 0.83925174375 0.4290998765625 0.8474952437500001 0.4537607890625 0.8598604953125 0.4580764484375 0.8623969562499999 0.48890258906249995 0.8589093218749999 0.49815043125 0.8145212421875 0.5006165234375 0.8062777421874999 0.516646115625 0.7840837031250001 0.520345253125 0.7688649328125 0.5117139328125 0.7530120484375 0.5104808875 0.749841471875 0.5055487046875 0.7377932781250001 0.5067817515625 0.7238427390625 0.4895191125 0.7060875078125 0.4870530203125 0.694039315625 0.46979038281249996 0.6902346234375 0.46979038281249996 0.6870640453125 0.4808877921875 0.6788205453125 0.48581997499999996 0.662967659375 0.4870530203125 0.64838300625 0.46979038281249996 0.6407736203125001 0.4537607890625 0.6331642359375 0.4475955609375 0.6242866203124999 0.42663378593749995 0.6116043125 0.4204685578125 0.6084337343749999 0.39827373593750004 0.5944831953125 0.393341553125 0.5928979078125 0.374229346875 0.5887761578124999 0.36621454999999997 0.5805326562500001 0.36621454999999997 0.5776791375 0.3483353890625 0.5729232718749999 0.339087546875 0.5646797718750001 0.331689271875 0.553899809375 0.310727496875 0.5494610015625 0.310727496875 0.5504121750000001 0.352034525 0.5630944828125 0.3668310734375 0.56816740625 0.38902589375 0.5875079265625 0.3908754625 0.5935320234375 0.3964241671875 0.597336715625 0.45191122031250003 0.6081166765625 0.465474721875 0.6119213703125 0.5036991375000001 0.6084337343749999 0.5104808875 0.60082435 0.5104808875 0.5963855421875001 0.5080147968750001 0.5941661375 0.4987669546875 0.5887761578124999 0.49321824843749995 0.565948003125 0.5006165234375 0.5615091953125 0.4969173859375 0.5412175015625 0.49815043125 0.5364616359375 0.506165228125 0.538998096875 0.5295930953125 0.5361445781249999 0.5363748453125 0.5126823078125 0.5425400734375 0.49429296093749997 0.541307028125 0.48763474999999995 0.5345252781250001 0.48763474999999995 0.518495684375 0.5003170578125 0.5036991375000001 0.49904882656250005 0.48027127031249994 0.48636651875 0.45314426562500004 0.4838300578125 0.43588162812500003 0.4711477484375 0.411220715625 0.46861128750000003 0.39395807656250004 0.46639188281250005 0.38964241718750003 0.45497780624999995 0.388409371875 0.45339251718750007 0.44574599218750005 0.45656309375 0.49753390937499997 0.4670259984375 0.5104808875 0.4841471140625 0.514180025 0.48636651875 0.518495684375 0.48636651875 0.5345252781250001 0.483513 0.5425400734375 0.4397590359375 0.545006165625 0.42834495937500006 0.5351418 0.4223208625 0.518495684375 0.44768547812500004 0.509864365625 0.44958782499999994 0.485203453125 0.44768547812500004 0.3754623921875 0.4264426125 0.37854500625 0.41946734374999994 0.3945746 0.39790741875 0.3958076453125 0.3852251109375 0.3908754625 0.3823715921875 0.3754623921875 0.3887127453125 0.3668310734375 0.3864933421875 0.36251541249999997 0.3763474953125 0.360049321875 0.354787571875 0.34401972812500003 0.344007609375 0.3427866828125 0.3367152828125 0.321208384375 0.3379835125 0.3064118375 0.3287888390625 0.30456226875 0.32561826250000003 0.36251541249999997 0.3110336078125 0.372379778125 0.2875713375 0.376078915625 0.27869372187499997 0.387176325 0.2679137609375 0.38594327968750003 0.2628408375 0.37854500625 0.25491439374999997 0.3840937109375 0.255548509375 0.4926017265625 0.2542802796875 0.5123304562500001 0.25142675937500003 0.5191122078125 0.23176918125 0.5154130703125 0.20450221875 0.5178791609375 0.2000634109375 0.5376078921875 0.1398224484375 0.5425400734375 0.13760304375000001 0.5135635015625 0.139505390625 0.48766954374999993 0.1445783125 0.47410604218749997 0.1414077359375 0.4556103578125 0.147114775 0.4272503078125 0.14774889062500002 0.3976572140625 0.15409004375 0.3594327984375 0.155358275 0.3261405671875 0.1537729859375 0.319358815625 0.1487000640625 0.3181257703125 0.12523779375 0.319358815625 0.11509194687499999 0.3304562265625 0.09258085 0.333538840625 0.09384908125 0.374229346875 0.09701965781250001 0.3964241671875 0.09638554218749999 0.4247842171875 0.0786303109375 0.44204685625 0.07482561875 0.5110974109375 0.0662650609375 0.5425400734375 0.015535828125000001 0.5474722562500001 0.0107799625 0.5419235515625 0.011731134375 0.5314426640625001 0 0.5517879156250001 0 0.604808878125 0.006975268749999999 0.61097410625 0.0025364609375 0.6442663375000001 0.0044388078125 0.6639950671875 0.008877615625 0.6738594328125 0.008877615625 0.68125770625 0 0.7083847109375 0.0003170578125 0.8532675703124999 0.009511731249999999 0.85018495625 0.010145846875 0.8341553640624999 0.018389346875 0.802096178125 0.00538998125 0.79408138125 0.006975268749999999 0.786066584375 0.0199746359375 0.7805178796875001 0.02441344375 0.7916152890625 0.02853519375 0.788532675 0.0313887125 0.775585696875 0.038998096875 0.7780517875 0.0393151546875 0.7638717625 0.051046290625000004 0.7213316890625 0.0529486359375 0.734895190625 0.059289790625000005 0.7274969171875 0.0624603671875 0.7274969171875 0.0662650609375 0.7361282375 0.07894736875 0.7361282375 0.0862396953125 0.7293464859375 0.0944831953125 0.6824907515625 0.108433734375 0.6331689265625 0.1065313890625 0.6183723796875 0.1141407734375 0.60727496875 0.12523779375 0.5795314421875 0.131578946875 0.5758323062499999 0.1379201015625 0.5647348953125 0.142358909375 0.5647348953125 0.1569435640625 0.5795314421875 0.2000634109375 0.5955610359375 0.220038046875 0.61097410625 0.22257450781250002 0.625770653125 0.21940393125000002 0.638101109375 0.21876981562500003 0.6972872999999999 0.211794546875 0.7601726265625001 0.214648065625 0.7669543765625 0.22067216250000002 0.7626387171875 0.22067216250000002 0.746609125 0.2251109703125 0.7207151671875 0.22923272031250003 0.711467325 0.24889029843750002 0.7127003703125 0.25491439374999997 0.7318125765625 0.2552314515625 0.74106041875 0.255548509375 0.7330456234375 0.2593532015625 0.73057953125 0.26727964531250004 0.6103575828125 0.2694990484375 0.641800246875 0.2710843375 0.6473489515625 0.2790107796875 0.6516646109375 0.2809131265625 0.6713933421875 0.2688649328125 0.68125770625 0.2669625875 0.7318125765625 0.2802790109375 0.7626387171875 0.2802790109375 0.770036990625 0.27869372187499997 0.7780517875 0.266328471875 0.788532675 0.26569435625 0.802096178125 0.27869372187499997 0.8039457453125 0.2824984140625 0.8199753390625 0.284083703125 0.810727496875 0.2932783765625 0.8014796546875 0.29708306875 0.7916152890625 0.30944832031249997 0.7848335390625001 0.30247305 0.724414303125 0.301838934375 0.6615289765625 0.3135700703125 0.654747225 0.34939759062500003 0.647965475 0.348129359375 0.63193588125 0.3421052625 0.6239210843749999 0.3065948 0.6300863125 0.30500951249999997 0.625770653125 0.316740646875 0.6103575828125 0.344641725 0.6091245375 0.3566899171875 0.602959309375 0.37571337968749996 0.5770653515624999 0.4042485734375 0.55117139375 0.42771084375 0.57213316875 0.4505389984375 0.5844636249999999 0.455611921875 0.5930949437499999 0.5139505390625 0.594327990625 0.519657578125 0.6091245375 0.5263157890625 0.617139334375 0.6068484468750001 0.8464858203125001 0.6239695625 0.8859432796875 0.6265060234375001 0.90320591875 0.64172479375 0.9500616515625 0.663601775 0.997533909375 1 0.99815043125 1 0.9401972875 0.9949270765625 0.934032059375 0.99302473125 0.918002465625 0.9885859218749999 0.9167694203125001 0.9889029796875001 0.911220715625 0.99587825 0.91738594375 0.9968294234374999 0.9081381015625001 0.988268865625 0.8902589390625 0.9854153453125001 0.8921085078125 0.98763475 0.9087546234375001 0.9800253640625 0.9062885328125001 0.9730500953125001 0.9099876703125 0.97146480625 0.8982737359374999 0.97146480625 0.888409371875 0.9806594796875 0.8618988906249999 0.9844641718749999 0.8618988906249999 0.9866835765624999 0.8736128234375 1 0.8921085078125 1 0.7786683109375 0.9784400765625 0.7478421703125 0.981610653125 0.7379778046875 0.9847812296875 0.7034525281249999 0.9933417875 0.6942046859375 0.9936588453124999 0.687422934375 0.9812935953125 0.66707768125 0.9708306906249999 0.6676942046875001 0.9663918828125 0.7145499390625 0.959733671875 0.726263871875 0.914711478125 0.734895190625 0.89632213125 0.7324290999999999 0.89093215 0.7872996296875 0.8785668984375 0.8471023421874999 0.8512999359375 0.8471023421874999 0.8240329734375 0.8643649812499999 0.8088142046875 0.8643649812499999 0.7840837031250001 0.8532675703124999 0.78059606875 0.8600493218749999 0.7767913765625 0.8908754625 0.7726696265624999 0.895191121875 0.7666455296875 0.8896424171874999 0.7653772984375 0.8612823671875001 0.75491439375 0.83970406875 0.7333544703125 0.8471023421874999 0.7225745078125 0.83107275 0.7175015859375 0.83107275 0.7073557390625 0.8175092484375 0.7022828156250001 0.800246609375 0.699746353125 0.8039457453125 0.6591629671875 0.8027127000000001 0.6487000640625 0.7836004937500001 0.634115409375 0.7453760796875 0.6188966390624999 0.718249075 0.6176284078125 0.70591861875 0.6195307546875 0.6664611593750001 0.6249207359375 0.66707768125 0.6312618890625 0.676942046875 0.6322130625 0.6590628859375001 0.64426125625 0.650431565625 0.6433100828125 0.64611590625 0.6347495249999999 0.6454993828125 0.6379201015625 0.6356350187500001 0.6353836390625001 0.6270036984375 0.6353836390625001 0.60727496875 0.639505390625 0.6140567203125 0.6426759671875 0.6054254 0.654724159375 0.6091245375 0.6582117953125 0.592478421875 0.6537729859375 0.5875462390624999 0.6521876984375 0.5795314421875 0.655992390625 0.5795314421875 0.6591629671875 0.5893958078125 0.66740646875 0.5881627625 0.670894103125 0.58261405625 0.6743817375 0.56350185 0.6883322765625 0.5487053015625001 0.70291693125 0.5474722562500001 0.7263792015625 0.56350185 0.7327203546875001 0.57213316875 0.77647431875 0.5684340328124999 0.7840837031250001 0.5758323062499999 0.7961318953125 0.5733662140625 0.796448953125 0.5505548703125 0.8075459734375 0.5437731203125 0.8278376671875 0.5462392109375 0.839885859375 0.5585696671875 0.8525681671875001 0.5561035765625 0.857641090625 0.5474722562500001 0.8703233984375001 0.5462392109375 0.8906150921875 0.5487053015625001 0.894419784375 0.553637484375 0.9064679765625 0.5524044390625 0.9096385546875 0.5598027125 0.951490171875 0.5499383484375 0.9578313250000001 0.5524044390625 0.969245403125 0.5474722562500001 0.9895370953124999 0.528976571875 1 0.5258939578125 1 0.4580764484375
0 0.765060240625 0.1060419234375 0.75745085625 0.0850801484375 0.7346227015625 0.0850801484375 0.729549778125 0.059186190625 0.6972098921875001 0.061652281249999996 0.6807228921874999 0.051787915625 0.6788205453125 0.045622687499999995 0.6439441984375 0.034525278124999996 0.639505390625 0.020961775 0.6353836390625001 0.022811343749999997 0.6344324671875 0.046855734375 0.66740646875 0.067817509375 0.6718452765625 0.077681875 0.6953075453124999 0.080147965625 0.740329740625 0.11097410625 0.7454026640625 0.12330456249999999 0.7504755859375 0.1220715171875 0.7542802796875 0.12700369843749998 0.758084971875 0.1220715171875 0.7824984140625 0.13501849531250001 0.7916930875 0.1146732421875 0.765060240625 0.1060419234375
0 1 0.2854500609375 0.9996829421875001 0.22688039531249998 0.98763475 0.22688039531249998 0.9850982875 0.2194821203125 0.977488903125 0.2207151671875 0.96987951875 0.2133168921875 0.9533925171875 0.2145499390625 0.9375396328125 0.2046855734375 0.9318325937499999 0.1898890265625 0.9223208625 0.1898890265625 0.9181991125 0.1843403203125 0.9232720359375 0.1781750921875 0.9239061515625 0.15598027187500002 0.921686746875 0.1467324296875 0.9175649968749999 0.1448828609375 0.9201014578125 0.1374845875 0.9153455921875 0.1344019734375 0.9093214968750001 0.1387176328125 0.90741915 0.152281134375 0.9093214968750001 0.1695437734375 0.9064679765625 0.1738594328125 0.8760304375000001 0.1775585703125 0.8614457828125 0.17016029531250002 0.8627140140625 0.1652281140625 0.8703233984375001 0.1639950671875 0.8830057078125 0.13316892656249998 0.89220038125 0.1263871765625 0.8899809765625 0.1060419234375 0.85003170625 0.10727496875 0.83259353125 0.1140567203125 0.838617628125 0.119605425 0.8459099562500001 0.1387176328125 0.8389346859375 0.185573365625 0.840519975 0.20591861875 0.8608116671875001 0.2046855734375 0.8633481296875001 0.1935881625 0.8658845906250001 0.2046855734375 0.8912492078125 0.203452528125 0.9055168046875 0.226263871875 0.9115409 0.24537607968750003 0.9521242859375001 0.24537607968750003 0.9682942296875 0.2706535140625 0.9778059609374999 0.29654747187499997 0.988268865625 0.27990135625 1 0.2854500609375
0 0.06372859843749999 0 0.0672162328125 0.015413070312499999 0.0615091953125 0.0277435265625 0.057704501562499996 0.053637484375 0.066899175 0.054254007812500005 0.0710209265625 0.0610357578125 0.06309448281249999 0.0690505546875 0.040266328125 0.07398273749999999 0.038046924999999995 0.0770653515625 0.0393151546875 0.0918618984375 0.028852251562499997 0.10234278593749999 0.023779328125 0.1146732421875 0.0180722890625 0.1060419234375 0.009511731249999999 0.10789149218750001 0.008877615625 0.1140567203125 0.0161699421875 0.1159062890625 0.0247305015625 0.14241676875 0.0161699421875 0.1639950671875 0 0.1695437734375 0 0.234895190625 0.0044388078125 0.234895190625 0.0079264421875 0.2231812578125 0.037412809375 0.20406905000000003 0.03677869375 0.1584463625 0.0779961953125 0.07583230625000001 0.0798985421875 0.065967940625 0.09638554218749999 0.0388409375 0.094800253125 0 0.06372859843749999 0
0 0.3918833234375 0.1596794078125 0.3925174375 0.1448828609375 0.4137603046875 0.13563501875 0.41534559218749995 0.11898890312499999 0.413443246875 0.11035758281250001 0.408053265625 0.11097410625 0.4042485734375 0.10480887812499999 0.40044388125 0.10727496875 0.3858592265625 0.09124537656250001 0.3817374765625 0.0795314421875 0.380786303125 0.053020962500000005 0.37761572656250003 0.057953143750000005 0.3662016484375 0.053020962500000005 0.35732403281249997 0.0567200984375 0.35161699375 0.0505548703125 0.336398225 0.053020962500000005 0.3338617625 0.046855734375 0.332276475 0.0548705296875 0.3287888390625 0.0567200984375 0.3218135703125 0.046855734375 0.3214965125 0.0622688046875 0.32847178125 0.0745992609375 0.3335447046875 0.102959309375 0.3379835125 0.09556103593750001 0.338617628125 0.12145499374999999 0.3551046296875 0.1633785453125 0.356372859375 0.18310727499999999 0.38934686093750004 0.185573365625 0.3950539 0.18310727499999999 0.3918833234375 0.1596794078125