1 0.1515625 0.78125 0.05625 0.05625
1 0.1453125 0.72578125 0.04765625 0.059375
1 0.109375 0.75625 0.04609375 0.05078125
1 0.23046875 0.6390625 0.0234375 0.0546875
1 0.25859375 0.71875 0.028125 0.06171875
1 0.28828125 0.71875 0.0390625 0.06796875
1 0.2078125 0.94375 0.0625 0.1125
1 0.1 0.86484375 0.0296875 0.06640625
1 0.259375 0.49296875 0.05078125 0.06171875
1 0.4328125 0.2796875 0.02890625 0.03203125
1 0.48828125 0.18359375 0.02734375 0.04140625
1 0.4359375 0.13359375 0.0265625 0.04453125
1 0.2953125 0.53984375 0.02890625 0.04765625
1 0.41640625 0.38984375 0.04375 0.0515625
1 0.203125 0.775 0.040625 0.065625
1 0.35546875 0.4703125 0.025 0.0453125
0 0.13125 0.503174603125 0.1328125 0.49365079375 0.1296875 0.4703703703125 0.1385416671875 0.43862433906250003 0.1481770828125 0.4264550265625 0.15546875 0.4232804234375 0.1604166671875 0.4142857140625 0.15677083281249998 0.4079365078125 0.15677083281249998 0.40052909999999997 0.1630208328125 0.391005290625 0.1546875 0.375132275 0.1546875 0.36666666718749996 0.15963541718750002 0.35026455 0.1705729171875 0.35026455 0.18411458281249998 0.375661375 0.19453125 0.36825396875 0.22369791718749998 0.35873015937499997 0.234375 0.3423280421875 0.23567708281250002 0.2539682546875 0.24609375 0.2486772484375 0.25234375 0.2370370375 0.2643229171875 0.24021164062499997 0.27734375 0.23386243437499998 0.29296875 0.24338624375 0.3059895828125 0.24232804218749998 0.31588541718749996 0.2486772484375 0.32578125 0.2486772484375 0.33359375 0.241269840625 0.3455729171875 0.21904761874999998 0.359375 0.2079365078125 0.359375 0.19206349218750002 0.35703125 0.1830687828125 0.3450520828125 0.175661375 0.34140625 0.16613756562499998 0.33359375 0.15873015937499999 0.31328125 0.15661375625 0.3104166671875 0.141269840625 0.3057291671875 0.13703703750000001 0.30234375 0.1238095234375 0.29739583281250004 0.12010582031249999 0.2981770828125 0.0952380953125 0.303125 0.10211640156249999 0.3026041671875 0.11164021093750001 0.3065104171875 0.11428571406250002 0.309375 0.11164021093750001 0.309375 0.1042328046875 0.3138020828125 0.09312169375 0.3216145828125 0.0952380953125 0.3294270828125 0.0888888890625 0.34140625 0.089947090625 0.3450520828125 0.0825396828125 0.35494791718749996 0.0804232796875 0.3645833328125 0.065079365625 0.3609375 0.053439153125000007 0.3658854171875 0.0507936515625 0.3731770828125 0.0391534390625 0.38203125 0.0423280421875 0.38515625 0.0486772484375 0.39140625 0.040211640625 0.41692708281249996 0.033862434375 0.4213541671875 0.029100529687499998 0.42369791718750005 0.0169312171875 0.43125 0.016402115624999998 0.42421875 0.0148148140625 0.42213541718750003 0.0074074078125 0.41796875 0.0052910046875 0.26889130156249996 0 0.19977567031250001 0.0027912625 0.174769009375 0.0563981515625 0.18866159843750002 0.0627463359375 0.20637465000000002 0.0599249203125 0.2424953828125 0.0761480578125 0.240758809375 0.084612303125 0.24631584375 0.09237119375 0.2355490875 0.10013008593749999 0.21609946249999998 0.10154079375 0.19977567031250001 0.11071039375 0.16643345625 0.10859433125 0.1289234640625 0.0994247328125 0.12543786875000001 0.09028359999999999 0.129952959375 0.0818193546875 0.137593884375 0.0789979390625 0.1612112859375 0.062069448437499994 0.1723253578125 0.057837324999999995 0.1983739625 0.0028197296875 0.074742365625 0.0020859093749999997 0.000057249999999999996 0 0 0.5 0.0205729171875 0.491005290625 0.0783854171875 0.5195767203125 0.11145833281249999 0.5296296296875 0.1216145828125 0.5206349203125 0.13125 0.503174603125
0 1 0.003703703125 0.76484375 0 0.7645833328125 0.028042328124999998 0.7567708328125 0.048148148437499996 0.7567708328125 0.055555556250000006 0.7619791671875 0.065079365625 0.759375 0.072486771875 0.7588541671875 0.0883597890625 0.7526041671875 0.0957671953125 0.753125 0.10952380937499999 0.75703125 0.121693121875 0.7768229171875001 0.1269841265625 0.778125 0.1328042328125 0.7690104171875001 0.152380953125 0.75859375 0.152380953125 0.7526041671875 0.15925925937500002 0.753125 0.16878306875 0.75546875 0.172486771875 0.7658854171875 0.16190476250000002 0.7703125 0.1666666671875 0.7723958328125 0.1761904765625 0.7690104171875001 0.18095238125 0.75390625 0.18095238125 0.7515625 0.1888888890625 0.7515625 0.20370370312500002 0.7536458328125 0.21746031718749997 0.7598958328125 0.22698412656250003 0.7630208328125 0.2396825390625 0.7583333328124999 0.2608465609375 0.7604166671875 0.2767195765625 0.7583333328124999 0.2883597890625 0.7583333328124999 0.328571428125 0.7609375 0.3423280421875 0.7661458328124999 0.352910053125 0.7671875 0.36666666718749996 0.7729166671875001 0.383597884375 0.7765625 0.41005290937499994 0.76875 0.4449735453125 0.7729166671875001 0.465079365625 0.7729166671875001 0.47671957656249997 0.76484375 0.49312169375000003 0.7552083328125 0.5021164015624999 0.7604166671875 0.5793650796875001 0.765625 0.59417989375 0.765625 0.610052909375 0.7572916671875001 0.6396825390624999 0.7557291671875 0.6544973546875 0.7604166671875 0.6777777781250001 0.7661458328124999 0.69365079375 0.77421875 0.7015873015625 0.7807291671875001 0.7148148140624999 0.7838541671875 0.7317460312499999 0.7848958328125 0.7582010578125 0.7934895828124999 0.7671957671875 0.7984375 0.783597884375 0.796875 0.8386243390624999 0.78984375 0.8539682546874999 0.78359375 0.85608465625 0.778125 0.8767195765625001 0.7776041671875 0.8925925921875001 0.7817708328124999 0.9169312171874999 0.7890625 0.9296296296875 0.7932291671875 0.9455026453125001 0.7901041671875 0.9804232796875001 0.7934895828124999 0.9894179890625001 0.8018229171875 0.9947089953124999 1 0.9941798937499999 1 0.003703703125
0 0.5026041671875 0.796296296875 0.49427083281249995 0.783597884375 0.490625 0.7698412703125 0.490625 0.7571428578125 0.4875 0.7486772484374999 0.490625 0.7264550265625 0.48203125 0.7174603171875 0.47473958281249995 0.715343915625 0.459375 0.73068783125 0.45 0.7984126984375 0.44114583281249997 0.8449735453124999 0.4674479171875 0.8571428578125 0.484375 0.8587301593750001 0.4921875 0.8544973546874999 0.5026041671875 0.796296296875
0 0.5611979171875 0.7767195765625 0.62421875 0.78201058125 0.6270833328125 0.775132275 0.6291666671875 0.7518518515625 0.6489583328124999 0.7275132281250001 0.6520833328125 0.7105820109375001 0.6515625 0.6978835984375 0.6471354171875 0.689947090625 0.63828125 0.689947090625 0.6106770828125 0.6730158734375 0.59453125 0.6698412703125001 0.5684895828125 0.6857142859375001 0.55703125 0.7015873015625 0.54296875 0.7068783062499999 0.5096354171875 0.7079365078125 0.5036458328125 0.71798941875 0.5145833328125 0.733862434375 0.52578125 0.78201058125 0.5341145828125 0.7873015875 0.5494791671875 0.7888888890625 0.5544270828125 0.7873015875 0.5611979171875 0.7767195765625