1 0.70703125 0.61015625 0.065625 0.07890625
1 0.68359375 0.675 0.078125 0.05859375
1 0.6671875 0.83984375 0.1375 0.1125
1 0.17890625 0.3125 0.08671875 0.04609375
1 0.72578125 0.52734375 0.08984375 0.06484375
1 0.34453125 0.321875 0.075 0.05078125
1 0.03515625 0.3765625 0.06875 0.07265625
1 0.66953125 0.74296875 0.08984375 0.08203125
1 0.2765625 0.38125 0.09453125 0.05703125
1 0.12265625 0.34375 0.08515625 0.06015625
1 0.01875 0.14453125 0.0375 0.04609375
1 0.64765625 0.94296875 0.19140625 0.1140625
0 0.6862130703125 0.1895223421875 0.675470009375 0.20184899843749998 0.6660698296875001 0.2026194140625 0.6683079671875001 0.211093990625 0.683079678125 0.216486903125 0.6875559531250001 0.21186440625 0.6862130703125 0.1895223421875
0 0.71844225625 0.45762711874999995 0.70859445 0.45762711874999995 0.697403759375 0.4722650234375 0.6987466421875 0.4899845921875 0.7023276640625 0.48536209531249996 0.7224709046875 0.49075500781250003 0.7564906 0.4861325109375 0.71844225625 0.45762711874999995
0 0.7323187109375 0.31510015468749997 0.73142345625 0.27195685625 0.734109221875 0.2627118640625 0.7291853171875 0.25423728749999996 0.7224709046875 0.26425269687499997 0.7148612359375 0.2927580890625 0.7023276640625 0.295839753125 0.700089525 0.3027734984375 0.7139659796875 0.33281972187500003 0.723366159375 0.338212634375 0.7305282 0.32896764218749996 0.7323187109375 0.31510015468749997
0 0.7394807515624999 0.2134052390625 0.7605192484375001 0.187981509375 0.7694718 0.186440678125 0.78155774375 0.2134052390625 0.784243509375 0.2026194140625 0.7717099375 0.1702619421875 0.7752909578125 0.156394453125 0.7703670546875 0.13251155625 0.7636526406249999 0.13482280468750002 0.7555953453125 0.1640986125 0.7452999109375 0.1833590140625 0.7220232765625 0.19260400625000001 0.7144136078125001 0.210323575 0.7336615937500001 0.2141756546875 0.73142345625 0.23343605625000002 0.734109221875 0.24422187968750003 0.7394807515624999 0.23189522343750002 0.7394807515624999 0.2134052390625
0 0.667860340625 0.627889059375 0.666965084375 0.5354391374999999 0.6732318703125 0.5323574734375 0.6803939125 0.506163328125 0.6884512093749999 0.4922958390625 0.6884512093749999 0.4661016953125 0.698299015625 0.45839753437499997 0.698299015625 0.4476117109375 0.6906893468749999 0.4298921421875 0.6777081468749999 0.49075500781250003 0.6589077890625 0.5277349765625 0.6544315125 0.5755007703125 0.6436884515625 0.5955315875 0.6499552375000001 0.60785824375 0.6490599828125 0.64329738125 0.6615935546875 0.6479198765625 0.6732318703125 0.6417565484375001 0.667860340625 0.627889059375
0 0.5416293640625 0.965331278125 0.543419875 0.9406779656250001 0.5496866609375 0.9191063171874999 0.5496866609375 0.8882896765625 0.546105640625 0.8759630203125001 0.5608773499999999 0.8721109406249999 0.5635631156249999 0.8644067796874999 0.58146821875 0.8520801234375 0.588630259375 0.8536209546875 0.5935541625 0.8343605546875 0.606087734375 0.8097072421875 0.611459265625 0.7681047765625 0.6096687562499999 0.721879815625 0.604297225 0.7049306625 0.6101163828125 0.69953775 0.6195165625 0.70338983125 0.6159355421875 0.7187981515625 0.6159355421875 0.7573189515625 0.6208594453125 0.7704160250000001 0.6280214859375 0.7704160250000001 0.6311548796875 0.7573189515625 0.62488809375 0.7449922953125 0.6302596234375 0.723420646875 0.6275738578125 0.7157164875 0.6360787828125 0.69953775 0.6414503140625001 0.704160246875 0.67054610625 0.7018489984375 0.6683079671875001 0.6949152546875 0.649507609375 0.6949152546875 0.639212175 0.6848998453124999 0.6401074312499999 0.6448382125000001 0.6360787828125 0.6178736515625001 0.6007162046875 0.6355932203125 0.5998209484375 0.6448382125000001 0.6069829906249999 0.6556240375 0.6078782453125 0.6664098609375 0.5953446734375001 0.675654853125 0.57385855 0.748073959375 0.5622202328125 0.7511556234375 0.5586392124999999 0.8050847453125 0.5416293640625 0.8590138671875 0.5282005375 0.879044684375 0.50984780625 0.93990755 0.4865711734375 0.9429892140625 0.48254252500000006 0.953004621875 0.48164726875 0.9668721109374999 0.4865711734375 0.9738058546874999 0.5282005375 0.9730354390624999 0.537600715625 0.9722650234374999 0.5416293640625 0.965331278125
0 1 0.0023112484375 0.8536257828125 0.0015408328125 0.8325872875 0.034668721875 0.8334825421875 0.090138675 0.8451208593749999 0.10862865937499999 0.8451208593749999 0.1178736515625 0.8410922109375001 0.1294298921875 0.8307967765625 0.1363636359375 0.829901521875 0.15177195625 0.8312444046874999 0.1587057015625 0.8527305281249999 0.17257318906250002 0.8585496859375 0.18412942968749998 0.8563115484375 0.1972265015625 0.829901521875 0.22110939843750002 0.8478066249999999 0.24422187968750003 0.8513876453125 0.26425269687499997 0.8357206796875 0.2804314328125 0.8160250671875 0.2742681046875 0.8084153984375 0.290446840625 0.8043867499999999 0.3174114015625 0.781110115625 0.31895223437500003 0.7730528203125 0.343605546875 0.758281109375 0.3520801234375 0.7730528203125 0.38674884375 0.812444046875 0.392912171875 0.8146821843750001 0.4013867484375 0.8146821843750001 0.4260400609375 0.8030438671875 0.43528505468749995 0.794091315625 0.4799691828125 0.80752014375 0.5092449921875 0.8119964187500001 0.5400616328125001 0.8079677703125 0.546995378125 0.7990152187499999 0.546995378125 0.7775290953125 0.5392912171875001 0.774395703125 0.54776579375 0.77708146875 0.5878274265625001 0.7739480750000001 0.596302003125 0.764547896875 0.601694915625 0.776633840625 0.6163328203125 0.7833482546874999 0.637134053125 0.7891674125 0.6425269640625 0.8222918531250001 0.6348228046875 0.83034915 0.6394453 0.8325872875 0.6787365171874999 0.8406445843749999 0.721879815625 0.8339301703125 0.7380585515625 0.8160250671875 0.7380585515625 0.796329453125 0.7257318953125 0.7779767234375 0.7388289671875 0.7846911375000001 0.79661016875 0.7878245296874999 0.7758089375 0.7931960609375001 0.77734976875 0.789615040625 0.781972265625 0.79230080625 0.8035439140625 0.788719784375 0.831278890625 0.810205909375 0.8528505390625 0.8119964187500001 0.8852080125 0.8017009843749999 0.896764253125 0.7694718 0.898305084375 0.7551477171875 0.8936825890625 0.74888093125 0.87827426875 0.74664279375 0.8990755 0.74888093125 0.9075500765625 0.7694718 0.9137134046875 0.7779767234375 0.9298921421875 0.7761862125000001 0.9730354390624999 0.77931960625 0.9753466875000001 0.9892569375000001 0.9776579359375001 1 0.9761171031250001 1 0.0023112484375
0 0.4153983890625 0.953004621875 0.41808415468750004 0.9314329734375001 0.44359892500000003 0.850539290625 0.48030438750000004 0.8151001546875 0.5 0.7750385203125 0.5259623999999999 0.7395993843750001 0.5456580125 0.7349768875 0.54879140625 0.7295839749999999 0.55326768125 0.66795069375 0.54252461875 0.637134053125 0.5478961499999999 0.5970724187500001 0.5653536265625 0.5762711859375 0.5935541625 0.5739599390625 0.6025067140625 0.5277349765625 0.6096687562499999 0.51232665625 0.611459265625 0.4922958390625 0.621307071875 0.4799691828125 0.6239928375 0.46147919843749996 0.6360787828125 0.44067796562500006 0.6441360781250001 0.428351309375 0.6526410031250001 0.4260400609375 0.6477171 0.41602465312500003 0.639659803125 0.40677966093749995 0.6262309765625 0.426810478125 0.59668755625 0.42064715 0.588630259375 0.426810478125 0.533124440625 0.428351309375 0.50984780625 0.42218798125 0.472247090625 0.4237288140625 0.4194270359375 0.40677966093749995 0.3666069828125 0.44684129375000003 0.33169203281250004 0.45454545468749996 0.32005371562499996 0.46379044687500004 0.3030438671875 0.48690292812499997 0.2699194265625 0.5146379046875 0.264547896875 0.5346687218749999 0.2475380484375 0.546995378125 0.218889884375 0.5824345140625 0.1893464640625 0.60246533125 0.1499552375 0.6409861328125 0.137421665625 0.6425269640625 0.134288271875 0.6355932203125 0.141897940625 0.6117103234375 0.16965085 0.5901386750000001 0.18576544374999998 0.5639445296875001 0.1978513875 0.56009245 0.12936436875 0.5747303546875 0.124440465625 0.5816640984375 0.1253357203125 0.6171032359375 0.10429722500000001 0.631741140625 0.0953446734375 0.631741140625 0.09221127968750001 0.60785824375 0.0819158453125 0.597842834375 0.0631154875 0.5993836671875 0.0546105640625 0.6140215718750001 0.063563115625 0.6294298921875 0.0644583703125 0.6648690296875001 0.051924798437499996 0.6956856703125001 0.059534467187499995 0.6964560859375 0.060429721874999995 0.6856702625 0.076544315625 0.6748844375 0.083258728125 0.6895223421875001 0.078782453125 0.6956856703125001 0.083258728125 0.7018489984375 0.083258728125 0.711093990625 0.07564905937500001 0.72265023125 0.0550581921875 0.7365177203125 0.043419875000000004 0.7642526968750001 0 0.8050847453125 0.00044762812500000003 0.9753466875000001 0.393912265625 0.9761171031250001 0.401521934375 0.9738058546874999 0.4153983890625 0.953004621875
0 0.6504028640625 0.1848998453125 0.6280214859375 0.19106317343749998 0.616830796875 0.2026194140625 0.6199641890625001 0.20955315937500002 0.6499552375000001 0.21186440625 0.657117278125 0.2087827421875 0.6504028640625 0.1848998453125
0 0.517905103125 0.36209553125 0.5290957921875 0.3397534671875 0.5290957921875 0.33050847499999997 0.50984780625 0.320493065625 0.49820948906250007 0.3281972265625 0.4870188 0.3443759625 0.4870188 0.361325115625 0.49686660624999995 0.3644067796875 0.508057296875 0.35285053906249997 0.517905103125 0.36209553125