1 0.6859375 0.2734375 0.103125 0.1234375
1 0.28984375 0.1875 0.0765625 0.10078125
1 0.8140625 0.115625 0.04921875 0.09375
1 0.47890625 0.075 0.1453125 0.15
1 0.2671875 0.49453125 0.1359375 0.1125
1 0.41875 0.5328125 0.06640625 0.1828125
1 0.4828125 0.53671875 0.0875 0.175
1 0.53515625 0.4171875 0.184375 0.115625
1 0.7703125 0.2859375 0.04453125 0.10546875
1 0.84765625 0.27421875 0.06484375 0.10546875
1 0.91328125 0.26171875 0.065625 0.10078125
1 0.7875 0.18515625 0.08984375 0.08515625
1 0.46875 0.2671875 0.065625 0.0921875
1 0.16484375 0.515625 0.06640625 0.08984375
1 0.12890625 0.47265625 0.03984375 0.0796875
1 0.1765625 0.2359375 0.084375 0.0921875
1 0.0625 0.22578125 0.09765625 0.115625
1 0.6890625 0.10546875 0.10078125 0.09921875
1 0.3671875 0.0796875 0.065625 0.15859375
1 0.309375 0.2671875 0.028125 0.04765625
1 0.39140625 0.2640625 0.02734375 0.04765625
1 0.15078125 0.409375 0.03359375 0.05703125
1 0.25625 0.38203125 0.06796875 0.0625
0 1 0.392808684375 0.9974402734375 0.4063772046875 0.99104095625 0.40976933437499996 0.98890785 0.3683853453125 0.9816552906249999 0.352781546875 0.9718430031249999 0.3561736765625 0.9611774750000001 0.41519674375 0.9513651875000001 0.4118046140625 0.9539249140624999 0.40773405625 0.9539249140624999 0.376526459375 0.9470989765625 0.380597015625 0.9488054609375001 0.38738127499999997 0.938566553125 0.4308005421875 0.9492320812499999 0.44911804687499995 0.9577645046875001 0.4450474890625 0.977389078125 0.44911804687499995 0.9914675765625001 0.47421980937499997 0.9991467578125001 0.5054274078125001 0.9991467578125001 0.5244233375 0.9901877140625001 0.5630936234374999 0.9808020484375 0.56852103125 0.9244880546875001 0.5739484390625 0.9005972703125 0.5698778828125 0.8865187718750001 0.55291723125 0.8848122859374999 0.529850746875 0.8907849828125001 0.48778833125 0.9078498296875 0.45658073281249995 0.908703071875 0.445725915625 0.9069965874999999 0.43622795156249994 0.8950511953125 0.42401628281250003 0.897610921875 0.400949796875 0.8954778156250001 0.3921302578125 0.8792662109375 0.389416553125 0.875 0.4002713703125 0.8711604093749999 0.39959294375 0.86732081875 0.41519674375 0.8630546078125001 0.4138398921875 0.8596416375 0.40298507499999997 0.843430034375 0.40705563125 0.8314846421875 0.3962008140625 0.8255119453124999 0.40162822187499997 0.805887371875 0.4043419265625 0.7883959046875 0.4226594296875 0.7883959046875 0.441655359375 0.7845563140625 0.44911804687499995 0.7798634812499999 0.4430122109375 0.7790102390625 0.425373134375 0.7691979515625 0.40976933437499996 0.764931740625 0.4192673 0.753839590625 0.4206241515625 0.751706484375 0.4308005421875 0.7662116046875 0.4592944375 0.7747440265625001 0.5054274078125001 0.7807167234375 0.516282225 0.7798634812499999 0.5407055625 0.7700511953125 0.5563093625 0.7606655296875 0.5576662140625 0.75213310625 0.54816825 0.7376279859375 0.5454545453125 0.733361775 0.5400271375 0.7252559734374999 0.5474898234375 0.722269625 0.56037991875 0.7171501703125001 0.56037991875 0.7103242328125 0.5454545453125 0.701791809375 0.550881953125 0.68131399375 0.54409769375 0.6723549484375 0.4864314796875 0.67576791875 0.44436906406250004 0.6591296921875001 0.44911804687499995 0.6514505125000001 0.47489823593749997 0.6467576796875 0.4728629578125 0.6441979515625 0.453867028125 0.6386518765625 0.45454545468749996 0.6313993171875001 0.46065128906249997 0.6348122859374999 0.46879240156249996 0.62841296875 0.481682496875 0.612201365625 0.4843962015625 0.604522184375 0.493894165625 0.5644197953125001 0.497964721875 0.5533276453125 0.5033921296874999 0.55076791875 0.5128900953125 0.5247440265625001 0.5108548171875 0.520477815625 0.52035278125 0.5230375421875 0.5569877890625 0.5324232078125 0.5678426046875 0.533703071875 0.5753052921874999 0.5418088734375 0.5800542734375 0.534982934375 0.6180461328125 0.529436859375 0.6119402984375 0.526023890625 0.6214382625 0.518344709375 0.6200814109375 0.5153583625 0.6316146546875 0.5217576796875 0.6445047484375 0.537116040625 0.6417910453125 0.5375426625 0.64925373125 0.533703071875 0.6540027140625 0.5174914671875 0.6607869749999999 0.5140784984375 0.667571234375 0.46885665468750004 0.6716417906250001 0.4637372015625 0.68113975625 0.4483788390625 0.691994571875 0.427474403125 0.699457259375 0.43174061406249997 0.7238805968750001 0.438566553125 0.732021709375 0.4458191125 0.7706919953125 0.5217576796875 0.7489823609374999 0.5644197953125001 0.7435549531250001 0.5806314 0.7449118046875001 0.5942832765625 0.7734056984375 0.6224402734375001 0.772048846875 0.6463310578125 0.7611940296874999 0.7214163828125 0.7435549531250001 0.7252559734374999 0.748303934375 0.726109215625 0.7550881953124999 0.7145904437499999 0.767978290625 0.6685153578125 0.7815468109375 0.6591296921875001 0.7788331078125 0.62841296875 0.7937584796875 0.57295221875 0.7937584796875 0.5708191125 0.7876526453125 0.5776450515625 0.7822252375 0.5763651875 0.772048846875 0.5098122859374999 0.7734056984375 0.48677474375 0.7829036640625 0.48080204843749996 0.7910447765625 0.43984641562500004 0.796472184375 0.42022184375 0.808683853125 0.40315699687500006 0.8073270015625 0.39931740625 0.81071913125 0.40187713281250004 0.8175033921875 0.3971843 0.820895521875 0.39377133125 0.8073270015625 0.3886518765625 0.81818181875 0.3613481234375 0.8195386703124999 0.3558020484375 0.824287653125 0.3553754265625 0.84260515625 0.3515358359375 0.8419267296875 0.348976109375 0.8310719125 0.34726962499999997 0.856852103125 0.3425767921875 0.8575305296875 0.3353242328125 0.8175033921875 0.3383105796875 0.8018995921875 0.40827644999999996 0.7815468109375 0.4146757671875 0.774084125 0.40614334531249996 0.76187245625 0.41382252499999994 0.748303934375 0.39931740625 0.744233378125 0.40870307187500005 0.7238805968750001 0.405290103125 0.699457259375 0.376706484375 0.693351425 0.3703071671875 0.6804613296875 0.37372013593750003 0.662822253125 0.38993174062499997 0.6424694703125 0.38907849843750003 0.6302578015625 0.37457337812499997 0.6180461328125 0.3758532421875 0.61329715 0.38907849843750003 0.611261871875 0.3813993171875 0.6058344640625 0.382252559375 0.5976933515625 0.3779863484375 0.59226594375 0.3698805453125 0.5210312078125 0.3459897609375 0.54409769375 0.2734641640625 0.56037991875 0.276023890625 0.56852103125 0.28327645 0.5719131609375 0.2841296921875 0.5936227953125 0.2943686 0.6044776125 0.291382253125 0.618724559375 0.2691979515625 0.6282225234375 0.26407849843750003 0.643147896875 0.2436006828125 0.651289009375 0.2325085328125 0.6689280875 0.2171501703125 0.6716417906250001 0.212883959375 0.68113975625 0.20435153593750002 0.6824966078125 0.2009385671875 0.693351425 0.18813993125 0.696065128125 0.1838737203125 0.7082767984375 0.17022184375 0.7191316140625 0.15742320781250002 0.7204884671875 0.153156996875 0.7327001359375 0.1403583625 0.7435549531250001 0.1258532421875 0.7449118046875001 0.1198805453125 0.767978290625 0.09684300312500001 0.772048846875 0.0938566546875 0.76187245625 0.10622866875 0.7530529171875 0.1147610921875 0.739484396875 0.1335324234375 0.7245590234375 0.1403583625 0.725915875 0.14974402656250002 0.7109905015625 0.153156996875 0.7123473546875 0.16510238906250002 0.69742198125 0.1710750859375 0.69742198125 0.21544368593750002 0.6540027140625 0.22056314062500001 0.6540027140625 0.2623720140625 0.61736770625 0.2721843 0.599050203125 0.25127986406249997 0.594301221875 0.25042662187500003 0.5712347359375001 0.23336177500000002 0.5698778828125 0.22610921562500003 0.574626865625 0.231655290625 0.5780189953125 0.2346416375 0.5881953859375 0.2282423203125 0.6037991859375 0.1744880546875 0.610583446875 0.1689419796875 0.5936227953125 0.1791808875 0.5786974218750001 0.159982934375 0.5766621437499999 0.154436859375 0.5814111265624999 0.1612627984375 0.6058344640625 0.153156996875 0.6200814109375 0.11049488125 0.6200814109375 0.10750853281249999 0.5963364999999999 0.09684300312500001 0.594301221875 0.09684300312500001 0.5861601078125 0.09300341250000001 0.586838534375 0.09172355 0.5956580734375 0.066979521875 0.594301221875 0.0639931734375 0.599050203125 0.0665529015625 0.607191315625 0.06356655312500001 0.618724559375 0.057167235937500005 0.5963364999999999 0.0516211609375 0.59294436875 0.049914675 0.5848032562500001 0.0439419796875 0.5956580734375 0.02986348125 0.5963364999999999 0.0324232078125 0.61668928125 0.027730375 0.6214382625 0 0.6221166890625 0 0.760515603125 0.008105801562499999 0.767978290625 0.046501706250000004 0.7706919953125 0.0550341296875 0.788331071875 0.06186006875 0.7937584796875 0.074658703125 0.792401628125 0.07892491406249999 0.7829036640625 0.0908703078125 0.7734056984375 0.09044368593749999 0.81071913125 0.09300341250000001 0.8175033921875 0.08916382187500001 0.8195386703124999 0.08660409531249999 0.8141112625 0.0831911265625 0.820895521875 0.0678327640625 0.8236092265625 0.044795221875 0.8439620078125 0.0319965875 0.8466757125000001 0.0268771328125 0.8561736765625 0 0.8595658078125 0 0.9925373140625 0.003839590625 0.9945725921875 1 0.993894165625 1 0.392808684375