1 0.42421875 0.41796875 0.15 0.1046875
1 0.37578125 0.559375 0.1046875 0.11015625
1 0.053125 0.16015625 0.09453125 0.07421875
1 0.6109375 0.196875 0.06640625 0.05703125
1 0.16953125 0.01953125 0.04609375 0.0390625
1 0.53515625 0.203125 0.04375 0.040625
0 0 0.3091647328125 0.031292059375 0.33758700625000004 0.0400403765625 0.3410672859375 0.055518170312500004 0.33062645 0.06493943437500001 0.33062645 0.066621803125 0.3451276109375 0.07267833124999999 0.3451276109375 0.0864737546875 0.3387471 0.0999327046875 0.3178654296875 0.110699865625 0.31206496562499997 0.12281292031249999 0.3143851515625 0.1295423953125 0.32366589375 0.16049798125 0.31554524375000004 0.16218035 0.3045243625 0.18741588125 0.264501159375 0.1995289375 0.2668213453125 0.2072678328125 0.284802784375 0.20794078124999998 0.29408352656250003 0.213660834375 0.296983759375 0.30921938125000004 0.2587006953125 0.3341184390625 0.2587006953125 0.3448855984375 0.250580046875 0.3536339171875 0.25290023125 0.3913189765625 0.242459396875 0.4202557203125 0.2215777265625 0.445827725 0.219257540625 0.4478465671875 0.22389791250000002 0.4707267828125 0.2064965203125 0.5063930015625 0.1995359625 0.51514131875 0.1856148484375 0.52860026875 0.1786542921875 0.5363391656250001 0.16879350312500002 0.5383580078125 0.1212296984375 0.5373485875 0.1171693734375 0.5336473749999999 0.1212296984375 0.5299461640625001 0.10556844531250001 0.5171601609375001 0.100928075 0.5121130546875 0.115429234375 0.5141318984375001 0.1258700703125 0.5104306859375 0.126450115625 0.507402421875 0.0980278421875 0.4936069984375 0.0870069609375 0.45188425312499997 0.0742459390625 0.42496635312500003 0.056844546875 0.36978465625 0.034802784375 0.3516150734375 0.034802784375 0.348923284375 0.0406032484375 0.3341184390625 0.0487238984375 0.3179676984375 0.042923434375 0.29508748281249997 0.055684454687499996 0.282974428125 0.0545243625 0.259421265625 0.0672853828125 0.2563930015625 0.07482598593749999 0.2631224765625 0.0864269140625 0.264468371875 0.1049883984375 0.256056528125 0.11136890937499999 0.23654104999999997 0.10904872343750001 0.2123149390625 0.11600928125000001 0.20020188437500003 0.11252900156250001 0.1927994609375 0.11948955937500001 0.1853970390625 0.1136890953125 0.17193808906250002 0.1136890953125 0.1584791390625 0.1241299296875 0.14905787343750002 0.1218097453125 0.10397039062499999 0.0904872390625 0.0730148046875 0.100928075 0.0003364734375 0.11252900156250001 0.0003364734375 0.16241299375 0.0043741593750000005 0.1635730859375 0.0087483171875 0.149071925 0.0164872140625 0.1403712296875 0.0864737546875 0.127610209375 0.094549125 0.1392111375 0.11473755000000001 0.14501160156249998 0.12348586875 0.1554524359375 0.14165545156249998 0.16241299375 0.1456931359375 0.16937355 0.15814266562499998 0.176914153125 0.1584791390625 0.1832946640625 0.0985868109375 0.20069605625000003 0.0824360703125 0.2099767984375 0.01850605625 0.2215777265625 0 0.2093967515625 0 0.3091647328125
0 0.058882907812499996 0.7563805109375 0.07839838437499999 0.7378190250000001 0.0985868109375 0.7285382828125 0.1281965 0.6914153125 0.12987886875000001 0.6827146171875 0.1184387625 0.649071925 0.11440107656250001 0.6165893265625 0.11002691718749999 0.619489559375 0.109017496875 0.615429234375 0.11675639374999999 0.5939675171875 0.1382907140625 0.584686775 0.15275908437500002 0.5678654296875 0.147711978125 0.5603248265625 0.1345895015625 0.5597447796874999 0.135935396875 0.5516241296875 0.1473755046875 0.53538283125 0.14367429375000002 0.526682134375 0.1181022875 0.5 0.0824360703125 0.4477958234375 0.041386271875000005 0.399071925 0.014468371875 0.358468678125 0.0003364734375 0.34570765625 0.0013458953125 0.791763340625 0.027927321875 0.7714617171875 0.058882907812499996 0.7563805109375
0 0.7473082093750001 0.9756380515625 0.823687753125 0.86600928125 0.8206594890625001 0.86194895625 0.8004710625 0.8596287703125001 0.7967698515625 0.846287703125 0.7866756390625 0.830046403125 0.784656796875 0.808004640625 0.7960969046875 0.7801624125 0.7994616421875 0.7430394437500001 0.79878869375 0.7175174015625 0.79542395625 0.7035962875 0.7849932703125 0.6937354984375 0.777927321875 0.676914153125 0.781292059375 0.6711136890625 0.7802826375 0.6670533640625 0.7755720046875 0.6740139218750001 0.771197846875 0.6711136890625 0.7728802156250001 0.6635730859375 0.7806191109375 0.65835266875 0.7759084796875 0.6525522046875001 0.7769179 0.6473317859375001 0.7843203234375 0.6450116015625 0.8028263796875 0.6189095124999999 0.8135935390625001 0.5620649656250001 0.8156123828125 0.5330626453125 0.8257065953125 0.5017401390625 0.8304172281250001 0.45533642656250006 0.8297442796875 0.4332946640625 0.8280619109374999 0.43039443125 0.8233512781250001 0.4408352671875 0.8179676984375 0.44431554531249995 0.8085464328124999 0.4408352671875 0.801480484375 0.42633410625 0.8028263796875 0.40777262187499996 0.8233512781250001 0.3770301625 0.8462314937500001 0.3677494203125 0.8583445484375 0.35266821406250004 0.8620457609375001 0.3323665890625 0.8707940781250001 0.3172853828125 0.8707940781250001 0.3056844546875 0.8795423953125001 0.26508120625 0.8913189765625 0.2517401390625 0.8973755046875 0.23897911875000002 0.9141991921875 0.2320185609375 0.9219380890625001 0.21403712343749998 0.9226110359374999 0.18851508125 0.9138627187499999 0.157192575 0.9185733515625 0.1351508125 0.91049798125 0.10730858437499999 0.8950201890624999 0.0713457078125 0.8903095562500001 0.03538283125 0.8815612375 0.022621809375 0.8744952890625 0.0034802781249999998 0.87012113125 0.0098607890625 0.8687752359375001 0.0342227375 0.8751682375 0.0406032484375 0.8781964999999999 0.0504640375 0.87685060625 0.07830626406249999 0.8862718703124999 0.09222737812500001 0.89367429375 0.130510440625 0.9051144015625001 0.15603248281249998 0.9051144015625001 0.18271461718749998 0.8983849265625 0.2035962875 0.8889636609375 0.21751740156250002 0.875841184375 0.24825986093750002 0.8677658140625001 0.25638051093750003 0.8462314937500001 0.264501159375 0.81090175 0.323085846875 0.79205921875 0.3671693734375 0.7742261109374999 0.399071925 0.7449528937500001 0.43445475624999996 0.7449528937500001 0.44373549843750004 0.749327053125 0.44663573124999995 0.7526917906249999 0.45591647343749997 0.7607671609375 0.45591647343749997 0.7631224765625 0.4599767984375 0.7637954234375 0.47505800468750004 0.7550471062499999 0.507540603125 0.7537012109375001 0.538863109375 0.7469717359375 0.5725058 0.745625840625 0.59686775 0.7362045765625 0.630510440625 0.7341857328125 0.6780742453124999 0.73149394375 0.6908352671875 0.7193808890625 0.708236659375 0.71769851875 0.7180974484375 0.710296096875 0.7192575406249999 0.7062584125 0.71461716875 0.70121130625 0.73491879375 0.68909825 0.7511600921875 0.6907806187500001 0.76102088125 0.7129878875 0.750580046875 0.72139973125 0.754640371875 0.7261103640625 0.78132250625 0.7234185734375 0.8022041765625 0.725437415625 0.826566125 0.7113055187499999 0.8567285390625001 0.7015477796875 0.89211136875 0.6887617765625 0.89211136875 0.676648721875 0.8805104406250001 0.669582771875 0.8903712296874999 0.6668909828125 0.90313225 0.669582771875 0.9936194890625 0.683378196875 0.9976798140625001 0.7261103640625 0.9970997687500001 0.733849259375 0.9930394437500001 0.7473082093750001 0.9756380515625
0 0.4041049796875 0.6171693734375 0.396029609375 0.618329465625 0.3889636609375 0.6270301625 0.39367429375 0.676914153125 0.401076715625 0.6676334109375001 0.4041049796875 0.6171693734375
0 0.4744279953125 0.6560324828125 0.5020188421875 0.58062645 0.5292732171875 0.5487238984375 0.5269179 0.5411832953125 0.53532974375 0.5359628765625 0.5504710625 0.5063805109375 0.55248990625 0.4576566125 0.5538358015625 0.48201856093749995 0.5575370125 0.4895591640625 0.5740242265625 0.4599767984375 0.6187752359375 0.3515081203125 0.6416554515625 0.3225058 0.651076715625 0.3178654296875 0.658142665625 0.3056844546875 0.6591520859375 0.296983759375 0.66722745625 0.296983759375 0.6827052484375 0.287703015625 0.6877523546875 0.2790023203125 0.6864064609375 0.2708816703125 0.69414535625 0.26102088125 0.7022207265625 0.265661253125 0.7183714671875 0.250580046875 0.71769851875 0.21693735468750003 0.7062584125 0.2157772625 0.7022207265625 0.22273781874999998 0.6981830421875 0.21693735468750003 0.6786675640625 0.2099767984375 0.6430013453125001 0.21693735468750003 0.6396366078125 0.242459396875 0.627523553125 0.2412993046875 0.608008075 0.2587006953125 0.5635935390625 0.2703016234375 0.5575370125 0.2819025515625 0.5494616421875 0.2795823671875 0.54542395625 0.2935034796875 0.502355315625 0.2981438515625 0.49899057812500003 0.2900232015625 0.495625840625 0.2900232015625 0.48485868125 0.295823665625 0.482166890625 0.310904871875 0.47476446875 0.303944315625 0.47173620468750005 0.31148491875 0.47812920625000005 0.3132250578125 0.478802153125 0.319025521875 0.45188425312499997 0.320185615625 0.4364064609375 0.31554524375000004 0.42160161562500004 0.320185615625 0.3812247640625 0.295823665625 0.35969044375000003 0.2946635734375 0.3569986546875 0.2761020875 0.33008075312499996 0.2819025515625 0.326716015625 0.2935034796875 0.299798115625 0.296983759375 0.2944145359375 0.3085846875 0.26682368749999996 0.31206496562499997 0.262786003125 0.320185615625 0.2197173625 0.3248259859375 0.217025571875 0.33062645 0.210296096875 0.3329466359375 0.20659488593750003 0.34396751718749996 0.2123149390625 0.358468678125 0.2166890984375 0.3590487234375 0.21567967656249998 0.36542923437499997 0.18876177656249998 0.3747099765625 0.18068640625000001 0.373549884375 0.1779946171875 0.3793503484375 0.15713324374999998 0.3874709984375 0.1305518171875 0.40545243593749997 0.1483849265625 0.42923433906249997 0.17059219375 0.431554525 0.1702557203125 0.45069605625 0.18808882968750001 0.46867749375 0.196837146875 0.4709976796875 0.20423956875 0.4675174015625 0.20827725468749997 0.4709976796875 0.21567967656249998 0.43039443125 0.22375504687499997 0.44895591718750005 0.227119784375 0.44895591718750005 0.23586810156250002 0.4361948953125 0.23923283906249998 0.44895591718750005 0.24764468437499998 0.44141531250000005 0.24831763125 0.4332946640625 0.2419246296875 0.42923433906249997 0.23687752343750001 0.41937355 0.23654104999999997 0.3781902546875 0.25538357968750003 0.3758700703125 0.2621130546875 0.3851508125 0.27960969062499996 0.3793503484375 0.28600269218749996 0.40313224999999997 0.284656796875 0.4216937359375 0.2866756390625 0.4332946640625 0.2833109015625 0.43909512812499996 0.28398385 0.462296984375 0.28701211249999997 0.4709976796875 0.29912516875 0.47679814374999996 0.31594885625 0.4593967515625 0.338829071875 0.45823665937499997 0.3499327046875 0.44373549843750004 0.3509421265625 0.43271461718750004 0.39333782031250003 0.407192575 0.46265141249999997 0.372389790625 0.48755047031250004 0.3677494203125 0.49596231562500004 0.37993039375 0.500672946875 0.399651971875 0.48956931406250004 0.426914153125 0.47812920625000005 0.426914153125 0.45255720000000005 0.44431554531249995 0.435060565625 0.44547563749999997 0.40881561250000004 0.457076565625 0.4051144015625 0.4669373546875 0.40679677031250006 0.48027842187500003 0.41958277187500004 0.48723897968749996 0.423283984375 0.4947795828125 0.42193808906249997 0.507540603125 0.4330417234375 0.5290023203125 0.4364064609375 0.5290023203125 0.4444818296875 0.5127610203125 0.45121130625 0.5127610203125 0.455248990625 0.5220417640624999 0.4764468375 0.5214617171875 0.47711978437499997 0.5365429234375 0.4707267828125 0.5371229703125 0.467025571875 0.5481438515625 0.48317631250000004 0.5678654296875 0.4841857328125 0.5835266828125001 0.4707267828125 0.584686775 0.45659488593750003 0.6020881671875 0.44313593593749995 0.6090487234374999 0.4397711984375 0.6241299296875 0.4394347234375 0.615429234375 0.435060565625 0.6055684453125 0.4222745625 0.604408353125 0.4141991921875 0.6090487234374999 0.41251682343749996 0.6142691421875 0.4118438765625 0.631670534375 0.41621803437500005 0.6334106734375 0.41958277187500004 0.6287703015624999 0.4236204578125 0.642691415625 0.4357335125 0.6392111375 0.4404441453125 0.6310904875000001 0.4448183046875 0.6328306265625 0.44616419843750005 0.6908352671875 0.4478465671875 0.696055684375 0.4555854640625 0.6954756375 0.4650067296875 0.6896751734375 0.4744279953125 0.6560324828125
0 0.2940780625 0.9936194890625 0.29071332499999997 0.9147331781249999 0.2927321671875 0.8822505796875 0.29811574687500003 0.8648491875 0.2994616421875 0.8451276109375 0.2960969046875 0.8184454750000001 0.282974428125 0.8074245937500001 0.27860026875 0.791763340625 0.2671601609375 0.7743619484375001 0.2705248984375 0.7558004640625 0.2691790046875 0.6780742453124999 0.247308209375 0.65429234375 0.2318304171875 0.649651971875 0.22375504687499997 0.65429234375 0.2227456265625 0.6641531328125 0.2150067296875 0.66937355 0.2133243609375 0.6780742453124999 0.20457604375 0.6873549890625 0.20121130625 0.7012761015625 0.2025572 0.7337587 0.19986541093750002 0.7523201859374999 0.206931359375 0.7668213453125 0.2123149390625 0.765661253125 0.215343203125 0.769721578125 0.2139973078125 0.784802784375 0.21803499375 0.8207656609375 0.21467025624999997 0.8393271468749999 0.2139973078125 0.8671693734374999 0.21803499375 0.8868909515625001 0.21803499375 0.9019721578125001 0.2133243609375 0.953016240625 0.2207267828125 0.9657772625 0.2207267828125 0.995939675 0.232166890625 0.9994199531250001 0.28701211249999997 0.9976798140625001 0.2940780625 0.9936194890625
0 0.6749663531250001 0.48897911875 0.688425303125 0.461136890625 0.7059219375 0.40545243593749997 0.72139973125 0.3822505796875 0.749327053125 0.32366589375 0.7886944812500001 0.269721578125 0.7900403765624999 0.2639211140625 0.7866756390625 0.2511600921875 0.7748990578125 0.24477958281249998 0.769515478125 0.2285382828125 0.7637954234375 0.23607888593749998 0.76514131875 0.25348027812499996 0.7614401078124999 0.265661253125 0.7210632578125 0.30626450156249996 0.6860699859375 0.3480278421875 0.666218034375 0.3822505796875 0.658142665625 0.40777262187499996 0.6567967703125001 0.4216937359375 0.6514131890625 0.430974478125 0.641991925 0.46577726249999996 0.6507402421874999 0.47273781875000004 0.651076715625 0.48491879375 0.6514131890625 0.47273781875000004 0.655450875 0.4599767984375 0.6567967703125001 0.4947795828125 0.6608344546875 0.500580046875 0.659488559375 0.507540603125 0.6635262453124999 0.5121809749999999 0.6729475093749999 0.499419953125 0.6749663531250001 0.48897911875