1 0.46875 0.62890625 0.0984375 0.1625
1 0.765625 0.525 0.0921875 0.16875
1 0.16953125 0.47265625 0.08984375 0.134375
1 0.2609375 0.609375 0.07421875 0.134375
1 0.9546875 0.3890625 0.084375 0.17265625
1 0.36328125 0.6890625 0.11640625 0.23125
1 0.9484375 0.82421875 0.1 0.2765625
1 0.1484375 0.1890625 0.053125 0.0453125
1 0.29296875 0.446875 0.13125 0.15859375
1 0.30859375 0.18203125 0.11015625 0.1265625
1 0.0421875 0.746875 0.084375 0.259375
1 0.0171875 0.10546875 0.028125 0.05390625
1 0.68203125 0.459375 0.09140625 0.11484375
1 0.05 0.49921875 0.08203125 0.12421875
1 0.23671875 0.28828125 0.09140625 0.07421875
1 0.87578125 0.35546875 0.08046875 0.06875
1 0.8921875 0.3921875 0.0453125 0.0578125
1 0.7828125 0.3484375 0.0671875 0.07109375
1 0.8234375 0.4640625 0.1375 0.2140625
1 0.42578125 0.52421875 0.05625 0.0734375
1 0.1390625 0.0796875 0.0390625 0.04375
1 0.6578125 0.57421875 0.06015625 0.11640625
1 0.621875 0.3796875 0.07421875 0.06328125
1 0.17109375 0.14921875 0.0296875 0.03984375
1 0.1125 0.1171875 0.0390625 0.03359375
1 0.13203125 0.1578125 0.05390625 0.03984375
1 0.884375 0.30859375 0.0515625 0.0453125
0 0.24746873125 0.37993235625 0.2453841578125 0.35682074375 0.2498511015625 0.3506200671875 0.256104825 0.35682074375 0.2564026203125 0.3754227734375 0.2861822515625 0.36640360781250003 0.28886241875 0.3523111609375 0.29452054843750003 0.349492671875 0.298689696875 0.3596392328125 0.32608695625 0.3607666296875 0.34574151249999996 0.3821871484375 0.3478260875 0.36020293125 0.3448481234375 0.3410372046875 0.34425253125 0.2948139796875 0.340976771875 0.2897406984375 0.3064324 0.2965050734375 0.3022632515625 0.3021420515625 0.29511614062499997 0.3021420515625 0.2903514 0.3201803828125 0.2861822515625 0.31567080000000003 0.271888028125 0.324689965625 0.2510422875 0.3258173625 0.227814175 0.3359639234375 0.2039904703125 0.3393461109375 0.2025014890625 0.34892897343749996 0.208457415625 0.40078917656249996 0.211733175 0.392333709375 0.24746873125 0.37993235625
0 0.07891602187499999 0.059751973437499994 0.09440142968750001 0.0507328078125 0.114651578125 0.0496054109375 0.1191185234375 0.0310033828125 0.1253722453125 0.02480270625 0.13073257968750002 0.025930101562500002 0.1384752828125 0.0428410375 0.1450268015625 0.0428410375 0.252233471875 0.0191657265625 0.2567004171875 0.0005636984375 0.000297796875 0 0 0.0727170234375 0.0017867781249999999 0.0727170234375 0.0473496125 0.058624576562499996 0.07891602187499999 0.059751973437499994
0 0.10631328124999999 0.45885005625 0.093508040625 0.4526493796875 0.0917212625 0.43235625781250003 0.09440142968750001 0.413754228125 0.1075044671875 0.4024802703125 0.1223942828125 0.4024802703125 0.1372840984375 0.413754228125 0.1432400234375 0.392333709375 0.14919595000000002 0.3878241265625 0.16110780156249999 0.3878241265625 0.1730196546875 0.3945885 0.1762954140625 0.408680946875 0.1873138765625 0.42051860156250004 0.196843359375 0.443066515625 0.20220369218749998 0.44193912031249993 0.20488385937500003 0.4346110484375 0.198332340625 0.3466741828125 0.1962477671875 0.3416009015625 0.18493150625000002 0.34723788125 0.16825491406249998 0.34385569375 0.1483025609375 0.32074408125 0.14889815312500002 0.30270575 0.1548540796875 0.29706877187499997 0.1486003578125 0.291995490625 0.1399642640625 0.275648253125 0.13222156093749998 0.2531003375 0.1369863015625 0.23844419375 0.1372840984375 0.2288613296875 0.122989875 0.234498309375 0.117629540625 0.2322435171875 0.1155449671875 0.23618940312499997 0.116736153125 0.2677564828125 0.114651578125 0.2728297625 0.11018463437499999 0.2598647125 0.11018463437499999 0.24520856875 0.10631328124999999 0.2333709125 0.1027397265625 0.2468996625 0.098570578125 0.2288613296875 0.09440142968750001 0.2390078921875 0.089934484375 0.2305524234375 0.0887433 0.222660653125 0.09291244843749999 0.21927846718750002 0.093508040625 0.20800450937499998 0.10482430000000001 0.2012401359375 0.10482430000000001 0.1877113859375 0.101548540625 0.177001128125 0.0860631328125 0.177001128125 0.0827873734375 0.171927846875 0.08725431875 0.15670800468749999 0.0958904109375 0.1493799328125 0.09440142968750001 0.14656144375 0.08725431875 0.1409244640625 0.0812983921875 0.1420518609375 0.0711733171875 0.1262683203125 0.06700416875000001 0.1319052984375 0.0634306140625 0.124013528125 0.059261465624999995 0.1375422765625 0.055092317187499996 0.1138669671875 0.049136390625 0.1206313421875 0.0312686125 0.1172491546875 0.0285884453125 0.1245772265625 0.0288862421875 0.1420518609375 0 0.1550169109375 0.008338296875 0.1708004515625 0.006551518750000001 0.196730553125 0.008338296875 0.2282976328125 0.0035735562499999997 0.22378805000000002 0.0029779625 0.24520856875 0.017867778125 0.2767756484375 0.02769505625 0.316798196875 0.031864204687499995 0.31228861406249997 0.055092317187499996 0.31228861406249997 0.067301965625 0.3410372046875 0.070279928125 0.3590755359375 0.0664085765625 0.370913190625 0.057474687499999996 0.37993235625 0.017569982812500003 0.39797068750000003 0.000297796875 0.401352875 0 0.48083427343749996 0.0050625375 0.45772266093749997 0.02769505625 0.435174746875 0.071768909375 0.4396843296875 0.0777248359375 0.45434047343749995 0.0845741515625 0.46054114999999995 0.093508040625 0.5078917703125 0.1072066703125 0.512401353125 0.1089934484375 0.46843292031250006 0.10631328124999999 0.45885005625
0 1 0.6679819609375001 0.995235259375 0.6555806093750001 0.9970220375000001 0.63979706875 1 0.634160090625 0.9997022031249999 0.5186020296875 0.9860035734375 0.528748590625 0.9562239421875001 0.535512965625 0.9532459796874999 0.5400225484375001 0.9452054796875 0.5338218718750001 0.9386539609375 0.5710259296875 0.9273377015625 0.673618940625 0.9285288859374999 0.691657271875 0.9338892203125001 0.6927846671875 0.9356759968749999 0.6905298765625 0.9332936265624999 0.6837655015624999 0.9419297203125 0.6775648249999999 0.9717093515625 0.6809470125 0.983621203125 0.6922209703125 0.993150684375 0.6922209703125 1 0.6860202937500001 1 0.6679819609375001
0 0.21620011875 1 0.2188802859375 0.9966178125 0.3094103640625 0.994363021875 0.5184633703125 0.9966178125 0.5416914828125 0.9864712515624999 0.54586063125 0.9864712515624999 0.5494341875 0.994363021875 0.5810005953124999 0.987598646875 0.5827873734375 0.9954904171875001 0.6042287078124999 0.9977452078125 0.6057176890625 0.9802705749999999 0.6042287078124999 0.97519729375 0.5991661703125 0.9735061999999999 0.6039309109375 0.96561443125 0.6042287078124999 0.9425028187500001 0.605122096875 0.9611048484375001 0.6119714109375 0.9650507328125 0.6274568203124999 0.93573844375 0.6435378203125001 0.93912063125 0.6602144140624999 0.9289740703125 0.6614055984375 0.9244644875000001 0.67391304375 0.9210822999999999 0.667361525 0.9165727171875 0.6590232281249999 0.9222096953125 0.6497915421875 0.9205186015625 0.6512805234375 0.9131905296875 0.6697438953125 0.8985343859375 0.6810601546874999 0.8906426156249999 0.6896962484375 0.8912063140625 0.6876116734375 0.9019165734374999 0.67689100625 0.9086809468749999 0.6742108390625 0.913754228125 0.675104228125 0.9177001125 0.6828469328125 0.914317925 0.6858248953125 0.9086809468749999 0.7060750453125 0.9030439687499999 0.7170935078125 0.8912063140625 0.7141155453125 0.8810597515625 0.7191780828125001 0.869222096875 0.724538415625 0.869222096875 0.7257296015625 0.8782412624999999 0.7322811203125 0.8613303265625 0.737641453125 0.869222096875 0.7459797499999999 0.8624577234374999 0.753722453125 0.8624577234374999 0.7453841578125 0.8590755359375001 0.7432995828125 0.8540022546875001 0.7549136390625 0.8500563703124999 0.7567004171875 0.8556933484375 0.7620607500000001 0.8556933484375 0.7596783796875 0.8466741828125001 0.767421084375 0.8421646 0.7727814171875 0.8478015781250001 0.7730792140625 0.8393461109375 0.780524121875 0.8308906421875 0.783502084375 0.8421646 0.788266825 0.8421646 0.7939249546875 0.8325817359375 0.79184038125 0.8241262687500001 0.8043478265624999 0.8218714765625 0.8055390109375 0.8162344984375001 0.8186420484375001 0.8105975203125 0.8257891609374999 0.8015783546874999 0.830851696875 0.8021420515625 0.8290649203125 0.8066516343749999 0.8305539015625 0.8128523109374999 0.8359142343749999 0.8128523109374999 0.839487790625 0.80270575 0.843954734375 0.8021420515625 0.84723049375 0.786922209375 0.8513996421875 0.786922209375 0.8549731984375001 0.7925591875 0.8674806437499999 0.793686584375 0.8716497921874999 0.7801578359375 0.878796903125 0.7767756484375 0.8877307921875 0.7643742953125 0.8984514593749999 0.7609921078124999 0.9005360328125 0.7378804953125 0.8993448484375 0.706313415625 0.9061941625 0.6978579484375 0.9189994046875001 0.6927846671875 0.9332936265624999 0.573280721875 0.9344848125 0.5349492671875 0.9255509234374999 0.548478015625 0.9222751640625001 0.5614430671874999 0.8960690890624999 0.574971815625 0.8865396062500001 0.5760992109374999 0.8633114953125001 0.5670800453125 0.8442525312500001 0.593010146875 0.8365098265625001 0.5941375421874999 0.8317450859375001 0.589627959375 0.8103037515624999 0.6155580609375 0.7876712328125001 0.6211950390625 0.772185825 0.6121758734375 0.7632519359375001 0.62006764375 0.744192971875 0.625704621875 0.73734365625 0.61837655 0.739726028125 0.609357384375 0.7334723046875 0.5941375421874999 0.7138177484375 0.582863584375 0.7045860625 0.5822998875 0.7057772484375 0.5744081171875 0.709946396875 0.5721533265625001 0.7027992859375 0.5653889515625 0.7057772484375 0.5507328078125 0.7036926734375 0.5332581734375 0.6893984515625 0.5388951515625 0.675104228125 0.5310033828125 0.6724240625 0.5225479140625 0.6727218578125 0.503945884375 0.648898153125 0.5005636984375 0.639368671875 0.48365276250000006 0.6384752828125 0.5011273953125001 0.6435378203125001 0.514092446875 0.6703394874999999 0.5388951515625 0.681655746875 0.5580608796875001 0.6941631921875 0.5704622328125 0.6986301375 0.5800450953125 0.6929720078125 0.5885005640625 0.701310303125 0.5952649375 0.71024419375 0.5941375421874999 0.7173913046875 0.6031567078125 0.72424061875 0.624013528125 0.72424061875 0.6386696734374999 0.7224538421875 0.6533258171874999 0.714413340625 0.66290868125 0.675699821875 0.6786922203125 0.6697438953125 0.6764374296875 0.665574746875 0.66629086875 0.6536628953125 0.66290868125 0.6471113765625 0.653889515625 0.639368671875 0.650507328125 0.631328171875 0.6803833140625 0.6301369859375 0.7288613296875 0.6280524125 0.736189403125 0.6235854671875 0.7344983093749999 0.6206075046875 0.713077790625 0.614949375 0.7102593015625 0.563728409375 0.736189403125 0.557176890625 0.750845546875 0.5405002984375 0.7519729421875 0.5268016671875 0.7632469000000001 0.48749255468749997 0.7801578359375 0.4743895171875 0.7812852312499999 0.46545562812499996 0.7891770015625 0.403513996875 0.8184892890625 0.40202501562500004 0.8021420515625 0.4041095890625 0.797068771875 0.4303156640625 0.7801578359375 0.43537820156249996 0.7717023671875001 0.43537820156249996 0.76493799375 0.42019058906250006 0.7553551296875 0.4154258484375 0.7643742953125 0.38802858906250004 0.7790304390625 0.3826682546875 0.7914317921875 0.344550328125 0.8094701234375 0.31000595625 0.7001127390625 0.29481834375 0.7074408125 0.29481834375 0.7209695609375 0.3013698625 0.7480270578125 0.2995830859375 0.763810596875 0.2814175109375 0.768883878125 0.27665276875 0.7655016906250001 0.273377009375 0.7570462234375 0.2709946390625 0.743517475 0.266825490625 0.7356257046875 0.2650387140625 0.713077790625 0.2516378796875 0.6843292 0.24746873125 0.6899661781249999 0.2355568796875 0.693348365625 0.2307921375 0.7012401359375 0.193269803125 0.7125140921875001 0.183740321875 0.7125140921875001 0.1807623578125 0.70574971875 0.1765932109375 0.7068771140625 0.1712328765625 0.6888387828125 0.1628945796875 0.6877113859375 0.14115545000000002 0.6984216453125 0.13758189375000002 0.7209695609375 0.13758189375000002 0.7423900796875 0.139368671875 0.76493799375 0.1465157828125 0.7728297625 0.1483025609375 0.7841037203125001 0.1465157828125 0.8156708 0.1387730796875 0.83709131875 0.12507444843749999 0.8585118375 0.121203096875 0.8714768890625001 0.11375818906249999 0.87655016875 0.1104824296875 0.8962795937499999 0.10214413281250001 0.86358511875 0.075342465625 0.8421646 0.062239428124999996 0.8444193906249999 0.0568790953125 0.8545659531249999 0.0312686125 0.85682074375 0.011614056250000001 0.8703494921875 0 0.87316798125 0 0.99492671875 0.045562834375 0.9954904171875001 0.0482430015625 0.9892897406250001 0.047647409375 0.9802705749999999 0.0503275765625 0.9774520859375 0.10988683749999999 0.9470124015625 0.1125670046875 0.9396843296874999 0.1107802265625 0.91939120625 0.11286480000000002 0.914317925 0.11494937499999999 0.9363021421875001 0.12060750468749999 0.9402480265625 0.12954139375 0.93573844375 0.1366885046875 0.9244644875000001 0.14562239375 0.9301014656250001 0.1497915421875 0.923337090625 0.22424061874999998 0.8895152203125001 0.2599761765625 0.8658399093750001 0.2826086953125 0.8590755359375001 0.286480046875 0.8540022546875001 0.2876712328125 0.846110484375 0.28231090000000003 0.8314543406249999 0.2826086953125 0.8184892890625 0.288266825 0.8416009015625001 0.2995830859375 0.8607666296875 0.29839190000000004 0.874295378125 0.291542584375 0.8804960546875 0.242703990625 0.9030439687499999 0.227814175 0.914317925 0.19267421093749998 0.9278466734374999 0.1724240625 0.9436302140624999 0.15574746875 0.9470124015625 0.1366885046875 0.9594137546875 0.09440142968750001 0.976324690625 0.0678975578125 0.99492671875 0.0747468734375 1 0.098570578125 0.9988726046874999 0.1337105421875 0.9864712515624999 0.14562239375 0.9977452078125 0.15336509843749999 0.9797068765624999 0.1855271 0.948139796875 0.2045860625 0.9470124015625 0.21590232343750002 0.9673055250000001 0.219475878125 0.948139796875 0.24389517500000002 0.9199549046875 0.2629541390625 0.9120631343750001 0.2727814171875 0.9216459984375 0.273972603125 0.9430665156250001 0.27010125 0.9503945890625 0.24449076875000003 0.9729425031250001 0.23019654531249997 0.97857948125 0.21590232343750002 0.9740698984374999 0.201310303125 0.99492671875 0.2057772484375 1 0.21620011875 1
0 0.9231685531249999 0.864148815625 0.916617034375 0.816798196875 0.8907087546874999 0.790304396875 0.8740321625 0.7959413750000001 0.8719475875 0.80439684375 0.8767123281250001 0.8224351750000001 0.896962478125 0.8472378812500001 0.8939845140625 0.867531003125 0.8951757 0.87655016875 0.907980940625 0.8962795937499999 0.9184038125 0.9024802703124999 0.9219773671875 0.8934611046875001 0.9231685531249999 0.864148815625
0 1 0.91939120625 0.9979154265625001 0.9154453218749999 0.9532459796874999 0.8624577234374999 0.9449076828124999 0.86358511875 0.9321024421875 0.87655016875 0.929720071875 0.8844419390624999 0.9285288859374999 0.9126268312500001 0.931209053125 0.9199549046875 0.9466944609375 0.9346110484375 0.954437165625 0.9616685453124999 0.974091721875 0.9808342734375 0.9860035734375 0.9988726046874999 1 0.9994363015625 1 0.91939120625
0 0.855568790625 0.3179255921875 0.8630136984375 0.3128523109375 0.8636092906249999 0.2981961671875 0.872245384375 0.2897406984375 0.8966646812500001 0.285231115625 0.9061941625 0.2965050734375 0.9264443124999999 0.29763246875 0.9329958312500001 0.3077790296875 0.9383561640625 0.310033821875 0.9526503875 0.30552423906250004 0.9562239421875001 0.2998872609375 0.9681357953124999 0.2987598640625 0.9731983328125 0.28917700156250004 0.9687313874999999 0.2784667421875 0.9568195359375 0.2795941375 0.9502680171875 0.267192784375 0.8913043484375001 0.249154453125 0.8645026796874999 0.2322435171875 0.8043478265624999 0.234498309375 0.78886241875 0.23111612187500002 0.7322811203125 0.245772265625 0.72334723125 0.2570462234375 0.7066706375 0.267192784375 0.6989279328125 0.288613303125 0.688207265625 0.2897406984375 0.66081000625 0.2818489296875 0.6533650984375 0.290304396875 0.662596784375 0.30552423906250004 0.675104228125 0.3021420515625 0.6780821921875 0.31228861406249997 0.7025014890625 0.33370913125 0.7060750453125 0.3258173625 0.734067896875 0.324689965625 0.7447885640624999 0.31567080000000003 0.75550923125 0.31567080000000003 0.7569982125 0.3128523109375 0.7531268609375 0.306651634375 0.743895175 0.29932356250000003 0.74746873125 0.290304396875 0.7468731390625 0.283540021875 0.7501488984375 0.2818489296875 0.7567004171875 0.2897406984375 0.773377009375 0.29537767812500004 0.776950565625 0.3089064265625 0.796605121875 0.31454340468750003 0.8120905296875 0.33370913125 0.8287671234375 0.331454340625 0.8317450859375001 0.33821871406250004 0.8397855859375 0.3376550171875 0.8525908281250001 0.331454340625 0.855568790625 0.3179255921875
0 0.6941631921875 0.4024802703125 0.7060750453125 0.3844419390625 0.71322215625 0.37993235625 0.7135199531249999 0.374859075 0.6977367484375 0.35512964999999996 0.675104228125 0.34385569375 0.6405598578125 0.3077790296875 0.5976771890625 0.3213077796875 0.5961882078125 0.32976324687499997 0.600059559375 0.34047350625 0.611078021875 0.335400225 0.6048243 0.3506200671875 0.5958904109375001 0.3517474640625 0.5938058374999999 0.35682074375 0.59529481875 0.3596392328125 0.6024419296875 0.3596392328125 0.606611078125 0.352874859375 0.610184634375 0.3585118375 0.61435378125 0.3585118375 0.6381774859375 0.349492671875 0.64562239375 0.3523111609375 0.6587254312499999 0.387260428125 0.6581298390625 0.39289740625 0.632817153125 0.401352875 0.6265634312499999 0.4075535515625 0.632817153125 0.413754228125 0.6438356171875 0.4165727171875 0.6631923765625001 0.40698985312499997 0.6941631921875 0.4024802703125
0 0.5595592609375 0 0.5384157234375 0.015219842187499999 0.5416914828125 0.0225479140625 0.5762358546875 0.0315670796875 0.580405003125 0.029312289062500003 0.5967838000000001 0.03776775625 0.6027397265625 0.0298759859375 0.5926146515624999 0.015219842187499999 0.5941036328125 0 0.5595592609375 0
0 0.9961286484375 0.10372040625000001 0.9865991656249999 0.1195039453125 0.9758784984375 0.124013528125 0.9526503875 0.11837655 0.9377605718750001 0.087936865625 0.932698034375 0.089627959375 0.9335914234375 0.09695603124999999 0.90678975625 0.09808342656249999 0.8901131624999999 0.06538895156249999 0.8865396062500001 0.063134159375 0.8734365687500001 0.0676437421875 0.8567599765624999 0.0620067640625 0.8388921984375 0.0620067640625 0.8240023828125 0.051860203125000004 0.819833234375 0.0428410375 0.8079213812500001 0.0428410375 0.7954139375 0.06426155624999999 0.783502084375 0.060879368749999996 0.7751637875 0.032694475 0.76265634375 0.030439684374999998 0.7578916015625 0.0349492671875 0.7489577125 0.05636978593750001 0.7334723046875 0.0496054109375 0.72989875 0.060879368749999996 0.7215604531250001 0.057497181249999994 0.714413340625 0.0620067640625 0.7105419890625 0.08173618906249999 0.7257296015625 0.08004509531250001 0.7459797499999999 0.0868094703125 0.7519356765625 0.09131905312500001 0.7531268609375 0.09695603124999999 0.7564026203124999 0.082863584375 0.760869565625 0.08004509531250001 0.7629541390625 0.082863584375 0.759380584375 0.0885005640625 0.7614651578125 0.09357384375 0.76861226875 0.0924464484375 0.772185825 0.09808342656249999 0.78886241875 0.10033821875 0.8001786781250001 0.1082299890625 0.8388921984375 0.1195039453125 0.8466349015624999 0.1172491546875 0.8585467546875 0.10033821875 0.8692674203124999 0.0924464484375 0.878796903125 0.09357384375 0.88356164375 0.10597519687500001 0.893388921875 0.111048478125 0.8910065515625 0.1335963921875 0.8984514593749999 0.1386696734375 0.902025015625 0.152198421875 0.9076831453124999 0.1335963921875 0.909469921875 0.11555806093750001 0.9139368671874999 0.1082299890625 0.9148302562499999 0.1211950390625 0.91185229375 0.1369785796875 0.9139368671874999 0.14656144375 0.9264443124999999 0.148816234375 0.9413341281250001 0.1600901921875 0.9455032750000001 0.1499436296875 0.9514592015625001 0.16347237812499998 1 0.171927846875 0.9997022031249999 0.10372040625000001 0.9961286484375 0.10372040625000001
0 0.4404407390625 0.273957159375 0.4324002375 0.2824126265625 0.4398451453125 0.2965050734375 0.4514592015625 0.2981961671875 0.4466944609375 0.2948139796875 0.4404407390625 0.273957159375
0 0.537522334375 0.2874859078125 0.5142942234375 0.288613303125 0.5080405 0.2925591875 0.5086360921875 0.3015783546875 0.5148898156249999 0.3111612171875 0.5235259078125 0.3105975203125 0.5467540203125 0.304960540625 0.537522334375 0.2874859078125
0 0.48540798125 0.3421646 0.473793925 0.3393461109375 0.458904109375 0.316798196875 0.44997022031249995 0.3190529875 0.45443716562500003 0.3410372046875 0.45384157187499996 0.35682074375 0.4633710546875 0.36133032656249997 0.4845145921875 0.3506200671875 0.48540798125 0.3421646