1 0.41328125 0.90546875 0.175 0.1890625
1 0.51640625 0.7765625 0.05390625 0.13046875
1 0.59140625 0.4859375 0.08203125 0.13671875
1 0.95234375 0.771875 0.0953125 0.140625
1 0.9265625 0.5578125 0.11171875 0.21796875
1 0.79296875 0.4390625 0.07578125 0.10078125
1 0.2671875 0.4078125 0.06640625 0.10859375
1 0.09921875 0.5625 0.06328125 0.12265625
1 0.14296875 0.20078125 0.07578125 0.1
1 0.53359375 0.07734375 0.040625 0.06015625
1 0.9046875 0.1859375 0.0703125 0.09765625
1 0.9609375 0.30859375 0.06953125 0.1078125
1 0.79296875 0.2296875 0.10234375 0.10625
1 0.0984375 0.39296875 0.0578125 0.10078125
1 0.3578125 0.0484375 0.0921875 0.09375
1 0.42578125 0.5609375 0.05 0.0921875
1 0.440625 0.21640625 0.0453125 0.07109375
1 0.68515625 0.2296875 0.08046875 0.05390625
1 0.21640625 0.72578125 0.0703125 0.1
1 0.6296875 0.65390625 0.0703125 0.11171875
1 0.86796875 0.67578125 0.075 0.07421875
1 0.89375 0.9734375 0.10703125 0.05234375
1 0.65625 0.1078125 0.0671875 0.075
1 0.125 0.30078125 0.05234375 0.075
1 0.31796875 0.22734375 0.0453125 0.07109375
1 0.7828125 0.14765625 0.05 0.0796875
1 0.91796875 0.05234375 0.0703125 0.07421875
0 0 0.7704301078125 0.002094240625 0.7758064515624999 0 0.799462365625 0.0002617796875 0.99892473125 0.0924083765625 0.9978494625 0.096335078125 0.991935484375 0.09581151875 0.9672043015625 0.10287958125 0.944086021875 0.109162303125 0.937634409375 0.11858638749999999 0.938709678125 0.140575915625 0.9301075265625001 0.1570680625 0.9370967734375 0.16125654375 0.96182795625 0.1602094234375 0.9908602156249999 0.16413612500000002 0.9978494625 0.20130889999999999 0.99892473125 0.204973821875 0.99139785 0.21125654374999997 0.99892473125 0.21570680625 0.998387096875 0.2337696328125 0.99677419375 0.24712041875000001 0.9725806453124999 0.2502617796875 0.9629032265624999 0.2581151828125 0.891935484375 0.2740837703125 0.8688172046875 0.287172775 0.8849462359375 0.29005235625000003 0.893010753125 0.2837696328125 0.9586021499999999 0.2853403140625 0.989784946875 0.2939790578125 0.9978494625 0.3196335078125 0.9978494625 0.3240837703125 0.991935484375 0.3225130890625 0.9736559140625 0.314136125 0.9532258062500001 0.30994764375 0.9252688171875001 0.313612565625 0.9123655906250001 0.32356020937499996 0.893010753125 0.3282722515625 0.8639784953125 0.32539267031249997 0.853763440625 0.3138743453125 0.8462365593750001 0.30287958125 0.8322580640625 0.29712041875 0.8311827953125001 0.2866492140625 0.8172043015625 0.2452879578125 0.8172043015625 0.24240837656249997 0.8231182796875001 0.239267015625 0.85 0.230890053125 0.8543010750000001 0.2397905765625 0.8575268812499999 0.2397905765625 0.8747311828125 0.2327225125 0.8838709671875 0.22696335156249997 0.8827956984374999 0.2238219890625 0.89462365625 0.220680628125 0.8838709671875 0.21256544531250002 0.8779569890625 0.2159685859375 0.8688172046875 0.2117801046875 0.8688172046875 0.2081151828125 0.8741935484375001 0.20157068125 0.8693548390625001 0.1968586390625 0.84677419375 0.19109947656249998 0.84032258125 0.1952879578125 0.8220430109375 0.19293193749999998 0.8150537640625 0.16675392656250002 0.8150537640625 0.1609947640625 0.8107526875 0.159162303125 0.802688171875 0.15863874375 0.7715053765625 0.1774869109375 0.7629032265625 0.187958115625 0.694086021875 0.20366492187500002 0.6693548390624999 0.202094240625 0.65322580625 0.20418848125000003 0.6370967734375 0.20261780156250003 0.6177419359375 0.20418848125000003 0.598387096875 0.2081151828125 0.5903225812499999 0.21623036718750002 0.5844086015625 0.21989528749999998 0.54892473125 0.22408377031249999 0.5435483875 0.2261780109375 0.5306451609375 0.2332460734375 0.5204301078125 0.25418848125000004 0.5225806453125 0.2552356015625 0.5129032265625 0.25759162343750003 0.54247311875 0.263612565625 0.5451612906250001 0.2654450265625 0.5392473125 0.26073298437500003 0.5252688171875 0.26073298437500003 0.512365590625 0.2659685859375 0.506989246875 0.26570680625 0.49892473125 0.257853403125 0.49462365625000004 0.2505235609375 0.48172042968750006 0.24371727812500002 0.4763440859375 0.2395287953125 0.4795698921875 0.21963350781250002 0.4763440859375 0.2104712046875 0.48333333281249996 0.20994764375 0.500537634375 0.2154450265625 0.50537634375 0.21675392656249998 0.5145161296875 0.2075916234375 0.5247311828125001 0.175130890625 0.5258064515624999 0.1568062828125 0.5311827953125 0.153664921875 0.5225806453125 0.1416230359375 0.5236559140625 0.1397905765625 0.5155913984375 0.14528795781249998 0.5139784953125 0.1481675390625 0.500537634375 0.1395287953125 0.495698925 0.13743455468750002 0.50860215 0.1314136125 0.510215053125 0.130890053125 0.53817204375 0.12146596875 0.5854838703125 0.12041884843749999 0.602688171875 0.1232984296875 0.6064516125 0.13743455468750002 0.60752688125 0.1445026171875 0.6252688171874999 0.14869110000000002 0.65322580625 0.142146596875 0.6763440859375 0.1295811515625 0.6838709671875 0.1253926703125 0.6935483875 0.11178010468749999 0.6849462359375 0.1060209421875 0.6677419359375001 0.1010471203125 0.6682795703125 0.0986911 0.654838709375 0.0942408375 0.654301075 0.1 0.6478494625 0.0981675390625 0.6354838703125 0.0945026171875 0.638709678125 0.0861256546875 0.6354838703125 0.07722513125 0.6182795703124999 0.0630890046875 0.6064516125 0.0154450265625 0.60752688125 0 0.6198924734375 0 0.7704301078125
0 0.1175392671875 0 0.10994764374999999 0.009139784375 0.106544503125 0.0258064515625 0.10183246093750001 0.0258064515625 0.0989528796875 0.0306451609375 0.09842931875000001 0.04032258125 0.0903141359375 0.056989246874999996 0.07984293125 0.056989246874999996 0.07356020937499999 0.047311828125 0.07015706875 0.0360215046875 0.062303665625000004 0.0241935484375 0.0609947640625 0 0.017015706250000002 0.00107526875 0 0.010215053125 0 0.087634409375 0.0102094234375 0.095698925 0.012041884375 0.10483870937499999 0.012041884375 0.1252688171875 0.00994764375 0.13709677343749999 0 0.14892473125 0 0.25322580625 0.012303665625 0.251612903125 0.014136125 0.25537634374999996 0.0081151828125 0.2666666671875 0 0.26720430156249997 0 0.45967741875 0.0057591625 0.46827957031249995 0.0089005234375 0.4844086015625 0.006282721874999999 0.5059139781249999 0 0.5134408609375 0 0.5790322578125 0.016492146875 0.5677419359375 0.030628271875 0.5817204296875 0.0557591625 0.5849462359375 0.0633507859375 0.598387096875 0.0759162296875 0.5467741937499999 0.083507853125 0.5268817203125 0.10392670156249999 0.49892473125 0.11649214687500001 0.5107526874999999 0.1212041890625 0.5204301078125 0.124869109375 0.5204301078125 0.1267015703125 0.5166666671875 0.12356020937500001 0.508064515625 0.12356020937500001 0.493010753125 0.12565445 0.4811827953125 0.1319371734375 0.47473118281250004 0.128010471875 0.4709677421875 0.11910994687500001 0.4763440859375 0.1060209421875 0.47741935468749996 0.10366492187500001 0.4521505375 0.09764397968750001 0.44193548437499997 0.08821989531249999 0.451612903125 0.0824607328125 0.451612903125 0.07853403125 0.4768817203125 0.07565445 0.4827956984375 0.0431937171875 0.48064516093750004 0.037696334375 0.47580645156249995 0.040837696875 0.45107526875000004 0.0573298421875 0.4290322578125 0.062041884375 0.41827957031249996 0.07015706875 0.411290321875 0.0874345546875 0.354301075 0.0824607328125 0.347311828125 0.0667539265625 0.354838709375 0.0646596859375 0.3634408609375 0.0552356015625 0.3645161296875 0.0547120421875 0.354838709375 0.046335078125 0.349462365625 0.040837696875 0.3317204296875 0.0460732984375 0.2715053765625 0.05157068124999999 0.261290321875 0.0698952875 0.254838709375 0.0746073296875 0.240860215625 0.1060209421875 0.243010753125 0.1073298421875 0.2241935484375 0.1047120421875 0.19193548437500002 0.1068062828125 0.1779569890625 0.11230366562500001 0.16344086093750002 0.1180628265625 0.154838709375 0.14895287968749998 0.156989246875 0.1688481671875 0.1688172046875 0.1790575921875 0.193010753125 0.17801047187500002 0.20376344062500001 0.16570680625 0.23440860156249999 0.1552356015625 0.24193548437499998 0.14528795781249998 0.24193548437499998 0.13429319374999998 0.248387096875 0.1138743453125 0.248387096875 0.1096858640625 0.252688171875 0.0767015703125 0.251612903125 0.0753926703125 0.2811827953125 0.08429319375 0.301612903125 0.0853403140625 0.3209677421875 0.0837696328125 0.3327956984375 0.08821989531249999 0.349462365625 0.0903141359375 0.350537634375 0.09581151875 0.33817204375 0.109424084375 0.291935484375 0.12015706875000001 0.26881720468750003 0.1327225125 0.252688171875 0.1369109953125 0.253763440625 0.14712041874999998 0.2747311828125 0.1497382203125 0.2822580640625 0.15 0.295698925 0.1604712046875 0.29892473124999996 0.16701570625 0.306989246875 0.16570680625 0.3150537640625 0.15654450312499998 0.3220430109375 0.1568062828125 0.3311827953125 0.1740837703125 0.3247311828125 0.18664921406249999 0.352688171875 0.1924083765625 0.35161290312500004 0.19607329843750002 0.340860215625 0.2075916234375 0.3236559140625 0.21701570625 0.33010752656250003 0.2290575921875 0.3225806453125 0.235863875 0.3236559140625 0.23769633437499998 0.3188172046875 0.2366492140625 0.289784946875 0.24136125625 0.2811827953125 0.243455496875 0.2682795703125 0.24738219843749998 0.261290321875 0.25994764375 0.253763440625 0.266492146875 0.2241935484375 0.27277486875 0.2177419359375 0.27015706875 0.20913978437499997 0.26858638749999997 0.1844086015625 0.26675392656249997 0.1806451609375 0.24790575937499998 0.18279569843750001 0.23534031406249997 0.1763440859375 0.23193717343750003 0.18118279531249998 0.2345549734375 0.20161290312500002 0.2311518328125 0.2107526875 0.220680628125 0.2150537640625 0.2117801046875 0.2129032265625 0.20235602031250002 0.20537634374999997 0.197905759375 0.193010753125 0.2010471203125 0.1725806453125 0.20968586406249998 0.16344086093750002 0.213612565625 0.154301075 0.21570680625 0.1263440859375 0.21335078593749998 0.1204301078125 0.2070680625 0.1193548390625 0.20366492187500002 0.1231182796875 0.2002617796875 0.161290321875 0.1662303671875 0.154838709375 0.162303665625 0.14462365625 0.170680628125 0.1220430109375 0.1685863875 0.097311828125 0.1759162296875 0.0854838703125 0.17801047187500002 0.05967741875 0.1861256546875 0.044086021875 0.199214659375 0.043010753125 0.20445026249999998 0.054838709375 0.2081151828125 0.056989246874999996 0.2104712046875 0.04892473125 0.2083769640625 0.04032258125 0.2212041890625 0.026881720312500003 0.2274869109375 0.00860215 0.2431937171875 0.00537634375 0.24790575937499998 0 0.1175392671875 0
0 0.1662303671875 0.50860215 0.1688481671875 0.504301075 0.1730366484375 0.504301075 0.1767015703125 0.50967741875 0.1897905765625 0.50860215 0.1997382203125 0.5021505375 0.2081151828125 0.504301075 0.2159685859375 0.5129032265625 0.219371728125 0.503763440625 0.22015706875 0.48064516093750004 0.2274869109375 0.4763440859375 0.24424083749999997 0.4784946234375 0.24554973750000003 0.47580645156249995 0.2410994765625 0.46989247343749996 0.235078534375 0.47473118281250004 0.2340314140625 0.46720430156250004 0.237958115625 0.459139784375 0.23429319375 0.458064515625 0.232198953125 0.4634408609375 0.2238219890625 0.46666666718750005 0.212041884375 0.44354838750000003 0.21570680625 0.4274193546875 0.2159685859375 0.40430107499999995 0.22172774843749998 0.4279569890625 0.23167539218750002 0.43333333281249997 0.239267015625 0.41021505312500006 0.24712041875000001 0.395161290625 0.24712041875000001 0.3865591390625 0.2395287953125 0.3763440859375 0.2238219890625 0.3731182796875 0.21649214687499999 0.3774193546875 0.21073298437500002 0.39247311875 0.203403140625 0.3935483875 0.1924083765625 0.3806451609375 0.183507853125 0.3806451609375 0.1848167546875 0.37043010781249996 0.180890053125 0.36236559062499996 0.17643979062499998 0.37043010781249996 0.1774869109375 0.3865591390625 0.1662303671875 0.3935483875 0.1568062828125 0.39247311875 0.1539267015625 0.3865591390625 0.1531413609375 0.3677419359375 0.1416230359375 0.3677419359375 0.1269633515625 0.3784946234375 0.136387434375 0.3892473125 0.14136125625 0.404838709375 0.1445026171875 0.43387096718749996 0.14188481718749998 0.46182795624999995 0.135078534375 0.47473118281250004 0.13403141406250002 0.48225806406249994 0.1301047125 0.4860215046875 0.1282722515625 0.48333333281249996 0.1314136125 0.4779569890625 0.1311518328125 0.4677419359375 0.11439790624999999 0.4709677421875 0.1096858640625 0.4645161296875 0.107853403125 0.46827957031249995 0.111518325 0.47580645156249995 0.10994764374999999 0.4844086015625 0.1138743453125 0.4827956984375 0.1180628265625 0.49892473125 0.124869109375 0.49462365625000004 0.137958115625 0.49784946249999995 0.13874345625 0.5016129031250001 0.13560209375 0.508064515625 0.1455497375 0.5166666671875 0.15 0.50967741875 0.1662303671875 0.50860215
0 0.3138743453125 0.09677419375 0.3060209421875 0.10645161249999999 0.303403140625 0.10107526874999999 0.29712041875 0.1021505375 0.2931937171875 0.11344086093750001 0.295026178125 0.1215053765625 0.3183246078125 0.1231182796875 0.31989528749999996 0.10483870937499999 0.3138743453125 0.09677419375
0 0.307853403125 0.0478494625 0.30994764375 0.0220430109375 0.3162303671875 0.009139784375 0.31282722500000004 0.0021505375 0.2903141359375 0 0.2874345546875 0.005913978125 0.2910994765625 0.06505376406249999 0.29371727812500004 0.07473118281249999 0.29842931875 0.0801075265625 0.30104712031249997 0.06397849531250001 0.307853403125 0.0478494625
0 0.2633507859375 0.108064515625 0.25890052343750003 0.1021505375 0.24842931875000002 0.10537634375 0.24083769687499998 0.12096774218749999 0.2452879578125 0.1301075265625 0.2602094234375 0.1338709671875 0.26492146562499996 0.11881720468750001 0.2633507859375 0.108064515625
0 0.31570680625 0.1704301078125 0.3102094234375 0.1688172046875 0.302094240625 0.187634409375 0.314136125 0.195161290625 0.3162303671875 0.187634409375 0.31570680625 0.1704301078125
0 0.2910994765625 0.2833333328125 0.29424083749999996 0.26720430156249997 0.29240837656249996 0.26344086093749997 0.2824607328125 0.2666666671875 0.277748690625 0.2870967734375 0.2552356015625 0.2860215046875 0.2486911 0.289784946875 0.253664921875 0.3139784953125 0.26256544531250003 0.3225806453125 0.2672774875 0.33440860156249996 0.2712041890625 0.3338709671875 0.2790575921875 0.303763440625 0.2910994765625 0.2833333328125
0 0.49476439843750003 0.2392473125 0.4924083765625 0.23333333281250002 0.48979057656249997 0.23333333281250002 0.4840314140625 0.244086021875 0.4662303671875 0.24516129062499997 0.462303665625 0.25 0.460732984375 0.25752688125 0.48115183281249996 0.25967741875 0.49476439843750003 0.24892473124999998 0.49476439843750003 0.2392473125
0 0.29371727812500004 0.75 0.27513089062499996 0.739784946875 0.27172774843749997 0.74892473125 0.2712041890625 0.7650537640625 0.28691099531250003 0.7865591390625 0.29057591562499996 0.7790322578125 0.29371727812500004 0.75
0 0.6945026171875 0.6215053765625 0.70287958125 0.6247311828125001 0.7060209421875 0.6301075265625 0.7102094234375 0.6247311828125001 0.7138743453124999 0.6322580640625 0.7285340312499999 0.6225806453125 0.738481675 0.6225806453125 0.7547120421875 0.6301075265625 0.764921465625 0.608064515625 0.766492146875 0.5790322578125 0.7688481671875 0.5741935484375 0.8442408374999999 0.5720430109375 0.8431937171874999 0.5634408609375 0.837958115625 0.5612903218749999 0.8353403140625 0.5655913984375001 0.8282722515625001 0.55752688125 0.8303664921875 0.54892473125 0.8303664921875 0.511290321875 0.833507853125 0.508064515625 0.83298429375 0.504838709375 0.7986911 0.50860215 0.7955497375 0.5 0.7845549734375 0.5 0.7871727749999999 0.51182795625 0.7939790578125 0.50967741875 0.796335078125 0.5166666671875 0.78874345625 0.5258064515624999 0.769371728125 0.5236559140625 0.7685863875 0.5435483875 0.75994764375 0.559139784375 0.752094240625 0.5612903218749999 0.7489528796875 0.556989246875 0.7452879578125 0.5634408609375 0.7410994765625001 0.555913978125 0.7353403140625 0.5612903218749999 0.7290575921875 0.5795698921875 0.7217277484375 0.5870967734375 0.7175392671874999 0.5752688171875 0.713612565625 0.598387096875 0.710732984375 0.6021505375 0.6939790578125 0.59892473125 0.6866492140625 0.6064516125 0.6767015703125 0.6053763437499999 0.6662303671875 0.61182795625 0.6672774875 0.6311827953125 0.6709424078125 0.6290322578125 0.679319371875 0.6333333328124999 0.6829842937499999 0.6301075265625 0.686387434375 0.6360215046875 0.682198953125 0.64247311875 0.6816753921875 0.6521505375000001 0.6869109953125 0.6650537640625 0.688481675 0.64032258125 0.6945026171875 0.6215053765625
0 0.636387434375 0.59247311875 0.6431937171875 0.59247311875 0.6510471203125 0.6053763437499999 0.6560209421875001 0.604838709375 0.6502617796875 0.5758064515625 0.6497382203125001 0.55107526875 0.6523560203125001 0.5370967734375001 0.6578534031250001 0.5290322578125 0.667801046875 0.5311827953125 0.675130890625 0.5451612906250001 0.6918848171875001 0.547311828125 0.704973821875 0.5752688171875 0.7185863875 0.5709677421875 0.72146596875 0.55537634375 0.726439790625 0.554838709375 0.733507853125 0.54032258125 0.7361256546875 0.512365590625 0.7481675390625 0.508064515625 0.743455496875 0.500537634375 0.7429319375000001 0.4844086015625 0.7369109953125 0.4838709671875 0.7374345546875001 0.4935483875 0.7337696328125001 0.49139784999999997 0.726439790625 0.504301075 0.7060209421875 0.5021505375 0.7031413609375 0.5134408609375 0.6986911 0.5193548390625 0.6866492140625 0.5204301078125 0.680890053125 0.495698925 0.6596858640625001 0.4801075265625 0.659162303125 0.47580645156249995 0.6630890046875 0.47419354843750006 0.664921465625 0.46827957031249995 0.6630890046875 0.447311828125 0.6557591625 0.443010753125 0.6494764390625 0.44516129062500004 0.6468586390625 0.45376344062499996 0.640837696875 0.45967741875 0.6395287953125 0.4688172046875 0.633507853125 0.47580645156249995 0.63298429375 0.508064515625 0.6293193718750001 0.5155913984375 0.627748690625 0.53817204375 0.6282722515625 0.5725806453125 0.6269633515625 0.5741935484375 0.6238219890625001 0.5666666671875 0.612303665625 0.5677419359375 0.5976439796874999 0.5720430109375 0.5947643984375001 0.5779569890625 0.5931937171875 0.5887096781250001 0.6018324609375 0.59462365625 0.606282721875 0.604838709375 0.5973821984375001 0.6284946234375 0.6028795812500001 0.637634409375 0.6083769640625001 0.6392473125 0.6112565437499999 0.6258064515624999 0.636387434375 0.59247311875
0 0.68874345625 0.30752688125 0.72434555 0.2935483875 0.735078534375 0.2661290328125 0.722251309375 0.2645161296875 0.7196335078125 0.255913978125 0.7154450265625 0.252688171875 0.7013089 0.251612903125 0.67722513125 0.258064515625 0.6683246078125 0.251612903125 0.635863875 0.240860215625 0.62722513125 0.2145161296875 0.6287958109375 0.193010753125 0.6324607328125 0.1844086015625 0.6303664921875 0.17580645156250002 0.6209424078125 0.1607526875 0.6198952875 0.14569892499999998 0.612041884375 0.1220430109375 0.6109947640625 0.096236559375 0.6081151828125 0.09139785 0.5568062828125 0.0935483875 0.550785340625 0.10483870937499999 0.5497382203125001 0.12096774218749999 0.5468586390625 0.12365591406250001 0.516492146875 0.12258064531249999 0.5117801046875 0.11505376406250001 0.50157068125 0.13602150468750002 0.4986911 0.148387096875 0.48560209375 0.161290321875 0.4604712046875 0.16344086093750002 0.45418848125 0.159139784375 0.4523560203125 0.1639784953125 0.4518324609375 0.1801075265625 0.4552356015625 0.1892473125 0.46570680624999994 0.19462365625 0.4704188484375 0.20215053749999998 0.4824607328125 0.204301075 0.48664921406249995 0.2 0.49031413593749995 0.20322580625 0.49476439843750003 0.208064515625 0.496335078125 0.22096774218749998 0.500785340625 0.2311827953125 0.5060209421875 0.2322580640625 0.5096858640625 0.240860215625 0.5253926703125 0.246236559375 0.5332460734375 0.2645161296875 0.5369109953125 0.250537634375 0.5447643984375 0.244086021875 0.5552356015625 0.2258064515625 0.57565445 0.2182795703125 0.5924083765625 0.2258064515625 0.5942408375 0.2747311828125 0.6068062828125 0.291935484375 0.609162303125 0.3150537640625 0.6198952875 0.32634408593750003 0.6198952875 0.35322580625 0.6238219890625001 0.3677419359375 0.6552356015624999 0.355913978125 0.663612565625 0.37956989218750004 0.670680628125 0.3801075265625 0.67722513125 0.3204301078125 0.68874345625 0.30752688125
0 0.59136125625 0.9268817203124999 0.5965968593750001 0.91182795625 0.6018324609375 0.90967741875 0.6117801046875 0.8924731187500001 0.6225130890624999 0.9263440859375001 0.6274869109375001 0.9301075265625001 0.643717278125 0.9344086015625 0.659424084375 0.9268817203124999 0.7023560203125 0.9333333328125001 0.7052356015625 0.9220430109375 0.7047120421875 0.8672043015625001 0.7180628265625 0.8655913984374999 0.7259162296875 0.8516129031249999 0.73429319375 0.847311828125 0.7369109953125 0.8322580640625 0.7497382203125 0.8295698921874999 0.7497382203125 0.8209677421875 0.7445026171875 0.8155913984375 0.7392670156250001 0.788709678125 0.7429319375000001 0.7650537640625 0.7476439796875 0.75752688125 0.7497382203125 0.7392473125000001 0.754973821875 0.7327956984374999 0.7544502625 0.7284946234375 0.7494764390624999 0.7204301078124999 0.6981675390625 0.7129032265624999 0.6945026171875 0.7064516125 0.6910994765625 0.7177419359375 0.6910994765625 0.7274193546875 0.693455496875 0.7344086015625 0.71439790625 0.7333333328125 0.7183246078125001 0.73817204375 0.7204188484375 0.7478494625 0.72146596875 0.7693548390625 0.717801046875 0.7844086015625 0.7130890046875 0.789784946875 0.713612565625 0.797311828125 0.7104712046875 0.804838709375 0.7065445031250001 0.8032258062500001 0.70287958125 0.8086021499999999 0.6924083765625 0.8053763437500001 0.6866492140625 0.8172043015625 0.6787958109375001 0.8204301078125 0.6604712046875 0.8193548390625001 0.65 0.8118279562499999 0.6429319375 0.797311828125 0.639267015625 0.7639784953125 0.632198953125 0.739784946875 0.616492146875 0.7354838703125 0.6146596859375 0.7327956984374999 0.6146596859375 0.7231182796875 0.6117801046875 0.7193548390625 0.587958115625 0.709139784375 0.5869109953125 0.6682795703125 0.5884816749999999 0.65322580625 0.5845549734375 0.644086021875 0.5379581156250001 0.640860215625 0.5345549734375 0.6370967734375 0.5345549734375 0.6274193546875 0.530890053125 0.6198924734375 0.5319371734375 0.5962365593750001 0.5303664921875 0.5897849468749999 0.5253926703125 0.59247311875 0.5185863875 0.5892473125000001 0.51570680625 0.5747311828125 0.50994764375 0.5682795703125 0.5102094234375001 0.5634408609375 0.522251309375 0.5634408609375 0.5246073296875 0.55860215 0.5259162296875 0.540860215625 0.5290575921875 0.5602150531250001 0.5452879578125 0.5602150531250001 0.5494764390625 0.5698924734374999 0.553403140625 0.5693548390625 0.554973821875 0.54032258125 0.5502617796875 0.5284946234375 0.5476439796875 0.511290321875 0.5431937171875 0.50537634375 0.5374345546875 0.5107526874999999 0.5319371734375 0.508064515625 0.5332460734375 0.50322580625 0.5403141359375 0.500537634375 0.5382198953125 0.493010753125 0.5403141359375 0.48333333281249996 0.536387434375 0.48172042968750006 0.5023560203125 0.48172042968750006 0.49397905781249996 0.49139784999999997 0.4824607328125 0.49139784999999997 0.48010471250000003 0.499462365625 0.48115183281249996 0.5392473125 0.4787958109375 0.547311828125 0.4769633515625 0.49623655937500005 0.4667539265625 0.495698925 0.46439790625 0.491935484375 0.4717277484375 0.4844086015625 0.4667539265625 0.4720430109375 0.4568062828125 0.4784946234375 0.4526178015625 0.4784946234375 0.45104712031250005 0.47419354843750006 0.4523560203125 0.490860215625 0.454973821875 0.49731182812499997 0.4604712046875 0.50860215 0.4685863875 0.5155913984375 0.4662303671875 0.5236559140625 0.4575916234375 0.5360215046875 0.454973821875 0.5521505375 0.4672774875 0.5526881718750001 0.4816753921875 0.5758064515625 0.480628271875 0.5887096781250001 0.4827225125 0.5973118281249999 0.47958115156250003 0.604838709375 0.48115183281249996 0.6145161296875 0.47853403125 0.6155913984375 0.4769633515625 0.5747311828125 0.4709424078125 0.5731182796875001 0.4544502625 0.5887096781250001 0.454973821875 0.603763440625 0.4589005234375 0.6010752687500001 0.46125654374999997 0.6134408609374999 0.44528795781249997 0.6688172046874999 0.44109947656250004 0.6688172046874999 0.436387434375 0.6602150531250001 0.4117801046875 0.659139784375 0.3955497375 0.643010753125 0.3926701578125 0.6370967734375 0.3931937171875 0.6263440859375 0.4010471203125 0.602688171875 0.40314136093749997 0.5715053765625 0.39214659687500003 0.55752688125 0.3869109953125 0.5370967734375001 0.3869109953125 0.5220430109375 0.39214659687500003 0.498387096875 0.3997382203125 0.49247311875 0.412303665625 0.49462365625000004 0.42434554999999996 0.51182795625 0.42853403125 0.50860215 0.44031413593749996 0.48333333281249996 0.43900523593749996 0.47741935468749996 0.436387434375 0.4763440859375 0.4259162296875 0.4795698921875 0.4081151828125 0.4763440859375 0.4057591625 0.46827957031249995 0.4081151828125 0.44946236562499997 0.4395287953125 0.44946236562499997 0.44528795781249997 0.43870967812500006 0.44738219843750004 0.43870967812500006 0.45157068125000005 0.44946236562499997 0.4544502625 0.4360215046875 0.45287958125000005 0.41989247343749997 0.4659685859375 0.40913978437500004 0.4680628265625 0.3822580640625 0.4709424078125 0.3709677421875 0.4924083765625 0.350537634375 0.5002617796875 0.347311828125 0.5138743453125 0.350537634375 0.5230366484375 0.33602150468750003 0.5246073296875 0.3220430109375 0.5290575921875 0.31182795625000004 0.5332460734375 0.3107526875 0.5379581156250001 0.31612903281250004 0.5481675390625 0.3392473125 0.535078534375 0.34784946250000004 0.5335078531249999 0.3650537640625 0.5374345546875 0.3731182796875 0.5494764390625 0.3774193546875 0.5814136125 0.37419354843749997 0.58429319375 0.35860215 0.5801047125000001 0.34784946250000004 0.57722513125 0.3215053765625 0.5651832453125001 0.3150537640625 0.5609947640625 0.3 0.5526178015625 0.29892473124999996 0.5342931937500001 0.2838709671875 0.5180628265625 0.2870967734375 0.5143979062499999 0.29462365625000003 0.48664921406249995 0.295698925 0.4740837703125 0.3150537640625 0.4662303671875 0.3193548390625 0.4531413609375 0.3172043015625 0.4518324609375 0.30806451562500003 0.44738219843750004 0.30537634375 0.44659685937500004 0.3145161296875 0.4431937171875 0.3193548390625 0.435078534375 0.3166666671875 0.42984293124999995 0.35215053749999997 0.4274869109375 0.356989246875 0.41701570625000006 0.361290321875 0.4060209421875 0.35161290312500004 0.40418848125 0.34784946250000004 0.40523560156249994 0.3209677421875 0.39005235625 0.3134408609375 0.3895287953125 0.289784946875 0.39162303593750003 0.2811827953125 0.39214659687500003 0.25860215000000003 0.40130889999999997 0.24731182812500002 0.41256544531249995 0.2478494625 0.4198952875 0.2177419359375 0.423560209375 0.189784946875 0.429319371875 0.1854838703125 0.42827225156250004 0.1639784953125 0.43010471250000004 0.156989246875 0.4340314140625 0.16182795625 0.43350785312499995 0.1725806453125 0.43534031406249996 0.1784946234375 0.44267015781249996 0.161290321875 0.4523560203125 0.15537634375 0.4445026171875 0.12956989218749998 0.44397905781249997 0.11881720468750001 0.4340314140625 0.093010753125 0.4287958109375 0.057526881249999995 0.42329842968750003 0.048387096875 0.4159685859375 0.046236559375 0.407853403125 0.07903225781249999 0.4047120421875 0.12096774218749999 0.3924083765625 0.1247311828125 0.39005235625 0.12956989218749998 0.38900523593749997 0.21989247343749999 0.38534031406249997 0.24139784999999997 0.34712041875 0.294086021875 0.3418848171875 0.3145161296875 0.33664921406250004 0.3693548390625 0.3259162296875 0.3892473125 0.3167539265625 0.393010753125 0.312041884375 0.41774193593750003 0.311518325 0.44354838750000003 0.309424084375 0.44032258124999996 0.30732984218750004 0.412365590625 0.30235602031250003 0.40322580625000004 0.296335078125 0.41881720468749994 0.29424083749999996 0.45 0.286387434375 0.46720430156250004 0.2832460734375 0.504838709375 0.27513089062499996 0.48817204375 0.26675392656249997 0.49462365625000004 0.2638743453125 0.500537634375 0.2638743453125 0.508064515625 0.26701570625 0.5166666671875 0.2633507859375 0.5370967734375001 0.252094240625 0.5451612906250001 0.2486911 0.55537634375 0.2476439796875 0.5736559140625 0.2431937171875 0.5752688171875 0.23874345625 0.587634409375 0.239267015625 0.593010753125 0.2431937171875 0.59677419375 0.24921465937499998 0.612365590625 0.2476439796875 0.6715053765625 0.24136125625 0.6768817203124999 0.2513089 0.693010753125 0.2502617796875 0.75752688125 0.26308900468749996 0.761290321875 0.26492146562499996 0.75860215 0.2659685859375 0.7241935484375001 0.276439790625 0.706989246875 0.2774869109375 0.6887096781250001 0.2827225125 0.6704301078125 0.282198953125 0.6564516125 0.2890052359375 0.611290321875 0.2903141359375 0.6064516125 0.2947643984375 0.604838709375 0.2981675390625 0.5892473125000001 0.32120418906250003 0.5817204296875 0.330628271875 0.6053763437499999 0.3452879578125 0.5677419359375 0.35 0.5666666671875 0.3575916234375 0.5768817203125 0.3602094234375 0.601612903125 0.35863874375 0.6198924734375 0.346335078125 0.6526881718750001 0.32984293125 0.6661290328125 0.3287958109375 0.701612903125 0.32565445 0.7209677421875 0.312041884375 0.7338709671875 0.317801046875 0.74892473125 0.31806282656249996 0.761290321875 0.3183246078125 0.75 0.3259162296875 0.743010753125 0.3416230359375 0.741935484375 0.346335078125 0.746236559375 0.3526178015625 0.738709678125 0.3573298421875 0.745161290625 0.373560209375 0.7408602156249999 0.38036649218749996 0.753763440625 0.463612565625 0.7591397843750001 0.46701570625000005 0.75537634375 0.47146596875 0.7322580640624999 0.4824607328125 0.7333333328125 0.4882198953125 0.70967741875 0.4986911 0.7032258062500001 0.506544503125 0.6892473125 0.5102094234375001 0.6881720437500001 0.5206806281249999 0.7043010749999999 0.5452879578125 0.70860215 0.5476439796875 0.7177419359375 0.5481675390625 0.75860215 0.550785340625 0.7682795703124999 0.5429319375 0.789784946875 0.5408376968749999 0.8295698921874999 0.53298429375 0.8629032265625 0.5319371734375 0.9166666671874999 0.5337696328125 0.9236559140624999 0.54581151875 0.9290322578125 0.5531413609375 0.943010753125 0.5602094234375 0.9435483874999999 0.5651832453125001 0.9322580640625 0.59136125625 0.9268817203124999
0 0.512303665625 0.047311828125 0.4994764390625 0.05 0.49895287968749996 0.05860215 0.5013089 0.0645161296875 0.5104712046875 0.06505376406249999 0.5130890046875 0.054301075 0.512303665625 0.047311828125
0 0.490575915625 0.04032258125 0.489267015625 0.0322580640625 0.4861256546875 0.0311827953125 0.48115183281249996 0.04032258125 0.48141361250000003 0.050537634374999994 0.4931937171875 0.054301075 0.49581151874999996 0.04892473125 0.490575915625 0.04032258125
0 0.5311518328125 0.0290322578125 0.52722513125 0.0327956984375 0.5295811515625 0.048387096875 0.5460732984375001 0.04892473125 0.5447643984375 0.038709678125 0.5311518328125 0.0290322578125
0 0.6196335078125 0 0.5984293187499999 0.000537634375 0.6081151828125 0.0204301078125 0.6096858640625 0.0161290328125 0.6133507859375 0.0161290328125 0.6162303671875 0.0231182796875 0.6209424078125 0.009139784375 0.6196335078125 0
0 0.5767015703125 0 0.571989528125 0.004301075 0.5717277484375 0.028494623437499998 0.5688481671875001 0.038709678125 0.5657068062499999 0.0311827953125 0.5544502625 0.0327956984375 0.5523560203125 0.04892473125 0.553403140625 0.0704301078125 0.5568062828125 0.0741935484375 0.569109946875 0.07473118281249999 0.5740837703125 0.0666666671875 0.5811518328124999 0.06505376406249999 0.582198953125 0.0478494625 0.5869109953125 0.0392473125 0.5874345546875 0.0231182796875 0.5910994765625001 0.008064515625000001 0.5892670156250001 0 0.5767015703125 0
0 0.5374345546875 0.4021505375 0.5206806281249999 0.4021505375 0.5180628265625 0.38817204375 0.5109947640625 0.411290321875 0.5107329843749999 0.4279569890625 0.5397905765625 0.4295698921875 0.54136125625 0.41881720468749994 0.5374345546875 0.4021505375
0 0.86125654375 0.805913978125 0.85 0.79462365625 0.8410994765625001 0.7741935484375 0.83429319375 0.7720430109375 0.8274869109375 0.79032258125 0.820680628125 0.79462365625 0.8167539265625001 0.805913978125 0.819371728125 0.8295698921874999 0.8238219890625 0.8365591390624999 0.8633507859374999 0.8392473125000001 0.8685863875000001 0.8306451609375 0.86125654375 0.805913978125
0 0.9688481671875 1 0.9717277484375 0.9908602156249999 0.9725130890625 0.9731182796875 0.9882198953125 0.9720430109375 0.9916230359375 0.9994623656250001 1 1 0.9997382203124999 0.8688172046875 0.959424084375 0.8731182796875 0.953664921875 0.8827956984374999 0.9416230359375 0.8924731187500001 0.9301047125 0.9193548390625 0.842146596875 0.9365591390624999 0.835863875 0.943010753125 0.832198953125 0.9365591390624999 0.82853403125 0.9365591390624999 0.8251308906249999 0.9413978500000001 0.82565445 0.9564516125000001 0.8238219890625 0.9612903218750001 0.810732984375 0.962365590625 0.8089005234375 0.9661290328125001 0.8081151828124999 0.9849462359375 0.8057591625 0.9822580640625 0.8062827218749999 0.9672043015625 0.8044502625 0.9645161296874999 0.7837696328125 0.9672043015625 0.7895287953125 0.9908602156249999 0.7955497375 0.9956989249999999 0.8081151828124999 0.9935483875 0.8269633515624999 1 0.8442408374999999 0.99892473125 0.8445026171875 0.9650537640625 0.8479057593749999 0.959139784375 0.8939790578125001 0.9580645156250001 0.899214659375 0.947311828125 0.9044502624999999 0.956989246875 0.946335078125 0.9548387093749999 0.9497382203125 0.9650537640625 0.9523560203124999 0.996236559375 0.9568062828125001 1 0.9688481671875 1
0 0.8625654453125 0.640860215625 0.864921465625 0.6284946234375 0.8044502625 0.6311827953125 0.8002617796875 0.6150537640625 0.7955497375 0.6204301078125 0.79581151875 0.6284946234375 0.7924083765625001 0.6311827953125 0.787696334375 0.6258064515624999 0.7767015703125 0.6354838703125 0.7675392671875 0.6370967734375 0.7882198953125 0.640860215625 0.796596859375 0.659139784375 0.8023560203125 0.654838709375 0.8044502625 0.646236559375 0.820680628125 0.643010753125 0.8295811515624999 0.6526881718750001 0.8319371734375001 0.6596774187500001 0.837958115625 0.640860215625 0.8625654453125 0.640860215625
0 0.9924083765624999 0.459139784375 0.980890053125 0.4344086015625 0.976439790625 0.43817204375 0.9732984296874999 0.41881720468749994 0.96570680625 0.40107526875 0.960732984375 0.400537634375 0.9591623031250001 0.38763440937500004 0.9539267015625 0.3715053765625 0.9337696328125 0.32688172031249996 0.9277486906249999 0.3198924734375 0.9259162296874999 0.30645161249999997 0.9217277484374999 0.30645161249999997 0.9089005234374999 0.289784946875 0.903664921875 0.2661290328125 0.9023560203125 0.248387096875 0.8981675390625 0.24731182812500002 0.8903141359375001 0.2322580640625 0.8816753921875 0.2274193546875 0.8790575921875 0.196236559375 0.8706806281249999 0.16935483906249998 0.8625654453125 0.153763440625 0.8473821984375001 0.14731182812500002 0.840837696875 0.13709677343749999 0.8392670156250001 0.097311828125 0.8418848171875 0.088709678125 0.83560209375 0.0725806453125 0.8340314140625 0.057526881249999995 0.8303664921875 0.04892473125 0.829319371875 0.002688171875 0.7981675390625 0 0.796335078125 0.0198924734375 0.8010471203125 0.08978494687500001 0.8068062828125001 0.10376344062500001 0.807853403125 0.1145161296875 0.8125654453125 0.1284946234375 0.81570680625 0.1650537640625 0.8204188484375001 0.15752688125 0.821989528125 0.12956989218749998 0.8264397906250001 0.1290322578125 0.8287958109375 0.14247311875 0.8277486906249999 0.15752688125 0.8303664921875 0.16182795625 0.8277486906249999 0.187634409375 0.830628271875 0.19462365625 0.8319371734375001 0.16182795625 0.8348167546875 0.15806451562499998 0.8382198953125 0.1607526875 0.840837696875 0.23387096718749997 0.85 0.249462365625 0.8667539265625 0.251612903125 0.8730366484375001 0.258064515625 0.87015706875 0.26720430156249997 0.8748691093750001 0.2629032265625 0.876439790625 0.298387096875 0.8832460734375 0.306989246875 0.886387434375 0.3252688171875 0.8897905765624999 0.3290322578125 0.8916230359374999 0.3231182796875 0.8921465968750001 0.298387096875 0.8945026171875 0.29032258125 0.8984293187500001 0.291935484375 0.897905759375 0.36290322656249996 0.9013089000000001 0.3655913984375 0.9094240843750001 0.3854838703125 0.911518325 0.394086021875 0.9104712046874999 0.40268817187500006 0.9130890046875001 0.406989246875 0.9146596859375 0.41881720468749994 0.9185863875000001 0.4268817203125 0.929319371875 0.4349462359375 0.930890053125 0.445698925 0.9350785343749999 0.4521505375 0.9345549734375 0.45860215000000004 0.9395287953125001 0.462365590625 0.9565445031250001 0.499462365625 0.9573298421875001 0.50967741875 0.9638743453125 0.5155913984375 0.9651832453125 0.5268817203125 0.969109946875 0.5274193546875 0.9730366484375 0.550537634375 0.9774869109375001 0.4779569890625 0.9803664921875 0.47419354843750006 0.9853403140625 0.48333333281249996 0.982198953125 0.500537634375 0.9827225125 0.5252688171875 0.9801047125 0.5317204296875 0.9816753921875 0.54032258125 0.9801047125 0.5456989250000001 0.9806282718749999 0.5725806453125 0.9853403140625 0.5779569890625 0.9866492140625001 0.5903225812499999 1 0.603763440625 0.9989528796875 0.46720430156250004 0.9924083765624999 0.459139784375
0 0.49005235625 0.805913978125 0.48848167499999995 0.7833333328125 0.48298429374999996 0.7666666671875 0.467801046875 0.761290321875 0.4060209421875 0.756989246875 0.3814136125 0.756989246875 0.37853403124999996 0.7650537640625 0.3832460734375 0.8134408609375001 0.38560209375 0.8193548390625001 0.4753926703125 0.8274193546875 0.483507853125 0.8247311828124999 0.49005235625 0.805913978125