1 0.615625 0.64453125 0.10546875 0.10859375
1 0.81640625 0.60625 0.08671875 0.10234375
1 0.9453125 0.73671875 0.10625 0.10234375
1 0.8953125 0.59765625 0.09140625 0.1046875
1 0.82734375 0.534375 0.075 0.0796875
1 0.77265625 0.48828125 0.05390625 0.0609375
1 0.6171875 0.50703125 0.08828125 0.0734375
1 0.52734375 0.52109375 0.09765625 0.07265625
1 0.2109375 0.5515625 0.08515625 0.06953125
1 0.32578125 0.53828125 0.1015625 0.08515625
1 0.33359375 0.45546875 0.05703125 0.05078125
1 0.21875 0.47109375 0.1 0.0625
1 0.07734375 0.484375 0.1 0.0796875
1 0.65234375 0.3890625 0.07109375 0.05625
1 0.75546875 0.4109375 0.0484375 0.04140625
1 0.90234375 0.4875 0.06796875 0.04609375
1 0.8265625 0.40390625 0.06328125 0.0625
1 0.40234375 0.37265625 0.0453125 0.04609375
1 0.225 0.36640625 0.0421875 0.06796875
1 0.1625 0.3859375 0.08046875 0.05625
0 0.7421383640625 0.9844290656249999 0.7287735843750001 0.9607843140625001 0.7083333328125 0.9377162625000001 0.6915618453125 0.9123414078125001 0.6732180296875 0.8754325265625 0.6606394124999999 0.8615916953125 0.656446540625 0.8523644750000001 0.6417714890624999 0.8558246828125 0.640985325 0.8460207609375001 0.6276205453125 0.8292964250000001 0.6171383640625 0.8016147640625 0.59879455 0.78662053125 0.588836478125 0.7635524796875 0.569968553125 0.7543252593750001 0.5568658281250001 0.73587081875 0.53380503125 0.7208765859375 0.528563940625 0.705882353125 0.507075471875 0.6782006921875 0.48663522031250006 0.643598615625 0.47143605937500005 0.632064590625 0.4557127875 0.6470588234375 0.444182390625 0.643598615625 0.44287211718749997 0.6372549015625 0.44470649843750004 0.632064590625 0.45414046093750005 0.6228373703125001 0.4635744234375 0.620530565625 0.46593291406250004 0.6153402531250001 0.4648846953125 0.598039215625 0.458071278125 0.5622837374999999 0.45518867968750004 0.5570934249999999 0.4363207546875 0.56516724375 0.4237421390625 0.5605536328125 0.420073375 0.5743944640625 0.415880503125 0.575547865625 0.39229559687500004 0.5732410609375 0.369758909375 0.5778546718750001 0.361897275 0.5732410609375 0.3451257859375 0.5732410609375 0.3414570234375 0.5778546718750001 0.3267819703125 0.5732410609375 0.31787211718749997 0.5905420984374999 0.3110587 0.59400230625 0.302148846875 0.5905420984374999 0.2906184484375 0.5997693187500001 0.28668763125 0.5957324109375 0.2853773578125 0.5870818921875001 0.265985325 0.5813148781249999 0.23558700156249998 0.5963091125 0.21933962187499997 0.595155709375 0.19365828125 0.6055363328125 0.1873689734375 0.6101499421875001 0.1810796640625 0.6239907734375 0.1763626828125 0.6239907734375 0.1685010484375 0.6228373703125001 0.16457023125 0.6153402531250001 0.164046121875 0.6049596312500001 0.15880503125 0.5957324109375 0.15880503125 0.578431371875 0.162997903125 0.5530565171874999 0.15697065 0.5351787781249999 0.1543501046875 0.5444059984375 0.1483228515625 0.549596309375 0.145178196875 0.574971165625 0.145178196875 0.5807381781250001 0.1514675046875 0.5911188 0.1496331234375 0.602076125 0.137578615625 0.5974625140625001 0.13128930781249998 0.61361015 0.11032494687500001 0.6286043828125 0.0993186578125 0.6239907734375 0.079926625 0.6309111875 0.058962264062500006 0.6274509796875 0.051100629687499996 0.6401384078125 0.043238993749999996 0.643598615625 0.026991614062500002 0.6412918109375 0.020178196875000002 0.6482122265625 0 0.652249134375 0.0002620546875 0.995386390625 0.3084381546875 0.995386390625 0.315251571875 0.9942329875 0.31813417187500004 0.9763552484375 0.324161425 0.9677047296874999 0.5374737953125 0.970011534375 0.5563417187499999 0.9734717421875001 0.5607966453125 0.9925028828125001 0.5642033546875 0.995386390625 0.731132075 0.9948096890624999 0.7408280921875 0.993079584375 0.7421383640625 0.9844290656249999
0 0.9905660375 0.5968858125 0.9889937109375 0.5876585921874999 0.9730083859375 0.5813148781249999 0.96619496875 0.5870818921875001 0.9643605875000001 0.6049596312500001 0.9732704406250001 0.61072664375 0.9876834375 0.602076125 0.9905660375 0.5968858125
0 0.30634171875 0.4036908875 0.3094863734375 0.393310265625 0.31813417187500004 0.3800461359375 0.3147274640625 0.37370242187499997 0.2958595390625 0.3760092265625 0.294549265625 0.3811995390625 0.29612159375 0.38927335625000004 0.29009433906250004 0.3910034609375 0.28825995781249997 0.3973471734375 0.2887840671875 0.40542099218749994 0.2924528296875 0.40657439375 0.302148846875 0.4013840828125 0.30634171875 0.4036908875
0 0.151729559375 0.47981545625 0.153563940625 0.4665513265625 0.12395178124999999 0.46597462500000003 0.1247379453125 0.48269896250000005 0.13128930781249998 0.48673587031250004 0.1378406703125 0.4976931953125 0.1443920328125 0.4832756625 0.151729559375 0.47981545625
0 0.199161425 0.41695501718749994 0.20964360625 0.40657439375 0.20780922500000001 0.4025374859375 0.20047169843749998 0.4025374859375 0.18527253593749998 0.40945790156250006 0.18291404687499999 0.41464821250000006 0.18448637343750002 0.43886966562499996 0.1892033546875 0.443483275 0.19732704375000001 0.441753171875 0.199161425 0.41695501718749994
0 0.422955975 0.29469434843750003 0.4127358484375 0.282583621875 0.39229559687500004 0.28027681718749997 0.38653039843750003 0.27335640156249996 0.37997903593750004 0.2762399078125 0.37997903593750004 0.28662053125 0.38233752656250003 0.2918108421875 0.39229559687500004 0.29065743906249997 0.4043501046875 0.3044982703125 0.4156184484375 0.3073817765625 0.42164570156250003 0.3044982703125 0.422955975 0.29469434843750003
0 0.2775157234375 0.4394463671875 0.27620545 0.43194925 0.28092243125 0.40426758906250004 0.27908805000000003 0.399077278125 0.27070230624999997 0.399077278125 0.268867925 0.40426758906250004 0.2693920328125 0.42848904218749995 0.264675053125 0.443483275 0.2651991609375 0.45271049531249996 0.27489517812500003 0.4821222609375 0.291928721875 0.48269896250000005 0.2971698109375 0.44925028906250003 0.2775157234375 0.4394463671875
0 0.5951257859375 0.393310265625 0.6050838578125 0.404844290625 0.6105870015625 0.3985005765625 0.6105870015625 0.38811995312500003 0.607704403125 0.37831603281250004 0.5998427671875 0.37946943437499997 0.5961740046874999 0.374855825 0.542714884375 0.367935409375 0.54035639375 0.3754325265625 0.54035639375 0.382352940625 0.5484800843750001 0.3921568625 0.553197065625 0.40830449843750005 0.5689203359375 0.404844290625 0.577568134375 0.407727796875 0.58831236875 0.393310265625 0.5951257859375 0.393310265625
0 0.9237421390625 0.5444059984375 0.9261006296875 0.538062284375 0.927148846875 0.5265282578125 0.924266246875 0.51441753125 0.8907232703125001 0.5132641296875 0.8666142562499999 0.49942329843750005 0.8629454921875 0.49134948125 0.859538784375 0.49307958437500005 0.8626834375 0.5092272203125 0.8605870015624999 0.5288350640624999 0.8629454921875 0.538638984375 0.8770964359375 0.5478662046875 0.9069706500000001 0.5501730109375 0.9103773578125001 0.56805075 0.9158805031249999 0.5501730109375 0.9237421390625 0.5444059984375
0 0 0.4861591703125 0.008909853125 0.4861591703125 0.015461215625 0.484429065625 0.0191299796875 0.478662053125 0.020964360937500003 0.4607843140625 0.028563940625 0.44636678124999996 0.03380503125 0.442906575 0.056865828125 0.44059976875 0.074685534375 0.44405997656249996 0.0783542984375 0.4509803921875 0.11399371093749999 0.4509803921875 0.12159329062499999 0.41464821250000006 0.11844863750000001 0.40657439375 0.11818658281250001 0.39561707031250004 0.11792452812500001 0.40657439375 0.11294549218750001 0.42099192656250006 0.10613207499999999 0.42214532812499994 0.101939203125 0.416378315625 0.09407756874999999 0.36678200625 0.0552935015625 0.362168396875 0.055031446875 0.370818915625 0.0602725359375 0.3788927328125 0.0602725359375 0.3973471734375 0.0500524109375 0.4152249140625 0.03957023125 0.42214532812499994 0.02437106875 0.42445213437499996 0.0055031453125 0.4256055359375 0 0.421568628125 0 0.4861591703125
0 0.47641509375 0.43079584843749996 0.47484276718749996 0.41580161406249994 0.488207546875 0.404844290625 0.49895178125 0.3869665515625 0.4871593296875 0.37716262968750003 0.48349056562500003 0.3529411765625 0.47248427656249997 0.3471741640625 0.46042976874999997 0.3241061125 0.4426100625 0.3241061125 0.4368448640625 0.3206459046875 0.43527253593750004 0.3102652828125 0.4344863734375 0.333910034375 0.42348008437500007 0.3558246828125 0.422431865625 0.3731257203125 0.4237421390625 0.37831603281250004 0.42845911875000003 0.3633218 0.4418239 0.38927335625000004 0.4439203359375 0.45271049531249996 0.4593815515625 0.472895040625 0.4672431859375 0.45559400156249996 0.47353249531249997 0.472895040625 0.4842767296875 0.475778546875 0.4832285109375 0.444636678125 0.47641509375 0.43079584843749996
0 0.8440775687500001 0.48673587031250004 0.84879455 0.4832756625 0.8550838578125 0.48558246875 0.86006289375 0.47693195 0.8605870015624999 0.44925028906250003 0.8461740046875 0.44405997656249996 0.8362159328125 0.41983852343750006 0.797955975 0.40945790156250006 0.792190775 0.3910034609375 0.7843291406249999 0.3910034609375 0.77620545 0.3973471734375 0.782494759375 0.40542099218749994 0.781446540625 0.43194925 0.780660378125 0.43598615937499996 0.7722746328125 0.4382929640625 0.7308700203125 0.4256055359375 0.7140985328125 0.40715109531250004 0.7099056609375001 0.40715109531250004 0.706236896875 0.418685121875 0.7004716984375 0.42214532812499994 0.6889413 0.41983852343750006 0.6816037734375 0.40830449843750005 0.641509434375 0.41464821250000006 0.643343815625 0.42099192656250006 0.6585429765625 0.4256055359375 0.6732180296875 0.44059976875 0.68789308125 0.44059976875 0.7051886796875 0.44867358749999997 0.7219601671875 0.442906575 0.72379455 0.45847750937500004 0.7353249468749999 0.4780853515625 0.736373165625 0.4919261828125 0.7444968546874999 0.49942329843750005 0.7479035640625 0.49538639062499995 0.752358490625 0.478662053125 0.766509434375 0.4682814296875 0.780660378125 0.464821221875 0.802148846875 0.4821222609375 0.8047693921875 0.4925028828125 0.81210691875 0.4948096890625 0.8294025156249999 0.5109573234375 0.8370020968749999 0.5103806234375 0.8380503140625001 0.498846596875 0.8440775687500001 0.48673587031250004
0 0.824161425 0.6539792390625 0.8084381546875001 0.6355247984375 0.80345911875 0.6384083046875 0.8084381546875001 0.6597462515625 0.8244234796875001 0.6672433671875 0.8307127875000001 0.6568627453125 0.824161425 0.6539792390625
0 1 0.67301038125 0.9997379453124999 0.64475201875 0.984538784375 0.6412918109375 0.98296645625 0.6482122265625 0.9724842765625 0.6482122265625 0.9648846953125 0.6557093421875 0.9711740046875 0.6695501734375 0.9748427671875 0.6868512109375 0.981656184375 0.6937716265625 0.98506289375 0.6770472890625 1 0.67301038125
0 0.75 0.48039215625000004 0.7442348015625 0.47116493593750003 0.7431865828124999 0.444636678125 0.7376834375 0.44521337968749997 0.733490565625 0.4267589390625 0.7245807125 0.42214532812499994 0.719339621875 0.41061130312499994 0.71042976875 0.40830449843750005 0.706236896875 0.42099192656250006 0.6988993703124999 0.42445213437499996 0.68789308125 0.41983852343750006 0.680031446875 0.40830449843750005 0.670597484375 0.4129181078125 0.6580188671875 0.41061130312499994 0.6425576515625 0.41464821250000006 0.6454402515625 0.41983852343750006 0.651729559375 0.416378315625 0.6726939203125 0.4394463671875 0.6915618453125 0.44059976875 0.7093815515624999 0.45213379531250003 0.7219601671875 0.4394463671875 0.7243186578125 0.443483275 0.7248427671875 0.45847750937500004 0.7295597484375 0.4665513265625 0.7290356390625 0.47462514375 0.7348008390625 0.4838523640625 0.7308700203125 0.495963090625 0.7190775687500001 0.501153403125 0.7261530390625001 0.504036909375 0.7418763109375 0.49942329843750005 0.7458071281249999 0.506920415625 0.74895178125 0.4976931953125 0.75 0.48039215625000004
0 0.896226415625 0.6822376015625 0.8957023062499999 0.691464821875 0.8980607968750001 0.6955017296875 0.9216457015625 0.693194925 0.9331761000000001 0.6839677046875 0.9308176093749999 0.6753171859375 0.9329140468749999 0.654555940625 0.9179769390624999 0.6459054203125 0.9137840671875 0.651672434375 0.90225366875 0.65051903125 0.8629454921875 0.6228373703125001 0.8584905656249999 0.6626297578125 0.8574423484375 0.70184544375 0.8812893078125 0.70703575625 0.8867924531250001 0.7122260671875 0.8928197062500001 0.6793540953125 0.896226415625 0.6822376015625
0 0.79690775625 0.6297577859375 0.7722746328125 0.6101499421875001 0.768343815625 0.5968858125 0.7704402515625 0.5876585921874999 0.7691299796875 0.5847750859375 0.7497379453125 0.5813148781249999 0.720387840625 0.552479815625 0.7140985328125 0.552479815625 0.7117400421875 0.543829296875 0.7112159328125001 0.52537485625 0.7143605875000001 0.512687428125 0.718553459375 0.5092272203125 0.7177672953124999 0.504036909375 0.696016771875 0.511534025 0.694968553125 0.5265282578125 0.691299790625 0.535755478125 0.6923480078125 0.54844290625 0.68789308125 0.5628604390625 0.710953878125 0.5870818921875001 0.7219601671875 0.6043829296875 0.729821803125 0.6055363328125 0.7379454921875 0.6141868515625 0.7371593296875 0.6193771625 0.7256289312499999 0.6170703578125 0.7243186578125 0.62226066875 0.7266771484375 0.6309111875 0.73506289375 0.632064590625 0.7371593296875 0.625144175 0.74240041875 0.63898500625 0.7455450734375 0.6159169546875 0.7479035640625 0.6245674734375 0.7473794546875 0.658016146875 0.7492138359375 0.6655132640625 0.7531446546875 0.6637831609375 0.75759958125 0.643598615625 0.761792453125 0.6424452140625 0.765985325 0.65051903125 0.768343815625 0.647635525 0.768343815625 0.6384083046875 0.7712264156249999 0.637831603125 0.78197065 0.647635525 0.78013626875 0.655132640625 0.7769916140625 0.657439446875 0.7733228515625 0.649365628125 0.7714884703125 0.652249134375 0.7727987421875 0.668973471875 0.7798742140625 0.6683967703125 0.790880503125 0.6637831609375 0.79690775625 0.6297577859375