1 0.5765625 0.8 0.240625 0.3265625
1 0.76015625 0.6734375 0.171875 0.25234375
1 0.8640625 0.61875 0.15859375 0.1984375
1 0.49375 0.52734375 0.1671875 0.2125
1 0.621875 0.4328125 0.14921875 0.184375
1 0.07109375 0.22578125 0.14140625 0.125
1 0.16484375 0.18125 0.09609375 0.09375
1 0.26875 0.11171875 0.2203125 0.15234375
1 0.05390625 0.37734375 0.1078125 0.1296875
1 0.209375 0.38984375 0.14296875 0.21875
1 0.16328125 0.6640625 0.32578125 0.36640625
1 0.4109375 0.4078125 0.1234375 0.140625
1 0.5265625 0.3453125 0.059375 0.1046875
1 0.54296875 0.25 0.0734375 0.09609375
1 0.5890625 0.15703125 0.0359375 0.07421875
1 0.68671875 0.21015625 0.075 0.08984375
1 0.77734375 0.41015625 0.15234375 0.15859375
1 0.8734375 0.321875 0.14453125 0.14140625
1 0.4625 0.19453125 0.0609375 0.08984375
1 0.36875 0.19453125 0.0921875 0.1265625
1 0.05703125 0.0953125 0.05078125 0.08515625
0 0.75444560625 0.33441208125 0.7562761499999999 0.3241639703125 0.7505230125 0.2939590078125 0.74450836875 0.2901833875 0.7319560671875001 0.29665587968749996 0.711558578125 0.28694714062500004 0.7086820078125 0.2831715203125 0.7063284515625 0.2502696875 0.6859309625 0.25458468125 0.6728556484375 0.24811219062499998 0.6715481171875 0.252966559375 0.6741631796875 0.266990290625 0.6859309625 0.2718446609375 0.6961297078124999 0.2961165046875 0.7024058578125 0.32200647187500003 0.6997907953125 0.3468176921875 0.7058054390625 0.3559870546875 0.718096234375 0.35544768125 0.74607740625 0.34519956875 0.75444560625 0.33441208125
0 0.62996861875 0.62459546875 0.6393828453125 0.61488673125 0.655596234375 0.6138079828125 0.660826359375 0.6084142390625 0.6759937234375 0.60517799375 0.6864539749999999 0.5900755125 0.7010983265624999 0.597626753125 0.7282949796875 0.592233009375 0.7316945609375 0.5690399140625 0.7379707109375 0.5507011859375 0.7343096234375001 0.53451995625 0.7285564859375 0.5258899671874999 0.7272489546875 0.5167206046875 0.713127615625 0.5102481125 0.7034518828125 0.49460625625 0.7029288703125001 0.480582525 0.712343096875 0.46979503749999996 0.7058054390625 0.459546925 0.7008368203125 0.462243796875 0.6990062765625 0.48004315000000003 0.68540795 0.477885653125 0.658734309375 0.48220064687499997 0.6550732218750001 0.48543689375000004 0.651412134375 0.497303128125 0.6357217578125 0.500539375 0.62526150625 0.5113268609375 0.6234309625 0.5161812296875 0.6239539749999999 0.5258899671874999 0.6317991625 0.537756203125 0.6328451890625 0.5528586843750001 0.61846234375 0.5717367859375 0.6048640171875 0.5782092765625 0.6019874484375001 0.5841423953125 0.5978033468749999 0.5992448765625 0.599372384375 0.6262135921875001 0.6043410046875 0.6386192015625001 0.6093096234375001 0.640237325 0.6148012546875 0.6289104640625001 0.62996861875 0.62459546875
0 0.16448744843750002 0 0.156380753125 0.00485436875 0.155857740625 0.009169364062500001 0.162133890625 0.017799353125 0.153504184375 0.03451995625 0.14095188281249998 0.03451995625 0.1307531375 0.024271845312500002 0.12813807500000002 0.0156418546875 0.12735355625 0 0.1100941421875 0.0043149953125 0.101464434375 0.0156418546875 0.1019874484375 0.024271845312500002 0.1066945609375 0.0318230859375 0.1059100421875 0.045307443749999995 0.086558578125 0.052858684375 0.0794979078125 0.05987055 0.0810669453125 0.087918015625 0.0836820078125 0.09978424999999999 0.0826359828125 0.12135922343750001 0.0708682015625 0.13160733593750001 0.05622385 0.1337648328125 0.0452405859375 0.1413160734375 0.0392259421875 0.14077669843750001 0.036610878125 0.1256742171875 0.035564853125000004 0.097626753125 0.033734309375 0.0938511328125 0.027981171875 0.08522114374999999 0.015951882812500002 0.0895361375 0.011767782812499999 0.07335490781250001 0.00026150625000000003 0.066882415625 0 0.1839266453125 0.0041841000000000005 0.18500539375 0.0222280328125 0.1736785328125 0.06354602499999999 0.1596548 0.0719142265625 0.162891046875 0.0750523015625 0.15857605156250001 0.09388075312500001 0.1715210359375 0.10329497968750001 0.17044228749999998 0.1019874484375 0.162351671875 0.1087866109375 0.147249190625 0.1066945609375 0.1299892125 0.1106171546875 0.097087378125 0.1451359828125 0.0960086296875 0.1770397484375 0.060409924999999996 0.21783472812500002 0.056094929687499996 0.2296025109375 0.040453075 0.22907949843750003 0.032901834375 0.2332635984375 0.023193095312500002 0.23378661093750003 0.009169364062500001 0.2319560671875 0.0032362453125000003 0.22620292812499998 0 0.16448744843750002 0
0 0.30700836875 0.3435814453125 0.30622384999999996 0.3387270765625 0.2996861921875 0.332793959375 0.2996861921875 0.32524271875 0.30491631875 0.31553398125 0.30648535625 0.2896440125 0.337081590625 0.2718446609375 0.345449790625 0.2718446609375 0.3525104609375 0.25943905 0.345972803125 0.25458468125 0.3297594140625 0.2556634296875 0.3253138078125 0.24110032343749999 0.3268828453125 0.1968716296875 0.3347280328125 0.18500539375 0.336820084375 0.1709816609375 0.342050209375 0.162351671875 0.339173640625 0.15641855468750002 0.3255753140625 0.1542610578125 0.3161610875 0.15749730312500002 0.29262552343750003 0.176914778125 0.2669979078125 0.187702265625 0.2633368203125 0.19633225468749999 0.25496861875 0.19741100312499998 0.24607740625000002 0.2060409921875 0.22358786562500002 0.2081984890625 0.20371338906249997 0.2038834953125 0.18122385000000002 0.21898597656250002 0.156642259375 0.220064725 0.1461820078125 0.22653721718750003 0.1414748953125 0.22545846875 0.1427824265625 0.2443365703125 0.1399058578125 0.2535059328125 0.100679915625 0.27508090625000003 0.10120292812500001 0.2837108953125 0.097541840625 0.2837108953125 0.097280334375 0.27562028125000004 0.094403765625 0.2740021578125 0.089173640625 0.28478964375000004 0.033734309375 0.29557713125 0 0.306903990625 0.00026150625000000003 0.35382955781250003 0.05622385 0.3333333328125 0.0666841 0.32470334375 0.090742678125 0.32038835 0.099895396875 0.32524271875 0.10329497968750001 0.3484358140625 0.12944560624999998 0.35382955781250003 0.1341527203125 0.36138079843750004 0.1375523015625 0.34789644062499997 0.1359832640625 0.292880259375 0.157688284375 0.2858683921875 0.1650104609375 0.25458468125 0.1770397484375 0.2491909390625 0.1838389125 0.2556634296875 0.18828451875000002 0.27346278281249997 0.20005230156249998 0.2891046390625 0.211820084375 0.32200647187500003 0.21678870312499998 0.3236245953125 0.219926778125 0.3333333328125 0.22254184062500001 0.32470334375 0.2314330546875 0.31283710937500003 0.2392782421875 0.31499460625000003 0.25496861875 0.3290183390625 0.2601987453125 0.34519956875 0.280073221875 0.347357065625 0.2936715484375 0.3559870546875 0.2978556484375 0.3667745421875 0.3043933046875 0.367313915625 0.30753138125 0.3640776703125 0.30700836875 0.3435814453125
0 0.344926778125 0.97518878125 0.349895396875 0.9757281546875 0.3561715484375 0.9552319312499999 0.3538179921875 0.9503775624999999 0.345449790625 0.9525350593749999 0.341788703125 0.9590075515625 0.338650628125 0.9536138078124999 0.3297594140625 0.9536138078124999 0.3284518828125 0.9552319312499999 0.3302824265625 0.9590075515625 0.339435146875 0.9627831718750001 0.3281903765625 0.9654800437500001 0.3255753140625 0.9708737859375001 0.32296025156249997 0.9665587921875 0.3125 0.9644012937499999 0.30962343125 0.9552319312499999 0.31066945625 0.9466019421875 0.30753138125 0.9390507015624999 0.3255753140625 0.93527508125 0.3569560671875 0.937432578125 0.3593096234375 0.9314994609375 0.3593096234375 0.9131607328125 0.3561715484375 0.8894282625000001 0.3321129703125 0.8063646171875 0.313546025 0.787486515625 0.30596234375 0.7707659109375 0.2996861921875 0.7459546921875 0.282688284375 0.7206041 0.2722280328125 0.7216828484375 0.25026150625 0.7313915859375 0.24660041875 0.7367853296875 0.212604603125 0.7486515640625 0.2010983265625 0.75512405625 0.1990062765625 0.7605178 0.149320084375 0.7810140234375 0.11793933125 0.8015102484375 0.05883891249999999 0.8295577125 0.0543933046875 0.83441208125 0.0557008375 0.8543689328124999 0.046809623437499996 0.8403452 0.0421025109375 0.8392664515625 0 0.8581445515624999 0.00026150625000000003 0.872707659375 0.0222280328125 0.8694714125 0.0473326359375 0.872707659375 0.059361925 0.8683926640624999 0.06877615000000001 0.8737864078124999 0.06746861875 0.8818770218750001 0.0750523015625 0.899676375 0.0747907953125 0.8743257828125 0.0781903765625 0.8683926640624999 0.09335774062499999 0.867313915625 0.094403765625 0.8414239484375001 0.154027196875 0.8403452 0.155334728125 0.8441208203125001 0.152719665625 0.8656957921874999 0.155857740625 0.8700107875 0.157949790625 0.8818770218750001 0.156642259375 0.899676375 0.1775627609375 0.9029126218749999 0.18514644375 0.8980582531250001 0.18514644375 0.8818770218750001 0.1807008375 0.8748651562499999 0.1681485359375 0.8791801515625 0.1650104609375 0.8856526421875 0.159518828125 0.8743257828125 0.161872384375 0.872707659375 0.21574267812499998 0.8716289109375 0.21888075312500002 0.9018338734375 0.2319560671875 0.9029126218749999 0.2343096234375 0.9066882421875 0.23274058593750002 0.9638619203125 0.23561715468750002 0.967637540625 0.29628661093750003 0.9665587921875 0.2983786609375 0.97518878125 0.30203974843750003 0.9687162890625001 0.30622384999999996 0.9741100328125001 0.3098849375 0.967637540625 0.31380753125 0.9843581453124999 0.31773012500000003 0.9881337640625001 0.338912134375 0.9897518875 0.342050209375 0.9865156421875 0.344926778125 0.97518878125
0 0.5177824265625001 0.9886731390625 0.5151673640625 0.9552319312499999 0.5081066953125 0.937432578125 0.5 0.9304207124999999 0.49843096249999996 0.9196332249999999 0.4858786609375 0.8980582531250001 0.47934100468749996 0.8737864078124999 0.47071129687499996 0.8656957921874999 0.46548117187500004 0.8441208203125001 0.45606694531249997 0.8333333328125001 0.45397489531249996 0.82038835 0.44403765625 0.7998921250000001 0.44351464375000005 0.7815533984374999 0.4456066953125 0.7686084140625 0.45815899531250004 0.7502696875 0.4592050203125 0.712513484375 0.461558578125 0.7076591156250001 0.5091527203124999 0.6763754046875 0.5138598328125 0.6763754046875 0.5172594140625 0.6715210359375 0.5167364015625 0.6639697953125 0.50287656875 0.6515641859375 0.5005230125 0.640237325 0.5015690375 0.6208198484375 0.49241631874999997 0.61488673125 0.4898012546875 0.61488673125 0.48483263593750003 0.6262135921875001 0.4824790796875 0.642934196875 0.465742678125 0.6558791796875 0.4516213390625 0.656957928125 0.43854602500000006 0.6483279390625001 0.43200836875000004 0.6391585765625 0.43305439375 0.6154261062499999 0.42468619218750003 0.602481121875 0.4176255234375 0.582524271875 0.40873430937500005 0.572815534375 0.40455020937499997 0.557713053125 0.3951359828125 0.5544768062500001 0.38389121406250004 0.5409924484374999 0.3828451890625 0.5258899671874999 0.3849372390625 0.5183387265625 0.37369246875 0.48004315000000003 0.3627092046875 0.46709816562500006 0.3593096234375 0.4536138078125 0.3553870296875 0.44768069062500004 0.345449790625 0.44012945 0.337081590625 0.44875943906250004 0.3331589953125 0.457928803125 0.3305439328125 0.4816612734375 0.3279288703125 0.4859762671875 0.3268828453125 0.5032362453125 0.3305439328125 0.5097087375 0.30203974843750003 0.5156418546875 0.2975941421875 0.5366774546874999 0.31406903750000004 0.5900755125 0.3250523015625 0.5987055015625 0.337604603125 0.6213592234374999 0.341265690625 0.61488673125 0.345449790625 0.6332254578125001 0.3559100421875 0.6267529671875 0.3663702921875 0.6267529671875 0.37290795 0.6337648328125 0.37264644375 0.6494066875 0.3532949796875 0.66450916875 0.349895396875 0.6736785328125 0.34937238437499996 0.7535059328125 0.34780334687500003 0.7696871625 0.343619246875 0.7772384031249999 0.346234309375 0.7934196328125 0.3577405859375 0.8247033437500001 0.36610878593749996 0.8603020499999999 0.37264644375 0.8705501625000001 0.38415272031250003 0.8640776703125 0.3967050203125 0.8640776703125 0.41370292812500004 0.8905070125 0.4178870296875 0.937971953125 0.41684100468749996 0.9875943906250001 0.4186715484375 0.9956850046874999 0.5109832640625 0.9962243796875001 0.5164748953125 0.9956850046874999 0.5177824265625001 0.9886731390625
0 0.43959205 0.1467098171875 0.4432531375 0.1531823078125 0.4456066953125 0.1483279390625 0.4490062765625 0.1186623515625 0.44456066875 0.12135922343750001 0.43959205 0.140237325 0.43540795 0.13052858750000002 0.4338389125 0.13160733593750001 0.43226987499999997 0.1499460625 0.4280857734375 0.138079828125 0.4239016734375 0.1499460625 0.41971757343749994 0.1488673140625 0.4163179921875 0.1537216828125 0.4178870296875 0.17853290156249998 0.4283472796875 0.17961164999999998 0.43540795 0.1510248109375 0.43959205 0.1467098171875
0 0.3919979078125 0.1531823078125 0.3967050203125 0.152103559375 0.39696652656250003 0.13861920156250002 0.411349371875 0.1197411 0.41474895468749995 0.12243797187500001 0.409780334375 0.1262135921875 0.408995815625 0.13430420781250002 0.41657949843750003 0.1359223296875 0.41919456093749996 0.1132686078125 0.42180962343750006 0.1132686078125 0.42860878593749996 0.1283710890625 0.43200836875000004 0.12459546875000001 0.43200836875000004 0.12028047500000001 0.4252092046875 0.1138079828125 0.43540795 0.1111111109375 0.43906903750000004 0.10463861875 0.4474372390625 0.1035598703125 0.4510983265625 0.117583603125 0.46260460312499996 0.1089536140625 0.4788179921875 0.1089536140625 0.48221757343749994 0.10517799375 0.4788179921875 0.0981661265625 0.474633890625 0.10463861875 0.4474372390625 0.0960086296875 0.4432531375 0.0895361375 0.43645397499999994 0.0960086296875 0.4212866109375 0.1014023734375 0.41684100468749996 0.09439050624999999 0.41736401718750005 0.06526429375000001 0.4144874484375 0.061488673437499995 0.38101464375 0.060409924999999996 0.37813807499999996 0.06526429375000001 0.38389121406250004 0.072815534375 0.39330543906250004 0.10194174687499999 0.3919979078125 0.11542610625000001 0.3846757328125 0.1262135921875 0.37813807499999996 0.1299892125 0.37709205 0.1461704421875 0.37996861875 0.1542610578125 0.3817991625 0.1537216828125 0.3883368203125 0.147788565625 0.3919979078125 0.1531823078125