1 0.14453125 0.6765625 0.04140625 0.059375
1 0.81015625 0.946875 0.08046875 0.10546875
1 0.13984375 0.84609375 0.0421875 0.0765625
1 0.23671875 0.63046875 0.09453125 0.0921875
1 0.76796875 0.05078125 0.03125 0.04921875
1 0.3140625 0.8984375 0.06015625 0.09609375
1 0.0609375 0.546875 0.053125 0.0796875
1 0.13515625 0.42578125 0.07109375 0.06640625
1 0.078125 0.37734375 0.078125 0.10625
1 0.70234375 0.928125 0.0375 0.07734375
1 0.37578125 0.97421875 0.0359375 0.0515625
1 0.20078125 0.9421875 0.046875 0.09609375
1 0.05546875 0.73203125 0.1109375 0.14453125
1 0.16796875 0.575 0.071875 0.0828125
1 0.7703125 0.63984375 0.11015625 0.0625
1 0.27734375 0.759375 0.0625 0.09296875
1 0.253125 0.7078125 0.05546875 0.07421875
1 0.0328125 0.95 0.065625 0.1
1 0.02265625 0.3640625 0.0453125 0.084375
1 0.153125 0.37578125 0.03515625 0.05859375
1 0.853125 0.80859375 0.03359375 0.09296875
0 0.262931034375 0 0.26206896562500004 0.0241031390625 0.264942528125 0.0633408078125 0.26321839062499996 0.08015695 0.2589080453125 0.0896860984375 0.2428160921875 0.0896860984375 0.235344828125 0.08856502187500001 0.22701149375 0.076793721875 0.21609195468750003 0.0263452921875 0.211494253125 0.01737668125 0.210919540625 0.00616591875 0.2071839078125 0 0.1971264375 0.0005605375 0.1954022984375 0.008408071875000001 0.2005747125 0.0330717484375 0.1994252875 0.054372196875 0.20172413749999998 0.0689461890625 0.211494253125 0.08576233125 0.2178160921875 0.1059417046875 0.2198275859375 0.127802690625 0.235919540625 0.1098654703125 0.25143678125 0.099775784375 0.2784482765625 0.10762331875 0.2816091953125 0.0610986546875 0.29454022968750004 0.06278026875 0.30201149374999997 0.05717488750000001 0.311206896875 0.0605381171875 0.3178160921875 0.071188340625 0.3232758625 0.1233183859375 0.33764367812499996 0.1289237671875 0.3416666671875 0.1255605375 0.3451149421875 0.1143497765625 0.34971264375 0.1154708515625 0.3528735625 0.121636771875 0.351149425 0.13508968593749998 0.3439655171875 0.1457399109375 0.312356321875 0.14798206249999998 0.30201149374999997 0.14349775781250002 0.29913793125 0.1547085203125 0.2939655171875 0.1524663671875 0.289942528125 0.1603139015625 0.2795977015625 0.16479820625 0.275 0.1939461890625 0.2715517234375 0.1883408078125 0.2660919546875 0.19338565000000002 0.26695402343749997 0.2197309421875 0.2744252875 0.218609865625 0.2778735625 0.21188340781249998 0.2816091953125 0.219170403125 0.28390804531249997 0.2942825109375 0.286494253125 0.30156950625 0.29109195468750004 0.3026905828125 0.30028735625 0.29484305 0.31034482812499997 0.2763452921875 0.3051724140625 0.26737668124999997 0.3034482765625 0.2494394625 0.30201149374999997 0.246636771875 0.29856321874999997 0.2544843046875 0.2942528734375 0.23598654687499998 0.30258620625 0.2432735421875 0.3068965515625 0.23598654687499998 0.30919540156249997 0.2169282515625 0.3169540234375 0.2152466375 0.326149425 0.2174887890625 0.3324712640625 0.227578475 0.336781609375 0.23710762343749997 0.33735632187500003 0.25504484375 0.34454022968750003 0.26345291406250004 0.35948275937499996 0.26457399062500003 0.361206896875 0.246636771875 0.363793103125 0.2651345296875 0.3672413796875 0.27186098593749997 0.365517240625 0.2830717484375 0.3672413796875 0.30661435 0.3715517234375 0.315022421875 0.38821839062499996 0.31278026875 0.3928160921875 0.3049327359375 0.4048850578125 0.3060538109375 0.40890804531249997 0.3116591921875 0.42212643749999995 0.315022421875 0.42528735624999997 0.30661435 0.42298850625 0.3021300453125 0.42241379375 0.281950671875 0.4298850578125 0.252802690625 0.4310344828125 0.23710762343749997 0.439367815625 0.2230941703125 0.45201149375 0.2230941703125 0.45862068906250003 0.2315022421875 0.46264367812499996 0.252802690625 0.4706896546875 0.2763452921875 0.47844827656250005 0.2858744390625 0.4824712640625 0.2836322875 0.485632184375 0.2909192828125 0.48333333281249996 0.33015695 0.47758620625 0.3368834078125 0.48304597656250003 0.3475336328125 0.4968390796875 0.3452914796875 0.4982758625 0.3402466375 0.49712643749999996 0.32903587500000003 0.5022988500000001 0.3110986546875 0.50086206875 0.3060538109375 0.4939655171875 0.3026905828125 0.49080459843749996 0.2909192828125 0.4913793109375 0.2763452921875 0.49798850625 0.2623318390625 0.5066091953125 0.26457399062500003 0.512643678125 0.275224215625 0.514080459375 0.30044843125 0.52270115 0.2993273546875 0.5261494250000001 0.2881165921875 0.5321839078124999 0.2830717484375 0.534482759375 0.275224215625 0.5336206890625 0.2679372203125 0.5451149421875 0.26345291406250004 0.5448275859375 0.3256726453125 0.5428160921875 0.3307174890625 0.5336206890625 0.332959640625 0.5321839078124999 0.3447309421875 0.5422413796875001 0.36210762343749997 0.561494253125 0.38172645781250003 0.563218390625 0.36827354218749997 0.5695402296875 0.36042600937499997 0.5683908046874999 0.3447309421875 0.5706896546875 0.3368834078125 0.563793103125 0.32903587500000003 0.5689655171875 0.3200672640625 0.5706896546875 0.292040359375 0.57758620625 0.2830717484375 0.5813218390625 0.26681614374999996 0.5956896546875 0.25 0.6089080453125 0.2488789234375 0.614655171875 0.253363228125 0.62241379375 0.26849775781249996 0.6272988500000001 0.2881165921875 0.634482759375 0.275224215625 0.635057471875 0.2662556046875 0.6416666671875 0.258968609375 0.6465517234375 0.26737668124999997 0.6431034484375 0.275224215625 0.6494252875 0.284192825 0.6543103453125 0.2993273546875 0.6583333328125 0.292600896875 0.664655171875 0.2914798203125 0.6712643671875 0.2763452921875 0.6709770109375001 0.2544843046875 0.6669540234375 0.2544843046875 0.660057471875 0.24439461875 0.6514367812499999 0.2544843046875 0.6425287359375 0.2494394625 0.639655171875 0.1978699546875 0.6459770109375 0.1664798203125 0.65229885 0.1575112109375 0.6580459765625 0.13508968593749998 0.664655171875 0.127802690625 0.6701149421875 0.11266816093750001 0.6718390796875 0.088004484375 0.6784482765625001 0.082959640625 0.6824712640625 0.07399103124999999 0.6873563218750001 0.0723094171875 0.688505746875 0.0689461890625 0.684770115625 0.0605381171875 0.7028735625 0.0588565015625 0.7020114937499999 0.0347533625 0.6922413796875 0.048206278125 0.686494253125 0.049327354687500005 0.6824712640625 0.0414798203125 0.6784482765625001 0.04484305 0.6706896546875 0.0330717484375 0.6695402296874999 0.0229820625 0.6554597703125 0 0.6433908046875 0 0.635919540625 0.0067264578125 0.6318965515625 0 0.625 0.0067264578125 0.6175287359375 0 0.5623563218750001 0 0.5531609203125 0.008968609375 0.5422413796875001 0 0.48706896562499996 0 0.4841954015625 0.008968609375 0.47902298906249996 0.0011210765625 0.4698275859375 0.008968609375 0.4658045984375 0.003363228125 0.45258620625 0 0.43591954062499993 0 0.42844827656250006 0.00560538125 0.423850575 0.0011210765625 0.411781609375 0.00560538125 0.4077586203125 0 0.385919540625 0 0.38477011562499996 0.0044843046875 0.37614942500000004 0.00560538125 0.37586206875 0.018497757812499998 0.3732758625 0.0246636765625 0.3712643671875 0.018497757812499998 0.3721264375 0 0.262931034375 0
0 1 0.0016816140625 0.813505746875 0.0011210765625 0.8120689656250001 0.008408071875000001 0.8206896546875001 0.0218609859375 0.82241379375 0.029708520312499997 0.82298850625 0.07343049375 0.840229884375 0.10145739843749998 0.8436781609375 0.110426009375 0.8448275859375001 0.127242153125 0.8531609203125001 0.13677129999999998 0.8603448281249999 0.15302690624999998 0.863793103125 0.17881165937500001 0.8689655171874999 0.1922645734375 0.8695402296875001 0.20683856562499997 0.89856321875 0.23318385625000002 0.9028735625 0.2516816140625 0.9195402296875 0.2763452921875 0.9183908046875 0.28867712968750003 0.912356321875 0.2993273546875 0.9031609203125001 0.303811659375 0.8936781609375 0.3200672640625 0.8954022984375 0.36154708593749996 0.9011494250000001 0.38845291406250004 0.9120689656250001 0.3985426015625 0.9160919546875 0.428811659375 0.9258620687500001 0.465807175 0.948850575 0.4904708515625 0.9505747124999999 0.5016816140625 0.948850575 0.5465246640625 0.9568965515625001 0.5846412562500001 0.9738505749999999 0.5919282515625001 0.9922413796875 0.590807175 0.9977011499999999 0.5992152468749999 1 0.6093049328125 1 0.0016816140625
0 0.12586206875 0.076793721875 0.13103448281250002 0.06221973125 0.14080459843749998 0.054372196875 0.14080459843749998 0.0207399109375 0.1465517234375 0.0095291484375 0.1468390796875 0 0.12241379375000001 0.0005605375 0.1218390796875 0.01737668125 0.1172413796875 0.036434978125 0.1183908046875 0.054372196875 0.11091954062500001 0.0756726453125 0.11264367812500001 0.0891255609375 0.1189655171875 0.09809417031249999 0.12586206875 0.0924887890625 0.12586206875 0.076793721875
0 0.765517240625 0.9871076234375 0.7701149421875 0.9815022421874999 0.7666666671875 0.9321748875000001 0.7741379312500001 0.9220852015625001 0.7744252875 0.900224215625 0.835344828125 0.906950671875 0.84741379375 0.9786995515625 0.85 0.9736547078125 0.85229885 0.94899103125 0.8563218390625 0.9344170406250001 0.8534482765625 0.911995515625 0.8603448281249999 0.9041479828125001 0.863218390625 0.88060538125 0.873850575 0.86995515625 0.888793103125 0.86883408125 0.9077586203125 0.88116591875 0.9178160921874999 0.9019058296875 0.9189655171875 0.9355381171875001 0.9166666671874999 0.9602017937499999 0.9051724140624999 0.980381165625 0.90258620625 0.9955156953125 0.99971264375 0.997757846875 1 0.7516816140625 0.9566091953125 0.742152465625 0.9456896546875001 0.7309417046875 0.9336206890625001 0.7264573984375 0.9186781609375 0.727578475 0.910057471875 0.7062780265625 0.8945402296875 0.70515695 0.8905172406249999 0.69955156875 0.864080459375 0.6894618828125 0.8318965515625001 0.6434977578125001 0.8252873562499999 0.6507847531250001 0.82701149375 0.6586322874999999 0.8198275859375 0.6704035875 0.7997126437500001 0.6692825109375 0.7198275859375001 0.6513452921875 0.714942528125 0.6429372203125 0.7140804593750001 0.63116591875 0.7066091953125 0.6322869953125 0.7037356328125 0.6266816140625 0.6939655171875 0.6255605375 0.6781609203125 0.6350896859375 0.6824712640625 0.64237668125 0.688793103125 0.6412556046875 0.6931034484375 0.6563901343749999 0.6925287359375 0.7662556046875 0.689942528125 0.7746636765625 0.686494253125 0.7769058296875 0.6821839078124999 0.7707399109375 0.6810344828125 0.7606502234375 0.6810344828125 0.670964125 0.6833333328125 0.6463004484375 0.67241379375 0.6362107625 0.6729885062500001 0.6126681609375 0.6709770109375001 0.610986546875 0.6669540234375 0.6143497765625 0.6583333328125 0.6121076234375 0.6548850578125001 0.6345291484375 0.65201149375 0.6177130046875 0.639367815625 0.61883408125 0.6318965515625 0.6322869953125 0.612356321875 0.6289237671875 0.5922413796875 0.6479820625 0.5818965515625 0.6491031390625001 0.5583333328125 0.6636771296874999 0.54856321875 0.6636771296874999 0.5459770109375001 0.6664798203125 0.5451149421875 0.6748878921875 0.5416666671875 0.667040359375 0.535632184375 0.673206278125 0.5448275859375 0.6855381171875 0.5517241375 0.7169282515625001 0.551149425 0.7516816140625 0.5459770109375001 0.76737668125 0.5431034484375 0.7886771296874999 0.5571839078124999 0.8094170406250001 0.565229884375 0.8284753359374999 0.5778735625 0.8374439468749999 0.5922413796875 0.8587443953125 0.59971264375 0.8878923765625 0.610057471875 0.89237668125 0.6158045984375 0.9013452921875 0.62356321875 0.8963004484375 0.6189655171874999 0.877242153125 0.6195402296875 0.866031390625 0.6287356328125 0.8570627796875 0.6310344828125001 0.8424887890624999 0.637356321875 0.83464125625 0.6433908046875 0.8105381171875001 0.6577586203125 0.8071748875000001 0.6698275859375 0.8116591921874999 0.6784482765625001 0.8094170406250001 0.684770115625 0.8049327359375 0.686206896875 0.7942825109375 0.690517240625 0.7903587437499999 0.739942528125 0.8071748875000001 0.8169540234375001 0.8251121078124999 0.8330459765624999 0.8251121078124999 0.834482759375 0.8178251124999999 0.8327586203124999 0.7976457406249999 0.8201149421875 0.6978699546875 0.8215517234374999 0.68161435 0.8301724140625 0.6827354265625 0.8419540234375 0.7572869953125 0.8485632187500001 0.7668161437500001 0.8589080453125 0.772421525 0.8614942531249999 0.7797085203125 0.8706896546875 0.84697309375 0.8675287359375 0.85762331875 0.7962643671875 0.8385650218749999 0.7824712640625 0.8385650218749999 0.75028735625 0.827354259375 0.7336206890625 0.827354259375 0.726149425 0.8217488796874999 0.69770115 0.8189461890624999 0.70229885 0.8234304937499999 0.7091954015625 0.8424887890624999 0.710919540625 0.872757846875 0.713218390625 0.88060538125 0.709770115625 0.8951793718750001 0.7158045984375 0.900224215625 0.7181034484375 0.9136771296875 0.726149425 0.9192825109375 0.7431034484375 0.9501121078124999 0.739655171875 0.99495515625 0.7591954015625 0.9983183859375 0.7683908046875 0.99495515625 0.765517240625 0.9871076234375
0 0.5784482765625001 0.8217488796874999 0.5770114937499999 0.7954035875 0.563218390625 0.78979820625 0.562068965625 0.6743273546874999 0.5646551718749999 0.6692825109375 0.5933908046874999 0.6692825109375 0.60201149375 0.6659192828125 0.6043103453125 0.6603139015624999 0.6077586203124999 0.667040359375 0.6080459765625 0.6597533624999999 0.6031609203125 0.656950671875 0.60201149375 0.6491031390625001 0.5945402296875 0.644618834375 0.5807471265624999 0.644618834375 0.575 0.65358744375 0.563505746875 0.65358744375 0.5571839078124999 0.6603139015624999 0.54856321875 0.6580717484374999 0.5465517234374999 0.65302690625 0.548850575 0.6350896859375 0.5566091953125001 0.6210762328125 0.5767241375000001 0.61995515625 0.5813218390625 0.6132287 0.5928160921875001 0.60762331875 0.5931034484375 0.5846412562500001 0.5801724140625 0.5773542593750001 0.5675287359375 0.58520179375 0.561206896875 0.6020179375 0.5451149421875 0.5975336328124999 0.538218390625 0.6031390140624999 0.52729885 0.6042600890625 0.510344828125 0.5812780265625 0.512643678125 0.5689461890625 0.5206896546875 0.5588565015625 0.5186781609375 0.5549327359375 0.5077586203125 0.5493273546874999 0.49224137968750004 0.55044843125 0.4919540234375 0.5667040359375 0.4793103453125 0.58576233125 0.48275862031249994 0.5992152468749999 0.4816091953125 0.61939461875 0.47672413750000003 0.6289237671875 0.46609195468750003 0.6362107625 0.489367815625 0.6524663671875001 0.5066091953125 0.696188340625 0.511206896875 0.696188340625 0.514655171875 0.68721973125 0.5255747125 0.6748878921875 0.5330459765625 0.6748878921875 0.5433908046875 0.68721973125 0.5517241375 0.7169282515625001 0.5505747125 0.7572869953125 0.5454022984375 0.7662556046875 0.5442528734375001 0.787556053125 0.5692528734375 0.8329596406249999 0.5778735625 0.8363228703125 0.587643678125 0.8508968609374999 0.5931034484375 0.852578475 0.5936781609375 0.8267937218749999 0.5784482765625001 0.8217488796874999
0 0.49885057499999996 0.9882287 0.4959770109375 0.94899103125 0.49281609218750005 0.9439461890624999 0.48448275937499996 0.9422645734374999 0.48448275937499996 0.91535874375 0.47758620625 0.9108744390625001 0.47643678125 0.9019058296875 0.4787356328125 0.889573990625 0.46867816093750003 0.8632287 0.4537356328125 0.8520179375 0.41465517187499995 0.8520179375 0.41034482812500006 0.843609865625 0.41264367812499997 0.8200672640625 0.4074712640625 0.809977578125 0.4074712640625 0.7808295968750001 0.42902298906249997 0.75 0.44281609218750007 0.742152465625 0.44482758593750005 0.735986546875 0.4436781609375 0.712443946875 0.4313218390625 0.701793721875 0.42413793125000004 0.7258968609374999 0.4192528734375 0.7331838562499999 0.411781609375 0.7399103140625 0.39971264375 0.7343049328125 0.3925287359375 0.712443946875 0.3913793109375 0.6967488796875 0.3965517234375 0.6889013453125 0.39770115 0.673206278125 0.401149425 0.6653587437499999 0.3928160921875 0.65358744375 0.3801724140625 0.6603139015624999 0.3732758625 0.659192825 0.3695402296875 0.6429372203125 0.37586206875 0.625 0.37385057499999996 0.6121076234375 0.3571839078125 0.605381165625 0.35143678125 0.6143497765625 0.3451149421875 0.6143497765625 0.33764367812499996 0.59641255625 0.33017241406250003 0.5919282515625001 0.32298850625000003 0.5812780265625 0.31839080468750003 0.5610986546875 0.32212643750000003 0.54484305 0.3330459765625 0.5381165921875 0.33994252812500003 0.5403587437499999 0.3442528734375 0.5476457406249999 0.3459770109375 0.576793721875 0.3540229890625 0.5868834078125 0.3571839078125 0.6020179375 0.361494253125 0.57455156875 0.361206896875 0.56278026875 0.37729884999999996 0.5616591921875 0.385057471875 0.57343049375 0.386206896875 0.5924887890625 0.388793103125 0.5952914796875 0.3994252875 0.5891255609375 0.40459770156249997 0.5588565015625 0.40086206874999997 0.5526905828124999 0.385919540625 0.5470852015625 0.385919540625 0.5336322874999999 0.36178160937500004 0.5493273546874999 0.34856321874999996 0.545964125 0.34367816093750003 0.537556053125 0.3431034484375 0.5184977578125001 0.34856321874999996 0.5067264578125 0.35229885 0.50504484375 0.3462643671875 0.503363228125 0.3422413796875 0.496636771875 0.3186781609375 0.508968609375 0.29798850625 0.507847534375 0.29109195468750004 0.5011210765625 0.2784482765625 0.502242153125 0.2666666671875 0.49159192812499997 0.264942528125 0.46692825156250006 0.262931034375 0.4641255609375 0.24339080468750002 0.46860986562500007 0.235919540625 0.4786995515625 0.23132183906249998 0.479820628125 0.2031609203125 0.47309417031249995 0.1836206890625 0.48654708593749996 0.17241379375000002 0.514013453125 0.187643678125 0.52802690625 0.188505746875 0.537556053125 0.1922413796875 0.5437219734375 0.2066091953125 0.548206278125 0.2091954015625 0.5510089687499999 0.211206896875 0.56278026875 0.2181034484375 0.565022421875 0.22643678125000002 0.5510089687499999 0.2281609203125 0.536434978125 0.2318965515625 0.5336322874999999 0.24712643750000002 0.5532511203125 0.24942528749999998 0.5678251125 0.259482759375 0.5896860984375001 0.2698275859375 0.5941704031249999 0.2824712640625 0.6177130046875 0.286494253125 0.6121076234375 0.30143678125 0.6177130046875 0.310057471875 0.6244394625 0.315229884375 0.6356502234375 0.32270115 0.64237668125 0.3287356328125 0.6597533624999999 0.32931034531250003 0.678811659375 0.32471264375 0.701233184375 0.311494253125 0.7169282515625001 0.3175287359375 0.735426009375 0.32557471250000003 0.742152465625 0.3287356328125 0.7270179375 0.338218390625 0.7141255609375 0.3531609203125 0.7096412562500001 0.360632184375 0.7141255609375 0.36522988437500004 0.727578475 0.37643678125 0.741591928125 0.38333333281250004 0.7808295968750001 0.385057471875 0.8054932734375001 0.3839080453125 0.8189461890624999 0.3787356328125 0.8301569499999999 0.37356321875 0.8593049328125 0.37528735625 0.883968609375 0.37356321875 0.9411434984374999 0.37729884999999996 0.9473094171875 0.389080459375 0.94899103125 0.39195402343749997 0.9781390140624999 0.3962643671875 0.9955156953125 0.43275862031249995 0.997197309375 0.4916666671875 0.996636771875 0.49885057499999996 0.9882287
0 0.6505747125 0.985986546875 0.639942528125 0.9473094171875 0.6267241375 0.9495515687499999 0.6169540234374999 0.9383408078125001 0.611781609375 0.9405829593749999 0.5962643671875 0.9282511203125001 0.5936781609375 0.9321748875000001 0.5948275859375001 0.9422645734374999 0.60028735625 0.9551569499999999 0.6045977015624999 0.9579596406249999 0.6080459765625 0.97141255625 0.60258620625 0.996636771875 0.648850575 0.9983183859375 0.6517241375 0.99495515625 0.6505747125 0.985986546875
0 0.739367815625 0.3979820625 0.7505747125 0.39069506718749997 0.751149425 0.38060538125 0.7482758625 0.367152465625 0.751149425 0.3447309421875 0.7221264374999999 0.3251121078125 0.7160919546875 0.3312780265625 0.710344828125 0.383968609375 0.72298850625 0.41647982031249997 0.72701149375 0.41984305 0.7364942531249999 0.412556053125 0.739367815625 0.3979820625
0 0.44425287343750003 0.5207399109375 0.44798850625000003 0.514573990625 0.4537356328125 0.5100896859375 0.47586206875 0.5117713 0.47528735624999996 0.4983183859375 0.48448275937499996 0.4781390140625 0.485057471875 0.46692825156250006 0.4824712640625 0.45627802656250005 0.4554597703125 0.45627802656250005 0.44683907968750003 0.496636771875 0.4278735625 0.5100896859375 0.4218390796875 0.5207399109375 0.41896551718749997 0.52858744375 0.4310344828125 0.5588565015625 0.435632184375 0.56221973125 0.44482758593750005 0.548766815625 0.44425287343750003 0.5207399109375
0 0.4959770109375 0.99383408125 0.48965517187499996 0.9792600890625 0.49511494218749996 0.9764573984375 0.4965517234375 0.9691704031249999 0.49540229843750005 0.9568385656249999 0.490517240625 0.9428251124999999 0.4798850578125 0.9422645734374999 0.48678160937500004 0.9332959640625 0.4801724140625 0.9181614343750001 0.4781609203125 0.917600896875 0.475 0.9304932734375001 0.4695402296875 0.9265695062500001 0.47298850625 0.9187219734375001 0.46839080468749994 0.9108744390625001 0.4701149421875 0.9041479828125001 0.46896551718749996 0.8940582953125 0.47298850625 0.8817264578125 0.4718390796875 0.872757846875 0.4669540234375 0.8632287 0.45890804531249996 0.8643497765625 0.46609195468750003 0.88060538125 0.460057471875 0.8867713 0.45431034531250003 0.8856502234375 0.45287356250000005 0.877242153125 0.45459770156249996 0.8548206281249999 0.44971264375000003 0.8475336328124999 0.439367815625 0.84641255625 0.436781609375 0.852578475 0.43793103437500003 0.8963004484375 0.436206896875 0.91423766875 0.4318965515625 0.922645740625 0.42356321875 0.9164798203125001 0.41839080468749995 0.9411434984374999 0.4218390796875 0.94899103125 0.4198275859375 0.954035875 0.411781609375 0.9562780265624999 0.4077586203125 0.9529147984374999 0.4043103453125 0.957399103125 0.3928160921875 0.9394618828124999 0.3841954015625 0.9360986546875001 0.37988505781250004 0.9411434984374999 0.390229884375 0.9445067265624999 0.3913793109375 0.9725336328124999 0.39741379375 0.996636771875 0.44770115 0.997197309375 0.4939655171875 0.996636771875 0.4959770109375 0.99383408125
0 0.6178160921875 0.8794843046875 0.6178160921875 0.867152465625 0.6281609203125 0.852578475 0.6433908046875 0.8071748875000001 0.6836206890625001 0.8060538109375001 0.686206896875 0.8032511203125001 0.686206896875 0.7942825109375 0.690517240625 0.78923766875 0.7209770109375 0.798206278125 0.7307471265625 0.798206278125 0.7336206890625 0.792600896875 0.737643678125 0.8015695062500001 0.7471264375 0.798766815625 0.7468390796875 0.78923766875 0.734482759375 0.7808295968750001 0.7339080453125 0.758408071875 0.7293103453125 0.758408071875 0.7333333328125 0.75616591875 0.7330459765625 0.7331838562499999 0.7215517234375 0.7298206281249999 0.7169540234375 0.7343049328125 0.7094827593749999 0.7320627796875 0.7060344828125 0.7264573984375 0.7028735625 0.764013453125 0.69741379375 0.758968609375 0.6936781609375 0.7628923765625 0.6936781609375 0.7707399109375 0.6910919546875001 0.7757847531250001 0.6821839078124999 0.7729820625 0.6798850578125 0.6743273546874999 0.6836206890625001 0.6547085203125 0.6910919546875001 0.6513452921875 0.6962643671875 0.6558295968750001 0.69856321875 0.68161435 0.7017241375000001 0.6653587437499999 0.6982758625 0.6429372203125 0.70258620625 0.639013453125 0.7040229890624999 0.6519058296875 0.710919540625 0.6563901343749999 0.711206896875 0.668161434375 0.7040229890624999 0.667600896875 0.7040229890624999 0.6967488796875 0.7060344828125 0.7029147984375 0.710057471875 0.69955156875 0.7221264374999999 0.7029147984375 0.7341954015625001 0.6973094171875001 0.737356321875 0.690022421875 0.734482759375 0.684417040625 0.736781609375 0.6743273546874999 0.74971264375 0.6715246640625 0.7505747125 0.6653587437499999 0.738793103125 0.6558295968750001 0.7204022984375 0.6558295968750001 0.7183908046874999 0.6586322874999999 0.7201149421874999 0.6664798203125 0.7158045984375 0.667040359375 0.7166666671875 0.6429372203125 0.7140804593750001 0.63004484375 0.7060344828125 0.6356502234375 0.69856321875 0.6255605375 0.685057471875 0.6205156953125 0.690517240625 0.610986546875 0.69741379375 0.61883408125 0.7083333328125 0.616591928125 0.7140804593750001 0.622197309375 0.7212643671875 0.6048206281249999 0.7181034484375 0.5941704031249999 0.7060344828125 0.5952914796875 0.70143678125 0.587443946875 0.6698275859375 0.5784753359375 0.664942528125 0.582399103125 0.6715517234374999 0.58520179375 0.67356321875 0.5980941703125 0.6669540234375 0.6087443953125 0.662356321875 0.6098654703124999 0.6439655171875 0.59641255625 0.6313218390625 0.593049328125 0.6287356328125 0.5980941703125 0.6307471265625 0.6121076234375 0.6451149421875 0.6065022421874999 0.6494252875 0.6126681609375 0.6433908046875 0.61883408125 0.635344828125 0.616591928125 0.6313218390625 0.6266816140625 0.6215517234375 0.63004484375 0.6169540234374999 0.63004484375 0.611781609375 0.622197309375 0.6037356328125 0.6401345296875001 0.585344828125 0.6524663671875001 0.5502873562499999 0.6603139015624999 0.54770115 0.6575112109375 0.5465517234374999 0.6463004484375 0.548850575 0.632847534375 0.5537356328125 0.622197309375 0.57729885 0.6177130046875 0.5910919546875 0.6087443953125 0.5942528734375 0.6048206281249999 0.5942528734375 0.5891255609375 0.588793103125 0.581838565625 0.576149425 0.5795964125 0.5686781609375 0.5840807171875 0.562931034375 0.5986547078125 0.5589080453124999 0.6020179375 0.5462643671875 0.5986547078125 0.5336206890625 0.6065022421874999 0.525 0.6031390140624999 0.510344828125 0.5812780265625 0.515229884375 0.5661434984375 0.52356321875 0.5588565015625 0.514367815625 0.543161434375 0.5278735625000001 0.5381165921875 0.5310344828125 0.5274663671875001 0.525 0.5257847531250001 0.52241379375 0.5207399109375 0.5301724140624999 0.5190582953125 0.5321839078124999 0.5128923765625 0.5255747125 0.49327354218749997 0.510057471875 0.502242153125 0.49540229843750005 0.5218609859375001 0.4965517234375 0.543161434375 0.490229884375 0.5510089687499999 0.4919540234375 0.5667040359375 0.48965517187499996 0.5723094171875001 0.4836206890625 0.5807174890625 0.47528735624999996 0.582399103125 0.4821839078125 0.6003363234375 0.48045977031250003 0.6205156953125 0.476149425 0.6289237671875 0.465517240625 0.6362107625 0.489942528125 0.6513452921875 0.5045977015625 0.6889013453125 0.510057471875 0.696188340625 0.514080459375 0.68721973125 0.5290229890625 0.6715246640625 0.5428160921875 0.684977578125 0.55229885 0.713565021875 0.5534482765625001 0.7270179375 0.5517241375 0.758408071875 0.5459770109375001 0.7662556046875 0.5431034484375 0.787556053125 0.560057471875 0.8094170406250001 0.565229884375 0.8262331843749999 0.5818965515625 0.8385650218749999 0.5922413796875 0.855381165625 0.5994252875 0.88060538125 0.59971264375 0.889013453125 0.6071839078125 0.8901345296875001 0.6178160921875 0.9007847531250001 0.62413793125 0.8951793718750001 0.6178160921875 0.8794843046875
0 0.1339080453125 0.17656950625 0.12557471250000002 0.16479820625 0.12471264374999999 0.170964125 0.12701149375 0.17656950625 0.12413793125000001 0.1799327359375 0.12356321875000001 0.18778026875 0.1304597703125 0.20571748906249998 0.13275862031250002 0.201233184375 0.1339080453125 0.17656950625
0 0.1689655171875 0.1238789234375 0.165229884375 0.11771300468749998 0.1571839078125 0.11659192812500001 0.15517241406249999 0.13060538125 0.161206896875 0.1345291484375 0.165517240625 0.1463004484375 0.1706896546875 0.1440582953125 0.1689655171875 0.1238789234375
0 0.12586206875 0.076793721875 0.12931034531250002 0.06782511249999999 0.1341954015625 0.058295964062500004 0.1413793109375 0.054372196875 0.1413793109375 0.0207399109375 0.1471264375 0.008408071875000001 0.1468390796875 0 0.12241379375000001 0.0005605375 0.1218390796875 0.0162556046875 0.1166666671875 0.0386771296875 0.1189655171875 0.054372196875 0.11321839062500001 0.06221973125 0.11091954062500001 0.071188340625 0.11264367812500001 0.0891255609375 0.11637931093750001 0.0975336328125 0.1195402296875 0.09809417031249999 0.12586206875 0.0924887890625 0.12586206875 0.076793721875
0 0.20603448281249997 0.4439461890625 0.210919540625 0.4366591921875 0.21264367812499999 0.428811659375 0.210919540625 0.38957399062500003 0.20890804531249998 0.3845291484375 0.1962643671875 0.3901345296875 0.1916666671875 0.38789237656250003 0.189655171875 0.383968609375 0.1908045984375 0.371636771875 0.20028735625 0.36659192812499997 0.2071839078125 0.3733183859375 0.212931034375 0.372197309375 0.21551724062500002 0.3761210765625 0.21580459843750002 0.394618834375 0.2178160921875 0.383968609375 0.2166666671875 0.375 0.22241379375 0.3480941703125 0.215229884375 0.338565021875 0.19971264375 0.3396860984375 0.1933908046875 0.344170403125 0.1795977015625 0.3419282515625 0.17528735625 0.3054932734375 0.1721264375 0.30044843125 0.1672413796875 0.315582959375 0.1712643671875 0.3312780265625 0.1706896546875 0.3447309421875 0.17356321875 0.366031390625 0.1818965515625 0.3733183859375 0.1833333328125 0.3761210765625 0.1816091953125 0.382847534375 0.189655171875 0.3963004484375 0.1942528734375 0.42096412499999997 0.189655171875 0.428811659375 0.1913793109375 0.43778026875 0.1971264375 0.445627803125 0.1962643671875 0.42600896875 0.20603448281249997 0.4439461890625