1 0.45625 0.49453125 0.1234375 0.1203125
1 0.85703125 0.86484375 0.2546875 0.24140625
1 0.5796875 0.42734375 0.0796875 0.08515625
1 0.06328125 0.0328125 0.11484375 0.06328125
1 0.29296875 0.0421875 0.103125 0.05703125
0 0.7851681953125 0.9466936578125 0.785932721875 0.9345479078125001 0.771406728125 0.8657219968750001 0.7683486234375 0.8333333328125001 0.761467890625 0.8063427796875 0.757645259375 0.7685560046875 0.76414373125 0.759784075 0.9262232421875 0.76248313125 0.9533639140625001 0.83198380625 0.9724770640625 0.8994601890625 1 0.9628879890625001 0.9996177375 0.005398110937500001 0.8979357796875 0.021592442187499998 0.8084862390625001 0.026990553125 0.7220948015624999 0.0431848859375 0.6968654437499999 0.0418353578125 0.6792813453125001 0.0499325234375 0.6647553515625 0.0499325234375 0.6574923546875 0.0560053984375 0.6613149843749999 0.077597840625 0.7274464828125 0.1835357625 0.7534403671875001 0.20512820468749998 0.7599388375 0.216599190625 0.7629969421875 0.2395411609375 0.797782875 0.2968960859375 0.8256880734375001 0.308367071875 0.8318042812499999 0.3232118765625 0.8310397546875 0.3556005390625 0.819189603125 0.3819163296875 0.76414373125 0.394062078125 0.7534403671875001 0.4075573546875 0.7496177375 0.40080971718749997 0.7419724765625 0.40080971718749997 0.7373853218749999 0.4075573546875 0.733562690625 0.396761134375 0.7220948015624999 0.39946018906249997 0.718272171875 0.39136302343749996 0.670871559375 0.39001349531249996 0.6624617734375 0.394062078125 0.6540519875 0.39001349531249996 0.6433486234375 0.396761134375 0.63952599375 0.38866396718749996 0.6280581046875 0.396761134375 0.6234709484375001 0.394062078125 0.6242354734375 0.41160593749999996 0.63952599375 0.41430499374999996 0.6433486234375 0.4062078265625 0.651758409375 0.4183535765625 0.6551987765625 0.416329284375 0.6506116203125 0.42712550625 0.6506116203125 0.4757085015625 0.646406728125 0.4925775984375 0.6429663609375 0.491902834375 0.63990825625 0.45276653125 0.6357033640624999 0.4466936578125 0.627675840625 0.4554655875 0.6242354734375 0.4237516875 0.6131498468750001 0.45681511406249997 0.603593271875 0.4655870453125 0.5493119265625 0.4628879890625 0.526376146875 0.4453441296875 0.5168195718749999 0.45816464218749997 0.51452599375 0.479757084375 0.5084097859375001 0.49055330625 0.50535168125 0.520242915625 0.4988532109375 0.5357624828125 0.487385321875 0.5465587046875 0.48279816562500005 0.54116059375 0.468272171875 0.5465587046875 0.40863914375 0.54116059375 0.40328746249999997 0.5479082328125 0.3929663609375 0.526990553125 0.3906727828125 0.5 0.37958715625 0.4979757078125 0.3753822625 0.5067476390625 0.373088684375 0.5445344125 0.36314984687499996 0.5566801625 0.362385321875 0.571524965625 0.357798165625 0.5823211875000001 0.35550458749999997 0.618758434375 0.35129969375000003 0.624831309375 0.3448012234375 0.6228070171875 0.34097859375 0.6039136296875001 0.3448012234375 0.57557355 0.344036696875 0.529689609375 0.34136085625 0.52226720625 0.251911315625 0.52226720625 0.24885321093749999 0.49662618125 0.218654434375 0.491902834375 0.218654434375 0.4676113359375 0.23165137656249998 0.46491228125 0.2289755359375 0.4561403515625 0.22362385312500002 0.4561403515625 0.20298165156249998 0.469635628125 0.183103975 0.4925775984375 0.1731651375 0.495276653125 0.1525229359375 0.5317139 0 0.7159244265625 0.00038226250000000003 0.9959514171875 0.099006115625 0.9959514171875 0.1097094796875 0.991902834375 0.1448776765625 0.9959514171875 0.1532874625 0.991902834375 0.1594036703125 0.9959514171875 0.7729357796875 0.9966261812500001 0.79357798125 0.9898785421875 0.7851681953125 0.9466936578125
0 0.3851949875 0.5502575484375 0.388635353125 0.5266408140625 0.39322250937500003 0.52259223125 0.39322250937500003 0.4983007328125 0.3848127234375 0.486154984375 0.386341775 0.451067265625 0.3825191453125 0.43352340468749995 0.3844304609375 0.419353365625 0.3893998796875 0.4267757671875 0.3893998796875 0.45241679218749997 0.39284024687499997 0.46523730625 0.40736624062500004 0.44499439062499996 0.43259559843749995 0.4382467515625 0.50599009375 0.4503925015625 0.5094304609375 0.45916443124999995 0.503314253125 0.4726597078125 0.5025497265625 0.495601678125 0.5447713000000001 0.45678285937499996 0.5464317453125 0.427840190625 0.5368841796875 0.4267411015625 0.53646906875 0.4212456578125 0.5495450828124999 0.3897384484375 0.5464317453125 0.3842430046875 0.5522433078125 0.36739031093749996 0.55846998125 0.3868075453125 0.6047549203125 0.3912039 0.6099438140625 0.393768440625 0.6097362578125 0.40439296406249997 0.617415821875 0.405492053125 0.61367981875 0.42967200468750005 0.6074531453125 0.4348010859375 0.60828336875 0.45385195625 0.6080758125 0.46154557656249995 0.6443980734375 0.49341915 0.64054666875 0.41260572656249994 0.6436047734375 0.41125619843749994 0.6462806140625 0.4186786015625 0.6447515609375001 0.49155309531249997 0.6680696046875 0.4935773859375 0.66998091875 0.46726159687499996 0.6757148640625 0.45848966718749995 0.683360125 0.463887778125 0.681448809375 0.45781490312499995 0.6879472796874999 0.44364486249999996 0.714705690625 0.4409458078125 0.7166170046875 0.43082434999999997 0.7139411640625 0.3950618671875 0.6711277078125 0.38966375625 0.6684518671874999 0.3876394640625 0.6703631828125001 0.378867534375 0.72693810625 0.3748189515625 0.7338188406249999 0.3667217859375 0.7414641 0.37077036875 0.753696515625 0.36402273125 0.7575191453125 0.369420840625 0.7789258734375 0.3680713140625 0.7796904 0.359974146875 0.79459865625 0.356600328125 0.79459865625 0.328260246875 0.75599009375 0.2601091 0.7475803078125 0.2479633515625 0.7376414703124999 0.24391476875 0.731907525 0.21894850625 0.69865064375 0.1656421640625 0.6906231218750001 0.1595692890625 0.6871827546875 0.1926327171875 0.6825955984375 0.1575449984375 0.6783907046875 0.17711314843749998 0.6749503390625 0.179137440625 0.6715099718750001 0.173064565625 0.6715099718750001 0.1433749578125 0.674568075 0.1312292078125 0.6680696046875 0.11705916718750001 0.662717921875 0.1278553890625 0.6604243453125 0.11705916718750001 0.63913186875 0.17621224375 0.6312063546875 0.1860049359375 0.579492378125 0.183906503125 0.519258475 0.18495572031250002 0.5313448828125 0.1765619828125 0.5315430203125 0.16537033437499998 0.5166826828125 0.1569765984375 0.5406573609375 0.15312946875 0.5921732000000001 0.1296969546875 0.6139683625 0.12654930312499998 0.6183273953125 0.13879016875 0.63873559375 0.1489326 0.63952814375 0.1541786859375 0.6256584953125001 0.1548781640625 0.642302075 0.1664195515625 0.66053075625 0.1167566109375 0.6374885640625 0.0887190875 0.6306078312500001 0.08467050312499999 0.6199044671875 0.06712664375 0.59238153125 0.06037900625 0.5717393296875 0.0711752265625 0.561800490625 0.0698257 0.5587423874999999 0.07927239375 0.5522439171875 0.08264621250000001 0.5503326015625001 0.0927676703125 0.531983978125 0.113010584375 0.5243387171875 0.1278553890625 0.512870828125 0.134603028125 0.49261088906249995 0.1595692890625 0.4971980453125 0.23784189375000003 0.511341775 0.2466138234375 0.5587423874999999 0.24931287968750002 0.599262265625 0.26280815625 0.6111124171875 0.27697819687499997 0.6103478921875001 0.283725834375 0.6030848953125 0.2924977640625 0.5786200625 0.31139115156249997 0.527396821875 0.32623595625 0.43947633281250004 0.3316340671875 0.43144880937499996 0.321512609375 0.43680049062500004 0.2256961453125 0.4348891765625 0.2182737421875 0.431066546875 0.21692421562500003 0.41730507812499995 0.22906996406250002 0.376020675 0.2844005984375 0.3217393296875 0.3424302875 0.29421639375 0.3586246203125 0.2881001859375 0.372119896875 0.263635353125 0.397760921875 0.2598127234375 0.40990667187499996 0.24375767812500002 0.41530478125 0.2212041609375 0.45646537499999995 0.22273321250000003 0.4996502609375 0.219675109375 0.505048371875 0.22846715781250002 0.5084221906249999 0.23228978749999998 0.5219174671875 0.3240329078125 0.52596605 0.3263264859375 0.54755849375 0.33129590468750003 0.5468837296875 0.33244269375 0.52596605 0.3442928453125 0.5185436484375 0.34735095 0.495601678125 0.3538494203125 0.49222785937499997 0.35728978749999996 0.5549808953124999 0.36187694375 0.5698257 0.36684636249999997 0.552956603125 0.3851949875 0.5502575484375
0 0.349006115625 0.1417004046875 0.3425076453125 0.15317139062500001 0.3470948015625 0.1585695 0.34594801249999996 0.163292846875 0.3279816515625 0.159919028125 0.3375382265625 0.1700404859375 0.3616207953125 0.169365721875 0.36085626875 0.1545209171875 0.349006115625 0.1417004046875
0 0.1735474 0.29757085 0.180810396875 0.2968960859375 0.180810396875 0.286099865625 0.1716360859375 0.2901484484375 0.16704892968750001 0.2995951421875 0.1551987765625 0.30296896093750003 0.1571100921875 0.3225371125 0.16246177343749998 0.32793522343750003 0.1766055046875 0.32726045937500003 0.1766055046875 0.305668015625 0.1735474 0.29757085
0 0.391819571875 0.15519568125 0.391819571875 0.1430499328125 0.40863914375 0.1430499328125 0.4116972484375 0.1322537109375 0.41934250781250004 0.1322537109375 0.42431192656250005 0.1261808359375 0.4055810390625 0.1228070171875 0.386467890625 0.12955465625 0.38035168124999996 0.1241565453125 0.376911315625 0.1302294203125 0.37920489218750003 0.1383265859375 0.3685015296875 0.15182186250000002 0.367737003125 0.1639676109375 0.37079510781249997 0.16801619375000001 0.3757645265625 0.15519568125 0.391819571875 0.15519568125
0 0.21597859375 0.2901484484375 0.2243883796875 0.27530364375 0.259556575 0.2523616734375 0.26299694218749997 0.2476383265625 0.26376146718750004 0.223346828125 0.271788990625 0.2159244265625 0.286314984375 0.210526315625 0.3069571859375 0.2159244265625 0.328746178125 0.195006746875 0.300840978125 0.18758434531249998 0.2981651375 0.17611336093750002 0.29281345625 0.17341430468750002 0.30237003125 0.164642375 0.3115443421875 0.164642375 0.314984709375 0.1558704453125 0.3138379203125 0.14844804375 0.2970183484375 0.14979757031250002 0.28478593281250003 0.1605937921875 0.27408256875000003 0.1605937921875 0.2710244640625 0.1713900140625 0.2698776765625 0.16126855625 0.2656727828125 0.1592442640625 0.2557339453125 0.16734143125 0.25 0.1585695 0.24732415937500002 0.1255060734375 0.24732415937500002 0.2159244265625 0.2415902140625 0.17476383281250002 0.24006116249999998 0.1275303640625 0.23509174375000003 0.1255060734375 0.2121559640625 0.137651821875 0.2129204890625 0.16869095781250001 0.20795107031249999 0.1653171390625 0.20795107031249999 0.1545209171875 0.211009175 0.15182186250000002 0.20298165156249998 0.137651821875 0.19954128437500002 0.1639676109375 0.2003058109375 0.2017543859375 0.20259938906250002 0.22874493906249999 0.20948012187499998 0.25033738125 0.2060397546875 0.25641025625 0.17737003125 0.270580296875 0.180810396875 0.276653171875 0.1838685015625 0.2726045890625 0.18730886875 0.2759784078125 0.1857798171875 0.2948717953125 0.189602446875 0.29757085 0.203746178125 0.2901484484375 0.21597859375 0.2901484484375
0 0.2985474 0.1403508765625 0.3019877671875 0.1261808359375 0.2996941890625 0.1194331984375 0.27943425 0.11605937968749999 0.2748470953125 0.1241565453125 0.2702599390625 0.11605937968749999 0.2633792046875 0.11740890625 0.26758409843750003 0.1261808359375 0.26299694218749997 0.131578946875 0.26299694218749997 0.15047233437500002 0.2798165140625 0.15047233437500002 0.286314984375 0.137651821875 0.2985474 0.1403508765625