1 0.51328125 0.81015625 0.34296875 0.36796875
1 0.84296875 0.83828125 0.2265625 0.3234375
1 0.771875 0.571875 0.1625 0.23515625
1 0.84296875 0.4546875 0.115625 0.21328125
1 0.92109375 0.26484375 0.10625 0.1328125
1 0.2984375 0.63671875 0.2265625 0.38515625
1 0.44140625 0.396875 0.15546875 0.19609375
1 0.57578125 0.4875 0.1359375 0.2703125
1 0.5109375 0.18359375 0.1203125 0.19609375
1 0.6796875 0.25625 0.09765625 0.1609375
1 0.80078125 0.28125 0.08359375 0.1578125
1 0.73125 0.153125 0.134375 0.1265625
1 0.2078125 0.33515625 0.1390625 0.1828125
1 0.06171875 0.45390625 0.1234375 0.23671875
1 0.06875 0.271875 0.13671875 0.21015625
1 0.2953125 0.1296875 0.07578125 0.08515625
0 1 0.6964285718750001 0.99528301875 0.6888528140625 0.9950209640625 0.6796536796875 0.9774633125 0.6531385281250001 0.9769392031249999 0.6390692640625 0.98584905625 0.5871212124999999 0.985324946875 0.5514069265625 0.975104821875 0.5454545453125 0.9693396218749999 0.5346320343750001 0.9604297687500001 0.5303030296875 0.9530922437499999 0.516233765625 0.9454926625000001 0.5102813859374999 0.9444444437499999 0.4897186140625 0.94654088125 0.4518398265625 0.941299790625 0.42370129843750004 0.9392033546875 0.38149350625 0.9428721171875001 0.33279220781249996 0.938417190625 0.3290043296875 0.9279350109375001 0.33116883124999996 0.9226939203125 0.3235930734375 0.8943920328124999 0.322510821875 0.8671383640625001 0.314935065625 0.8626834375 0.321969696875 0.8647798734375 0.3479437234375 0.8865303984375 0.35064934999999997 0.8936058703124999 0.3630952375 0.8983228515624999 0.3804112546875 0.8972746328125 0.396645021875 0.90513626875 0.4550865796875 0.90513626875 0.51893939375 0.906446540625 0.5227272734375 0.9103773578125001 0.5135281390624999 0.9109014671875 0.502705628125 0.9132599578124999 0.49783549843749997 0.9166666671874999 0.5016233765625 0.9171907750000001 0.5146103890625 0.9156184484375001 0.552489178125 0.9093291406249999 0.58170995625 0.9059224312499999 0.6125541125 0.8786687625 0.6103896109375 0.869758909375 0.60606060625 0.8647798734375 0.5946969703125 0.8647798734375 0.584956709375 0.8694968546874999 0.5676406921875 0.8598008390625 0.5606060609375 0.8550838578125 0.5606060609375 0.8522012578125 0.565476190625 0.854821803125 0.6174242421875 0.8569182390625001 0.6239177484375 0.8563941296875001 0.6801948046875 0.8781446546874999 0.6883116890625 0.8820754718750001 0.68127705625 0.8865303984375 0.6623376624999999 0.8917714890624999 0.6590909093749999 0.9001572328125 0.6450216453125 0.9143081765625001 0.64393939375 0.925838575 0.622294371875 0.933700209375 0.621212121875 0.9475890984375 0.628246753125 0.9523060796875 0.6553030296875 0.9638364781250001 0.6823593078125 0.9696016765625 0.7202380953125 0.968553459375 0.747294371875 0.9701257859375 0.7732683984375 0.9557127875000001 0.8019480515625 0.9444444437499999 0.808982684375 0.9475890984375 0.8425324671875 0.9559748421875 0.8566017312499999 0.9575471703125 0.8674242421875 0.9690775687500001 0.8912337656249999 0.9659329140624999 0.916125540625 0.954926625 0.9237012984374999 0.9585953875 0.990800865625 0.9604297687500001 0.9967532468750001 0.9667190781249999 0.9978354984375001 1 0.997294371875 1 0.6964285718750001
0 0 0.8230519484375 0.0411425578125 0.8268398265625001 0.0505765203125 0.8365800859375 0.0631551359375 0.83116883125 0.071016771875 0.8322510828125 0.07599580781250001 0.8414502171875 0.07599580781250001 0.8522727265625001 0.072851153125 0.8663419906250001 0.060534590624999995 0.884199134375 0.0552935015625 0.8982683984375001 0.051100629687499996 0.8950216453125 0.047431865625 0.9025974031249999 0.0400943390625 0.9047619046875001 0.03013626875 0.9015151515625 0.0238469609375 0.90584415625 0.020178196875000002 0.9015151515625 0.018343815625000003 0.9053030296875001 0.0196540875 0.9101731609374999 0.0238469609375 0.9090909093749999 0.033280921875 0.9242424249999999 0.04690775625 0.9329004328125 0.0584381546875 0.933982684375 0.062368973437499996 0.9063852812500001 0.0704926625 0.8917748921875001 0.07887840625 0.8852813859375 0.092505240625 0.8852813859375 0.10377358437499999 0.9074675328125 0.10639412968749999 0.928030303125 0.10429769375 0.9550865796875 0.10927672968749999 0.965367965625 0.1360062890625 0.9751082249999999 0.1407232703125 0.98051948125 0.14858490625 0.98051948125 0.15697065 0.9891774890624999 0.1737421390625 0.9967532468750001 0.19470649843750001 0.9967532468750001 0.1962788265625 0.9837662343750001 0.1988993703125 0.99350649375 0.2046645703125 0.9978354984375001 0.24502096406249999 0.9967532468750001 0.249475890625 0.990800865625 0.24737945468750003 0.9323593078125001 0.2515723265625 0.9063852812500001 0.2578616359375 0.8923160171875001 0.297431865625 0.8571428578125 0.3094863734375 0.8571428578125 0.321802934375 0.86850649375 0.34119496875 0.9312770562500001 0.3385744234375 0.9788961031250001 0.34093291406250004 0.9967532468750001 0.4250524109375 0.997294371875 0.4310796640625 0.9967532468750001 0.43605869999999997 0.9886363640625 0.4386792453125 0.9550865796875 0.44549266249999997 0.9247835500000001 0.446016771875 0.915043290625 0.44365828125 0.9047619046875001 0.439465409375 0.903679653125 0.43527253593750004 0.89393939375 0.4237421390625 0.890692640625 0.40330188749999996 0.874458875 0.3807651984375 0.8733766234375 0.3493186578125 0.8549783546875 0.345387840625 0.8511904765624999 0.341719078125 0.8360389609375 0.341719078125 0.7451298703125 0.3663522015625 0.678030303125 0.372641509375 0.6704545453125 0.373689728125 0.6596320343750001 0.3846960171875 0.6358225109375 0.3844339625 0.628787878125 0.3807651984375 0.63095238125 0.3776205453125 0.6428571421875 0.37395178125 0.6385281390624999 0.3710691828125 0.6401515156250001 0.3721174 0.6488095234375 0.3663522015625 0.66829004375 0.36084905625 0.6677489171875 0.35718029375000004 0.6720779218749999 0.35796645625 0.68127705625 0.3558700203125 0.6920995671875 0.34407756875 0.70670995625 0.3372641515625 0.73051948125 0.32835429843749997 0.7380952375 0.3259958078125 0.753787878125 0.29979035625 0.8143939390625 0.28957023125000003 0.8268398265625001 0.2544549265625 0.816017315625 0.19837526249999998 0.790043290625 0.188417190625 0.7922077921875 0.17819706562499998 0.7700216453125 0.18291404687499999 0.7624458875 0.17819706562499998 0.69426406875 0.18055555625 0.6785714281249999 0.2125262046875 0.622294371875 0.22274633124999998 0.6098484843749999 0.22641509375000002 0.583874459375 0.2295597484375 0.5762987015625 0.2295597484375 0.565476190625 0.23506289374999997 0.547619046875 0.24030398281249998 0.54437229375 0.2591719078125 0.546536796875 0.264675053125 0.5211038968749999 0.2657232703125 0.5016233765625 0.2680817609375 0.496753246875 0.2764675046875 0.48809523749999995 0.2963836484375 0.4859307359375 0.3202306078125 0.44426406875 0.32232704375 0.4291125546875 0.31865828125 0.41612554062499996 0.3197064984375 0.390151515625 0.32992662500000003 0.35606060624999997 0.34669811250000004 0.353896103125 0.35718029375000004 0.35930735937499997 0.3605870015625 0.34253246718749997 0.3671383640625 0.3290043296875 0.3828616359375 0.30519480468750004 0.3977987421875 0.2927489171875 0.40094339687499997 0.272186146875 0.4067085953125 0.25919913437500003 0.41640461249999994 0.2521645015625 0.42033542968750004 0.2429653671875 0.422955975 0.22456710000000002 0.42819706562500004 0.21915584375 0.42583857500000005 0.20995670937500002 0.419549265625 0.20562770625 0.41168763124999996 0.21645021718750002 0.39229559687500004 0.225108225 0.388626834375 0.23593073593749997 0.37709643593750003 0.24242424218749997 0.3446016765625 0.24242424218749997 0.3414570234375 0.2521645015625 0.3249475890625 0.2754329 0.3155136265625 0.33170995625 0.3073899375 0.34740259687499997 0.287997903125 0.3582251078125 0.2680817609375 0.3571428578125 0.2389937109375 0.390151515625 0.2384696015625 0.39772727343750003 0.24030398281249998 0.40043290000000004 0.25550314531249996 0.3982683984375 0.2578616359375 0.38906926406250003 0.2623165625 0.38419913437500003 0.2780398328125 0.38744588750000003 0.28092243125 0.39231601718750003 0.28197065 0.399891775 0.278563940625 0.409090909375 0.2591719078125 0.40367965312500004 0.26153039843750003 0.421536796875 0.25602725312499997 0.4296536796875 0.23506289374999997 0.424242425 0.23113207500000002 0.41287878750000007 0.234014675 0.4047619046875 0.21305031406250002 0.4231601734375 0.188417190625 0.4209956703125 0.183700209375 0.44805194843749996 0.170073375 0.4664502171875 0.157494759375 0.47402597343749997 0.1488469609375 0.4626623375 0.1472746328125 0.447510821875 0.1472746328125 0.4377705625 0.15408805 0.4291125546875 0.1567085953125 0.421536796875 0.1561844859375 0.41396103906250004 0.13653039843749998 0.4047619046875 0.12971698125 0.3852813859375 0.124475890625 0.3852813859375 0.122641509375 0.38149350625 0.1218553453125 0.36904761875 0.11818658281250001 0.375541125 0.11399371093749999 0.3701298703125 0.11163522031249999 0.38149350625 0.12054507343750001 0.3879870125 0.11844863750000001 0.39772727343750003 0.1194968546875 0.40638528125000006 0.1218553453125 0.4112554109375 0.125524109375 0.40367965312500004 0.12971698125 0.40367965312500004 0.13102725312500002 0.41287878750000007 0.12028301875 0.4145021640625 0.1176624734375 0.4209956703125 0.11373165625 0.421536796875 0.1163522015625 0.42694805156250004 0.11740041875 0.4648268390625 0.122641509375 0.49188311718750005 0.1200209640625 0.509199134375 0.12054507343750001 0.5265151515625 0.1176624734375 0.5324675328125 0.10141509374999999 0.5422077921875 0.087788259375 0.5454545453125 0.075733753125 0.5541125546875 0.06944444375 0.5519480515625 0.0594863734375 0.5584415578125 0.051100629687499996 0.5584415578125 0.047431865625 0.56926406875 0.0448113203125 0.5703463203125 0.0374737953125 0.566017315625 0.022798742187500002 0.5703463203125 0.015985325 0.566017315625 0.011792453125000001 0.5541125546875 0.0062893078125000005 0.5514069265625 0.0057651984375 0.4929653671875 0 0.428030303125 0 0.8230519484375
0 0.6401991609375 0.316017315625 0.619758909375 0.3138528140625 0.6124213843749999 0.325757575 0.607704403125 0.325757575 0.5820230609375 0.309523809375 0.5767819703125 0.3116883109375 0.5681341718749999 0.3079004328125 0.5783542984375 0.34740259687499997 0.6278826 0.358766234375 0.6388888890625 0.33279220781249996 0.6401991609375 0.316017315625
0 0.5222746328125 0.10606060625 0.528563940625 0.090909090625 0.5364255765625 0.08766233749999999 0.5490041921875 0.0735930734375 0.5487421390625 0.065476190625 0.501310271875 0.0584415578125 0.497641509375 0.0519480515625 0.48087002031250003 0.053030303125 0.47851152968750005 0.0579004328125 0.47955974843750004 0.0643939390625 0.48349056562500003 0.0735930734375 0.49397274687500003 0.077922078125 0.49580712812499994 0.0914502171875 0.47955974843750004 0.121753246875 0.488207546875 0.140692640625 0.49475890937500006 0.146645021875 0.49921383593749996 0.127705628125 0.5222746328125 0.10606060625
0 1 0.134740259375 0.9876834375 0.1331168828125 0.9779874218750001 0.121753246875 0.9779874218750001 0.10551948124999999 0.972222221875 0.078463203125 0.9544025156249999 0.065476190625 0.954926625 0.0459956703125 0.950733753125 0.033008657812499995 0.9509958078125 0.024891774999999998 0.9407756812500001 0.034090909375 0.940251571875 0.043831168749999996 0.9376310265625 0.049242425 0.9397274640625 0.05681818125 0.93789308125 0.059523809375 0.9093291406249999 0.05681818125 0.9292452828125001 0.084956709375 0.9373689734375 0.1168831171875 0.9397274640625 0.1141774890625 0.9392033546875 0.10551948124999999 0.9452306078125 0.090909090625 0.9599056609375 0.09956709999999999 0.9638364781250001 0.10876623437499999 0.9648846953125 0.141233765625 0.9848008390625 0.16396103906249998 0.9868972749999999 0.1834415578125 0.9926624734375 0.1866883109375 0.9889937109375 0.202922078125 0.9895178203125001 0.2126623375 0.9918763109375 0.2175324671875 0.9958071281249999 0.2169913421875 1 0.215909090625 1 0.134740259375
0 0.738207546875 0.45021645 0.780660378125 0.45454545468749996 0.782494759375 0.43019480468750004 0.787211740625 0.421536796875 0.7887840671874999 0.40313852812500006 0.7887840671874999 0.383658009375 0.7851153046875 0.3739177484375 0.77620545 0.384740259375 0.7743710687500001 0.4123376625 0.7686058703125 0.4199134203125 0.7607442343749999 0.4199134203125 0.753406709375 0.415584415625 0.7536687625 0.4053030296875 0.7494758906250001 0.39772727343750003 0.7505241093749999 0.38906926406250003 0.7376834375 0.3820346328125 0.733490565625 0.3647186140625 0.720387840625 0.3679653671875 0.713836478125 0.35768398281249997 0.7120020968749999 0.34740259687499997 0.70676100625 0.34307359375 0.7004716984375 0.346320346875 0.7028301890625 0.36417748906249997 0.7085953875000001 0.38149350625 0.70964360625 0.40963203437500006 0.707285115625 0.4209956703125 0.69654088125 0.43127705625 0.6954926625 0.4388528140625 0.699161425 0.4615800859375 0.702044025 0.4664502171875 0.70676100625 0.46428571406249997 0.7140985328125 0.46861471874999994 0.718553459375 0.4615800859375 0.70964360625 0.4540043296875 0.7177672953124999 0.44805194843749996 0.72274633125 0.4550865796875 0.7266771484375 0.47077922031249997 0.7300838578125 0.472402596875 0.7337526203125 0.4669913421875 0.738207546875 0.45021645
0 1 0.7072510828125 0.981132075 0.7050865796875 0.987421384375 0.6996753250000001 0.987421384375 0.68127705625 0.98506289375 0.6753246749999999 0.9792976937500001 0.674242425 0.9732704406250001 0.6596320343750001 0.97274633125 0.6401515156250001 0.9774633125 0.6325757578125 0.970387840625 0.627705628125 0.9690775687500001 0.621753246875 0.9706498953124999 0.6120129875 0.9748427671875 0.6076839828125 0.9682914046875 0.5974025968750001 0.9664570234375001 0.6001082249999999 0.9669811328125 0.6076839828125 0.9646226421874999 0.609307359375 0.9635744234375 0.5984848484375 0.954926625 0.5914502171875 0.95676100625 0.5822510828125 0.9688155140625 0.5876623375000001 0.971436059375 0.5800865796875 0.9766771484375001 0.5768398265625 0.9790356390625 0.5827922078125 0.9769392031249999 0.6076839828125 0.9808700203124999 0.615800865625 0.9827044031250001 0.5903679656249999 0.985324946875 0.5827922078125 0.985324946875 0.5665584421875 0.9832285109375001 0.552489178125 0.9808700203124999 0.54978355 0.9779874218750001 0.5514069265625 0.9785115296875 0.5600649343749999 0.9766771484375001 0.5649350656250001 0.9724842765625 0.5649350656250001 0.9706498953124999 0.5611471859375 0.972222221875 0.5503246749999999 0.96986373125 0.5422077921875 0.9656708593750001 0.5346320343750001 0.95676100625 0.5324675328125 0.9557127875000001 0.5259740265625 0.9494234796875001 0.5216450218750001 0.9439203359375 0.5102813859374999 0.9428721171875001 0.502705628125 0.9475890984375 0.4626623375 0.9475890984375 0.4453463203125 0.9418238999999999 0.41287878750000007 0.940251571875 0.3879870125 0.9444444437499999 0.35551948125 0.949161425 0.340367965625 0.94654088125 0.32954545468749996 0.9420859531250001 0.32467532499999996 0.928983228125 0.325757575 0.9069706500000001 0.3127705625 0.866090146875 0.303030303125 0.8605870015624999 0.3133116890625 0.8618972749999999 0.3495671 0.8854821796874999 0.35606060624999997 0.8922955968749999 0.3647186140625 0.89858490625 0.3798701296875 0.906446540625 0.3820346328125 0.90985325 0.38906926406250003 0.9080188671875 0.396103896875 0.9043501046875001 0.397186146875 0.9006813421875 0.396103896875 0.8977987421875 0.3869047625 0.89858490625 0.4047619046875 0.90225366875 0.4047619046875 0.9048742140625 0.39935065000000003 0.9077568140625001 0.40313852812500006 0.906446540625 0.4101731609375 0.9001572328125 0.40584415625 0.900943396875 0.41720779218750004 0.906446540625 0.4145021640625 0.9093291406249999 0.421536796875 0.904612159375 0.43668831093750005 0.9056603781250001 0.5211038968749999 0.9137840671875 0.49567099531250003 0.9171907750000001 0.49837662343750005 0.9198113203125 0.51893939375 0.9171907750000001 0.5232683984375 0.9166666671874999 0.5546536796875 0.9145702312499999 0.558982684375 0.9171907750000001 0.56872294375 0.9143081765625001 0.5703463203125 0.90985325 0.5827922078125 0.9082809218750001 0.6325757578125 0.9017295593749999 0.6352813859374999 0.899895178125 0.6401515156250001 0.9137840671875 0.640692640625 0.9226939203125 0.6179653671875001 0.928983228125 0.6136363640625 0.9415618453124999 0.615800865625 0.9494234796875001 0.609307359375 0.9536163515625 0.6103896109375 0.9593815515624999 0.621212121875 0.968553459375 0.6239177484375 0.96514675 0.6298701296875 0.957285115625 0.627705628125 0.9533542984375 0.6401515156250001 0.9564989515625 0.6466450218750001 0.957285115625 0.65692640625 0.960167715625 0.6423160171875 0.9654088046875 0.6390692640625 0.9622641515625 0.6433982687500001 0.9622641515625 0.6488095234375 0.967505240625 0.6574675328125 0.96619496875 0.6612554109375 0.9588574421875 0.6580086578125 0.9591194968750001 0.671536796875 0.9640985328125 0.6764069265625 0.9693396218749999 0.674242425 0.9730083859375 0.6861471859375 0.9777253671875 0.683982684375 0.9827044031250001 0.6888528140625 0.9724842765625 0.690476190625 0.9701257859375 0.697510821875 0.9711740046875 0.7711038968749999 0.9724842765625 0.7770562765625 0.9777253671875 0.7792207796875 0.9795597484374999 0.7873376624999999 0.9730083859375 0.79437229375 0.9688155140625 0.790043290625 0.96619496875 0.79329004375 0.9640985328125 0.8008658015625001 0.954926625 0.8111471859374999 0.9570230609375001 0.8187229437499999 0.9536163515625 0.8203463203125001 0.949161425 0.8327922078125001 0.9575471703125 0.8501082249999999 0.9575471703125 0.859848484375 0.9604297687500001 0.8701298703125 0.96986373125 0.871212121875 0.9716981125 0.875 0.972222221875 0.9020562765625 0.9706498953124999 0.9074675328125 0.97379455 0.9117965375000001 0.9808700203124999 0.9080086578125 1 0.909632034375 0.9997379453124999 0.8852813859375 0.9808700203124999 0.8917748921875001 0.9743186578125 0.8836580093749999 0.9766771484375001 0.875541125 0.9813941296875001 0.877705628125 0.98584905625 0.8728354984375001 0.986373165625 0.8630952375 0.990041928125 0.8587662343750001 0.985324946875 0.8511904765624999 0.98873165625 0.84415584375 0.9929245281249999 0.8387445890624999 1 0.8382034624999999 0.9997379453124999 0.8279220781250001 0.9960691828125 0.8279220781250001 0.993972746875 0.822510821875 0.9813941296875001 0.8214285718750001 0.9790356390625 0.8111471859374999 0.9808700203124999 0.8073593078125001 0.99240041875 0.8051948046874999 0.996593290625 0.8203463203125001 1 0.815476190625 0.9997379453124999 0.7889610390625 0.9918763109375 0.791125540625 0.9842767296874999 0.7873376624999999 0.9913522015625 0.7792207796875 0.9960691828125 0.7846320343750001 1 0.7830086578125 1 0.7072510828125
0 0.2507861640625 0.8419913421875 0.2544549265625 0.8376623375 0.2591719078125 0.8398268390625001 0.26257861562499996 0.834956709375 0.2620545078125 0.8262987015625001 0.25183438125 0.822510821875 0.2471174 0.8257575750000001 0.2376834375 0.816017315625 0.23558700156249998 0.809523809375 0.2332285109375 0.8241341984374999 0.235324946875 0.8490259734375 0.23977987343749999 0.8398268390625001 0.24161425625000002 0.8425324671875 0.24109014687500002 0.8511904765624999 0.2437106921875 0.85551948125 0.2471174 0.8365800859375 0.2507861640625 0.8419913421875
0 0.686582809375 0.5914502171875 0.686582809375 0.5676406921875 0.691299790625 0.558982684375 0.69077568125 0.5503246749999999 0.694968553125 0.5308441562499999 0.6975890984374999 0.49837662343750005 0.6947064984375 0.47835497812499994 0.6897274640625 0.48430735937499997 0.6876310265625001 0.49512987031250005 0.686582809375 0.5427489171875 0.6892033546875 0.5514069265625 0.6823899375 0.5665584421875 0.682914046875 0.578463203125 0.67845911875 0.5746753250000001 0.6745283015625 0.5827922078125 0.6761006296875001 0.5946969703125 0.6792452828125 0.5968614718749999 0.6826519921875 0.5876623375000001 0.686582809375 0.5914502171875
0 0.359014675 0.35551948125 0.3540356390625 0.3495671 0.34879455 0.3495671 0.34905660312500003 0.33928571406249997 0.352987421875 0.34415584374999997 0.35718029375000004 0.3268398265625 0.361373165625 0.34090909062499997 0.365041928125 0.3300865796875 0.3721174 0.3241341984375 0.36871069218749997 0.3170995671875 0.3621593296875 0.3165584421875 0.365041928125 0.3073593078125 0.36897274687500003 0.3133116890625 0.3721174 0.29383116875000004 0.36871069218749997 0.284632034375 0.364255765625 0.2830086578125 0.361373165625 0.26839826875 0.35849056562500003 0.2765151515625 0.35953878437500003 0.28409090937500003 0.3522012578125 0.30032467500000004 0.35718029375000004 0.30519480468750004 0.36006289375 0.3143939390625 0.35718029375000004 0.3235930734375 0.34669811250000004 0.3203463203125 0.34119496875 0.3079004328125 0.34119496875 0.299242425 0.33831236875 0.29329004375 0.3343815515625 0.315476190625 0.33674004218750003 0.3203463203125 0.3438155140625 0.3208874453125 0.34486373124999997 0.35660173125 0.35429769375000003 0.36417748906249997 0.35718029375000004 0.3636363640625 0.359014675 0.35551948125
0 0.3155136265625 0.8306277062499999 0.3155136265625 0.8176406921874999 0.31787211718749997 0.8084415578125 0.32154088125 0.8279220781250001 0.322851153125 0.8111471859374999 0.3259958078125 0.8057359312499999 0.327044025 0.834956709375 0.329402515625 0.8398268390625001 0.33516771562500003 0.8376623375 0.3385744234375 0.827380953125 0.3338574421875 0.8100649343749999 0.3364779875 0.7873376624999999 0.33542976874999997 0.76893939375 0.3380503140625 0.7613636359375 0.334119496875 0.7348484843749999 0.32809224375 0.7418831171875 0.326519915625 0.7548701296875 0.321802934375 0.7635281390624999 0.3176100625 0.7830086578125 0.3060796640625 0.800324675 0.3029350109375 0.8198051953125001 0.2942872125 0.8257575750000001 0.290880503125 0.834956709375 0.29612159375 0.840367965625 0.297431865625 0.852813853125 0.3100104828125 0.85064935 0.317085953125 0.8544372296875 0.3197064984375 0.8522727265625001 0.3155136265625 0.8306277062499999
0 0.5086477984375 0.122294371875 0.516509434375 0.109307359375 0.5222746328125 0.10606060625 0.5254192875 0.0919913421875 0.529612159375 0.0865800859375 0.5343291406249999 0.0887445890625 0.5374737953125 0.0854978359375 0.5435010484375 0.0730519484375 0.5343291406249999 0.064935065625 0.528563940625 0.0670995671875 0.4824423484375 0.0573593078125 0.48191823906250003 0.06818181875 0.49528301875 0.077380953125 0.4968553453125 0.0882034625 0.49528301875 0.09686147187500001 0.47929769375 0.121212121875 0.46305031406249997 0.115800865625 0.4622641515625 0.1228354984375 0.4745807125 0.1363636359375 0.478773584375 0.1233766234375 0.48270440312499996 0.13041125468749998 0.4824423484375 0.1396103890625 0.48663522031250006 0.1385281390625 0.49528301875 0.1488095234375 0.498689728125 0.127705628125 0.5086477984375 0.122294371875
0 0.6436058703125 0.32521645 0.642295596875 0.316017315625 0.6192348015625 0.3106060609375 0.6158280921875 0.3143939390625 0.6134696015625 0.32467532499999996 0.6082285109375001 0.325757575 0.597222221875 0.314935065625 0.5893605875000001 0.314935065625 0.569968553125 0.3041125546875 0.5642033546875 0.30627705625 0.5613207546875 0.30032467500000004 0.5613207546875 0.2797619046875 0.5552935015625 0.2738095234375 0.529612159375 0.27597402656250003 0.522012578125 0.2916666671875 0.5233228515625 0.3008658015625 0.5458595390625 0.303030303125 0.5647274640625 0.3138528140625 0.5762578609375 0.346320346875 0.62395178125 0.3571428578125 0.6278826 0.3620129875 0.6346960171875 0.3382034625 0.6436058703125 0.32521645
0 0.4043501046875 0.303030303125 0.40461215937499995 0.2949134203125 0.39937106875 0.2830086578125 0.4038259953125 0.28138528125 0.406446540625 0.26839826875 0.41168763124999996 0.265151515625 0.4237421390625 0.24242424218749997 0.43841719062499995 0.23268398281249997 0.43894130000000003 0.2272727265625 0.44077568125 0.22781385312500002 0.439465409375 0.23593073593749997 0.44339622656250005 0.23430735937499997 0.44339622656250005 0.2126623375 0.430817609375 0.17045454531249998 0.43134171875 0.1585497828125 0.4399895171875 0.1363636359375 0.43160377343749995 0.1331168828125 0.4237421390625 0.1482683984375 0.41037735781249995 0.16071428593749998 0.408280921875 0.171536796875 0.416928721875 0.178571428125 0.418763103125 0.1866883109375 0.4127358484375 0.2121212125 0.3949161421875 0.21645021718750002 0.38653039843750003 0.233766234375 0.37971698125 0.241341990625 0.3451257859375 0.24242424218749997 0.34067085937499997 0.2516233765625 0.3446016765625 0.2629870125 0.348270440625 0.25649350625 0.35770440312499996 0.25649350625 0.361373165625 0.265151515625 0.365041928125 0.258658009375 0.374475890625 0.258658009375 0.3757861640625 0.28409090937500003 0.37316561875 0.29058441562500004 0.37316561875 0.3014069265625 0.377358490625 0.3143939390625 0.388626834375 0.3008658015625 0.4043501046875 0.303030303125
0 0.666928721875 0.6493506499999999 0.6774109015625001 0.640692640625 0.6813417187499999 0.63149350625 0.6818658281250001 0.6066017312499999 0.67845911875 0.6006493500000001 0.6737421390625 0.6006493500000001 0.6713836484375 0.60551948125 0.6740041921875 0.615259740625 0.6711215937499999 0.61904761875 0.651729559375 0.6179653671875001 0.6475366874999999 0.60606060625 0.6412473796875 0.6266233765625 0.62971698125 0.624458875 0.6247379453125 0.616341990625 0.62683438125 0.6098484843749999 0.626310271875 0.5730519484375 0.6234276734375 0.5681818187500001 0.618972746875 0.5871212124999999 0.618972746875 0.616341990625 0.6103249468749999 0.6385281390624999 0.6035115296875 0.640692640625 0.6003668765625 0.6374458875 0.5980083859375 0.63149350625 0.5995807125 0.6239177484375 0.5966981125 0.6201298703125 0.592505240625 0.628787878125 0.5820230609375 0.6266233765625 0.5765199156249999 0.6325757578125 0.5744234796875001 0.6477272734375 0.5765199156249999 0.6639610390625 0.5956498953125 0.674242425 0.6003668765625 0.69372294375 0.655660378125 0.7061688312500001 0.658280921875 0.666125540625 0.666928721875 0.6493506499999999
0 0.7117400421875 0.9886363640625 0.697851153125 0.9761904765624999 0.6886792453125 0.949675325 0.6886792453125 0.9193722937500001 0.6928721171875 0.909632034375 0.6957547171875 0.890692640625 0.7140985328125 0.8863636359375 0.7177672953124999 0.8917748921875001 0.721436059375 0.8874458875 0.7256289312499999 0.8885281390624999 0.7290356390625 0.8717532468750001 0.7337526203125 0.8706709953124999 0.7342767296875 0.8587662343750001 0.73296645625 0.85606060625 0.7230083859375 0.8636363640625 0.702044025 0.8614718609375001 0.696802934375 0.8571428578125 0.6863207546875 0.8322510828125 0.6826519921875 0.8300865796875 0.6745283015625 0.8912337656249999 0.6745283015625 0.9074675328125 0.6698113203125 0.9301948046874999 0.6703354296875 0.9485930734375 0.665880503125 0.9729437234375 0.6553983234375 0.9751082249999999 0.630241090625 0.9610389609375 0.592505240625 0.9491341984374999 0.58831236875 0.953463203125 0.57232704375 0.9550865796875 0.584119496875 0.9967532468750001 0.708071278125 0.9983766234375 0.7122641515625 0.996212121875 0.7117400421875 0.9886363640625
0 0.49475890937500006 0.5979437234375 0.4942348015625 0.5871212124999999 0.5020964359375 0.5514069265625 0.5078616359375 0.5362554109375 0.5099580718750001 0.5167748921875 0.5251572328125 0.4702380953125 0.5251572328125 0.459415584375 0.5225366874999999 0.4540043296875 0.526729559375 0.43019480468750004 0.532494759375 0.421536796875 0.5217505234375001 0.4080086578125 0.5125786156250001 0.41396103906250004 0.5099580718750001 0.421536796875 0.508909853125 0.4377705625 0.505241090625 0.4420995671875 0.502358490625 0.45454545468749996 0.49816561875 0.45670995625 0.4871593296875 0.47402597343749997 0.4824423484375 0.4696969703125 0.476939203125 0.48538961093750005 0.47222222187499996 0.5200216453125 0.46540880468749996 0.5265151515625 0.47379455000000004 0.5438311687499999 0.473270440625 0.558982684375 0.452568134375 0.5887445890625 0.44470649843750004 0.5909090906250001 0.4405136265625 0.60606060625 0.4350104828125 0.6076839828125 0.4357966453125 0.6114718609375001 0.439465409375 0.609307359375 0.44549266249999997 0.616341990625 0.44077568125 0.6239177484375 0.4426100625 0.625541125 0.49711740000000004 0.634199134375 0.50183438125 0.640692640625 0.5062893078124999 0.6401515156250001 0.5057651984375 0.6239177484375 0.49475890937500006 0.5979437234375
0 0.4376310265625 0.9637445890624999 0.44916142499999995 0.9247835500000001 0.44968553437500003 0.915043290625 0.44365828125 0.8896103890625 0.44077568125 0.8912337656249999 0.439465409375 0.89935065 0.4392033546875 0.8912337656249999 0.4357966453125 0.8863636359375 0.4237421390625 0.8874458875 0.416928721875 0.877705628125 0.40801886718749997 0.8798701296875 0.4006813421875 0.874458875 0.38757861562499996 0.877705628125 0.38522012656250004 0.8728354984375001 0.3894129984375 0.86850649375 0.388102725 0.8582251078124999 0.38128930781250003 0.859307359375 0.3778826 0.8674242421875 0.3831236890625 0.875 0.379192871875 0.8766233765625 0.37395178125 0.8668831171875 0.365041928125 0.8603896109375 0.35718029375000004 0.8614718609375001 0.3498427671875 0.8538961031250001 0.3414570234375 0.85606060625 0.3372641515625 0.8452380953124999 0.33569182343750004 0.8517316015624999 0.3197064984375 0.85551948125 0.325733753125 0.8820346328124999 0.32992662500000003 0.8831168828125 0.3320230609375 0.874458875 0.3398846953125 0.8701298703125 0.3451257859375 0.874458875 0.35718029375000004 0.871212121875 0.359014675 0.8760822515625 0.3592767296875 0.9025974031249999 0.388626834375 0.903679653125 0.390985325 0.9074675328125 0.38993710625 0.94318181875 0.388626834375 0.946969696875 0.3841719078125 0.941017315625 0.3831236890625 0.9572510828125 0.3807651984375 0.9632034624999999 0.37709643593750003 0.9502164499999999 0.37526205468749996 0.9572510828125 0.3765723265625 0.9707792203125001 0.380241090625 0.965367965625 0.3844339625 0.9696969703124999 0.388626834375 0.9664502171875 0.390985325 0.9724025968750001 0.38993710625 0.977813853125 0.3870545078125 0.98051948125 0.3844339625 0.9761904765624999 0.37971698125 0.9816017312499999 0.3765723265625 0.9751082249999999 0.37290356406249997 0.9826839828124999 0.3598008390625 0.9816017312499999 0.3574423484375 0.9875541125 0.3592767296875 0.99350649375 0.4297693921875 0.996212121875 0.43605869999999997 0.9897186140625 0.4376310265625 0.9637445890624999