1 0.55859375 0.8015625 0.16640625 0.11875
1 0.7328125 0.68984375 0.0671875 0.09921875
1 0.1390625 0.75234375 0.13125 0.0765625
1 0.6796875 0.3921875 0.08046875 0.08046875
1 0.51171875 0.6640625 0.05390625 0.09375
1 0.66015625 0.23671875 0.096875 0.06015625
1 0.9484375 0.85234375 0.09453125 0.2359375
1 0.5921875 0.46796875 0.10390625 0.0921875
1 0.525 0.5921875 0.08046875 0.115625
1 0.59765625 0.265625 0.0578125 0.04140625
1 0.4875 0.2875 0.04140625 0.05703125
0 1 0.24674479218749998 0.9959319531249999 0.24609375 0.9948224859374999 0.2571614578125 0.9870562125 0.26171875 0.9881656812499999 0.2701822921875 0.9855769234375 0.2721354171875 0.9493343187500001 0.2734375 0.9478550296874999 0.27734375 0.9541420125 0.2805989578125 0.95303254375 0.2942708328125 0.9460059171875 0.287109375 0.9434171593749999 0.26171875 0.9326923078125 0.2701822921875 0.9312130171874999 0.2766927078125 0.9345414203125 0.28515625 0.9256656812499999 0.2877604171875 0.9223372781249999 0.267578125 0.916789940625 0.2630208328125 0.9178994078124999 0.2688802078125 0.9138313609375001 0.26953125 0.9101331359374999 0.2591145828125 0.9027366859375 0.26171875 0.9060650890625 0.2688802078125 0.8982988171875 0.2734375 0.8812869828125001 0.2747395828125 0.8753698218749999 0.26953125 0.8657544375 0.2734375 0.84282544375 0.24869791718749998 0.82803254375 0.24609375 0.8198964500000001 0.234375 0.8154585796875 0.234375 0.814718934375 0.24348958281250002 0.8006656812499999 0.24479166718749998 0.7888313609375001 0.25390625 0.7755177515625 0.24739583281250002 0.7688609468750001 0.23697916718749998 0.76368343125 0.24088541718749998 0.7603550296875 0.236328125 0.7614644968750001 0.22395833281250002 0.765162721875 0.2265625 0.770710059375 0.220703125 0.774408284375 0.1868489578125 0.78217455625 0.17578125 0.8198964500000001 0.16796875 0.8553994078124999 0.1744791671875 0.863535503125 0.1731770828125 0.8709319531249999 0.1627604171875 0.8846153843750001 0.1595052078125 0.8823964500000001 0.142578125 0.8768491125000001 0.1341145828125 0.8627958578125 0.1315104171875 0.8598372781249999 0.1236979171875 0.8406065093749999 0.1184895828125 0.7814349109375 0.1184895828125 0.7769970421875 0.1145833328125 0.7732988171875 0.1184895828125 0.749630178125 0.1184895828125 0.7385355031249999 0.1119791671875 0.7141272187500001 0.1119791671875 0.7115384609375 0.1178385421875 0.718195265625 0.1282552078125 0.7218934906250001 0.1555989578125 0.7285502953125 0.1595052078125 0.716346153125 0.1783854171875 0.6941568046875 0.16796875 0.687130178125 0.1451822921875 0.6760355031249999 0.1321614578125 0.6745562125 0.1139322921875 0.6675295859375 0.109375 0.60022189375 0.1067708328125 0.5772929 0.1119791671875 0.545488165625 0.10546875 0.49371301718750005 0.10546875 0.4900147921875 0.11328125 0.4833579875 0.1080729171875 0.473742603125 0.1106770828125 0.45303254375 0.1028645828125 0.41531065156249997 0.1080729171875 0.4116124265625 0.1015625 0.4079142015625 0.1067708328125 0.4045857984375 0.08268229218749999 0.40828402343750003 0.06315104218749999 0.40828402343750003 0.0384114578125 0.4123520703125 0.0364583328125 0.416789940625 0.0416666671875 0.4252958578125 0.0345052078125 0.42344674531250004 0.02734375 0.40865384687499995 0.0208333328125 0.4005177515625 0.0026041671875 0.3946005921875 0.00390625 0.386094675 0.033203125 0.38831360937500004 0.060546875 0.38239645 0.103515625 0.378698225 0.1725260421875 0.375369821875 0.1796875 0.35946745625 0.1803385421875 0.3587278109375 0.1985677078125 0.3661242609375 0.21158854218749998 0.36094674531250004 0.22200520781250002 0.363905325 0.23372395781250002 0.363905325 0.2701822921875 0.36131656875 0.2760416671875 0.3602071 0.251953125 0.35392011874999996 0.24609375 0.350591715625 0.2845052078125 0.3583579875 0.2955729171875 0.36168639062499996 0.2779947921875 0.36316568125000004 0.291015625 0.3602071 0.3053385421875 0.3568786984375 0.3138020828125 0.3480029578125 0.3151041671875 0.34097633125 0.322265625 0.33542899375 0.3567708328125 0.3210059171875 0.3600260421875 0.3213757390625 0.3763020828125 0.3250739640625 0.3671875 0.331360946875 0.3717447921875 0.3287721890625 0.4296875 0.33431952656249997 0.4251302078125 0.33801775156249997 0.4055989578125 0.33727810625 0.3665364578125 0.343195265625 0.3665364578125 0.343195265625 0.3977864578125 0.34911242656249997 0.4173177078125 0.3498520703125 0.4420572921875 0.3284023671875 0.455078125 0.33579881718750004 0.533203125 0.3291420125 0.560546875 0.331360946875 0.5735677078125 0.3291420125 0.5891927078125 0.31952662656249997 0.626953125 0.3173076921875 0.6751302078125 0.32174556249999997 0.705078125 0.3187869828125 0.7376302078125 0.3099112421875 0.7649739578125 0.301405325 0.8229166671874999 0.26294378749999997 0.8268229171874999 0.25739645 0.8404947921874999 0.261094675 0.876953125 0.26331360937500004 0.9576822921874999 0.26331360937500004 0.9654947921874999 0.25924556249999997 0.9674479171874999 0.255917159375 0.9615885421874999 0.2529585796875 0.8053385421874999 0.25073964531250004 0.7884114578125 0.24260354999999997 0.7805989578125 0.24186390468750002 0.7688802078125 0.25147929062499996 0.748046875 0.247781065625 0.7272135421875 0.247781065625 0.705078125 0.23927514843750003 0.7135416671875 0.23261834375 0.6953125 0.2185650890625 0.6979166671875 0.21523668593749998 0.693359375 0.219304734375 0.6875 0.23483727812500002 0.6901041671875 0.247781065625 0.6790364578125 0.24260354999999997 0.634765625 0.2248520703125 0.6061197921875 0.2241124265625 0.5852864578125 0.22707100625 0.5696614578125 0.23631656875 0.5559895828125 0.24741124218750002 0.5546875 0.2555473375 0.5611979171875 0.2588757390625 0.5579427078125 0.2555473375 0.54296875 0.2437130171875 0.5494791671875 0.2337278109375 0.5462239578125 0.2437130171875 0.53515625 0.2548076921875 0.5338541671875 0.25739645 0.5071614578125 0.2566568046875 0.498046875 0.2511094671875 0.4921875 0.2318786984375 0.4973958328125 0.22781065156250002 0.4915364578125 0.23483727812500002 0.484375 0.250369821875 0.48046875 0.2548076921875 0.453125 0.25924556249999997 0.4739583328125 0.2703402359375 0.46875 0.2795857984375 0.470703125 0.2777366859375 0.4830729171875 0.2681213015625 0.4895833328125 0.26294378749999997 0.4869791671875 0.2603550296875 0.4954427078125 0.26294378749999997 0.53515625 0.27292899375 0.517578125 0.27588757343750003 0.4967447921875 0.2792159765625 0.4934895828125 0.28402366875 0.498046875 0.28032544375 0.5071614578125 0.27810650937500003 0.5384114578125 0.272559171875 0.54296875 0.26294378749999997 0.5416666671875 0.2603550296875 0.552734375 0.2721893484375 0.5930989578125 0.2677514796875 0.6139322921875 0.25739645 0.6399739578125 0.2581360953125 0.6725260421875 0.26368343125 0.6822916671875 0.27551775156249997 0.6497395828125 0.30066568125000004 0.6536458328125 0.309171596875 0.6334635421875 0.309171596875 0.6061197921875 0.30177514843750003 0.5735677078125 0.30547337343750003 0.5540364578125 0.3150887578125 0.5462239578125 0.3143491125 0.5397135421875 0.3269230765625 0.505859375 0.32544378749999997 0.439453125 0.309171596875 0.4342447921875 0.3076923078125 0.4147135421875 0.3136094671875 0.388671875 0.31102070937500004 0.3815104171875 0.29844674531250004 0.3828125 0.294008875 0.3697916671875 0.291789940625 0.3815104171875 0.286242603125 0.380859375 0.286242603125 0.3717447921875 0.29511834375 0.3639322921875 0.29955621250000003 0.318359375 0.30325443750000003 0.3118489578125 0.30325443750000003 0.3053385421875 0.29844674531250004 0.2994791671875 0.2903106515625 0.3151041671875 0.27588757343750003 0.3196614578125 0.27551775156249997 0.3255208328125 0.2847633140625 0.3326822921875 0.2832840234375 0.345703125 0.2855029578125 0.3522135421875 0.27551775156249997 0.3658854171875 0.26738165625 0.3658854171875 0.2603550296875 0.373046875 0.2603550296875 0.4069010421875 0.24815088749999997 0.4361979171875 0.2352071 0.4290364578125 0.231508875 0.3873697921875 0.2352071 0.380859375 0.2359467453125 0.345703125 0.2437130171875 0.3333333328125 0.2511094671875 0.3346354171875 0.25739645 0.326171875 0.2566568046875 0.291015625 0.265162721875 0.2643229171875 0.27477810625 0.26171875 0.2829142015625 0.2721354171875 0.28661242656249997 0.2708333328125 0.289940828125 0.263671875 0.29068047343750003 0.24544270781250002 0.2958579875 0.24153645781250002 0.2925295859375 0.234375 0.310281065625 0.24088541718749998 0.3154585796875 0.23307291718749998 0.32618343125 0.228515625 0.3365384609375 0.1751302078125 0.3213757390625 0.171875 0.315828403125 0.1647135421875 0.3213757390625 0.13671875 0.34097633125 0.1321614578125 0.3402366859375 0.1061197921875 0.3346893484375 0.09765625 0.3125 0.09505208281250001 0.28661242656249997 0.078125 0.1875 0.08072916718749999 0.1379437875 0.07682291718749999 0.11723372812499999 0.08203125 0.091346153125 0.078125 0.0713757390625 0.07942708281250001 0.0536242609375 0.08723958281250001 0.000369821875 0.08984375 0 0.5436197921875 0.012943787500000001 0.53515625 0.012573964062500002 0.525390625 0.01738165625 0.5169270828125 0.044008874999999996 0.4921875 0.0543639046875 0.5013020828125 0.0846893484375 0.49609375 0.0772929 0.5325520828125 0.094304734375 0.5377604171875 0.12241124218749999 0.5364583328125 0.1560650890625 0.5462239578125 0.1298076921875 0.5520833328125 0.060281065625 0.5546875 0.05510355 0.5625 0.0447485203125 0.5559895828125 0.000369821875 0.5559895828125 0 0.662109375 0.0122041421875 0.65625 0.0199704140625 0.6360677078125 0.030695265625000002 0.62109375 0.04696745625 0.6184895828125 0.059911242187500005 0.6217447921875 0.0680473375 0.646484375 0.066568046875 0.6751302078125 0.07581360937500001 0.6861979171875 0.0972633140625 0.68359375 0.1046597640625 0.6940104171875 0.11723372812499999 0.6822916671875 0.120931953125 0.6861979171875 0.125369821875 0.6822916671875 0.1349852078125 0.6848958328125 0.143860946875 0.67578125 0.154955621875 0.67578125 0.16087278124999999 0.6901041671875 0.1671597640625 0.693359375 0.1671597640625 0.6985677078125 0.1619822484375 0.7037760421875 0.1638313609375 0.7083333328125 0.18158284062500002 0.7122395828125 0.1819526625 0.6920572921875 0.1875 0.6822916671875 0.2037721890625 0.6809895828125 0.20857988125000002 0.697265625 0.1982248515625 0.724609375 0.20118343125 0.7584635421875 0.198964496875 0.783203125 0.1926775140625 0.8046875 0.18823964531249998 0.80078125 0.1845414203125 0.8138020828125001 0.1745562125 0.8157552078125001 0.183801775 0.8203125 0.1875 0.8294270828125001 0.198594675 0.8229166671874999 0.204511834375 0.828125 0.2148668640625 0.8229166671874999 0.21523668593749998 0.7337239578125 0.23261834375 0.7213541671875 0.2411242609375 0.7389322921875 0.23816568125 0.7805989578125 0.2337278109375 0.8014322921874999 0.23927514843750003 0.8072916671874999 0.24741124218750002 0.8059895828125001 0.25 0.8287760421874999 0.24741124218750002 0.8333333328125001 0.2340976328125 0.83203125 0.1638313609375 0.8463541671874999 0.1409023671875 0.8411458328125001 0.13831360937499998 0.8352864578125001 0.1412721890625 0.8157552078125001 0.1372041421875 0.80859375 0.13683431875000002 0.8391927078125001 0.1335059171875 0.84375 0.128698225 0.8404947921874999 0.1261094671875 0.8294270828125001 0.1242603546875 0.841796875 0.1187130171875 0.8463541671874999 0.058801775 0.8515625 0.056952662499999994 0.8313802078125001 0.066568046875 0.814453125 0.04326923125 0.80859375 0.047337278125 0.8053385421874999 0.0465976328125 0.7884114578125 0.0536242609375 0.77734375 0.0625 0.7786458328125 0.07063609531250001 0.7643229171875 0.0750739640625 0.7643229171875 0.0880177515625 0.7389322921875 0.0787721890625 0.73046875 0.06323964531250001 0.7317708328125 0.062130178125000005 0.748046875 0.0643491125 0.7532552078125 0.0595414203125 0.7565104171875 0.0536242609375 0.7721354171875 0.04326923125 0.7708333328125 0.03587278125 0.7630208328125 0.0240384609375 0.765625 0.0159023671875 0.7513020828125 0.014792900000000001 0.767578125 0.0177514796875 0.7805989578125 0.014792900000000001 0.8053385421874999 0.0177514796875 0.8079427078125001 0.01368343125 0.80859375 0.0077662718749999995 0.80078125 0 0.8092447921874999 0 0.8561197921874999 0.0103550296875 0.8756510421874999 0.0088757390625 0.8938802078125001 0.0029585796875 0.9069010421874999 0.0007396453125 0.9264322921874999 0 0.9420572921874999 0.0036982250000000003 0.9602864578125001 0 0.9641927078125001 0 0.9850260421874999 0.0048076921875 0.98828125 0.002218934375 0.9811197921874999 0.0085059171875 0.9713541671874999 0.0092455625 0.98828125 0.0232988171875 0.9921875 0.22522189374999999 0.9908854171874999 0.27107988125000004 0.99609375 0.2777366859375 0.9921875 0.348742603125 0.9908854171874999 0.42455621250000003 0.9967447921874999 0.4308431953125 0.9895833328125001 0.4552514796875 0.9947916671874999 0.46634615312500005 0.9908854171874999 0.46967455625000004 0.9759114578125001 0.48076923125000004 0.9602864578125001 0.4800295859375 0.9342447921874999 0.48261834375 0.9205729171874999 0.5025887578125 0.9231770828125001 0.52107988125 0.91015625 0.538091715625 0.9140625 0.54511834375 0.923828125 0.5465976328125 0.939453125 0.55066568125 0.9466145828125001 0.5613905328125 0.9225260421874999 0.562869821875 0.8990885421874999 0.5728550296875 0.88671875 0.5898668640625 0.8971354171874999 0.59652366875 0.9127604171874999 0.6083579875 0.9114583328125001 0.6120562125 0.9205729171874999 0.6161242609375 0.904296875 0.6231508875 0.8984375 0.6338757390625 0.873046875 0.6331360953125 0.8600260421874999 0.6135355031249999 0.85546875 0.611686390625 0.857421875 0.6161242609375 0.8665364578125001 0.611686390625 0.8704427078125001 0.61316568125 0.876953125 0.5994822484375 0.8802083328125001 0.5954142015625 0.876953125 0.5968934906250001 0.8704427078125001 0.59282544375 0.85546875 0.5809911249999999 0.8619791671874999 0.57803254375 0.85546875 0.564718934375 0.8541666671874999 0.5595414203125 0.87890625 0.54696745625 0.8776041671874999 0.5443786984375001 0.8704427078125001 0.5465976328125 0.8639322921874999 0.541789940625 0.8606770828125001 0.5384615390625 0.8704427078125001 0.5403106515625 0.8776041671874999 0.51738165625 0.87890625 0.5144230765625 0.8658854171874999 0.5018491125 0.8658854171874999 0.499630178125 0.8567708328125001 0.48631656874999996 0.85546875 0.48261834375 0.8619791671874999 0.47892011874999996 0.8567708328125001 0.47707100625 0.8756510421874999 0.46967455625000004 0.8834635421874999 0.46190828437500003 0.9075520828125001 0.4537721890625 0.9088541671874999 0.44119822500000005 0.90234375 0.437130178125 0.8938802078125001 0.4386094671875 0.8665364578125001 0.447115384375 0.8541666671874999 0.45894970468749996 0.8489583328125001 0.46079881718750004 0.8430989578125001 0.45562130156249997 0.7975260421875 0.447115384375 0.7955729171875 0.436020709375 0.77734375 0.42196745625 0.79296875 0.4101331359375 0.7903645828125 0.4001479296875 0.7467447921875 0.38424556249999997 0.7369791671875 0.378328403125 0.7213541671875 0.356508875 0.689453125 0.35207100625 0.6712239578125 0.342455621875 0.6555989578125 0.33357988125000004 0.630859375 0.33727810625 0.5930989578125 0.343195265625 0.5748697921875 0.3568786984375 0.5559895828125 0.3835059171875 0.5338541671875 0.38868343125 0.51953125 0.39238165625 0.5182291671875 0.4123520703125 0.5338541671875 0.42381656874999996 0.572265625 0.4282544375 0.576171875 0.43121301718750005 0.5944010421875 0.445266271875 0.6139322921875 0.44341715937500004 0.625 0.427884615625 0.62890625 0.4230769234375 0.6373697921875 0.4323224859375 0.6588541671875 0.44119822500000005 0.6627604171875 0.44378698281249995 0.6712239578125 0.4445266265625 0.716796875 0.44822485156249997 0.7389322921875 0.4467455625 0.7623697921875 0.45894970468749996 0.76953125 0.470044378125 0.7565104171875 0.499630178125 0.7526041671875 0.503698225 0.744140625 0.49260355 0.7389322921875 0.4911242609375 0.7076822921875 0.48520709999999995 0.685546875 0.4822485203125 0.603515625 0.48520709999999995 0.541015625 0.4900147921875 0.5338541671875 0.560281065625 0.5338541671875 0.562869821875 0.5384114578125 0.5650887578125 0.5709635421875 0.5650887578125 0.6217447921875 0.5680473375 0.6282552078125 0.5643491125 0.6360677078125 0.575813609375 0.6393229171875 0.5784023671875 0.5944010421875 0.570266271875 0.5735677078125 0.570266271875 0.525390625 0.568417159375 0.5208333328125 0.5521449703125 0.5234375 0.5436390531249999 0.5123697921875 0.539940828125 0.4928385421875 0.5406804734375 0.470703125 0.5447485203125 0.46484375 0.5669378703125 0.4635416671875 0.5750739640625 0.4388020828125 0.6031804734375 0.4205729171875 0.6201923078125 0.421875 0.6238905328125 0.41796875 0.629068046875 0.4296875 0.6394230765625 0.4375 0.6431213015624999 0.4361979171875 0.645710059375 0.427734375 0.6353550296875 0.384765625 0.6338757390625 0.365234375 0.628698225 0.353515625 0.6312869828125 0.3359375 0.624630178125 0.3372395828125 0.620931953125 0.34375 0.6120562125 0.3424479171875 0.60392011875 0.3541666671875 0.5920857984375 0.3580729171875 0.5824704140625 0.3489583328125 0.5769230765625 0.3313802078125 0.5691568046875 0.3203125 0.5573224859375 0.3190104171875 0.5539940828125001 0.3248697921875 0.5532544374999999 0.3600260421875 0.541789940625 0.3684895828125 0.5273668640625 0.365234375 0.5266272187500001 0.349609375 0.531804734375 0.337890625 0.526257396875 0.33203125 0.5177514796875 0.3391927078125 0.517011834375 0.3626302078125 0.5144230765625 0.3645833328125 0.5062869828125 0.3645833328125 0.5011094671875 0.3580729171875 0.499630178125 0.3671875 0.4722633140625 0.3671875 0.4552514796875 0.3723958328125 0.45007396406250005 0.37890625 0.4419378703125 0.3736979171875 0.42344674531250004 0.375 0.41605029531250004 0.3828125 0.41087278125 0.375 0.40347633125 0.3736979171875 0.3949704140625 0.384765625 0.401257396875 0.4231770828125 0.40865384687499995 0.4296875 0.420488165625 0.4192708328125 0.46079881718750004 0.435546875 0.44822485156249997 0.443359375 0.456360946875 0.4772135421875 0.4478550296875 0.4947916671875 0.43934911249999997 0.498046875 0.437130178125 0.5188802078125 0.43158284062499996 0.5286458328125 0.4282544375 0.5032552078125 0.4197485203125 0.484375 0.409393490625 0.4778645828125 0.4079142015625 0.4713541671875 0.4005177515625 0.4765625 0.3894230765625 0.4752604171875 0.3794378703125 0.443359375 0.3794378703125 0.4329427078125 0.39053254375 0.384765625 0.3912721890625 0.3600260421875 0.404955621875 0.3580729171875 0.406804734375 0.353515625 0.403106509375 0.2819010421875 0.39423076875 0.2610677078125 0.392011834375 0.23111979218749998 0.395710059375 0.197265625 0.39423076875 0.1634114578125 0.39977810625 0.1432291671875 0.40643491093749995 0.16015625 0.41420118281249996 0.1647135421875 0.40828402343750003 0.1803385421875 0.4116124265625 0.1875 0.41605029531250004 0.1875 0.418639053125 0.1959635421875 0.4178994078125 0.205078125 0.4123520703125 0.2109375 0.40828402343750003 0.20247395781250002 0.407544378125 0.23763020781250002 0.4123520703125 0.2513020828125 0.41457100625 0.2421875 0.42418639062499996 0.23828125 0.43343195312500005 0.21419270781250002 0.4252958578125 0.1959635421875 0.4286242609375 0.1783854171875 0.44119822500000005 0.1744791671875 0.45488165625 0.1907552078125 0.45340236718750004 0.23111979218749998 0.445266271875 0.24934895781250002 0.44341715937500004 0.3033854171875 0.440828403125 0.2975260421875 0.439718934375 0.26171875 0.4386094671875 0.275390625 0.43934911249999997 0.318359375 0.448594675 0.3268229171875 0.4537721890625 0.3255208328125 0.4652366859375 0.3079427078125 0.4644970421875 0.2623697921875 0.46967455625000004 0.255859375 0.468195265625 0.23893229218749998 0.4630177515625 0.22981770781250002 0.46005917187499995 0.1673177078125 0.47152366875 0.1484375 0.4803994078125 0.1432291671875 0.49371301718750005 0.1471354171875 0.4988905328125 0.1588541671875 0.5103550296875 0.1673177078125 0.507766271875 0.1744791671875 0.49815088750000003 0.1783854171875 0.4955621296875 0.1868489578125 0.5011094671875 0.19921875 0.5144230765625 0.20182291718749998 0.517011834375 0.208984375 0.51183431875 0.21419270781250002 0.51368343125 0.21614583281250002 0.5188609468750001 0.21744791718749998 0.5232988171875 0.20442708281250002 0.5329142015625 0.1979166671875 0.541789940625 0.1979166671875 0.55510355 0.20703125 0.559171596875 0.22721354218749998 0.559171596875 0.24544270781250002 0.564718934375 0.2565104171875 0.5717455625000001 0.24283854218749998 0.5724852078125 0.22981770781250002 0.585059171875 0.21809895781250002 0.5750739640625 0.1927083328125 0.545488165625 0.1901041671875 0.5218195265625 0.1940104171875 0.5162721890624999 0.1868489578125 0.52292899375 0.1634114578125 0.5310650890625 0.1595052078125 0.5273668640625 0.138671875 0.533653846875 0.12890625 0.539940828125 0.1360677078125 0.54142011875 0.1555989578125 0.5447485203125 0.1627604171875 0.552884615625 0.15625 0.5580621296875 0.16015625 0.5750739640625 0.1575520828125 0.5765532546875 0.13671875 0.58173076875 0.1380208328125 0.5839497046875 0.1471354171875 0.598742603125 0.15234375 0.6046597640625 0.16015625 0.6312869828125 0.1627604171875 0.6320266265625001 0.1744791671875 0.6120562125 0.1770833328125 0.61316568125 0.189453125 0.60207100625 0.1946614578125 0.5954142015625 0.216796875 0.602440828125 0.22395833281250002 0.60576923125 0.22330729218749998 0.6090976328125 0.20572916718749998 0.6150147921875 0.203125 0.6638313609375001 0.1979166671875 0.6749260359375 0.20703125 0.7037721890624999 0.20442708281250002 0.7074704140625 0.20833333281250002 0.7167159765625 0.23372395781250002 0.7141272187500001 0.2526041671875 0.6749260359375 0.2578125 0.663091715625 0.28125 0.651257396875 0.27734375 0.6446005921875 0.2825520828125 0.6275887578125 0.28125 0.6224112421875 0.2877604171875 0.59282544375 0.2864583328125 0.588757396875 0.291015625 0.60392011875 0.30078125 0.61131656875 0.29296875 0.6201923078125 0.2942708328125 0.628328403125 0.3033854171875 0.651257396875 0.30078125 0.654955621875 0.2916666671875 0.666789940625 0.2877604171875 0.672337278125 0.2936197921875 0.6749260359375 0.3072916671875 0.6793639046875 0.30859375 0.689718934375 0.30078125 0.69489645 0.2825520828125 0.7037721890624999 0.3033854171875 0.7259615390625 0.3046875 0.7278106515625 0.3170572921875 0.723742603125 0.33203125 0.698594675 0.33203125 0.6967455625000001 0.353515625 0.7059911249999999 0.3619791671875 0.723742603125 0.36328125 0.73076923125 0.373046875 0.7322485203125 0.380859375 0.7285502953125 0.3938802078125 0.718195265625 0.404296875 0.7226331359375 0.4212239578125 0.7189349109375 0.4342447921875 0.7141272187500001 0.44140625 0.7059911249999999 0.42578125 0.702662721875 0.447265625 0.70488165625 0.4798177078125 0.71042899375 0.48828125 0.7222633140625 0.4934895828125 0.729289940625 0.5123697921875 0.72152366875 0.5208333328125 0.7126479296875 0.5221354171875 0.691198225 0.5065104171875 0.6867603546875001 0.5169270828125 0.6675295859375 0.52734375 0.6564349109375 0.5247395828125 0.6490384609375 0.515625 0.6431213015624999 0.5169270828125 0.6412721890624999 0.5279947921875 0.645710059375 0.544921875 0.645710059375 0.560546875 0.6397929 0.583984375 0.6275887578125 0.5859375 0.6179733734374999 0.578125 0.611686390625 0.583984375 0.6264792906250001 0.607421875 0.628328403125 0.6393229171875 0.6320266265625001 0.6393229171875 0.6331360953125 0.6256510421875 0.64977810625 0.6015625 0.6786242609375 0.5989583328125 0.687869821875 0.623046875 0.6945266265625001 0.6555989578125 0.6900887578125 0.6647135421875 0.697115384375 0.6731770828125 0.7074704140625 0.6640625 0.742233728125 0.66015625 0.7414940828125001 0.6497395828125 0.7300295859375 0.642578125 0.729289940625 0.6334635421875 0.7318786984375001 0.6302083328125 0.7451923078125 0.625 0.749630178125 0.6315104171875 0.7585059171874999 0.6315104171875 0.7647929 0.642578125 0.761094675 0.6634114578125 0.765162721875 0.67578125 0.7688609468750001 0.66015625 0.776257396875 0.6653645828125 0.780695265625 0.6627604171875 0.781804734375 0.669921875 0.7721893484375 0.6764322921875 0.7732988171875 0.6822916671875 0.7781065093749999 0.6829427078125 0.7769970421875 0.6861979171875 0.7684911249999999 0.6881510421875 0.770710059375 0.7102864578125 0.767011834375 0.7467447921875 0.7688609468750001 0.7643229171875 0.7769970421875 0.7643229171875 0.786242603125 0.7506510421875 0.7892011828125 0.7350260421875 0.8017751484375 0.7194010421875 0.789940828125 0.6842447921875 0.7892011828125 0.6555989578125 0.782544378125 0.6412760421875 0.782544378125 0.6282552078125 0.7888313609375001 0.6184895828125 0.8043639046875001 0.6184895828125 0.8125 0.6302083328125 0.8150887578124999 0.6243489578125 0.8128698218749999 0.607421875 0.8036242609375 0.6041666671875 0.8017751484375 0.595703125 0.79696745625 0.5924479171875 0.789940828125 0.5944010421875 0.79326923125 0.6015625 0.780695265625 0.6080729171875 0.7607248515625 0.6028645828125 0.759615384375 0.5930989578125 0.753328403125 0.5911458328125 0.7529585796875 0.580078125 0.750369821875 0.578125 0.7429733734374999 0.5794270828125 0.746301775 0.587890625 0.7414940828125001 0.58984375 0.7355769234375 0.58984375 0.7281804734375 0.5794270828125 0.7315088750000001 0.5852864578125 0.7296597640625 0.5911458328125 0.7230029578125 0.5885416671875 0.718195265625 0.5944010421875 0.71782544375 0.6028645828125 0.7059911249999999 0.6041666671875 0.7056213015624999 0.5540364578125 0.720044378125 0.5520833328125 0.7259615390625 0.55859375 0.73261834375 0.5533854171875 0.7370562125 0.5403645828125 0.7488905328125 0.5481770828125 0.7525887578125 0.54296875 0.7585059171874999 0.5455729171875 0.7625739640625 0.5397135421875 0.75 0.533203125 0.749630178125 0.5143229171875 0.7377958578125 0.5169270828125 0.7352071 0.5110677078125 0.7614644968750001 0.5078125 0.7640532546875 0.5123697921875 0.7588757390625 0.5188802078125 0.7629437875 0.5221354171875 0.77107988125 0.50390625 0.7851331359375 0.50390625 0.7936390531249999 0.4967447921875 0.786242603125 0.470703125 0.789940828125 0.4563802078125 0.8043639046875001 0.4401041671875 0.8132396453125 0.4361979171875 0.8254437875 0.416015625 0.8195266265625 0.4055989578125 0.8191568046875 0.3932291671875 0.8380177515625 0.3821614578125 0.8380177515625 0.373046875 0.8217455625 0.3522135421875 0.8221153843750001 0.3424479171875 0.8354289937500001 0.3424479171875 0.8406065093749999 0.3541666671875 0.852440828125 0.3567708328125 0.8568786984375001 0.34375 0.8724112421875001 0.33984375 0.8757396453125 0.3196614578125 0.8753698218749999 0.29296875 0.8831360953124999 0.3157552078125 0.8816568046875 0.3313802078125 0.8901627218750001 0.3385416671875 0.8964497046875 0.3248697921875 0.8986686390624999 0.3079427078125 0.9064349109375 0.2994791671875 0.9375 0.2994791671875 0.9419378703125 0.3151041671875 0.95303254375 0.30078125 0.9693047343750001 0.2994791671875 0.9759615390624999 0.2916666671875 0.996671596875 0.2955729171875 1 0.2923177078125 1 0.24674479218749998
0 1 0.3665364578125 0.9907544375 0.3567708328125 0.9101331359374999 0.34765625 0.8842455625 0.3515625 0.8709319531249999 0.3450520828125 0.8679733734375 0.3502604171875 0.8590976328125001 0.3489583328125 0.8517011828125 0.3580729171875 0.8457840234375 0.3580729171875 0.8498520703124999 0.3717447921875 0.8472633140625 0.3776041671875 0.8302514796875 0.359375 0.82803254375 0.3671875 0.8380177515625 0.3704427078125 0.8357988171875 0.3938802078125 0.83173076875 0.38671875 0.8291420125 0.4016927078125 0.823594675 0.4010416671875 0.815828403125 0.4147135421875 0.8095414203125 0.4361979171875 0.7962278109375001 0.4557291671875 0.79142011875 0.4563802078125 0.7921597640625 0.4694010421875 0.7869822484375 0.4772135421875 0.79142011875 0.4811197921875 0.7925295859375 0.4921875 0.7965976328125 0.490234375 0.7965976328125 0.4954427078125 0.7910502953125 0.5052083328125 0.7829142015625 0.5078125 0.7810650890625 0.5201822921875 0.7736686390624999 0.525390625 0.7769970421875 0.5390625 0.7858727812499999 0.53125 0.7906804734375 0.5462239578125 0.7751479296875 0.552734375 0.7766272187500001 0.564453125 0.7814349109375 0.5651041671875 0.7832840234375 0.5735677078125 0.7696005921875 0.578125 0.7684911249999999 0.5865885421875 0.7769970421875 0.59765625 0.7888313609375001 0.578125 0.79142011875 0.5930989578125 0.789940828125 0.6217447921875 0.8043639046875001 0.6276041671875 0.8150887578124999 0.642578125 0.813979290625 0.65625 0.8032544375 0.6595052078125 0.801035503125 0.6842447921875 0.8051035499999999 0.6875 0.8080621296875 0.6822916671875 0.8346893484375 0.67578125 0.8753698218749999 0.67578125 0.8831360953124999 0.697265625 0.8831360953124999 0.7063802078125 0.876479290625 0.7154947921875 0.877218934375 0.7662760421875 0.8835059171875 0.7682291671875 0.886464496875 0.7591145828125 0.8923816562500001 0.7578125 0.8968195265625001 0.7604166671875 0.9005177515625 0.7721354171875 0.9105029578125 0.771484375 0.95673076875 0.7317708328125 0.9767011828125 0.7278645828125 0.9822485203125 0.7180989578125 0.9800295859375 0.7141927078125 0.98076923125 0.6985677078125 0.9892751484375 0.68359375 1 0.6764322921875 1 0.6451822921875 0.9948224859374999 0.6399739578125 1 0.6321614578125 1 0.3665364578125
0 1 0.201171875 0.998520709375 0.1803385421875 0.9926035499999999 0.1725260421875 0.996671596875 0.1666666671875 0.97892011875 0.1653645828125 0.9874260359375 0.1725260421875 0.986686390625 0.181640625 0.9803994078124999 0.1901041671875 0.9730029578125 0.1783854171875 0.9667159765625 0.1803385421875 0.9737426031249999 0.1653645828125 0.9375 0.1575520828125 0.936020709375 0.1666666671875 0.9271449703125001 0.1731770828125 0.9193786984375001 0.1868489578125 0.9186390531249999 0.1946614578125 0.9134615390624999 0.1985677078125 0.9112426031249999 0.21419270781250002 0.92196745625 0.21614583281250002 0.9252958578125 0.22200520781250002 0.9175295859375 0.23307291718749998 0.9101331359374999 0.23177083281250002 0.9060650890625 0.23893229218749998 0.9060650890625 0.255859375 0.9105029578125 0.255859375 0.9082840234375 0.2571614578125 0.9105029578125 0.2701822921875 0.9068047343750001 0.2766927078125 0.9119822484375 0.283203125 0.9112426031249999 0.291015625 0.9175295859375 0.3059895828125 0.9423076921875 0.3131510421875 0.9448964500000001 0.3072916671875 0.9522929 0.3059895828125 0.9552514796875 0.296875 0.9648668640625001 0.3033854171875 0.9767011828125 0.2916666671875 0.9848372781249999 0.2903645828125 0.9959319531249999 0.296875 1 0.2936197921875 1 0.201171875
0 0.22152366875 0.03515625 0.2248520703125 0.029296875 0.22337278125 0.013671875 0.22004437812500002 0.0078125 0.19563609531249998 0.010416667187500001 0.1863905328125 0.021484375 0.1845414203125 0.0325520828125 0.1789940828125 0.033203125 0.1819526625 0.037109375 0.198594675 0.0299479171875 0.22152366875 0.03515625
0 0.0998520703125 0.07096354218749999 0.10724852031250001 0.0358072921875 0.06323964531250001 0.03515625 0.062130178125000005 0.048828125 0.0687869828125 0.07486979218749999 0.08653846093749999 0.07747395781250001 0.09652366875 0.07682291718749999 0.0998520703125 0.07096354218749999
0 0.496671596875 0 0.4933431953125 0.007161457812499999 0.49815088750000003 0.0338541671875 0.522559171875 0.03125 0.54142011875 0.0358072921875 0.5517751484375 0.0279947921875 0.5495562125 0.0162760421875 0.541789940625 0.01171875 0.538091715625 0 0.496671596875 0
0 0.059171596874999996 0.0006510421875 0.000369821875 0 0.0007396453125 0.0462239578125 0.0573224859375 0.0286458328125 0.059171596874999996 0.0006510421875
0 0.1298076921875 0 0.121671596875 0.0182291671875 0.123520709375 0.0006510421875 0.11538461562499999 0.0006510421875 0.11760355 0.007161457812499999 0.11760355 0.0266927078125 0.11464497031250001 0.0305989578125 0.11612426093749999 0.041015625 0.1312869828125 0.0494791671875 0.13868343125 0.06510416718749999 0.143491125 0.06575520781250001 0.1671597640625 0.0358072921875 0.1642011828125 0.021484375 0.168639053125 0.007161457812499999 0.1727071 0.0078125 0.17566568124999998 0 0.154955621875 0 0.15347633125 0.0052083328125 0.151257396875 0 0.1298076921875 0
0 1 0.0006510421875 0.5968934906250001 0.0006510421875 0.60022189375 0.0182291671875 0.6061390531249999 0.01171875 0.6135355031249999 0.013020832812499999 0.625369821875 0.05078125 0.6616124265625001 0.03515625 0.6867603546875001 0.03515625 0.7259615390625 0.046875 0.7318786984375001 0.0390625 0.7511094671875 0.0338541671875 0.7903106515625 0.0377604171875 0.8154585796875 0.05208333281250001 0.8394970421875 0.05143229218749999 0.85022189375 0.0494791671875 0.8568786984375001 0.0416666671875 0.8820266265625 0.04296875 0.8831360953124999 0.0358072921875 0.8742603546875 0.0279947921875 0.8790680468750001 0.0208333328125 0.882766271875 0.0221354171875 0.8857248515625 0.014322917187500001 0.897559171875 0.014322917187500001 0.904955621875 0.0234375 0.9153106515625 0.0260416671875 0.9278846156249999 0.013020832812499999 0.9338017750000001 0.0260416671875 0.9448964500000001 0.0247395828125 0.9574704140625 0.0338541671875 0.9767011828125 0.0221354171875 0.9855769234375 0.0364583328125 0.992233728125 0.0221354171875 1 0.017578125 1 0.0006510421875
0 0.48261834375 0.9244791671874999 0.5011094671875 0.9231770828125001 0.5099852078125 0.9140625 0.5269970421875 0.91015625 0.5410502953125 0.9192708328125001 0.5443786984375001 0.9251302078125001 0.54511834375 0.939453125 0.5499260359375 0.9453125 0.5606508875 0.927734375 0.562869821875 0.8977864578125001 0.5710059171874999 0.884765625 0.5695266265625001 0.876953125 0.5728550296875 0.8697916671874999 0.5772929 0.8919270828125001 0.583210059375 0.8971354171874999 0.5891272187500001 0.89453125 0.592455621875 0.912109375 0.6090976328125 0.9296875 0.6146449703125 0.919921875 0.6168639046875 0.9069010421874999 0.6238905328125 0.9036458328125001 0.630917159375 0.884765625 0.627218934375 0.8795572921874999 0.6275887578125 0.8736979171874999 0.647559171875 0.8776041671874999 0.654955621875 0.89453125 0.6593934906250001 0.8854166671874999 0.663091715625 0.8880208328125001 0.666789940625 0.8815104171874999 0.6793639046875 0.88671875 0.691568046875 0.8743489578125001 0.6937869828125 0.849609375 0.698594675 0.84765625 0.7141272187500001 0.8216145828125001 0.71782544375 0.8307291671874999 0.7222633140625 0.8203125 0.7300295859375 0.8209635421874999 0.7359467453125 0.849609375 0.73446745625 0.8704427078125001 0.7407544374999999 0.8958333328125001 0.7488905328125 0.88671875 0.7570266265625001 0.8880208328125001 0.7588757390625 0.8834635421874999 0.755917159375 0.876953125 0.7607248515625 0.8763020828125001 0.7625739640625 0.8704427078125001 0.761094675 0.8600260421874999 0.7647929 0.8287760421874999 0.770710059375 0.822265625 0.763313609375 0.7962239578125 0.7625739640625 0.759765625 0.765162721875 0.75390625 0.767011834375 0.7584635421875 0.7688609468750001 0.7825520828125 0.779955621875 0.7578125 0.7869822484375 0.7532552078125 0.7869822484375 0.7376302078125 0.7843934906250001 0.7330729171875 0.779955621875 0.7447916671875 0.7688609468750001 0.7408854171875 0.765162721875 0.7526041671875 0.7622041421875 0.7434895828125 0.753328403125 0.73828125 0.719304734375 0.7434895828125 0.7144970421875 0.7584635421875 0.7096893484375 0.7604166671875 0.6904585796875 0.73046875 0.6819526625 0.7571614578125 0.6767751484375 0.7884114578125 0.6767751484375 0.8287760421874999 0.6804733734374999 0.845703125 0.6749260359375 0.8502604171874999 0.6605029578125 0.8430989578125001 0.664940828125 0.8274739578125001 0.65902366875 0.802734375 0.6597633140625 0.779296875 0.6523668640625 0.748046875 0.6516272187500001 0.7233072921875 0.647559171875 0.7135416671875 0.6238905328125 0.7135416671875 0.6198224859375 0.7180989578125 0.621301775 0.732421875 0.638313609375 0.7610677078125 0.638313609375 0.845703125 0.6357248515625 0.8567708328125001 0.60392011875 0.8541666671874999 0.60022189375 0.8723958328125001 0.594304734375 0.8541666671874999 0.5691568046875 0.8567708328125001 0.5625 0.8528645828125001 0.52107988125 0.85546875 0.49815088750000003 0.8515625 0.48261834375 0.85546875 0.479289940625 0.8509114578125001 0.4800295859375 0.8287760421874999 0.47559171562499997 0.822265625 0.4744822484375 0.8111979171874999 0.471893490625 0.8430989578125001 0.47633136093750006 0.865234375 0.4704142015625 0.8860677078125001 0.4741124265625 0.8899739578125001 0.47559171562499997 0.9055989578125001 0.4652366859375 0.912109375 0.4670857984375 0.9192708328125001 0.47152366875 0.9166666671874999 0.47559171562499997 0.9251302078125001 0.47781065156249997 0.955078125 0.468195265625 0.974609375 0.4748520703125 0.9772135421874999 0.479289940625 0.9733072921874999 0.48261834375 0.9244791671874999