1 0.35859375 0.12265625 0.0953125 0.15703125
1 0.69453125 0.5984375 0.09453125 0.22265625
1 0.9109375 0.4796875 0.10859375 0.17734375
1 0.3515625 0.4484375 0.08125 0.20078125
1 0.26171875 0.071875 0.10546875 0.13828125
1 0.1296875 0.38046875 0.1109375 0.20234375
1 0.81484375 0.24453125 0.109375 0.165625
1 0.56171875 0.5875 0.0796875 0.20390625
1 0.55 0.834375 0.0734375 0.1484375
1 0.85546875 0.35078125 0.1140625 0.16171875
1 0.765625 0.13984375 0.0828125 0.1265625
1 0.7265625 0.06953125 0.096875 0.13359375
1 0.478125 0.06015625 0.1 0.1203125
1 0.62109375 0.23046875 0.03671875 0.1046875
1 0.22109375 0.4203125 0.1078125 0.20625
1 0.05078125 0.29765625 0.10078125 0.16796875
1 0.065625 0.38203125 0.0625 0.1125
1 0.1234375 0.0328125 0.0484375 0.065625
1 0.95625 0.65859375 0.0875 0.1671875
1 0.43125 0.50078125 0.04609375 0.1625
0 0.5397501421875 0.4832962140625 0.5573537765625 0.47772828437500003 0.5621805796875 0.4693763921875 0.5610448609375001 0.4437639203125 0.5533787625000001 0.434298440625 0.5278251 0.4365256125 0.515332196875 0.42538975468749995 0.501703578125 0.42316258281249997 0.49801249218750004 0.44599109062500003 0.5008517890624999 0.4649220484375 0.515332196875 0.49220490000000006 0.519591140625 0.4927616921875 0.533503690625 0.49109131406250006 0.5397501421875 0.4832962140625
0 0.38074957343750004 0.8006681515625 0.3838728 0.7967706015625 0.39011925000000003 0.7611358578125 0.39125496875 0.719933184375 0.387563884375 0.7048997765625 0.3762067 0.7093541203125 0.3648495171875 0.7026726062499999 0.3622941515625 0.6998886421875 0.362010221875 0.6915367484375 0.3489494609375 0.6759465484375 0.34554230625 0.677060134375 0.3412833625 0.7154788421875 0.33844406562499996 0.7232739421875001 0.344974446875 0.7293986640625 0.353492334375 0.7293986640625 0.3617262921875 0.7388641421875 0.3594548546875 0.7923162578125 0.3617262921875 0.8045657015625001 0.36570130624999997 0.8090200453125 0.37279954531250004 0.799554565625 0.38074957343750004 0.8006681515625
0 0.48580352031249996 0.129175946875 0.4883588875 0.13195991093749998 0.487791028125 0.138641425 0.49034639375 0.1436525609375 0.4937535484375 0.1358574609375 0.5 0.13140311875 0.5014196484375 0.12305122500000001 0.498296421875 0.1180400890625 0.48580352031249996 0.1202672609375 0.4826802953125 0.105233853125 0.4767177734375 0.0957683734375 0.4710391828125 0.093541203125 0.46791595625 0.0740534515625 0.463089153125 0.06792873125 0.455139125 0.0801781734375 0.449460534375 0.0824053453125 0.4329926171875 0.07126948749999999 0.43015332187500005 0.061247215625 0.4261783078125 0.059020045312500005 0.424758659375 0.06291759531249999 0.42759795624999997 0.069599109375 0.428165815625 0.0963251671875 0.424758659375 0.1397550109375 0.4278818859375 0.1436525609375 0.44491766093749996 0.12694877499999999 0.4511641109375 0.1258351890625 0.455706984375 0.1380846328125 0.4718909703125 0.1553452109375 0.482396365625 0.14699331875 0.48580352031249996 0.129175946875
0 0.3509369671875 0.638641425 0.3526405453125 0.630846325 0.3583191375 0.623051225 0.35775127812499996 0.6141425390624999 0.3526405453125 0.6085746109375 0.356615559375 0.600779509375 0.3515048265625 0.5963251671875 0.3503691078125 0.5840757234375 0.3452583765625 0.5762806234375 0.342703009375 0.5645879734375 0.3370244171875 0.5623608015625 0.325667234375 0.5445434296875 0.3143100515625 0.53563474375 0.31090289531250004 0.5367483296875 0.31061896718750004 0.57962138125 0.3072118109375 0.592984409375 0.3009653609375 0.600779509375 0.303236796875 0.6141425390624999 0.309767178125 0.619153675 0.325667234375 0.6202672609375 0.3375922765625 0.650334075 0.3461101640625 0.6636971046875 0.3503691078125 0.664253896875 0.356615559375 0.6542316265625 0.3509369671875 0.638641425
0 0.8906871093750001 0.7939866375 0.8909710390625 0.787861915625 0.8867120953125 0.78173719375 0.87734241875 0.780066815625 0.876774559375 0.76224944375 0.8787620671875 0.756124721875 0.8895513906250001 0.7449888640625 0.8940942640625 0.7494432078125 0.8980692781249999 0.74610245 0.9026121515625001 0.7527839640625 0.918512209375 0.748329621875 0.921067575 0.7422049000000001 0.9193639984375 0.72995545625 0.9153889828124999 0.7232739421875001 0.914253265625 0.6987750562499999 0.9045996593750001 0.6854120265625 0.9063032375000001 0.6776169265624999 0.9048835890625 0.6714922046875 0.9017603640624999 0.6720489984375 0.8986371375 0.6893095765624999 0.8915388984374999 0.6932071265624999 0.8932424765625001 0.6998886421875 0.8906871093750001 0.7060133625 0.8813174328125 0.7021158125 0.8827370812499999 0.6971046765625 0.8867120953125 0.6982182625 0.8884156734375 0.6915367484375 0.8762067 0.692093540625 0.8762067 0.7076837421875 0.8787620671875 0.7149220484375001 0.89011925 0.7093541203125 0.8926746171875 0.7154788421875 0.89125496875 0.71826280625 0.8662691656250001 0.7193763921875 0.86257808125 0.7099109125 0.8648495171875 0.704342984375 0.8628620109374999 0.69487750625 0.8605905734375 0.7048997765625 0.8517887562500001 0.708797328125 0.85406019375 0.7154788421875 0.8520726859375 0.71826280625 0.8463940937500001 0.7171492203125001 0.8435547984375 0.7216035640625 0.8350369109375 0.71826280625 0.8296422484375 0.7232739421875001 0.8316297562500001 0.7349665921875 0.8435547984375 0.7271714921875 0.8435547984375 0.7494432078125 0.8333333328125001 0.751670378125 0.8265190234375 0.7472160359375 0.827938671875 0.7388641421875 0.823679728125 0.7371937640625 0.82197615 0.748329621875 0.80919931875 0.75445434375 0.8248154453125001 0.7605790640625 0.8356047703125 0.756124721875 0.846961953125 0.7650334078125 0.8560477000000001 0.7650334078125 0.8691084609375 0.7550111359375 0.8722316859375001 0.76224944375 0.8722316859375001 0.7778396437499999 0.87961385625 0.791202671875 0.8813174328125 0.8079064593749999 0.8841567296875 0.811247215625 0.8852924468750001 0.7967706015625 0.8906871093750001 0.7939866375
0 0.4224872234375 0.6197104671875 0.42362294218749996 0.5985523390624999 0.40772288437500004 0.5907572390625 0.4054514484375 0.5206013359375 0.4040318 0.5167037859375 0.3926746171875 0.5144766140625 0.3884156734375 0.5618040093750001 0.38046564374999997 0.585189309375 0.3816013625 0.599665925 0.3739352640625 0.6069042312499999 0.3708120390625 0.61859688125 0.3674048828125 0.6620267265625001 0.376774559375 0.6692650328124999 0.38869960312499996 0.6692650328124999 0.4048835890625 0.6776169265624999 0.4145371953125 0.6709354125 0.4224872234375 0.6197104671875
0 1 0.4649220484375 0.9951731968749999 0.4610244984375 0.9923339015625 0.46547884218749996 0.9829642249999999 0.438195990625 0.9840999437500001 0.43151447656249997 0.9727427593750001 0.4248329625 0.9693356046874999 0.371380846875 0.9650766609374999 0.36748329687500003 0.9576944921875 0.36859688125 0.9463373078125 0.3385300671875 0.9403747875 0.34131403125 0.938671209375 0.35356347499999996 0.9409426468750001 0.3624721609375 0.938671209375 0.3702672609375 0.9398069281250001 0.3780623609375 0.9528676890625001 0.40144766093750006 0.9636570125 0.4292873046875 0.962237365625 0.4398663703125 0.9576944921875 0.434298440625 0.954571265625 0.4370824046875 0.956842703125 0.4693763921875 0.9639409421874999 0.4766147 0.969051675 0.4766147 0.975014196875 0.48719376406250003 0.97558205625 0.49721603593749997 0.961101646875 0.5322939859375 0.956842703125 0.5306236078125 0.95854628125 0.5228285078125 0.9565587734375001 0.5211581296875 0.951448040625 0.5233852999999999 0.9457694484375001 0.5345211578125 0.9409426468750001 0.5350779515624999 0.9369676312499999 0.554008909375 0.9420783640625 0.565144765625 0.9452015906250001 0.5590200453125 0.9491766046875 0.5623608015625 0.9673480984375 0.5556792875000001 0.988926746875 0.5590200453125 0.9929017609375 0.5545657015625001 0.9954571265625001 0.5451002234375 0.9937535484375 0.5350779515624999 0.9869392390625 0.521714921875 0.9883588874999999 0.5033407578125 1 0.537305121875 1 0.4649220484375
0 0.55763770625 0.40144766093750006 0.5530948328124999 0.35801781718750003 0.54684838125 0.339086859375 0.5530948328124999 0.3279510015625 0.5525269734375 0.30456570156249996 0.5349233390625 0.2689309578125 0.5312322546875 0.24610245000000003 0.5215786484375 0.2550111359375 0.5022714359375 0.26280623593749997 0.4943214078125 0.283964365625 0.4832481546875 0.2923162578125 0.48693923906250003 0.3084632515625 0.4997160703125 0.3223830734375 0.4943214078125 0.3251670375 0.4934696203125 0.3324053453125 0.49574105625 0.339086859375 0.5008517890624999 0.40812917656250003 0.5141964796875 0.4175946546875 0.53407155 0.4209354125 0.543157296875 0.42873051249999994 0.5502555359375 0.4292873046875 0.5542305515625 0.4259465484375 0.55763770625 0.40144766093750006
0 0.61186825625 0.9866369703125001 0.6152754109374999 0.9944320718749999 0.6493469625 0.9933184859375 0.6496308921875 0.9771714921875001 0.65445769375 0.9732739421875 0.6604202156250001 0.97605790625 0.6612720046875 0.9933184859375 0.6709256109374999 0.9933184859375 0.674332765625 0.9821826281250001 0.67915956875 0.9793986640625001 0.67915956875 0.9515590203125001 0.674900625 0.9420935406250001 0.6714934703125001 0.94877505625 0.655025553125 0.94877505625 0.6524701875 0.945991090625 0.6536059062499999 0.9381959906249999 0.6510505390625 0.9309576843749999 0.63969335625 0.93207126875 0.6323111875 0.9498886421874999 0.623225440625 0.946547884375 0.6181147078125 0.9510022265625 0.61186825625 0.9699331843750001 0.605053946875 0.95657015625 0.585746734375 0.9521158125 0.5743895515624999 0.95657015625 0.542021578125 0.9476614703124999 0.540034071875 0.945991090625 0.540034071875 0.9370824046875 0.5440090859375 0.9237193765624999 0.5374787046875 0.9109131406250001 0.533503690625 0.9175946546875 0.5022714359375 0.90089086875 0.49801249218750004 0.9081291765625 0.5070982390625 0.9214922046874999 0.5076660984375 0.9471046765625 0.5053946625 0.962694878125 0.5002839296875 0.9693763921875 0.4991482109375 0.9793986640625001 0.5028392953124999 0.9933184859375 0.5161839859375 0.9949888640625 0.6056218062500001 0.9944320718749999 0.61186825625 0.9866369703125001
0 0.22629187968750003 0.58351893125 0.24730266875 0.5746102453125 0.2498580359375 0.5662583515625 0.2498580359375 0.5384187078125 0.24730266875 0.5322939859375 0.2353776265625 0.5311804015625 0.21777399218750002 0.5167037859375 0.21550255468750001 0.502227171875 0.19818285 0.48051225000000003 0.20073821718749998 0.4610244984375 0.1808631453125 0.45657015625 0.17319704687499998 0.470489978125 0.16922203281249998 0.49610245 0.16212379375 0.5167037859375 0.15417376562500001 0.5233852999999999 0.1416808625 0.5233852999999999 0.1442362296875 0.5384187078125 0.1416808625 0.5489977734375 0.12180579218750001 0.5400890875 0.1152754109375 0.5517817375 0.11016467968749999 0.57182628125 0.11158432656249999 0.5779510015625 0.12180579218750001 0.58351893125 0.12578080625000002 0.5902004453125 0.1473594546875 0.59910913125 0.18029528749999998 0.629175946875 0.19080068125 0.628619153125 0.2160704140625 0.6158129171875 0.22629187968750003 0.58351893125
0 0.8983532078125 0.2566815140625 0.8989210671875 0.24665924218750002 0.9063032375000001 0.23775055625000002 0.9091425328125 0.21547884218750002 0.9153889828124999 0.19654788437499998 0.9199318562500001 0.1909799546875 0.9264622375 0.172605790625 0.9298693921875 0.17037861875 0.9338444062500001 0.1759465484375 0.9372515609375001 0.1748329625 0.9432140828125 0.1631403125 0.9412265765625 0.152561246875 0.9852356609375 0.14755011093749998 0.984667803125 0.125278396875 0.9730266890625 0.12249443281250001 0.9704713234375 0.1163697109375 0.9693356046874999 0.0918708234375 0.9727427593750001 0.07071269531249999 0.9761499140625001 0.069599109375 0.9721749000000001 0.0673719375 0.9693356046874999 0.0328507796875 0.9588302093750001 0.022271715625 0.9332765468750001 0.0244988859375 0.930153321875 0.0172605796875 0.93072118125 0.00835189375 0.9241908000000001 0.005567928125 0.7782509937500001 0 0.7822260078125 0.025612471874999997 0.788472459375 0.031180401562499998 0.7967064171875 0.031737193749999996 0.790459965625 0.036191537499999996 0.7924474734375 0.047884187499999994 0.7964224875 0.040089087499999995 0.80919931875 0.0462138078125 0.80919931875 0.054008909375000004 0.8126064734374999 0.060690423437499995 0.8114707546875 0.07182628125 0.8131743328125 0.077394209375 0.8126064734374999 0.0940979953125 0.8103350375 0.099665925 0.8157296984375 0.116926503125 0.8395797843749999 0.0879732734375 0.8444065875 0.092984409375 0.8483816015625001 0.11191536718749999 0.8517887562500001 0.1163697109375 0.852924475 0.138641425 0.8597387843750001 0.15089086875 0.86257808125 0.1976614703125 0.869392390625 0.21325167031249997 0.8705281093749999 0.2255011140625 0.87734241875 0.2288418703125 0.876774559375 0.239977728125 0.8787620671875 0.24498886406249998 0.8867120953125 0.2427616921875 0.8892674609375 0.24665924218750002 0.8852924468750001 0.25445434375 0.8909710390625 0.267817371875 0.8952299828125 0.2572383078125 0.8983532078125 0.2566815140625
0 0.4207836453125 0.9916481062500001 0.41993185625 0.95657015625 0.4125496875 0.96436525625 0.40800681406250006 0.962138084375 0.4068710953125 0.9521158125 0.3957978421875 0.9448775062499999 0.3898353203125 0.9164810687499999 0.37961385625 0.9164810687499999 0.375922771875 0.9237193765624999 0.3764906296875 0.9047884187499999 0.38074957343750004 0.888641425 0.38529244687499997 0.8897550109375001 0.38926746093750003 0.880846325 0.40289608125000004 0.875278396875 0.4054514484375 0.8702672609375 0.40601930781249995 0.8223830734375 0.40176036406250004 0.8151447656249999 0.3963657015625 0.8168151453125001 0.39466212343749996 0.846881959375 0.38869960312499996 0.8596881953125 0.3816013625 0.854677059375 0.38074957343750004 0.8262806234375001 0.37734241874999996 0.8318485515624999 0.370528109375 0.8329621375 0.36882453125 0.839643653125 0.36683702500000004 0.8379732734375 0.3676888125 0.8307349671875001 0.36087450312499997 0.8262806234375001 0.35320840468750003 0.8402004453125 0.3489494609375 0.8563474390625 0.3307779671875 0.86080178125 0.3350369109375 0.8780623609375 0.33021010781250004 0.8841870828125 0.32424758593749997 0.8736080171875 0.3228279390625 0.8585746109375 0.30749574062499996 0.8596881953125 0.30181715 0.8518930953125 0.29840999375 0.8530066812499999 0.294718909375 0.8335189312500001 0.28989210625 0.82962138125 0.286201021875 0.8368596875 0.285065303125 0.854677059375 0.27967064218750004 0.8663697109375 0.2711527546875 0.8663697109375 0.26604202187500003 0.8596881953125 0.260647359375 0.8680400890625 0.259511640625 0.876948775 0.261783078125 0.8858574609375 0.25894378125 0.8925389750000001 0.262918796875 0.9159242765625001 0.25241340156250003 0.9354120265624999 0.23197047187500003 0.9331848546874999 0.2189097109375 0.9164810687499999 0.2140829078125 0.9214922046874999 0.21181147031249997 0.9393095765625 0.205281090625 0.9476614703124999 0.19818285 0.9404231624999999 0.1976149921875 0.922605790625 0.1879613859375 0.9081291765625 0.1947756953125 0.9014476609375001 0.1970471328125 0.8836302890625 0.1942078359375 0.8758351890625 0.20386144218750002 0.869153675 0.20130607656250002 0.8663697109375 0.19619534375 0.8641425390625 0.1933560484375 0.8719376390625 0.188245315625 0.8741648109375 0.1868256671875 0.8847438750000001 0.1837024421875 0.888641425 0.1587166375 0.8875278390625001 0.1555934125 0.8847438750000001 0.15360590624999998 0.86080178125 0.14111300468750002 0.8596881953125 0.13827370781249998 0.8552338531249999 0.109312890625 0.8541202671875 0.0525269734375 0.8674832968749999 0.03833049375 0.8574610249999999 0.0224304375 0.8585746109375 0 0.8357461031250001 0.0002839296875 0.99554565625 0.38046564374999997 0.9961024500000001 0.41538898281250003 0.99554565625 0.4207836453125 0.9916481062500001
0 0.8160136281250001 0.6620267265625001 0.8137421921874999 0.646436525 0.8242475859375 0.63919821875 0.8233957984375 0.630846325 0.8285065296875 0.625278396875 0.8290743890625001 0.6141425390624999 0.833049403125 0.6085746109375 0.8282226015624999 0.5957683734375 0.823679728125 0.5957683734375 0.8205565015625 0.6085746109375 0.8211243609375 0.6163697109374999 0.8103350375 0.6397550109375 0.8077796703125 0.6514476609375001 0.80692788125 0.6408685968750001 0.8114707546875 0.6174832968749999 0.8103350375 0.607461025 0.8160136281250001 0.6018930953125 0.8248154453125001 0.5779510015625 0.832197615625 0.5824053453125 0.8441226578125001 0.6046770593749999 0.8461101640625 0.599665925 0.8438387281249999 0.585189309375 0.8489494609375001 0.569599109375 0.8461101640625 0.5517817375 0.8350369109375 0.5523385296875001 0.8276547421875 0.5322939859375 0.825099375 0.5406458796875 0.8285065296875 0.5462138078125001 0.8233957984375 0.5517817375 0.8228279390625 0.5183741640624999 0.8290743890625001 0.50835189375 0.8242475859375 0.5 0.815161840625 0.502227171875 0.8100511078125001 0.517817371875 0.7964224875 0.5244988859374999 0.7890403187499999 0.5211581296875 0.7842135156250001 0.5128062359375 0.7802385015625 0.4949888640625 0.7717206140624999 0.4771714921875 0.7717206140624999 0.46158129218750005 0.7805224296875 0.45100222656250005 0.784781375 0.4515590203125 0.7842135156250001 0.43151447656249997 0.7748438390625 0.42427616874999996 0.7660420218749999 0.40144766093750006 0.758659853125 0.392538975 0.757524134375 0.371380846875 0.7529812609375 0.369153675 0.7512776828125001 0.3502227171875 0.7444633734375 0.3379732734375 0.7438955140625 0.32572383125000004 0.7365133453125 0.30345211562499996 0.7214650765624999 0.2906458796875 0.7177739921875 0.2744988859375 0.7075525265625 0.2566815140625 0.7101078937499999 0.24387527812499998 0.7183418515625 0.23775055625000002 0.7200454281249999 0.2266147 0.7189097109375 0.21102449843749999 0.709540034375 0.2138084625 0.7067007375000001 0.22383073437499998 0.698750709375 0.22605790625000002 0.69818285 0.22160356406249998 0.7041453718749999 0.216592428125 0.6973310625 0.20879732812500001 0.6862578078125 0.172605790625 0.6788756390625 0.180400890625 0.6734809765625 0.1776169265625 0.6723452578125 0.168708240625 0.67603634375 0.1536748328125 0.6953435546875 0.1514476609375 0.7044293015624999 0.1458797328125 0.70584895 0.140868596875 0.7041453718749999 0.12305122500000001 0.6973310625 0.1141425390625 0.690232821875 0.0924276171875 0.6788756390625 0.085746103125 0.66837024375 0.085189309375 0.6774559906250001 0.069599109375 0.676320271875 0.057349665625000004 0.6819988640625 0.0462138078125 0.678591709375 0.026169265625 0.6746166953125 0.0206013359375 0.6695059624999999 0.045100223437499996 0.6729131171875 0.05512249375 0.6660988078125001 0.057349665625000004 0.6598523562499999 0.077394209375 0.6587166375 0.0963251671875 0.6555934125 0.103563475 0.649914821875 0.103563475 0.643384440625 0.0907572390625 0.6405451453125 0.0762806234375 0.63117546875 0.059020045312500005 0.6277683140625 0.057906459375 0.627484384375 0.092984409375 0.6218057921875 0.12305122500000001 0.6189664968749999 0.1597995546875 0.6155593406250001 0.1698218265625 0.6186825671875 0.17817371875000002 0.6237933 0.17817371875000002 0.6286201015625 0.1854120265625 0.6371379890625 0.21325167031249997 0.643384440625 0.2589086859375 0.6473594546875 0.27004454375 0.6445201593750001 0.2744988859375 0.64508801875 0.280066815625 0.647643384375 0.2828507796875 0.65786485 0.27728285 0.6675184546875 0.28507795156250004 0.6712095406249999 0.2967706015625 0.6712095406249999 0.3123608015625 0.6618398640625001 0.34298440937499997 0.646507665625 0.3585746109375 0.6351504828125 0.3596881953125 0.6237933 0.350779509375 0.6223736515625 0.35356347499999996 0.6223736515625 0.3780623609375 0.62578080625 0.392538975 0.6269165250000001 0.430400890625 0.629471890625 0.4354120265625 0.6675184546875 0.4354120265625 0.670073821875 0.4292873046875 0.6717773984375001 0.40812917656250003 0.6666666671875 0.3914253890625 0.6717773984375001 0.3858574609375 0.6695059624999999 0.3724944328125 0.670073821875 0.35356347499999996 0.674900625 0.350779509375 0.6768881312499999 0.3702672609375 0.6751845546874999 0.3758351890625 0.676320271875 0.392538975 0.6740488359375 0.43151447656249997 0.6771720609375 0.4376391984375 0.6862578078125 0.4376391984375 0.68767745625 0.4471046765625 0.6277683140625 0.4443207125 0.6201022140625 0.50835189375 0.6235093703125 0.55512249375 0.631743328125 0.5556792875000001 0.63969335625 0.565701559375 0.64593980625 0.58351893125 0.6720613281250001 0.5801781734375 0.67802385 0.569599109375 0.6746166953125 0.5361915374999999 0.6746166953125 0.5072383078125 0.6766042015625 0.5 0.7004542875 0.48775055624999997 0.7220329359375001 0.48775055624999997 0.7331061890624999 0.5072383078125 0.737081203125 0.569599109375 0.7450312328125 0.6119153671875 0.7501419640625 0.6174832968749999 0.7518455421875 0.646436525 0.761783078125 0.64699331875 0.7725724015625001 0.6358574609375001 0.7742759796875001 0.6302895328125 0.763770584375 0.6241648109375 0.7660420218749999 0.6174832968749999 0.763770584375 0.607461025 0.7683134578125 0.599665925 0.7660420218749999 0.592984409375 0.7725724015625001 0.5824053453125 0.788472459375 0.5746102453125 0.7907438953125 0.5846325171875 0.7964224875 0.5846325171875 0.8003975015625 0.5902004453125 0.803236796875 0.585746103125 0.8057921640625001 0.5885300671875 0.804372515625 0.596881959375 0.8003975015625 0.593541203125 0.7964224875 0.5979955453125 0.7844974453125 0.5946547890625 0.7825099375 0.600779509375 0.7844974453125 0.6091314031249999 0.7967064171875 0.607461025 0.7972742765625 0.6698218265625 0.7992617828124999 0.6737193765625 0.8063600234375 0.6731625828125 0.8148779109375001 0.6698218265625 0.8160136281250001 0.6620267265625001
0 0.30494037500000004 0.450445434375 0.3009653609375 0.4471046765625 0.3100511078125 0.442650334375 0.328790459375 0.3680400890625 0.3370244171875 0.349665925 0.3568994890625 0.3541202671875 0.3642816578125 0.363028953125 0.36882453125 0.37527839687500003 0.376774559375 0.380846325 0.381033503125 0.379175946875 0.390687109375 0.339086859375 0.393810334375 0.335189309375 0.404599659375 0.3363028953125 0.4125496875 0.35300668125 0.420499715625 0.350779509375 0.428165815625 0.3602449890625 0.432424759375 0.38530066875 0.42504258906250003 0.39309576874999996 0.4159568421875 0.3897550109375 0.40800681406250006 0.39866369687500003 0.4040318 0.39309576874999996 0.39977285625 0.40033407499999996 0.39806927812500004 0.42260579062500003 0.39125496875 0.43151447656249997 0.3878478140625 0.4437639203125 0.389551390625 0.470489978125 0.3915388984375 0.474387528125 0.3963657015625 0.47271715 0.3969335609375 0.46158129218750005 0.39466212343749996 0.4537861921875 0.39664963124999997 0.4498886421875 0.40857467343750004 0.4432071265625 0.41936399843750005 0.4432071265625 0.423906871875 0.42761692656249994 0.45229982968750004 0.42873051249999994 0.4559909140625 0.4248329625 0.45655877343749995 0.414810690625 0.451448040625 0.3936525609375 0.4457694484375 0.392538975 0.451448040625 0.386971046875 0.45088018124999996 0.35356347499999996 0.4480408859375 0.3368596875 0.44747302656250004 0.2433184859375 0.4389551390625 0.2232739421875 0.43498012499999994 0.2010022265625 0.42362294218749996 0.1709354125 0.421067575 0.12249443281250001 0.41908006875000003 0.12305122500000001 0.41709256093749997 0.13363028906250002 0.40800681406250006 0.134743875 0.4054514484375 0.145322940625 0.399204996875 0.153118040625 0.3975014203125 0.164253896875 0.38926746093750003 0.17817371875000002 0.3824531515625 0.1815144765625 0.37279954531250004 0.195991090625 0.3631459390625 0.200445434375 0.3588869953125 0.1976614703125 0.3568994890625 0.18262806250000002 0.342703009375 0.164810690625 0.3381601359375 0.17149220468749998 0.3296422484375 0.164810690625 0.3276547421875 0.1542316265625 0.3205565015625 0.14699331875 0.309767178125 0.1202672609375 0.30465644531249997 0.1202672609375 0.3026689375 0.1063474390625 0.2995457125 0.103563475 0.2964224875 0.10857461093750001 0.29755820625 0.11859688125000001 0.2944349796875 0.1236080171875 0.29017603593749997 0.12305122500000001 0.2950028390625 0.124721603125 0.29585462812499996 0.13084632499999999 0.291027825 0.134743875 0.2864849515625 0.14699331875 0.27853492343749997 0.15701559062499998 0.2677455984375 0.1592427609375 0.255252696875 0.1737193765625 0.24957410625 0.1748329625 0.24730266875 0.18374164843750002 0.24275979531249997 0.1815144765625 0.2376490625 0.1893095765625 0.22657580937500002 0.1854120265625 0.2314026125 0.1792873046875 0.24730266875 0.1737193765625 0.2663259515625 0.14309576875000002 0.267177740625 0.1236080171875 0.25922771093749997 0.1236080171875 0.255252696875 0.1358574609375 0.249006246875 0.1380846328125 0.246734809375 0.14699331875 0.22629187968750003 0.149220490625 0.22061328750000003 0.1536748328125 0.2245883015625 0.180400890625 0.2226007953125 0.1720489984375 0.2120954 0.15478841875 0.20812038593749999 0.1614699328125 0.204145371875 0.1581291765625 0.199886428125 0.176503340625 0.19591141406249998 0.1798440984375 0.19591141406249998 0.2099109125 0.19307211875000002 0.23886414218750002 0.176320271875 0.2505567921875 0.17319704687499998 0.2577951 0.17319704687499998 0.27004454375 0.168938103125 0.2783964359375 0.1607041453125 0.2845211578125 0.174332765625 0.307906459375 0.17944349843750002 0.331291759375 0.1842703015625 0.3318485515625 0.188813175 0.3207126953125 0.196763203125 0.322939865625 0.20130607656250002 0.31848552343750003 0.220045428125 0.2706013359375 0.2214650765625 0.2789532296875 0.21010789375 0.30345211562499996 0.20897217499999998 0.315701559375 0.20386144218750002 0.331291759375 0.2314026125 0.3463251671875 0.23452583749999997 0.366926503125 0.24361158437500002 0.3858574609375 0.24190800625 0.40812917656250003 0.27172061406250003 0.42984409843750004 0.274559909375 0.4398663703125 0.2816581484375 0.43151447656249997 0.277115275 0.4159242765625 0.27654741562499996 0.40033407499999996 0.28250993750000003 0.39643652500000004 0.2853492328125 0.3997772828125 0.286201021875 0.4248329625 0.2918796140625 0.4404231625 0.290459965625 0.4443207125 0.2853492328125 0.4354120265625 0.2810902890625 0.4437639203125 0.279954571875 0.4537861921875 0.2938671203125 0.462138084375 0.293583190625 0.478285078125 0.2986939234375 0.48608017812500004 0.30494037500000004 0.45601336249999996 0.30494037500000004 0.450445434375
0 0.9486087453125001 0.958797328125 0.9787052812500001 0.96436525625 0.9929017609375 0.95657015625 1 0.9571269484375 0.9997160703124999 0.9109131406250001 0.9843838734375 0.9298440984375 0.9826802953125 0.9365256125 0.9787052812500001 0.9376391984374999 0.9770017031249999 0.94877505625 0.9744463375000001 0.9348552343750001 0.9752981265624999 0.9298440984375 0.9906303234375 0.9120267265625 0.9965928453125 0.900334075 0.996308915625 0.895322940625 0.98608745 0.903118040625 0.9809767171875 0.8997772828124999 0.9741624078125 0.9020044546875001 0.9684838156250001 0.898663696875 0.9608177171875001 0.8847438750000001 0.9579784218749999 0.8067928734375001 0.9528676890625001 0.7945434296875 0.948892675 0.7733852999999999 0.9494605343750001 0.76224944375 0.9534355484375 0.75445434375 0.9327086875000001 0.748329621875 0.9293015328124999 0.7550111359375 0.9077228843749999 0.756124721875 0.8861442359374999 0.7472160359375 0.8816013625 0.7550111359375 0.8713798984375 0.76169265 0.8705281093749999 0.77004454375 0.8745031234375 0.795657015625 0.888699603125 0.8580178171874999 0.8938103343750001 0.869153675 0.8966496312500001 0.8958797328125 0.9080068140625001 0.9070155906249999 0.9040317999999999 0.914810690625 0.9048835890625 0.9175946546875 0.909994321875 0.9175946546875 0.9139693359375001 0.92427616875 0.9151050546875 0.9187082406249999 0.925894378125 0.92427616875 0.9355479843750001 0.9142538968749999 0.941794434375 0.9164810687499999 0.9443498015625 0.922605790625 0.9443498015625 0.9337416484375 0.938671209375 0.9471046765625 0.9449176609375 0.9593541203125 0.9449176609375 0.97271715 0.9466212374999999 0.97271715 0.9466212374999999 0.9615812921875 0.9486087453125001 0.958797328125
0 0.101930721875 0.053452115625 0.099659284375 0.040089087499999995 0.095400340625 0.045100223437499996 0.0968199890625 0.0545657015625 0.1084611015625 0.056236079687499996 0.1059057359375 0.048997773437499996 0.101930721875 0.053452115625
0 0.1425326515625 0.07071269531249999 0.140829075 0.054008909375000004 0.136002271875 0.045657015625000005 0.12578080625000002 0.0545657015625 0.110448609375 0.0567928734375 0.1095968203125 0.061804009375 0.1186825671875 0.077394209375 0.1186825671875 0.0863028953125 0.129471890625 0.10857461093750001 0.129471890625 0.125278396875 0.13742191875 0.148663696875 0.137989778125 0.0918708234375 0.1425326515625 0.07071269531249999
0 0.1538898359375 0.2232739421875 0.14139693281250001 0.1954342984375 0.1419647921875 0.1698218265625 0.13657013125 0.1581291765625 0.12436115781249998 0.1776169265625 0.1254968765625 0.2010022265625 0.1419647921875 0.260022271875 0.1538898359375 0.22995545625 0.1538898359375 0.2232739421875
0 0.763770584375 0.8324053453125 0.763770584375 0.7989977734375 0.7592277109375 0.7845211578125 0.7578080640625 0.76614699375 0.7277115281250001 0.76169265 0.7101078937499999 0.7728285078125 0.69931856875 0.7683741640624999 0.6890971046875001 0.7728285078125 0.6686541734375 0.75835189375 0.658432709375 0.7572383078125 0.6564452015625 0.7611358578125 0.654173765625 0.7845211578125 0.6564452015625 0.803452115625 0.6547416234375001 0.8246102453124999 0.6618398640625001 0.8285077953125001 0.6658148781250001 0.8429844093750001 0.69080068125 0.839643653125 0.702157865625 0.847438753125 0.7106757531250001 0.8407572390625001 0.7345258375 0.8407572390625001 0.7359454859375 0.8390868593749999 0.7342419078125 0.82572383125 0.7299829640625 0.8340757234374999 0.7279954578125001 0.8212694875000001 0.73339011875 0.8073496656250001 0.7379329921875 0.8073496656250001 0.7399205 0.8145879734375001 0.73878478125 0.8457683734374999 0.742475865625 0.8507795093749999 0.7518455421875 0.851336303125 0.75894378125 0.8485523390624999 0.763770584375 0.8324053453125