1 0.4609375 0.5421875 0.06328125 0.115625
1 0.3359375 0.5546875 0.05625 0.0734375
1 0.2953125 0.5765625 0.05390625 0.07421875
1 0.309375 0.70390625 0.06015625 0.125
1 0.0796875 0.6578125 0.0890625 0.11875
1 0.63984375 0.58203125 0.0578125 0.09609375
1 0.73671875 0.5546875 0.0421875 0.09296875
1 0.76640625 0.57265625 0.04609375 0.0859375
1 0.88125 0.59609375 0.1203125 0.115625
1 0.846875 0.4890625 0.04140625 0.0734375
1 0.334375 0.48359375 0.06015625 0.06875
1 0.2171875 0.56796875 0.0625 0.07890625
1 0.22890625 0.525 0.065625 0.06328125
1 0.546875 0.59296875 0.05390625 0.0859375
1 0.5890625 0.55703125 0.05 0.07109375
1 0.60390625 0.40390625 0.0234375 0.04921875
1 0.12109375 0.521875 0.05390625 0.0734375
1 0.6828125 0.45 0.025 0.05625
1 0.64296875 0.47265625 0.0421875 0.0546875
1 0.3125 0.33671875 0.02578125 0.034375
1 0.35859375 0.39140625 0.02265625 0.04609375
1 0.72734375 0.3578125 0.02734375 0.034375
1 0.9796875 0.44375 0.03984375 0.046875
1 0.43671875 0.35546875 0.02578125 0.02890625
1 0.57890625 0.38359375 0.02265625 0.03984375
0 0.0017113515625 0.5355097359375 0.008271534375 0.5257731953125 0.0116942390625 0.528064146875 0.01568739375 0.51775486875 0.018824871875 0.5274914093749999 0.0208214484375 0.548682703125 0.043639475 0.53722795 0.0439247 0.52061855625 0.041072446875 0.5126002296875 0.0422133484375 0.490836196875 0.0396463203125 0.4879725078125 0.01568739375 0.492554409375 0.0116942390625 0.4833906078125 0.008271534375 0.48568155781250005 0.0042783796875 0.4765177546875 0.000285225 0.4776632296875 0 0.55956471875 0.0017113515625 0.55956471875 0.007986309375 0.5515463921875 0.0017113515625 0.5355097359375
0 0.0912721046875 0.4954180984375 0.094980034375 0.48568155781250005 0.130918425 0.47079037812499996 0.138904734375 0.4581901484375 0.16514546562500002 0.4581901484375 0.16942384531250002 0.46449026406250005 0.1725613234375 0.48224513125 0.17940673125 0.4776632296875 0.186822590625 0.48224513125 0.18596691406250002 0.47250859062500006 0.1885339421875 0.4684994265625 0.19081574375000002 0.48568155781250005 0.20051340624999997 0.48109965624999995 0.20136908125000003 0.48854524687499995 0.2056474609375 0.492554409375 0.2162007984375 0.47479954218750003 0.215345121875 0.47079037812499996 0.2107815171875 0.469644903125 0.2102110671875 0.463917525 0.22390188281249998 0.46277205 0.23245864218749998 0.44215349374999996 0.241585853125 0.44100801875 0.24671990937500002 0.4478808703125 0.2564175703125 0.44673539531250006 0.2592698234375 0.44215349374999996 0.2649743296875 0.44329896875 0.27096406093750003 0.433562428125 0.2672561328125 0.40893470781249996 0.2512835140625 0.40320733124999997 0.24215630312499997 0.39289805312500004 0.1965202515625 0.39289805312500004 0.16913861875 0.3894616265625 0.1292070734375 0.374570446875 0.0801483171875 0.373424971875 0.0770108390625 0.37857961093750003 0.0832857953125 0.3854524625 0.09184255625 0.40607101874999996 0.0944095828125 0.4203894609375 0.10810040000000001 0.43298969062500003 0.1235025671875 0.4364261171875 0.127780946875 0.44158075625000004 0.12949229843750001 0.450744559375 0.127495721875 0.45704467343750005 0.11437535624999999 0.469644903125 0.10581859687499999 0.46735395156250004 0.0978322875 0.47537227968750007 0.0795778671875 0.47537227968750007 0.07102110625 0.48109965624999995 0.068454078125 0.48854524687499995 0.0752994859375 0.5126002296875 0.0747290359375 0.52061855625 0.078722190625 0.5217640328125001 0.089560753125 0.510309278125 0.0912721046875 0.4954180984375
0 0.9335424984375 0.3516609390625 0.9415288078125 0.36769759375 0.956360525 0.382588775 0.9729035937500001 0.384879725 0.9843126062499999 0.3699885453125 0.9997147749999999 0.38144329843749997 1 0.3694158078125 0.9420992578125 0.3390607109375 0.937820878125 0.3213058421875 0.9306902453125 0.3138602515625 0.872504278125 0.318442153125 0.8542498578125001 0.3230240546875 0.8516828296875 0.32817869375000003 0.8553907593750001 0.3505154640625 0.871933828125 0.3528064140625 0.8787792359375001 0.3447880875 0.8867655453125 0.3516609390625 0.8953223046875 0.3493699890625 0.9021677125 0.353951890625 0.9184255562500001 0.3888888890625 0.9292641187499999 0.353379153125 0.9335424984375 0.3516609390625
0 0.7164860234375 1 0.7065031375 0.9965635734375 0.7030804328125 0.988545246875 0.6945236734375 0.9873997703124999 0.6836851109375 0.969072165625 0.6602966343750001 0.9644902640625 0.6426126640625001 0.970217640625 0.632915003125 0.9782359671874999 0.6237877921874999 0.970217640625 0.6112378781250001 0.969072165625 0.6072447234375 0.9759450171875 0.600399315625 0.9736540671875 0.5964061609375 0.97938144375 0.5941243578125001 0.970217640625 0.5770108390625001 0.9656357390625001 0.557045065625 0.9679266890625 0.5539075875 0.9776632296875001 0.5544780375 0.9948453609374999 0.5644609234375 1 0.7164860234375 1
0 0.3816314890625 0.9936998859375 0.378208784375 0.970790378125 0.3739304046875 0.9656357390625001 0.3431260703125 0.9667812140625 0.33114660625000003 0.9736540671875 0.3248716484375 0.972508590625 0.3163148890625 0.9759450171875 0.312892184375 0.9873997703124999 0.307187678125 0.989690721875 0.30205362187499996 0.9713631156250001 0.2917855109375 0.9667812140625 0.25527666875 0.9656357390625001 0.231317740625 0.970217640625 0.2273245859375 0.9770904921874999 0.219908728125 0.9644902640625 0.21135196875 0.9644902640625 0.19024529375000002 0.9736540671875 0.1731317734375 0.9679266890625 0.16571591562500002 0.9599083625 0.1406160859375 0.9621993124999999 0.10924130000000001 0.9495990843750001 0.063034796875 0.9473081328124999 0.0550484890625 0.932416953125 0.03736451875 0.924398625 0.008841985937500001 0.9232531500000001 0 0.9272623140625 0.0008556765625 1 0.369652025 0.9994272625 0.377923559375 0.9988545249999999 0.3816314890625 0.9936998859375