1 0.81171875 0.6125 0.33515625 0.209375
1 0.95390625 0.5234375 0.09140625 0.1125
1 0.78203125 0.5109375 0.08828125 0.071875
1 0.68046875 0.51953125 0.109375 0.09140625
1 0.51328125 0.5390625 0.0765625 0.07890625
1 0.43515625 0.58984375 0.10078125 0.1140625
1 0.3515625 0.434375 0.10859375 0.125
1 0.4484375 0.41015625 0.11640625 0.0859375
1 0.54140625 0.3796875 0.05390625 0.0578125
1 0.59375 0.371875 0.0625 0.0578125
1 0.47734375 0.23671875 0.10078125 0.07109375
1 0.22265625 0.59375 0.14765625 0.10625
1 0.07734375 0.46484375 0.0640625 0.09453125
1 0.33515625 0.82109375 0.1890625 0.296875
1 0.54609375 0.75546875 0.14921875 0.215625
1 0.66015625 0.40625 0.06328125 0.06328125
1 0.73671875 0.3984375 0.06953125 0.06640625
1 0.9125 0.38125 0.0640625 0.06640625
1 0.8171875 0.38125 0.0796875 0.06875
1 0.63046875 0.31875 0.13046875 0.078125
1 0.0921875 0.140625 0.06328125 0.09375
1 0.4265625 0.32890625 0.08203125 0.0609375
1 0.05625 0.3234375 0.03671875 0.05546875
0 0.7690104171875001 0.553551296875 0.7841145828125 0.5512965046875 0.7859375 0.5439684328125 0.75390625 0.53438556875 0.7372395828125 0.5366403609375 0.7338541671875001 0.5507328078125 0.7263020828125 0.556933484375 0.7234375 0.5687711390625 0.7375 0.569898534375 0.7643229171875 0.5625704625 0.7690104171875001 0.553551296875
0 0.88984375 0.5219842171875 0.8927083328125001 0.515783540625 0.8942708328125001 0.5022547921875 0.9033854171875 0.49605411562499996 0.9067708328125 0.476324690625 0.9096354171875 0.4735062 0.92578125 0.46899661718749996 0.95078125 0.4701240140625 0.9690104171874999 0.4735062 0.97265625 0.4813979703125 0.9768229171874999 0.4757609921875 0.98828125 0.4847801578125 0.9997395828125001 0.485907553125 1 0.394024803125 0.9903645828125001 0.3934611046875 0.9846354171874999 0.3878241265625 0.96953125 0.3912063140625 0.9450520828125001 0.38895152187500004 0.9372395828125001 0.40360766562499995 0.9190104171875 0.410372040625 0.8934895828125 0.41149943593750005 0.88984375 0.4306651640625 0.8846354171874999 0.435174746875 0.8783854171875 0.43404735 0.8716145828125 0.4475760984375 0.8544270828125 0.44532130781249996 0.8471354171875 0.435174746875 0.83984375 0.435174746875 0.8359375 0.4503945890625 0.8283854171874999 0.464487034375 0.8158854171875 0.45772266093749997 0.8078125 0.44363021406250003 0.8044270828125001 0.428410371875 0.79609375 0.42390078906250006 0.7994791671875 0.4312288609375 0.7994791671875 0.454904171875 0.79609375 0.4633596390625 0.790625 0.467305525 0.80546875 0.4791431796875 0.81015625 0.47801578281249996 0.8158854171875 0.464487034375 0.8216145828125001 0.4701240140625 0.82890625 0.46899661718749996 0.8307291671874999 0.5033821875 0.8296875 0.5360766625 0.83359375 0.54114994375 0.84375 0.5405862453125 0.8752604171874999 0.5310033828125 0.88984375 0.5219842171875
0 0.3924479171875 0.6426155578125 0.3953125 0.6375422765625001 0.3611979171875 0.5885005640625 0.35885416718749996 0.5789177 0.35208333281250004 0.5676437421875 0.35234375 0.546786921875 0.41588541718750005 0.528748590625 0.4497395828125 0.5456595265625 0.46328125 0.5614430671874999 0.46979166718750004 0.5529875984375 0.47109375 0.5163472375 0.47473958281249995 0.5163472375 0.48359375 0.503945884375 0.5184895828125 0.49943630156249996 0.52578125 0.51296505 0.5421875 0.51803833125 0.5484375 0.5518602031250001 0.5458333328125 0.5845546781250001 0.5471354171875 0.5907553546875 0.5596354171875 0.5952649375 0.57265625 0.614430665625 0.5888020828125 0.614430665625 0.5924479171875 0.6065388953124999 0.59765625 0.638105975 0.64296875 0.6369785796875 0.6486979171875 0.6099210828125 0.66015625 0.5997745203125 0.6625 0.594701240625 0.6627604171875 0.5851183765625 0.6674479171875001 0.5885005640625 0.6768229171875 0.582863584375 0.6807291671875 0.5687711390625 0.6752604171875001 0.556933484375 0.6611979171875 0.5558060874999999 0.6236979171875 0.5366403609375 0.6223958328125 0.506764375 0.6263020828125 0.49492671875000005 0.6486979171875 0.4813979703125 0.6638020828125 0.47801578281249996 0.6669270828125 0.4723788046875 0.6768229171875 0.4847801578125 0.6872395828125 0.4881623453125 0.6958333328124999 0.48421645937499996 0.6901041671875 0.47857948125 0.69140625 0.47125140937500004 0.6955729171875 0.46899661718749996 0.7036458328124999 0.4740698984375 0.6989583328125 0.48421645937499996 0.7033854171875 0.4915445328125 0.72265625 0.5028184890625 0.73359375 0.514092446875 0.7369791671875 0.5033821875 0.7359375 0.49323562499999996 0.7377604171875001 0.489289740625 0.7533854171875001 0.4847801578125 0.7638020828125 0.4735062 0.7661458328124999 0.467305525 0.765625 0.4582863578125 0.76171875 0.446448703125 0.7372395828125 0.4509582859375 0.7325520828125 0.443066515625 0.7205729171875 0.4374295375 0.69609375 0.4374295375 0.6885416671875 0.4413754234375 0.68671875 0.45885005625 0.6731770828125 0.45434047343749995 0.6705729171875 0.467869221875 0.6669270828125 0.4599774515625 0.6627604171875 0.46223224375000005 0.6518229171875001 0.453213078125 0.6434895828125 0.45546786875 0.6393229171875 0.4374295375 0.6278645828125 0.4374295375 0.6158854171875 0.41262683125 0.60859375 0.4058624578125 0.5138020828125 0.4024802703125 0.5083333328124999 0.41544532187499994 0.5072916671875001 0.4312288609375 0.50078125 0.4441939125 0.4856770828125 0.453213078125 0.47161458281249996 0.456595265625 0.43828125 0.453213078125 0.42473958281249996 0.4487034953125 0.42005208281249995 0.440811725 0.40911458281249996 0.440811725 0.4078125 0.44250281874999997 0.41510416718750004 0.4582863578125 0.4145833328125 0.47294250312499997 0.41223958281249995 0.48027057500000003 0.4049479171875 0.48365276250000006 0.40078125 0.50169109375 0.3580729171875 0.5028184890625 0.34609375 0.49830890625 0.3388020828125 0.49041713593749997 0.3138020828125 0.48703494999999997 0.3033854171875 0.49492671875000005 0.29453125 0.5163472375 0.2903645828125 0.51296505 0.28359375 0.5208568203125 0.2734375 0.51803833125 0.2755208328125 0.527057496875 0.271875 0.5349492671875 0.2802083328125 0.5529875984375 0.2825520828125 0.5659526500000001 0.2903645828125 0.5693348359375 0.2942708328125 0.5315670796874999 0.2981770828125 0.5332581734375 0.2979166671875 0.5710259296875 0.3059895828125 0.586245771875 0.31171875 0.589627959375 0.3231770828125 0.582863584375 0.3299479171875 0.58399098125 0.3322916671875 0.5924464484375 0.3302083328125 0.6116121765625 0.3317708328125 0.6195039453125 0.3450520828125 0.6426155578125 0.3528645828125 0.6482525359375 0.3674479171875 0.647125140625 0.38125 0.6533258171874999 0.38515625 0.6414881625 0.3924479171875 0.6426155578125
0 0.19479166718750002 0.5439684328125 0.1927083328125 0.5225479140625 0.1815104171875 0.49943630156249996 0.1768229171875 0.49605411562499996 0.16796875 0.5062006765625 0.16067708281249998 0.5073280718750001 0.15703125 0.5028184890625 0.1497395828125 0.5073280718750001 0.1484375 0.5112739578125 0.1515625 0.527057496875 0.1473958328125 0.5360766625 0.1473958328125 0.5529875984375 0.1486979171875 0.5580608796875001 0.1515625 0.55749718125 0.19088541718750002 0.550169109375 0.19479166718750002 0.5439684328125
0 0.0471354171875 0.7271702375 0.051302082812500004 0.7328072156250001 0.052604167187499995 0.72547914375 0.059375 0.71533258125 0.059375 0.6871476890625 0.06875 0.6612175875 0.0705729171875 0.6268320187499999 0.07421875 0.6550169109375 0.0841145828125 0.647125140625 0.0934895828125 0.6459977453125 0.10651041718750001 0.6155580609375 0.13203125 0.6031567078125 0.13333333281249998 0.5879368656249999 0.1421875 0.5789177 0.14114583281249998 0.548478015625 0.13828125 0.5434047343749999 0.1216145828125 0.5456595265625 0.09505208281250001 0.5636978578125 0.08255208281250001 0.5670800453125 0.07760416718749999 0.5721533265625001 0.0765625 0.5890642609375 0.07109375 0.6054115 0.0341145828125 0.61330326875 0.0322916671875 0.6228861328125 0.0369791671875 0.6995490421875 0.0369791671875 0.7322435171875 0.0393229171875 0.7429537765625 0.0442708328125 0.7423900796875 0.0463541671875 0.7390078921875001 0.0471354171875 0.7271702375
0 0.45078125 0.364148815625 0.47109375 0.34385569375 0.4830729171875 0.34723788125 0.5140625 0.3320180390625 0.509375 0.31623449843749996 0.5114583328125 0.304960540625 0.5002604171875 0.2931228859375 0.49244791718750003 0.29537767812500004 0.49114583281249996 0.3094701234375 0.48255208281249995 0.3213077796875 0.47265625 0.3269447578125 0.46588541718750004 0.3235625703125 0.46276041718750005 0.3416009015625 0.45546875 0.342728296875 0.44244791718750004 0.352874859375 0.3825520828125 0.34047350625 0.3807291671875 0.3275084546875 0.3854166671875 0.322998871875 0.38515625 0.30439684375 0.37447916718749996 0.30608793749999996 0.3763020828125 0.31454340468750003 0.3799479171875 0.3111612171875 0.3817708328125 0.31397970625 0.3778645828125 0.324689965625 0.3731770828125 0.3213077796875 0.3611979171875 0.3303269453125 0.3486979171875 0.331454340625 0.3377604171875 0.33821871406250004 0.3307291671875 0.333145434375 0.3296875 0.3072153328125 0.32369791718749996 0.2998872609375 0.29921875 0.2998872609375 0.2783854171875 0.3190529875 0.2669270828125 0.3179255921875 0.2645833328125 0.32187147656250004 0.2658854171875 0.33258173593749996 0.3028645828125 0.33821871406250004 0.32578125 0.37429537812499997 0.346875 0.383878240625 0.39505208281250004 0.3697857953125 0.45078125 0.364148815625
0 0.5708333328124999 0.2801578359375 0.5666666671875 0.2576099203125 0.5533854171875 0.2570462234375 0.5489583328125 0.290304396875 0.55390625 0.29763246875 0.5619791671875001 0.29706877187499997 0.5703125 0.28804960468749996 0.5708333328124999 0.2801578359375