1 0.8203125 0.59296875 0.103125 0.18203125
1 0.7078125 0.67421875 0.07578125 0.12109375
1 0.09765625 0.31953125 0.1125 0.15546875
1 0.31328125 0.021875 0.0484375 0.04375
1 0.09921875 0.1125 0.1 0.0640625
1 0.37578125 0.175 0.03125 0.05625
1 0.34296875 0.18046875 0.0296875 0.059375
1 0.26015625 0.19765625 0.03046875 0.0515625
1 0.1640625 0.33984375 0.0421875 0.09765625
1 0.33984375 0.08515625 0.02109375 0.04140625
1 0.9375 0.56171875 0.125 0.175
1 0.296875 0.18671875 0.02890625 0.0296875
0 0.7501362390625 0.9570370374999999 0.756130790625 0.940740740625 0.7806539515625001 0.9170370374999999 0.7855585828125 0.902222221875 0.8013623984375 0.9066666671875 0.8095367843749999 0.8992592593750001 0.816621253125 0.8888888890625 0.8201634875 0.8644444437500001 0.8269754765625 0.8533333328125 0.83623978125 0.8503703703125 0.84332425 0.859259259375 0.8705722078125 0.8237037031250001 0.9223433249999999 0.777777778125 0.9544959125 0.736296296875 0.9558583109375001 0.7251851859375 0.9534059953125 0.71555555625 0.9414168937499999 0.7096296296875 0.93542234375 0.68148148125 0.9163487734375 0.6725925921875 0.8918256124999999 0.6325925921875 0.880381471875 0.6296296296875 0.881198909375 0.597777778125 0.8787465937500001 0.5940740734375 0.876294278125 0.597777778125 0.8779291546874999 0.6288888890625 0.8752043593750001 0.640740740625 0.8514986375 0.68444444375 0.8313351499999999 0.6918518515625001 0.8111716625 0.6725925921875 0.7997275203124999 0.67555555625 0.7858310625 0.6896296296875 0.791008175 0.71555555625 0.7664850140625 0.7288888890624999 0.76158038125 0.7288888890624999 0.7435967296875 0.7022222218749999 0.7405994546875 0.7029629625 0.7392370578125 0.71555555625 0.7294277921875 0.7244444437500001 0.721798365625 0.7244444437500001 0.7179836515625 0.71555555625 0.712534059375 0.7170370375 0.71008174375 0.7251851859375 0.7185286109375 0.737777778125 0.721798365625 0.7540740734375 0.729700271875 0.757777778125 0.724795640625 0.7666666671875 0.7204359671875 0.7992592593750001 0.7291553140625 0.8422222218750001 0.7291553140625 0.8644444437500001 0.7256130796875 0.8859259265625001 0.7190735687500001 0.8859259265625001 0.7114441421875 0.8770370375000001 0.706539509375 0.8503703703125 0.6662125343749999 0.8474074078125 0.66376021875 0.8422222218750001 0.66376021875 0.8318518515625 0.6670299734375 0.7903703703125 0.6395095375000001 0.7511111109375 0.6269754765625 0.740740740625 0.6204359671875 0.7185185187500001 0.5991825609375 0.7303703703125 0.5735694828125 0.75851851875 0.5517711171874999 0.7733333328125 0.5209809265625001 0.8111111109375001 0.5198910078125001 0.8333333328125001 0.5234332421875 0.8444444437499999 0.5299727515625 0.8518518515625001 0.5403269749999999 0.88148148125 0.5512261578125 0.900740740625 0.5632152593749999 0.936296296875 0.5920980921875 0.9866666671875001 0.6051771109375 0.9925925921875001 0.710626703125 0.9933333328125 0.73324250625 0.983703703125 0.7501362390625 0.9570370374999999
0 0 0.9918518515624999 0.0376021796875 0.9918518515624999 0.0814713890625 0.9881481484375 0.12179836562499999 0.9614814812500001 0.137874659375 0.9103703703124999 0.140871934375 0.8933333328125 0.156130790625 0.8725925921875 0.16866485 0.8755555562499999 0.1713896453125 0.8874074078125 0.182288828125 0.9096296296874999 0.1920980921875 0.9096296296874999 0.259128065625 0.8548148140625 0.2978201640625 0.8385185187499999 0.32724795625 0.8103703703124999 0.34250681250000004 0.8044444437499999 0.35558583125 0.7925925921875 0.3768392375 0.75851851875 0.41226157968750005 0.737777778125 0.424795640625 0.7244444437500001 0.437874659375 0.7244444437500001 0.459128065625 0.7496296296875 0.462125340625 0.7370370375 0.46294277968750003 0.703703703125 0.48692098125000005 0.7022222218749999 0.49400544999999996 0.7081481484375 0.5136239781249999 0.703703703125 0.5166212531250001 0.69851851875 0.5179836515625 0.6829629625 0.54741144375 0.6696296296875001 0.5659400546875 0.6474074078125 0.5828337875 0.64 0.5926430515625001 0.620740740625 0.6013623984375001 0.6192592593749999 0.603542234375 0.6074074078125 0.6160762937500001 0.6133333328125 0.6269754765625 0.6088888890625 0.64332425 0.5911111109375 0.6618528609375 0.577777778125 0.672207084375 0.5762962968750001 0.6814713890624999 0.5629629625 0.69891008125 0.56148148125 0.7016348781249999 0.5540740734375 0.7103542234375 0.5540740734375 0.713623978125 0.543703703125 0.73542234375 0.5318518515624999 0.7495912812500001 0.5125925921875 0.769209809375 0.5111111109375 0.7997275203124999 0.4918518515625 0.811716621875 0.47555555624999996 0.814713896875 0.4659259265625 0.8228882828125 0.3770370375 0.811716621875 0.36 0.7861035421875 0.342222221875 0.7806539515625001 0.3229629625 0.7784741140625 0.3318518515625 0.775204359375 0.3318518515625 0.7730245234375 0.3125925921875 0.769209809375 0.3170370375 0.762125340625 0.3125925921875 0.7381471390625001 0.28444444375 0.7346049046875 0.26888888906249997 0.7340599453125 0.24962962968750002 0.7316076296875 0.24444444375000002 0.7291553140625 0.24666666718750002 0.7269754765625 0.2748148140625 0.7291553140625 0.28814814843750003 0.721798365625 0.2948148140625 0.7198910078125 0.26444444375 0.7138964578125 0.25851851875 0.7144414171875 0.23481481406250002 0.7103542234375 0.2296296296875 0.7073569484375 0.23333333281250002 0.7084468671875 0.24814814843750002 0.70599455 0.263703703125 0.698365121875 0.23851851875 0.6929155312499999 0.24444444375000002 0.631880109375 0.1940740734375 0.5964577656250001 0.1718518515625 0.570299728125 0.1496296296875 0.54141689375 0.11555555625 0.5376021796875 0.12148148125 0.52724795625 0.100740740625 0.48201634843749996 0.08148148125 0.459128065625 0.07851851875 0.4514986375 0.0874074078125 0.41607629375000005 0.097777778125 0.39155313281250004 0.1140740734375 0.3891008171875 0.12370370312500001 0.3891008171875 0.160740740625 0.4087193453125 0.21259259218749998 0.40190735625 0.223703703125 0.384468665625 0.21629629687500002 0.3501362390625 0.2296296296875 0.3234332421875 0.2281481484375 0.3098092640625 0.2103703703125 0.30626702968749997 0.2140740734375 0.3073569484375 0.22444444375 0.30272479531249996 0.2296296296875 0.2825613078125 0.21777777812500002 0.27956403281250003 0.22444444375 0.27874659375 0.2503703703125 0.26675749375 0.259259259375 0.25258855625 0.2370370375 0.24822888281250002 0.21925925937500002 0.23569482343749998 0.2029629625 0.2326975484375 0.1888888890625 0.2253406 0.17333333281250002 0.21607629374999998 0.1570370375 0.211716621875 0.16148148125 0.2084468671875 0.15555555625 0.20299727500000003 0.16148148125 0.1719346046875 0.1659259265625 0.059128065625000004 0.2029629625 0.03133515 0.20592592656250003 0.0013623984375000001 0.21925925937500002 0 0.3118518515625 0.011716621875 0.32148148125 0.0411444140625 0.3111111109375 0.0435967296875 0.30740740781250003 0.0471389640625 0.28148148125 0.05422343281250001 0.2770370375 0.0771117171875 0.2711111109375 0.086376021875 0.262222221875 0.10217983593749999 0.262222221875 0.10708446875 0.2548148140625 0.1463215265625 0.2518518515625 0.15667575 0.2696296296875 0.1795640328125 0.260740740625 0.191008175 0.2696296296875 0.20735694843750002 0.3140740734375 0.21662125312499997 0.32592592656249997 0.21989100781249998 0.33629629687499996 0.2275204359375 0.33629629687499996 0.23160762968749998 0.34888888906250004 0.2326975484375 0.36222222187500003 0.23215258906249997 0.3859259265625 0.2253406 0.39703703749999997 0.2008174390625 0.41777777812499994 0.18392370625 0.420740740625 0.1735694828125 0.43851851875000003 0.1446866484375 0.43555555625000003 0.114713896875 0.456296296875 0.059128065625000004 0.47259259218749994 0.0558583109375 0.4829629625 0.0455040875 0.48 0.01607629375 0.4888888890625 0.007629428125 0.48074074062500005 0.007629428125 0.4703703703125 0.0108991828125 0.46148148125 0.0098092640625 0.396296296875 0.00408719375 0.3703703703125 0 0.3711111109375 0 0.9918518515624999
0 0.973297003125 0.4481481484375 0.978201634375 0.43777777812499996 0.9768392374999999 0.4251851859375 0.9730245234374999 0.4266666671875 0.9583106265625 0.41333333281250006 0.9528610359374999 0.4 0.9414168937499999 0.4 0.9305177109375 0.38962962968750003 0.9250681203125 0.3911111109375 0.9217983656250001 0.4074074078125 0.9193460484375 0.396296296875 0.9215258859375 0.38444444375 0.9201634875 0.382222221875 0.850953678125 0.3274074078125 0.844959128125 0.3274074078125 0.8397820156250001 0.34148148125 0.8392370578125 0.3681481484375 0.8427792921874999 0.383703703125 0.850953678125 0.3851851859375 0.8623978203125 0.39851851875 0.8743869203125 0.4029629625 0.9103542234375 0.4325925921875 0.9179836515625001 0.41925925937499997 0.9204359671875 0.42444444375 0.9188010906249999 0.43777777812499996 0.9234332421874999 0.4474074078125 0.9337874656249999 0.459259259375 0.941961853125 0.457777778125 0.9694822890625 0.482222221875 0.9716621249999999 0.477777778125 0.973297003125 0.4481481484375
0 0.8305177109375 0.319259259375 0.8280653953125 0.3111111109375 0.8193460484375 0.30222222187500003 0.7888283375 0.2770370375 0.777384196875 0.2770370375 0.7746594 0.2696296296875 0.73324250625 0.23555555625000002 0.7294277921875 0.2488888890625 0.7256130796875 0.2518518515625 0.7256130796875 0.2325925921875 0.5855585828125001 0.12296296250000001 0.5779291546875001 0.12148148125 0.57574931875 0.11555555625 0.5485013624999999 0.1051851859375 0.543869209375 0.11629629687500001 0.5632152593749999 0.140740740625 0.5866485015625 0.16148148125 0.631880109375 0.1911111109375 0.6918256125 0.24 0.70708446875 0.2725925921875 0.713623978125 0.27851851875 0.7201634875 0.27555555625 0.722343325 0.2903703703125 0.7269754765625 0.28814814843750003 0.7258855578125 0.2703703703125 0.721798365625 0.2725925921875 0.7215258859375 0.26148148125000004 0.7294277921875 0.263703703125 0.7329700265625 0.27777777812500004 0.73024523125 0.2896296296875 0.73324250625 0.2948148140625 0.7381471390625001 0.28296296249999997 0.7686648500000001 0.31555555625 0.7735694828125 0.31555555625 0.7768392375000001 0.3303703703125 0.7806539515625001 0.32444444375 0.78174386875 0.3318518515625 0.82125340625 0.36222222187500003 0.826702996875 0.3518518515625 0.8305177109375 0.319259259375