1 0.61484375 0.77734375 0.259375 0.303125
1 0.371875 0.2359375 0.1046875 0.1109375
1 0.46484375 0.27109375 0.0625 0.0671875
1 0.45 0.409375 0.15390625 0.1484375
1 0.359375 0.54609375 0.06953125 0.0921875
0 0.4707249078125 0.33090379062499997 0.4828066921875 0.3265306125 0.48652416406250004 0.3192419828125 0.5051115234375 0.3192419828125 0.50743494375 0.312682215625 0.5027881046875 0.29810495625 0.49860594843749995 0.29300291562499997 0.4530669140625 0.294460640625 0.447026021875 0.312682215625 0.44609665468750004 0.3389212828125 0.44749070625 0.3440233234375 0.451208178125 0.3381924203125 0.46003717499999996 0.3432944609375 0.4688661703125 0.34110787187499997 0.4707249078125 0.33090379062499997
0 0.8652416359374999 0.9482507281249999 0.8717472125000001 0.9293002921875001 0.8782527874999999 0.9220116624999999 0.8773234203125 0.908892128125 0.871282528125 0.89504373125 0.8605947953124999 0.8928571421875 0.8647769515625001 0.8862973765625 0.8471189593749999 0.8819241984374999 0.8434014875000001 0.87609329375 0.8327137546875001 0.879737609375 0.83921933125 0.8870262390624999 0.837825278125 0.89358600625 0.8210966546874999 0.8819241984374999 0.7997211890625 0.88483965 0.8057620812499999 0.9045189499999999 0.8043680296875 0.927113703125 0.8001858734375 0.9263848390625 0.7960037171875001 0.91253644375 0.7681226765625 0.9198250734375 0.76579925625 0.9249271140624999 0.766728625 0.9409620984375 0.7839219328125 0.9620991249999999 0.8118029734375 0.956268221875 0.8164498140625 0.9431486874999999 0.8187732343749999 0.9540816328125 0.822955390625 0.9548104953125 0.8434014875000001 0.9402332359375001 0.8643122671875 0.9613702625 0.8689591078125 0.9540816328125 0.8652416359374999 0.9482507281249999
0 0.6157063203125 0.9927113703125 0.6277881046875 0.98979591875 0.636152415625 0.9941690968750001 0.63754646875 0.9715743437500001 0.6426579921875 0.966472303125 0.6909851296875 0.9533527703125 0.717936803125 0.9548104953125 0.721189590625 0.9409620984375 0.7067843859375 0.9402332359375001 0.6919144984375001 0.9314868796875 0.6714684015625 0.9431486874999999 0.6672862453125 0.9365889218750001 0.6710037171875001 0.9234693875 0.664962825 0.918367346875 0.6426579921875 0.922740525 0.6398698890625 0.9285714281249999 0.6240706312500001 0.9241982500000001 0.5906133828125 0.8629737609375001 0.5766728624999999 0.8440233234375001 0.5687732343749999 0.8432944609374999 0.56087360625 0.8206997078124999 0.557156134375 0.8177842562500001 0.5497211890625 0.8381924203125 0.5464684015625 0.7966472296875 0.5315985125 0.764577259375 0.5250929375 0.75874635625 0.516263940625 0.7361516031249999 0.5069702609375 0.7332361515625 0.4976765796875 0.7113702625 0.48652416406250004 0.7099125359375 0.4814126390625 0.7572886296875 0.48234200781250003 0.8199708453125 0.4684014875 0.996355684375 0.50743494375 0.996355684375 0.5065055765625 0.9861516031249999 0.500464684375 0.976676384375 0.487918215625 0.9672011656249999 0.48605947968749996 0.9351311953125 0.4916356875 0.9118075796875 0.50418215625 0.9067055390625001 0.50743494375 0.8855685125000001 0.515334571875 0.8746355687499999 0.5250929375 0.8913994171875 0.5223048328125001 0.9045189499999999 0.532063196875 0.9067055390625001 0.54089219375 0.9161807578125 0.5483271375000001 0.95116618125 0.5460037171875001 0.9693877546874999 0.5367100375 0.9708454812499999 0.5292750921875 0.9650145765625 0.5181226765625 0.9693877546874999 0.5139405203125 0.9905247812500001 0.51579925625 0.996355684375 0.5697026015625 0.9992711375000001 0.6073420078125 0.9868804671875001 0.6157063203125 0.9927113703125
0 0.439591078125 0.9234693875 0.3926579921875 0.9300291546875 0.38475836406249997 0.9059766765624999 0.4000929375 0.8965014578125 0.419609665625 0.8965014578125 0.440520446875 0.9118075796875 0.4451672859375 0.8972303203124999 0.4535315984375 0.7631195328125 0.46003717499999996 0.7572886296875 0.46003717499999996 0.745626821875 0.4693308546875 0.7193877546875 0.487918215625 0.687317784375 0.486988846875 0.672740525 0.4786245359375 0.6639941687500001 0.47955390312499996 0.647959184375 0.4828066921875 0.6428571421875 0.4948884765625 0.64431486875 0.49860594843749995 0.658892128125 0.53252788125 0.6333819234375 0.5181226765625 0.62390670625 0.5069702609375 0.62390670625 0.4967472125 0.638483965625 0.46979553906250004 0.638483965625 0.467007434375 0.6457725953125 0.45492565 0.6472303203124999 0.44330854999999997 0.6654518953124999 0.44423791875 0.6814868796875 0.434479553125 0.698250728125 0.4219330859375 0.68294460625 0.41914498125 0.6654518953124999 0.40845724843750003 0.650145771875 0.3889405203125 0.6472303203124999 0.370353159375 0.6180758015625 0.3647769515625 0.6224489796875 0.35408921875 0.6188046640625 0.35315985156249996 0.572157434375 0.3480483265625 0.562682215625 0.32992564999999996 0.551749271875 0.32899628281250004 0.518221575 0.3550185875 0.5065597671875001 0.36245353125 0.37827988281249997 0.3726765796875 0.331632653125 0.37546468437499997 0.331632653125 0.3768587359375 0.35568513125 0.3842936796875 0.351311953125 0.3889405203125 0.3396501453125 0.398698884375 0.3389212828125 0.3921933078125 0.33600583125 0.3921933078125 0.3243440234375 0.38615241562499997 0.3090379015625 0.3805762078125 0.3090379015625 0.37407063125 0.3002915453125 0.3550185875 0.2966472296875 0.3722118953125 0.284256559375 0.3717472125 0.27769679375 0.337825278125 0.25947521875 0.3294609671875 0.265306121875 0.32574349375 0.27842565625 0.29600371718749996 0.27988338125 0.294609665625 0.33600583125 0.287174721875 0.3462099125 0.2881040890625 0.35787172031250003 0.297862453125 0.370262390625 0.32574349375 0.361516034375 0.32574349375 0.37172011718750003 0.3122676578125 0.37536443125 0.31319702656250004 0.388483965625 0.3206319703125 0.40597667656249997 0.3099442375 0.41253644375 0.298791821875 0.4110787171875 0.2964684015625 0.4263848390625 0.2867100375 0.43731778437499996 0.25092936875 0.44387755156250003 0.2527881046875 0.4613702625 0.2639405203125 0.4788629734375 0.266728625 0.524052478125 0.2802044609375 0.533527696875 0.2890334578125 0.5590379015625 0.311338290625 0.5823615156249999 0.31319702656250004 0.610058309375 0.3280669140625 0.620262390625 0.326208178125 0.696064140625 0.31691449843749997 0.73979591875 0.327137546875 0.75 0.32992564999999996 0.764577259375 0.3197026015625 0.8053935859375001 0.3122676578125 0.812682215625 0.3099442375 0.822157434375 0.2983271375 0.8097667640624999 0.2932156140625 0.7886297375 0.2815985125 0.7820699703125 0.2815985125 0.7631195328125 0.2723048328125 0.7572886296875 0.2644052046875 0.7332361515625 0.25418215625 0.7303206999999999 0.2467472125 0.7113702625 0.23141263906249998 0.707725946875 0.22583643125 0.687317784375 0.2193308546875 0.6785714281249999 0.2202602234375 0.6362973765625 0.2039962828125 0.62390670625 0.18819702656249998 0.6195335281250001 0.18029739843749998 0.610058309375 0.1793680296875 0.5838192421875 0.1830855015625 0.5648688046875 0.18912639375 0.5568513125 0.2002788109375 0.5597667640624999 0.2035315984375 0.54883381875 0.189591078125 0.505102040625 0.190520446875 0.486151603125 0.21143122656250002 0.45335277031250004 0.24442379218750002 0.438046646875 0.23977695156249998 0.4074344015625 0.2318773234375 0.39504373125000003 0.22072490781249998 0.40233236093749997 0.193773234375 0.397959184375 0.18773234218749998 0.41472303281249995 0.1849442375 0.46428571406249997 0.1631040890625 0.5 0.14916356875 0.50874635625 0.12592936875 0.5029154515625 0.117100371875 0.481778425 0.11431226718750001 0.41618075781249997 0.1101301109375 0.42274052500000003 0.1059479546875 0.41472303281249995 0.1050185875 0.39577259531250003 0.0947955390625 0.3841107875 0.092007434375 0.3622448984375 0.0938661703125 0.3447521859375 0.101301115625 0.3389212828125 0.0994423796875 0.3330903796875 0.10780669218750001 0.312682215625 0.108736059375 0.2951895046875 0.117100371875 0.2893586 0.11431226718750001 0.2849854234375 0.117100371875 0.24854227343750002 0.0980483265625 0.2390670546875 0.0952602234375 0.2434402328125 0.0915427515625 0.2303207 0.0868959109375 0.234693878125 0.0789962828125 0.22230320625000002 0.12360594843749999 0.2150145765625 0.0748141265625 0.21137026250000002 0.061338290625 0.19752186562500001 0.059479553124999994 0.178571428125 0.0552973984375 0.1763848390625 0.0483271375 0.1931486875 0.0483271375 0.2150145765625 0.0650557625 0.3447521859375 0.0622676578125 0.37827988281249997 0.0669144984375 0.38265306093749996 0.06319702656250001 0.388483965625 0.0697026015625 0.39431486875 0.0836431234375 0.49344023281249993 0.0947955390625 0.6567055390625 0.12267657968750001 0.8913994171875 0.125464684375 0.9730320703125 0.13011152343750002 0.9905247812500001 0.136152415625 0.9985422734375 0.3359665421875 0.9985422734375 0.35083643124999997 0.99125364375 0.3526951671875 0.9839650140625 0.358271375 0.9839650140625 0.3578066921875 0.9905247812500001 0.36291821562500004 0.9941690968750001 0.3694237921875 0.9883381921875 0.375 0.99125364375 0.3731412640625 0.9839650140625 0.3898698890625 0.9839650140625 0.3894052046875 0.9905247812500001 0.3963754640625 0.9941690968750001 0.4010223046875 0.9839650140625 0.40845724843750003 0.9810495625 0.4168215609375 1 0.44423791875 0.9992711375000001 0.44609665468750004 0.9599125359375 0.439591078125 0.9234693875
0 0.053903345312499996 0.147959184375 0.04925650625 0.139212828125 0.0483271375 0.10276967968749999 0.039962825 0.0765306125 0.0381040890625 0.0415451890625 0.032063196875 0.0262390671875 0.0255576203125 0.023323615625 0.020446096875 0.043002915625 0.0213754640625 0.05612244843750001 0.029739776562499997 0.072157434375 0.043680296875 0.168367346875 0.0483271375 0.1756559765625 0.053903345312499996 0.16253644375 0.053903345312499996 0.147959184375
0 0.4377323421875 0.3083090375 0.42704460937500005 0.29737609374999996 0.4047397765625 0.301749271875 0.399628253125 0.3185131203125 0.4042750921875 0.33454810468749996 0.4131040890625 0.3396501453125 0.4168215609375 0.3294460640625 0.42053903281249994 0.34548104999999996 0.4284386609375 0.3462099125 0.432156134375 0.3432944609375 0.4377323421875 0.3083090375
0 0.9902416359374999 1 0.9944237921875001 0.996355684375 0.934479553125 0.9300291546875 0.875 0.9256559765624999 0.8657063203125 0.9446064140624999 0.8517658000000001 0.956268221875 0.8396840156250001 0.9504373171875 0.7815985125 0.9672011656249999 0.798791821875 1 0.9423791828124999 1 0.9902416359374999 1