1 0.359375 0.50859375 0.07265625 0.10625
1 0.75234375 0.77421875 0.175 0.0921875
1 0.77578125 0.92265625 0.1859375 0.1546875
1 0.88671875 0.8640625 0.121875 0.07265625
1 0.32421875 0.85078125 0.1640625 0.2984375
1 0.4828125 0.88984375 0.0453125 0.08203125
0 0.5290697671875 0.19649335 0.525436046875 0.19286577968750002 0.516715115625 0.1602176546875 0.511264534375 0.1547763 0.493822675 0.1547763 0.4920058140625 0.1602176546875 0.494186046875 0.1698911734375 0.49091569843749994 0.1741233375 0.46947674375000004 0.17956469218749999 0.4702034890625 0.18923821093749998 0.47274709374999996 0.1910519953125 0.49454941874999997 0.192261184375 0.506177325 0.20314389375 0.5239825578125 0.2037484890625 0.5279796515624999 0.20314389375 0.5290697671875 0.19649335
0 0.483284884375 0.1311970984375 0.48873546562500003 0.120918984375 0.5018168609375 0.1281741234375 0.5228924421875 0.12696493281250001 0.5337936046875 0.14147521093749998 0.562136628125 0.1281741234375 0.5646802328125 0.12394195937500001 0.5646802328125 0.11185006093750001 0.56177325625 0.0961305921875 0.5494186046875 0.0912938328125 0.546511628125 0.0731559859375 0.5486918609375 0.0671100359375 0.547238371875 0.0525997578125 0.5381540703125001 0.047158403125 0.521438953125 0.047158403125 0.49454941874999997 0.053204353125000006 0.4869186046875 0.0671100359375 0.493822675 0.076178959375 0.49818313906249995 0.07376057968750001 0.49818313906249995 0.08585247812499999 0.48001453437499997 0.0943168078125 0.4712936046875 0.09068923749999999 0.46693313906249995 0.0979443765625 0.4545784890625 0.101571946875 0.4516715109375 0.1124546546875 0.4407703484375 0.1124546546875 0.4349563953125 0.105199515625 0.431322675 0.1124546546875 0.416061046875 0.111245465625 0.40697674375000004 0.1166868203125 0.4077034890625 0.14328899687500002 0.416061046875 0.15114872968749998 0.47311046562500003 0.15296251562500002 0.48255813906249995 0.1493349453125 0.483284884375 0.1311970984375
0 0.3143168609375 0.193470375 0.318677325 0.201934703125 0.3263081390625 0.19891172968749998 0.33212209375 0.17472793281250001 0.334302325 0.14328899687500002 0.33829941875 0.1330108828125 0.3419331390625 0.13180169218749999 0.353561046875 0.153567109375 0.36010174375 0.1547763 0.365552325 0.1311970984375 0.3775436046875 0.114873034375 0.3859011625 0.1106408703125 0.389534884375 0.07436517499999999 0.3622819765625 0.0689238203125 0.360465115625 0.05139056875 0.3564680234375 0.047158403125 0.344840115625 0.0556227328125 0.3263081390625 0.098548971875 0.313590115625 0.1124546546875 0.2983284890625 0.10882708593749998 0.2946947671875 0.0979443765625 0.2903343015625 0.10882708593749998 0.27579941875 0.07859733906250001 0.2481831390625 0.07859733906250001 0.24018895312500002 0.0882708578125 0.2314680234375 0.0798065296875 0.22420058125 0.0846432890625 0.2154796515625 0.101571946875 0.1922238375 0.10036275624999999 0.1809593015625 0.1106408703125 0.181686046875 0.1203143890625 0.1765988375 0.1311970984375 0.19367732499999998 0.143893590625 0.25545058125 0.1463119703125 0.275072675 0.1559854890625 0.2892441859375 0.18319226093750002 0.2892441859375 0.2037484890625 0.3037790703125 0.2073760578125 0.3106831390625 0.20435308281250003 0.3143168609375 0.193470375
0 0.7060319765624999 0.1717049578125 0.749636628125 0.15840386875 0.80850290625 0.1656590078125 0.828125 0.163240628125 0.8492005812500001 0.1765417171875 0.8564680234375001 0.1765417171875 0.8630087203125001 0.1680773875 0.8848110468750001 0.16082224843749998 0.9131540703125 0.1680773875 0.9204215109374999 0.1741233375 0.9516715109374999 0.17049576718749998 0.984375 0.1813784765625 0.999636628125 0.198307134375 1 0.0006045953124999999 0.8986191859374999 0.0012091890625 0.8924418609375 0.0054413546875 0.890625 0.022974606249999998 0.842659884375 0.04232164375 0.686409884375 0.053204353125000006 0.6340843015625001 0.06166868125 0.6315406984374999 0.104594921875 0.6351744187499999 0.12152357968750001 0.65225290625 0.1027811359375 0.6704215109375 0.124546553125 0.6736918609375 0.1311970984375 0.672238371875 0.151753325 0.681686046875 0.17714631249999999 0.6773255812500001 0.18319226093750002 0.6751453484375001 0.19649335 0.6845930234375001 0.2025392984375 0.6922238375 0.18379685625 0.7060319765624999 0.1717049578125
0 0.0650436046875 0.13905683124999998 0.0868459296875 0.1426844015625 0.09774709375 0.153567109375 0.1340843015625 0.1523579203125 0.1486191859375 0.1463119703125 0.151162790625 0.1360338578125 0.1428052328125 0.11729141406250002 0.1388081390625 0.127569528125 0.1377180234375 0.143893590625 0.1329941859375 0.1396614265625 0.1297238375 0.12575574375 0.0904796515625 0.124546553125 0.0872093015625 0.098548971875 0.07885174375000001 0.07376057968750001 0.06286337187499999 0.076178959375 0.0228924421875 0.1027811359375 0.01489825625 0.1124546546875 0.0047238374999999996 0.114873034375 0.0021802328125 0.104594921875 0.00545058125 0.0943168078125 0.021438953125 0.08585247812499999 0.027252906249999997 0.07496977031249999 0.05850290625 0.058041112500000006 0.0654069765625 0.0392986703125 0.0606831390625 0.032648125 0.043968023437499996 0.0302297453125 0.0228924421875 0.0302297453125 0.000363371875 0.038694075 0 0.14207980625 0.029433139062500002 0.1559854890625 0.040697675 0.156590084375 0.054142442187499994 0.1426844015625 0.0650436046875 0.13905683124999998
0 0.030523256250000002 0.5556227328125 0.030523256250000002 0.5350665046875 0.015261628125000001 0.518137846875 0.007994185937499999 0.48669891249999997 0.02107558125 0.45767835625000003 0.0203488375 0.43833131875 0.023255814062499998 0.4310761796875 0.03524709375 0.41717049531250006 0.043968023437499996 0.41717049531250006 0.0708575578125 0.43047158437500005 0.0744912796875 0.411124546875 0.082485465625 0.4087061671875 0.0868459296875 0.4123337359375 0.10138081406249999 0.40024183750000003 0.11228197656250001 0.37968561093750003 0.1264534890625 0.3730350671875 0.1286337203125 0.3524788390625 0.1337209296875 0.346432890625 0.13735465156249999 0.3331318015625 0.1540697671875 0.3101571953125 0.162063953125 0.2871825875 0.1580668609375 0.2769044734375 0.15079941875 0.275695284375 0.1493459296875 0.2684401453125 0.1486191859375 0.2732769046875 0.144985465625 0.2732769046875 0.1340843015625 0.264812575 0.113735465625 0.20677146249999998 0.0287063953125 0.20677146249999998 0 0.211003628125 0.0014534890625 0.585852478125 0.0243459296875 0.565900846875 0.030523256250000002 0.5556227328125
0 0.943677325 0.36638452187500004 0.9196947671875 0.3506650546875 0.8942587203125001 0.3542926234375 0.8826308140625001 0.34703748437500004 0.8630087203125001 0.348246675 0.8404796515624999 0.342200725 0.828488371875 0.346432890625 0.8313953484375001 0.385126965625 0.8401162796874999 0.4008464328125 0.8408430234375001 0.41172914218749995 0.84774709375 0.42805320468749997 0.855014534375 0.4389359125 0.8601017437499999 0.4377267234375 0.8630087203125001 0.43047158437500005 0.8680959296875 0.43047158437500005 0.8775436046875 0.4316807734375 0.8964389531249999 0.44377267187499997 0.9069767437499999 0.467351875 0.9164244187499999 0.514510278125 0.9360465109374999 0.52297460625 0.937136628125 0.536880290625 0.920784884375 0.54232164375 0.9251453484375001 0.5640870609374999 0.922965115625 0.5798065296875 0.9095203484375001 0.58403869375 0.896802325 0.5652962515625 0.8913517437499999 0.546553809375 0.8797238374999999 0.546553809375 0.8622819765624999 0.5392986703125 0.8586482562500001 0.5332527203125 0.8470203484375001 0.5356711 0.8422965109374999 0.52902055625 0.8422965109374999 0.5169286578125 0.8313953484375001 0.49032648125 0.827761628125 0.4395405078125 0.8099563953125 0.40991535625 0.7888808140625 0.40024183750000003 0.7848837203125 0.3923821046875 0.78197674375 0.3319226125 0.7765261625 0.3155985484375 0.7576308140625 0.3252720671875 0.707485465625 0.32769044687500004 0.67260174375 0.318016928125 0.6631540703125001 0.324062878125 0.6486191859375 0.318016928125 0.6115552328125 0.324062878125 0.561409884375 0.3216444984375 0.5541424421875 0.31680773906250004 0.541061046875 0.3204353078125 0.5388808140625 0.3155985484375 0.52725290625 0.31680773906250004 0.51635174375 0.3095526 0.40079941874999997 0.31922611875 0.376090115625 0.3155985484375 0.36446220937499996 0.29746070156250004 0.353561046875 0.288996371875 0.3041424421875 0.2926239421875 0.2946947671875 0.31076178906249996 0.2903343015625 0.30350665 0.28633720937499996 0.3053204359375 0.285610465625 0.2944377265625 0.28125 0.2871825875 0.2790697671875 0.23518742499999998 0.2670784890625 0.23458282968750002 0.2587209296875 0.24848851249999998 0.24600290625 0.2841596125 0.2271075578125 0.29987908124999996 0.21802325625000002 0.3137847640625 0.2158430234375 0.365779928125 0.20530523281250002 0.376058040625 0.1951308140625 0.3990326484375 0.1860465109375 0.40568319218750004 0.1802325578125 0.4201934703125 0.177688953125 0.4389359125 0.157340115625 0.4510278109375 0.1540697671875 0.4637243046875 0.14607558125 0.4697702546875 0.14607558125 0.48548972187499995 0.1493459296875 0.49455864531250004 0.1609738375 0.49214026562499996 0.170784884375 0.49637243125 0.172238371875 0.52297460625 0.1795058140625 0.54232164375 0.17514534843750001 0.5701330109375 0.1805959296875 0.5767835546875 0.1922238375 0.575574365625 0.1940406984375 0.58101571875 0.18677325625000002 0.585852478125 0.18822674374999998 0.5967351875 0.1958575578125 0.6106408703125 0.20058139531250002 0.6076178953125 0.20239825625000002 0.6227327687499999 0.2118459296875 0.6251511484375001 0.2205668609375 0.6251511484375001 0.22456395312500002 0.6027811359374999 0.2307412796875 0.5961305921875 0.250363371875 0.5949214031250001 0.2627180234375 0.588875453125 0.2670784890625 0.5937122125000001 0.271438953125 0.5864570734375001 0.2787063953125 0.5864570734375001 0.2830668609375 0.5925030234374999 0.2892441859375 0.601571946875 0.28633720937499996 0.6112454656249999 0.2903343015625 0.61305925 0.290697675 0.601571946875 0.297238371875 0.5846432890625 0.31758720937499996 0.56771463125 0.31322674375 0.5544135421874999 0.3139534890625 0.5278113656250001 0.3350290703125 0.47097944375 0.37899709375 0.4522370015625 0.3978924421875 0.45586457031250005 0.407340115625 0.46916565937500004 0.4360465109375 0.47702539374999997 0.4360465109375 0.5411124546875 0.4196947671875 0.5610640874999999 0.4149709296875 0.56166868125 0.431686046875 0.5749697703125001 0.43459302343750006 0.58101571875 0.4295058140625 0.5882708578125 0.43204941874999997 0.5925030234374999 0.447311046875 0.5997581624999999 0.498909884375 0.6009673515625 0.5025436046875 0.6058041109375 0.5141715109375 0.6033857312500001 0.5174418609375 0.5628778718749999 0.5276162796875 0.5495767828125 0.509811046875 0.5356711 0.5101744187499999 0.52297460625 0.506177325 0.5187424421875 0.4865552328125 0.517533253125 0.4821947671875 0.49334945625 0.458938953125 0.4897218859375 0.4516715109375 0.4752116078125 0.4411337203125 0.47097944375 0.44658430156250006 0.463119709375 0.46693313906249995 0.463119709375 0.4702034890625 0.4214026609375 0.49454941874999997 0.4074969765625 0.5109011625 0.41898428125000003 0.5101744187499999 0.4600967359375 0.51489825625 0.46553808906249994 0.53125 0.4697702546875 0.5334302328125 0.50967351875 0.5359738375 0.511487303125 0.5454215109375 0.51269649375 0.552688953125 0.49939540468750004 0.562136628125 0.498186215625 0.5661337203125 0.5012091890625 0.5708575578125 0.5151148734375 0.6064680234375001 0.5163240625000001 0.6111918609375 0.5314389359375 0.6180959296874999 0.5380894796875 0.620639534375 0.537484884375 0.6220930234375001 0.52297460625 0.6268168609375 0.5151148734375 0.703125 0.517533253125 0.7114825578125 0.5253929859375 0.7085755812500001 0.5350665046875 0.709302325 0.5749697703125001 0.7053052328125 0.5816203140625 0.6856831390625 0.5816203140625 0.6827761625 0.574365175 0.676235465625 0.5779927453125 0.6704215109375 0.574365175 0.666787790625 0.580411125 0.6631540703125001 0.574365175 0.65225290625 0.5731559859375001 0.646438953125 0.5816203140625 0.6391715109375 0.5719467953125 0.6268168609375 0.5731559859375001 0.6195494187499999 0.5671100359375 0.6079215109375 0.580411125 0.599927325 0.580411125 0.5959302328125 0.585852478125 0.5970203484375001 0.5961305921875 0.650072675 0.5997581624999999 0.6540697671875 0.6076178953125 0.651889534375 0.620918984375 0.6693313953125 0.6330108828125 0.6700581390625 0.6463119703125 0.667514534375 0.6505441359375 0.641715115625 0.6535671093750001 0.641715115625 0.6668681984375 0.646802325 0.6837968562500001 0.6428052328125 0.729141475 0.655159884375 0.730350665625 0.6580668609375 0.740024184375 0.6784156984374999 0.7412333734375001 0.6827761625 0.7521160828125 0.6907703484375001 0.7557436515625 0.7067587203125 0.7569528421875 0.7165697671875 0.7515114875 0.71802325625 0.73216445 0.7212936046875 0.72551390625 0.7721656984374999 0.714631196875 0.8055959296875 0.7158403875 0.8146802328125 0.7285368796875 0.8190406984375 0.7490931078124999 0.83212209375 0.7636033859375 0.8521075578125 0.8319226125 0.9320494187499999 0.8331318015625 0.9393168609375 0.8343409921875 0.9440406984375 0.8470374843749999 0.9484011625000001 0.882103990625 0.9444040703125 0.8923821046875 0.9353197671875 0.8966142687499999 0.9327761625000001 0.9093107625 0.8630087203125001 0.9093107625 0.8630087203125001 0.9600967359375 0.9589389531249999 0.9540507859374999 0.9771075578125 0.943168078125 0.984011628125 0.9522370015625 1 0.9897218859375 0.999636628125 0.36638452187500004 0.943677325 0.36638452187500004
0 0.9422238374999999 0.3700120921875 0.9196947671875 0.356711003125 0.9044331390625 0.3591293828125 0.8928052328125 0.35792019375 0.8833575578125 0.3506650546875 0.8313953484375001 0.35006045937499997 0.8313953484375001 0.3766626359375 0.8339389531249999 0.38573155937500003 0.8459302328125 0.3911729140625 0.84774709375 0.414752115625 0.890625 0.41717049531250006 0.8942587203125001 0.440145103125 0.9069767437499999 0.443168078125 0.9098837203125001 0.48065296249999995 0.9182412796874999 0.49455864531250004 0.9236918609375 0.49637243125 0.926235465625 0.5139056828124999 0.9382267437499999 0.5193470375 0.9389534890625001 0.5362756953125001 0.9251453484375001 0.54232164375 0.9265988374999999 0.5689238203125 0.9244186046875 0.5785973390625 0.9196947671875 0.58403869375 0.9095203484375001 0.585247884375 0.8938953484375001 0.56771463125 0.890625 0.5489721890625 0.8630087203125001 0.54534461875 0.8564680234375001 0.536880290625 0.84774709375 0.5380894796875 0.8408430234375001 0.52902055625 0.8317587203125001 0.49939540468750004 0.828125 0.50665054375 0.823764534375 0.5054413546875 0.8194040703125 0.511487303125 0.7932412796875 0.5163240625000001 0.7736191859375 0.5006045953125 0.7674418609375 0.49032648125 0.7681686046875 0.4794437734375 0.76489825625 0.47400241875000004 0.759447675 0.4782345828125 0.7569040703125001 0.4897218859375 0.7529069765624999 0.48790810156250003 0.74927325625 0.44437726718750004 0.7576308140625 0.4389359125 0.78197674375 0.44437726718750004 0.780886628125 0.4522370015625 0.77725290625 0.4474002421875 0.7710755812500001 0.45767835625000003 0.7728924421875 0.46553808906249994 0.79760174375 0.46674727968749996 0.8005087203125001 0.4703748484375 0.812136628125 0.46795646875 0.8139534890625001 0.47702539374999997 0.8194040703125 0.478839178125 0.823764534375 0.49214026562499996 0.828488371875 0.49032648125 0.827761628125 0.45163240625 0.8223110468750001 0.440145103125 0.8146802328125 0.43712212812500006 0.8132267437499999 0.41898428125000003 0.7997819765624999 0.414752115625 0.79614825625 0.405078596875 0.7841569765624999 0.40326481249999996 0.78125 0.336759371875 0.7765261625 0.3264812578125 0.7619912796875 0.3313180171875 0.7053052328125 0.3313180171875 0.666787790625 0.324062878125 0.655159884375 0.3288996375 0.6282703484375001 0.32769044687500004 0.6195494187499999 0.33252720625 0.5243459296874999 0.324062878125 0.490188953125 0.3155985484375 0.44149709374999996 0.318016928125 0.43204941874999997 0.3252720671875 0.4233284890625 0.324062878125 0.420784884375 0.3331318015625 0.42260174375000004 0.33615477656250004 0.4458575578125 0.3397823453125 0.446947675 0.346432890625 0.45276162812500004 0.35126965 0.45494186093750005 0.379081015625 0.45348837187499996 0.38875453437499996 0.44767441874999997 0.398428053125 0.454215115625 0.40326481249999996 0.45385174375000004 0.4123337359375 0.4600290703125 0.41172914218749995 0.45603197656249994 0.391777509375 0.47056686093750005 0.38694075 0.531613371875 0.39056831875000003 0.532340115625 0.41354292656249997 0.5505087203125 0.4123337359375 0.546511628125 0.3960096734375 0.5497819765624999 0.3881499390625 0.63989825625 0.39056831875000003 0.63989825625 0.4123337359375 0.655159884375 0.41354292656249997 0.6577034890625 0.417775090625 0.65697674375 0.43833131875 0.6424418609375 0.44437726718750004 0.63989825625 0.472793228125 0.625 0.4649334953125 0.62427325625 0.45163240625 0.620639534375 0.44437726718750004 0.62427325625 0.43833131875 0.62427325625 0.4262394203125 0.6180959296874999 0.42563482500000005 0.6159156984374999 0.41596130625 0.6119186046875 0.4201934703125 0.6079215109375 0.4365175328125 0.6006540703125001 0.4316807734375 0.5919331390625 0.449818621875 0.5810319765624999 0.449818621875 0.572311046875 0.4425634828125 0.5690406984374999 0.4637243046875 0.5766715109375 0.46795646875 0.5919331390625 0.46674727968749996 0.59447674375 0.4697702546875 0.59302325625 0.48911729218750005 0.5962936046875 0.49334945625 0.623909884375 0.49576783593749996 0.626090115625 0.5042321640625 0.631177325 0.503022975 0.6319040703125001 0.49697702499999996 0.6333575578125 0.503022975 0.6384447671875 0.503022975 0.6384447671875 0.49576783593749996 0.655159884375 0.49334945625 0.65552325625 0.48186215312499997 0.651162790625 0.4746070140625 0.6515261625 0.46916565937500004 0.6609738375 0.46553808906249994 0.681322675 0.46916565937500004 0.682412790625 0.4733978234375 0.67587209375 0.48790810156250003 0.6765988375 0.49637243125 0.671875 0.5054413546875 0.6798691859375 0.5090689234375 0.686409884375 0.50665054375 0.688590115625 0.49576783593749996 0.703125 0.49455864531250004 0.7049418609375 0.5157194671875 0.71875 0.5217654171875 0.71875 0.5544135421874999 0.712936046875 0.5592503015625 0.7107558140625 0.582224909375 0.6595203484375001 0.5828295046874999 0.6515261625 0.5767835546875 0.644985465625 0.5828295046874999 0.640625 0.574365175 0.6268168609375 0.575574365625 0.6202761625 0.569528415625 0.60864825625 0.580411125 0.5966569765624999 0.582224909375 0.59774709375 0.5973397828125 0.6515261625 0.6009673515625 0.6526162796875 0.614873034375 0.63989825625 0.6227327687499999 0.625363371875 0.6191052 0.43204941874999997 0.6227327687499999 0.427688953125 0.608222490625 0.422965115625 0.6088270859375 0.4305959296875 0.5997581624999999 0.4509447671875 0.6070133015625 0.514534884375 0.6027811359374999 0.515261628125 0.5798065296875 0.5130813953125 0.5725513906249999 0.515261628125 0.5604594921875 0.51962209375 0.5556227328125 0.5185319765624999 0.550181378125 0.5130813953125 0.5519951625 0.515988371875 0.54232164375 0.498909884375 0.5344619109375001 0.478561046875 0.51269649375 0.47383720937499996 0.52297460625 0.474563953125 0.5495767828125 0.46693313906249995 0.559854896875 0.4458575578125 0.5574365171875 0.4349563953125 0.54534461875 0.427688953125 0.550181378125 0.394985465625 0.5550181375000001 0.3869912796875 0.5671100359375 0.344113371875 0.574365175 0.34447674375 0.5846432890625 0.33975290625 0.5949214031250001 0.34920058125 0.5925030234374999 0.3579215109375 0.598548971875 0.3615552328125 0.5925030234374999 0.365188953125 0.5937122125000001 0.3680959296875 0.5864570734375001 0.3713662796875 0.5894800484375 0.37427325625 0.60640870625 0.36954941875 0.627569528125 0.3528343015625 0.6227327687499999 0.34774709375 0.627569528125 0.3353924421875 0.627569528125 0.33321220937499996 0.623941959375 0.3317587203125 0.627569528125 0.30922965156250004 0.62877871875 0.30196220937499996 0.6251511484375001 0.2983284890625 0.6299879078124999 0.2950581390625 0.5967351875 0.28670058125 0.5949214031250001 0.2787063953125 0.62877871875 0.2670784890625 0.6251511484375001 0.2590843015625 0.6336154781250001 0.25545058125 0.6299879078124999 0.23582848906249998 0.6336154781250001 0.22674418593749998 0.6269649328125 0.2260174421875 0.60640870625 0.22274709375 0.5997581624999999 0.1893168609375 0.5973397828125 0.1875 0.61970979375 0.19149709374999999 0.646916565625 0.20530523281250002 0.646916565625 0.21620639531250002 0.6541717046875 0.2205668609375 0.662636034375 0.2409156984375 0.666263603125 0.24927325625000002 0.6825876656250001 0.2470930234375 0.7188633609374999 0.23873546562499998 0.7424425640625001 0.2271075578125 0.743651753125 0.2205668609375 0.7315598546875 0.2154796515625 0.730350665625 0.20748546562499998 0.7472793234374999 0.198764534375 0.7376058046875 0.1740552328125 0.72551390625 0.16787790625000001 0.693470375 0.1653343015625 0.6892382109375 0.15370639531250002 0.6880290203125 0.1471656984375 0.6723095531250001 0.139534884375 0.678960096875 0.135537790625 0.7001209187499999 0.11700581406249999 0.7055622734375 0.1162790703125 0.678960096875 0.12209302343749999 0.6741233375 0.12572674374999998 0.6233373640625001 0.12209302343749999 0.5785973390625 0.1180959296875 0.5779927453125 0.113735465625 0.5828295046874999 0.11010174375 0.580411125 0.09847383750000001 0.6021765421875 0.088662790625 0.6088270859375 0.079215115625 0.6269649328125 0.07267441875 0.6523579203125001 0.055595929687500004 0.6831922609375 0.0505087203125 0.6844014515625 0.045784884375 0.678960096875 0.042514534375 0.656590084375 0.0334302328125 0.6862152359375 0.0290697671875 0.7237001203125 0.023619185937500002 0.729141475 0.013444767187500001 0.729141475 0.01017441875 0.7442563484375 0 0.7515114875 0.000363371875 0.8875453453125 0.009811046875 0.8730350671875 0.028343023437499996 0.8603385734375 0.0297965109375 0.842200725 0.0337936046875 0.8319226125 0.047601743749999995 0.8162031437499999 0.0595930234375 0.8155985484375 0.0592296515625 0.8041112453125001 0.047601743749999995 0.807738815625 0.0443313953125 0.8022974609375 0.0625 0.785368803125 0.0625 0.7478839171875 0.068677325 0.735187425 0.083212209375 0.7218863359375 0.092659884375 0.7230955265625 0.1021075578125 0.7327690453125 0.10646802343749999 0.71946795625 0.115188953125 0.71946795625 0.11700581406249999 0.7249093109375 0.1162790703125 0.7623941953125 0.11228197656250001 0.7654171703125 0.1057412796875 0.753325271875 0.09920058125 0.753325271875 0.09302325624999999 0.770858525 0.0806686046875 0.7841596125 0.0690406984375 0.818016928125 0.0661337203125 0.8301088265625 0.07412790625 0.8555018140625 0.07340116249999999 0.862756953125 0.062136628125 0.8875453453125 0.054505814062500005 0.8929866984375 0.053779070312499996 0.905078596875 0.0421511625 0.9437726718749999 0.0421511625 0.9619105203125 0.0178052328125 0.9661426843750001 0.0087209296875 0.9860943171875001 0.014171510937500001 0.9939540515624999 0.22420058125 0.9951632406250001 0.2296511625 0.9836759374999999 0.2390988375 0.9280532046875001 0.233284884375 0.914752115625 0.235465115625 0.89056831875 0.2572674421875 0.8107617890625001 0.255813953125 0.8010882703125001 0.25072674375 0.7962515109375 0.2514534890625 0.7684401453125 0.2674418609375 0.717654171875 0.2728924421875 0.7122128171875 0.3303052328125 0.7134220078125 0.3528343015625 0.70616686875 0.3622819765625 0.7097944375 0.3724563953125 0.7073760578125 0.37899709375 0.7001209187499999 0.3986191859375 0.69649335 0.40915697656249994 0.7055622734375 0.40915697656249994 0.7237001203125 0.40225290625000004 0.730350665625 0.3891715109375 0.7315598546875 0.3859011625 0.7539298671875 0.38989825625 0.76420798125 0.4015261625 0.7666263609375 0.40552325624999996 0.7720677140625 0.40188953437499997 0.8555018140625 0.39607558125 0.8615477625000001 0.39462209375 0.8736396609374999 0.3891715109375 0.88029020625 0.360465115625 0.882103990625 0.3575581390625 0.9268440140624999 0.35428779062500004 0.9310761796874999 0.3419331390625 0.9310761796874999 0.3372093015625 0.9389359125000001 0.3372093015625 0.959492140625 0.344113371875 0.9927448609375 0.3775436046875 0.9951632406250001 0.3989825578125 0.9860943171875001 0.384447675 0.972793228125 0.390988371875 0.930471584375 0.3997093015625 0.9026602171875 0.4077034890625 0.8941958890624999 0.4098837203125 0.872430471875 0.4298691859375 0.8476420796875 0.45130813906249995 0.872430471875 0.452034884375 0.9135429265624999 0.4553052328125 0.92261185 0.46220930156250006 0.91596130625 0.4614825578125 0.8748488515625 0.4662063953125 0.85489721875 0.49818313906249995 0.8561064093749999 0.5036337203125 0.87726723125 0.5014534890625 0.92926239375 0.49818313906249995 0.9407496984374999 0.490552325 0.9377267234375 0.4927325578125 0.9461910515625 0.48837209374999996 0.9546553812499999 0.49091569843749994 0.9600967359375 0.484375 0.9637243046874999 0.48146802343750006 0.9733978234375 0.4553052328125 0.9758162031250001 0.4327761625 0.9866989125 0.44876453437499997 0.9879081015625 0.45385174375000004 0.9927448609375 0.4923691859375 0.9939540515624999 0.6951308140625 0.9927448609375 0.702761628125 0.9812575578124999 0.702034884375 0.9667472796875 0.6962209296874999 0.9546553812499999 0.6954941859375 0.940145103125 0.6911337203125 0.93530834375 0.6853197671875 0.8881499390625001 0.6784156984374999 0.8863361546874999 0.6696947671875 0.8960096734375 0.6587936046875 0.8984280531250001 0.6486191859375 0.8960096734375 0.63989825625 0.8827085859375 0.6282703484375001 0.889963725 0.592659884375 0.8839177749999999 0.587936046875 0.8748488515625 0.5901162796875 0.8494558640625 0.5799418609375 0.8434099156249999 0.5813953484375001 0.8095526 0.579215115625 0.7841596125 0.5639534890625 0.7769044734375 0.5610465109375 0.7297460703125 0.5559593015625001 0.7249093109375 0.5534156984374999 0.7134220078125 0.541061046875 0.7122128171875 0.5392441859375 0.7067714625 0.5399709296874999 0.6813784765625 0.5446947671875 0.6638452234375001 0.561409884375 0.6602176546875 0.5679505812500001 0.6360338578125 0.5919331390625 0.62877871875 0.60864825625 0.6408706171875 0.6297238375 0.64812575625 0.6453488375 0.6825876656250001 0.641715115625 0.71644498125 0.6279069765624999 0.7406287781249999 0.634447675 0.7636033859375 0.6329941859375 0.775695284375 0.6271802328125 0.7829504234375 0.623909884375 0.8004836765625001 0.6115552328125 0.801692865625 0.60537790625 0.8095526 0.6108284890625 0.8210399031250001 0.6195494187499999 0.82224909375 0.6322674421875 0.8385731562500001 0.6391715109375 0.8778718265625001 0.6424418609375 0.8651753328125 0.650072675 0.85489721875 0.67114825625 0.8585247890625001 0.6791424421875 0.8681983078125001 0.682412790625 0.8651753328125 0.6795058140625 0.8095526 0.67114825625 0.80290205625 0.6580668609375 0.80290205625 0.646802325 0.7769044734375 0.6475290703125001 0.7575574359374999 0.65225290625 0.7509068921875001 0.666787790625 0.7424425640625001 0.6791424421875 0.74486094375 0.6827761625 0.75816203125 0.7140261625 0.7605804109375 0.71875 0.7575574359374999 0.7212936046875 0.7267230953125 0.8048691859374999 0.7182587671875 0.8139534890625001 0.7285368796875 0.817587209375 0.7527206765625001 0.83212209375 0.7672309546875 0.848110465625 0.814389359375 0.8506540703125 0.8307134218750001 0.8630087203125001 0.8343409921875 0.937863371875 0.8343409921875 0.9433139531249999 0.8470374843749999 0.9476744187499999 0.8736396609374999 0.9476744187499999 0.882103990625 0.9444040703125 0.8863361546874999 0.8782703484375001 0.8875453453125 0.875363371875 0.8935912937499999 0.8630087203125001 0.8923821046875 0.859011628125 0.9268440140624999 0.8630087203125001 0.9637243046874999 0.9545784890625001 0.956469165625 0.969113371875 0.9540507859374999 0.9742005812500001 0.9455864578125001 0.9778343015625 0.9455864578125001 0.994912790625 0.9788391781250001 0.9963662796874999 0.992140265625 1 0.9957678359375001 0.999636628125 0.37122128125 0.9422238374999999 0.3700120921875