1 0.5609375 0.49921875 0.04453125 0.0765625
1 0.84375 0.46484375 0.05546875 0.09609375
1 0.79765625 0.46640625 0.02890625 0.06640625
1 0.465625 0.71015625 0.09921875 0.11015625
1 0.36328125 0.86640625 0.06796875 0.12421875
1 0.1703125 0.26953125 0.08203125 0.0796875
1 0.95859375 0.8625 0.0828125 0.165625
1 0.82265625 0.52421875 0.05 0.04765625
1 0.7703125 0.65078125 0.07421875 0.059375
1 0.79296875 0.70390625 0.04375 0.0765625
1 0.84140625 0.8203125 0.05390625 0.090625
1 0.8984375 0.9578125 0.0890625 0.084375
1 0.5859375 0.8109375 0.0453125 0.0796875
1 0.4953125 0.93984375 0.05703125 0.1203125
1 0.115625 0.71015625 0.06796875 0.0796875
1 0.2015625 0.71953125 0.06484375 0.08203125
1 0.23515625 0.6671875 0.03828125 0.0625
1 0.303125 0.52890625 0.0328125 0.0625
1 0.0296875 0.94765625 0.05703125 0.1046875
1 0.85859375 0.23984375 0.1296875 0.0859375
1 0.9828125 0.478125 0.034375 0.0765625
1 0.721875 0.34765625 0.0359375 0.05390625
1 0.75234375 0.409375 0.03359375 0.0484375
1 0.90625 0.5953125 0.0515625 0.06640625
1 0.965625 0.71953125 0.06875 0.12421875
1 0.92109375 0.76640625 0.09375 0.0984375
1 0.73515625 0.52421875 0.06015625 0.08515625
1 0.66796875 0.36953125 0.0484375 0.05703125
1 0.6578125 0.31640625 0.03671875 0.0578125
1 0.7328125 0.27890625 0.040625 0.07265625
1 0.6625 0.4578125 0.05234375 0.078125
1 0.38984375 0.45625 0.03515625 0.0609375
1 0.43984375 0.2734375 0.0484375 0.06015625
1 0.26015625 0.18984375 0.034375 0.04453125
1 0.228125 0.23203125 0.08203125 0.05703125
1 0.53046875 0.28515625 0.02109375 0.028125
1 0.4 0.0296875 0.034375 0.03828125
1 0.81484375 0.38359375 0.04765625 0.053125
1 0.9484375 0.37109375 0.03046875 0.03125
1 0.87265625 0.62265625 0.03359375 0.040625
1 0.4734375 0.53359375 0.028125 0.059375
1 0.23984375 0.52421875 0.02265625 0.0421875
1 0.32265625 0.34296875 0.028125 0.040625
1 0.59296875 0.303125 0.04140625 0.0421875
1 0.0265625 0.815625 0.053125 0.053125
1 0.48125 0.35703125 0.02890625 0.0421875
1 0.4171875 0.35859375 0.02421875 0.034375
1 0.78984375 0.17109375 0.03671875 0.05
1 0.74453125 0.21015625 0.028125 0.0484375
1 0.41796875 0.86484375 0.03125 0.07578125
1 0.7859375 0.9234375 0.08359375 0.0890625
1 0.82109375 0.059375 0.02265625 0.03828125
1 0.47734375 0.06484375 0.01953125 0.02890625
1 0.50546875 0.053125 0.01953125 0.02265625
0 0.009645464062500001 0.46887966875 0.0164233578125 0.46680497968749995 0.023722628125 0.4719917015625 0.0367570390625 0.46058091250000005 0.041970803125 0.4512448125 0.0492700734375 0.44605809062499996 0.058394160937499995 0.4216804984375 0.0633472359375 0.414937759375 0.08420229375 0.414937759375 0.09332638125 0.39989626562499997 0.10088634062499999 0.37033195 0.10714285781249999 0.36929460625 0.121741396875 0.354771784375 0.1436392078125 0.35269709531250004 0.1571949953125 0.3381742734375 0.1590198125 0.3272821578125 0.157716371875 0.31327800781250004 0.1452033375 0.325726140625 0.13790406718749998 0.32053941875 0.1222627734375 0.3184647296875 0.117309696875 0.3065352703125 0.121480709375 0.2785269703125 0.12695516093749998 0.265560165625 0.1347758078125 0.264522821875 0.15432742500000002 0.24948132812499998 0.15224191874999998 0.2235477171875 0.1449426484375 0.21421161875 0.14572471250000002 0.20643153593750002 0.167101146875 0.189834025 0.1723149109375 0.189834025 0.1848279453125 0.2168049796875 0.18873826875 0.20591286250000002 0.190823775 0.181016596875 0.195255475 0.1721991703125 0.21141814375 0.17531120312499998 0.22497393125 0.1721991703125 0.23905109531250002 0.1784232359375 0.24556830000000002 0.1571576765625 0.2494786234375 0.154564315625 0.2546923875 0.1566390046875 0.25990615156249997 0.164937759375 0.2708550578125 0.1628630703125 0.278675703125 0.17946058125 0.2859749734375 0.1773858921875 0.2937956203125 0.1970954359375 0.296663190625 0.194502075 0.29744525624999996 0.18672199218750002 0.3016162671875 0.18672199218750002 0.301094890625 0.196058090625 0.3130865484375 0.20020746875 0.3227320125 0.211099584375 0.32064650625 0.21939834062500002 0.3242961421875 0.2266597515625 0.32064650625 0.2339211625 0.321689259375 0.2422199171875 0.319082378125 0.24948132812499998 0.32064650625 0.259854771875 0.3177789359375 0.2676348546875 0.3141293015625 0.26141078906250004 0.3110010421875 0.2634854765625 0.305787278125 0.27800829843749997 0.29066736249999997 0.27904564375 0.287278415625 0.2712655609375 0.2867570390625 0.26192946093749997 0.283107403125 0.258817428125 0.28519290937499997 0.24844398281250002 0.2823253390625 0.224066390625 0.27945776875 0.24429460625 0.2721584984375 0.250518671875 0.2732012515625 0.2660788375 0.2773722625 0.280601659375 0.27685088593749996 0.289937759375 0.2823253390625 0.2935684640625 0.28649635 0.3018672203125 0.304744525 0.2977178421875 0.310479665625 0.2925311203125 0.313607925 0.2977178421875 0.32038581875 0.29979253125 0.3255995828125 0.30912863125 0.3334202296875 0.304979253125 0.342022940625 0.2826763484375 0.34306569374999996 0.2567427390625 0.34515119843750003 0.250518671875 0.34306569374999996 0.24429460625 0.344369134375 0.23962655625 0.35010427499999996 0.2385892109375 0.351407715625 0.2463692953125 0.3472367046875 0.250518671875 0.35688216875 0.25933609999999996 0.3652241921875 0.25207468906249997 0.36835245 0.244813278125 0.3803441078125 0.2385892109375 0.38425443125 0.2339211625 0.38164755 0.211099584375 0.38399374375 0.20643153593750002 0.39233576718749996 0.1981327796875 0.4001564125 0.205394190625 0.40458811250000004 0.19553941875 0.40458811250000004 0.1872406640625 0.407716371875 0.1779045640625 0.41579770624999995 0.17531120312499998 0.41657977031250004 0.1716804984375 0.407977059375 0.1680497921875 0.4064129296875 0.1628630703125 0.4006777890625 0.1587136921875 0.39233576718749996 0.1618257265625 0.3881647546875 0.1431535265625 0.37539103281249997 0.1644190875 0.3774765375 0.17997925312500002 0.3764337859375 0.18827800781249998 0.378519290625 0.1934647296875 0.3766944734375 0.205394190625 0.37304483906249997 0.20435684687500003 0.36835245 0.2136929453125 0.35688216875 0.21161825781250002 0.351147028125 0.215767634375 0.341762253125 0.20954356875000002 0.337591240625 0.2126556015625 0.33368091718750004 0.1976141078125 0.3326381640625 0.170643153125 0.3347236703125 0.150933609375 0.3381126171875 0.14937759374999998 0.337591240625 0.145228215625 0.3344629828125 0.145228215625 0.32977059375 0.154564315625 0.3255995828125 0.14937759374999998 0.3242961421875 0.159232365625 0.312565171875 0.17531120312499998 0.307872784375 0.1680497921875 0.29848800781249996 0.16701244843750002 0.28388946875 0.154564315625 0.27033368125 0.154564315625 0.264859228125 0.1478215765625 0.263816475 0.13744813281249998 0.2666840453125 0.1275933609375 0.2708550578125 0.12448132812499998 0.28284671562499997 0.1275933609375 0.30213764374999996 0.12033195000000001 0.308133471875 0.12603734375 0.30969760156250004 0.148858921875 0.313607925 0.145228215625 0.31595411875 0.140560165625 0.3117831078125 0.13329875468750002 0.3117831078125 0.1270746890625 0.314911365625 0.11773858906250001 0.3052659015625 0.1130705390625 0.303441084375 0.10632780156249999 0.30917622499999997 0.0928423234375 0.30917622499999997 0.07520746874999999 0.3138686125 0.0471991703125 0.3196037546875 0.0316390046875 0.32507820625 0.0269709546875 0.32898852968750003 0.0316390046875 0.33368091718750004 0.052385892187500005 0.33368091718750004 0.079356846875 0.3357664234375 0.08869294531250001 0.3428050046875 0.0933609953125 0.3461939515625 0.0855809125 0.342022940625 0.068983403125 0.3459332640625 0.0580912859375 0.355578728125 0.054460581249999994 0.35531803906250004 0.034232365625 0.3620959328125 0.034232365625 0.364702815625 0.044605809375 0.3688738265625 0.0394190875 0.37486965625 0.038900415625000004 0.3743482796875 0.00466805 0.371480709375 0 0.2911887375 0.0031120328125 0.2799791453125 0.030601659375 0.278675703125 0.04045643125 0.2666840453125 0.030082987500000002 0.2583420234375 0.0425311203125 0.222888425 0.0466804984375 0.22627737187500002 0.051348548437499995 0.22575599531249999 0.0720954359375 0.22340980156249998 0.07572614062500001 0.192127215625 0.0809128625 0.180656934375 0.0912863078125 0.1723149109375 0.0902489625 0.16136600625 0.1026970953125 0.1290406671875 0.1120331953125 0.121741396875 0.12033195000000001 0.1175703859375 0.1182572609375 0.1097497390625 0.1224066390625 0.10688216875 0.12603734375 0.10583941562500002 0.140560165625 0.10245046875 0.1473029046875 0.094108446875 0.14004149375 0.08263816406249999 0.1576763484375 0.07168925937500001 0.1628630703125 0.059176225000000006 0.1524896265625 0.0518769546875 0.1587136921875 0.046663190625 0.16908713749999998 0.038060479687499996 0.16338174218749998 0.0333680921875 0.1415975109375 0.035453596875 0.12603734375 0.04301355625 0.1213692953125 0.048748696875000004 0.12551867187500002 0.051616267187499995 0.119813278125 0.0508342015625 0.11514522812500001 0.0424921796875 0.11514522812500001 0.019551615624999998 0.10477178437500001 0.00026068749999999996 0.10580912812500001 0 0.119813278125 0.01120959375 0.13070539375 0.014598540625 0.139522821875 0.019812304687499997 0.185165975 0.0164233578125 0.2012448125 0.008081334375 0.20020746875 0 0.209024896875 0.0005213765625 0.49533195 0.00208550625 0.48495850625000003 0.009645464062500001 0.46887966875
0 0.40250260625 0.1934647296875 0.40458811250000004 0.18620331875 0.4176225234375 0.1727178421875 0.4121480703125 0.154564315625 0.4038060484375 0.16078838125 0.40093847812499994 0.148858921875 0.41162669375 0.133817428125 0.41579770624999995 0.134854771875 0.41579770624999995 0.12448132812499998 0.44290928125000006 0.12344398281249999 0.4460375390625 0.1182572609375 0.44316996875000003 0.10114107812499999 0.45229405624999997 0.08921161875 0.45985401406250004 0.071058090625 0.46141814375 0.055497925000000004 0.45933263750000003 0.039937759375 0.46480709062500003 0.033195020312500004 0.47471324218750005 0.04045643125 0.47601668437500005 0.030601659375 0.48123044843749996 0.0233402484375 0.48227320156250003 0.0171161828125 0.478362878125 0.005186721875 0.47054223124999994 0.0072614109375 0.46324296093750006 0.0020746890625 0.4449947859375 0.004149378125 0.43873826875 0.01970954375 0.43430656875 0.0233402484375 0.4348279453125 0.040975103125 0.4410844625 0.051348548437499995 0.44160583906250006 0.0565352703125 0.43899895781250003 0.0617219921875 0.4405630859375 0.071058090625 0.4337851921875 0.0814315359375 0.43326381718749996 0.08869294531250001 0.4358706984375 0.09595435625 0.43196037499999995 0.1068464734375 0.42622523437500004 0.1026970953125 0.424139728125 0.094398340625 0.4181439 0.08765560156249999 0.4121480703125 0.0518672203125 0.40484880156249997 0.054979253125 0.4001564125 0.069502075 0.3959854015625 0.0684647296875 0.38295099062500004 0.0767634859375 0.37591240937500003 0.0866182578125 0.3733055265625 0.1032157671875 0.37721585 0.1078838171875 0.38399374375 0.1078838171875 0.3959854015625 0.08921161875 0.4014598546875 0.0949170125 0.39989572500000004 0.11773858906250001 0.3936392078125 0.12603734375 0.39311783125 0.13744813281249998 0.3892075078125 0.1317427390625 0.3845151203125 0.133817428125 0.37956204375 0.15612033125 0.38060479687500004 0.1644190875 0.37486965625 0.170643153125 0.3764337859375 0.18827800781249998 0.38164755 0.194502075 0.380865484375 0.20643153593750002 0.3845151203125 0.2074688796875 0.3928571421875 0.199170125 0.40041710156250004 0.209024896875 0.40302398281249996 0.203838175 0.40250260625 0.1934647296875
0 0.9624608968749999 0.959024896875 0.95698644375 0.9543568468749999 0.9530761203125 0.9445020749999999 0.9504692390624999 0.9216804984375001 0.9426485921875001 0.8905601656250001 0.9356100109375 0.8827800828125 0.9257038578125 0.8578838171875001 0.92022940625 0.8563278015625 0.9186652765625001 0.851141078125 0.9191866531249999 0.83454356875 0.915015640625 0.8200207468749999 0.9092805 0.814834025 0.9058915531249999 0.7987551875000001 0.90224191875 0.8091286312499999 0.8983315953125001 0.8044605812500001 0.89311783125 0.7816390046875 0.8863399375000001 0.7733402484375 0.8743482796875 0.7287344390625 0.855839415625 0.6877593359375 0.8482794578125 0.6779045640625 0.8451511984375 0.659232365625 0.8305526593750001 0.6291493781249999 0.8279457765625 0.6167012453125 0.824035453125 0.61099585 0.8203858187499999 0.6172199171874999 0.8180396249999999 0.61462655625 0.8180396249999999 0.59387966875 0.7971845671875 0.5575726140625 0.7940563093749999 0.53578838125 0.7841501562500001 0.5119294609375 0.7721584984375001 0.490145228125 0.7664233578124999 0.47251037343749996 0.7450469234375 0.43412863125 0.7333159546875 0.40456431562499995 0.723670490625 0.3926348546875 0.7200208546875 0.37603734375000003 0.7140250265625 0.37033195 0.71115745625 0.3625518671875 0.7064650671875 0.33973029062500004 0.691866528125 0.32624481250000004 0.691866528125 0.296161825 0.687695515625 0.269190871875 0.681960375 0.189315353125 0.6798748703124999 0.11773858906250001 0.6746611046875 0.0866182578125 0.673618353125 0.06587136875 0.6746611046875 0.0471991703125 0.6845672578124999 0.014004150000000002 0.682742440625 0.0082987546875 0.675964546875 0.01037344375 0.6676225234375 0.024896265625 0.6598018765625 0.02904564375 0.6564129296875 0.043049792187500005 0.6564129296875 0.0679460578125 0.6605839421875 0.203838175 0.664754953125 0.220435684375 0.6626694468750001 0.2515560171875 0.6710114703125 0.30446058125 0.678310740625 0.3314315359375 0.6816996875 0.3381742734375 0.689781021875 0.3428423234375 0.689781021875 0.360477178125 0.6926485921875 0.3734439828125 0.703597496875 0.37863070468750004 0.7124608968749999 0.405601659375 0.71611053125 0.405601659375 0.7181960375 0.4004149375 0.7205422312499999 0.4050829875 0.7189781015625 0.4133817421875 0.7200208546875 0.4279045640625 0.727320125 0.45591286249999996 0.7572992703125 0.524896265625 0.7591240875 0.5233402484375 0.7606882171875 0.4963692953125 0.762773721875 0.49740663906249993 0.7617309703124999 0.5264522828125 0.7638164749999999 0.5503112031249999 0.7776329515625 0.569502075 0.785192909375 0.5689834031250001 0.7862356625 0.5855809125 0.79092805 0.5949170125000001 0.796663190625 0.6332987546875 0.807872784375 0.6680497921875 0.8117831078125001 0.6374481328125 0.8151720546875 0.6275933609375001 0.816996871875 0.6291493781249999 0.812304484375 0.679979253125 0.8083941609374999 0.6794605812500001 0.8076120953125001 0.6882780078125 0.8235140765625 0.744813278125 0.8289885296874999 0.730809128125 0.8315954124999999 0.70487551875 0.8357664234375 0.7028008296875 0.8331595406250001 0.7515560171875 0.8495828984375 0.76037344375 0.855578728125 0.7712655609375 0.8550573515625001 0.8054979250000001 0.869134515625 0.8480290453125001 0.8675703859375 0.8687759343750001 0.8748696562499999 0.8822614109375 0.88164755 0.9071576765625 0.8938998953124999 0.915975103125 0.92049009375 0.9190871375 0.935349321875 0.960062240625 0.9400417093750001 0.9662863078124999 0.9436913453125 0.980809128125 0.944473409375 0.9968879671875 0.9629822734375001 0.9974066390624999 0.9687174140625 0.991182571875 0.9624608968749999 0.959024896875
0 0.29535975 0.7531120328124999 0.2971845671875 0.749481328125 0.296663190625 0.7328838171875 0.301355578125 0.7183609953125 0.313607925 0.704356846875 0.3255995828125 0.7002074687500001 0.33394160624999997 0.7022821578125 0.33733055312500004 0.710062240625 0.33733055312500004 0.7328838171875 0.3435870703125 0.729771784375 0.34515119843750003 0.7162863078124999 0.3503649640625 0.711099584375 0.346715328125 0.7028008296875 0.3519290921875 0.6955394187499999 0.3461939515625 0.6882780078125 0.3472367046875 0.66545643125 0.333159540625 0.6550829874999999 0.3326381640625 0.6332987546875 0.342022940625 0.6229253109374999 0.34775808124999996 0.59595435625 0.353493221875 0.5855809125 0.35662148125000004 0.54512448125 0.364963503125 0.5274896265625 0.36600625625 0.51400415 0.3636600625 0.5124481328125 0.3605318046875 0.51970954375 0.35896767500000004 0.514522821875 0.353232534375 0.5114107890625 0.35062565156250003 0.514522821875 0.332898853125 0.5134854765625 0.3279457765625 0.5067427390625 0.333159540625 0.48495850625000003 0.33081334687499997 0.48132780156250005 0.32898852968750003 0.4818464734375 0.3271637125 0.495850621875 0.3167361828125 0.4979253109375 0.3201251296875 0.5171161828125 0.3164754953125 0.540975103125 0.3274244 0.559647303125 0.32898852968750003 0.5731327796875 0.32612095937499996 0.5881742734375 0.31465067812499997 0.594398340625 0.30735140781250003 0.58921161875 0.2958811265625 0.5632780078125 0.2849322203125 0.553941909375 0.2823253390625 0.5466804984375 0.27919707968749996 0.5497925312499999 0.269290928125 0.5497925312499999 0.2630344109375 0.5446058093749999 0.25521376406249996 0.5497925312499999 0.2544317 0.5471991703125 0.253388946875 0.538900415625 0.25886339999999997 0.53112033125 0.2630344109375 0.5363070546875 0.28649635 0.5373443984375 0.29092805 0.51504149375 0.29040667343750004 0.50570539375 0.2935349328125 0.500518671875 0.292231490625 0.49896265624999997 0.2802398328125 0.49896265624999997 0.28519290937499997 0.508817428125 0.28284671562499997 0.5176348546875 0.278675703125 0.5186721984375 0.27685088593749996 0.509854771875 0.278415015625 0.49740663906249993 0.2765901984375 0.49170124531250003 0.27033368125 0.49066390000000004 0.266944734375 0.499481328125 0.2666840453125 0.5114107890625 0.26277372187500003 0.5077800828125001 0.25886339999999997 0.48962655625 0.25703858125 0.5015560171875 0.2440041703125 0.5430497921875 0.23435870625000002 0.554979253125 0.22627737187500002 0.538900415625 0.22679874843749998 0.530601659375 0.23096976093750002 0.51504149375 0.24139728906250002 0.49533195 0.241918665625 0.4818464734375 0.2382690296875 0.47562240625 0.251042753125 0.4678423234375 0.2364442125 0.4636929453125 0.22862356562500002 0.4782157671875 0.2208029203125 0.48029045625 0.21637122031249997 0.47665975156249996 0.21637122031249997 0.460062240625 0.21350365 0.45539419062500003 0.192127215625 0.4533195015625 0.180656934375 0.43879668125000004 0.1764859234375 0.4429460578125 0.157716371875 0.4419087140625 0.157977059375 0.4486514515625 0.16188738281249998 0.4522821578125 0.1637122 0.460062240625 0.1571949953125 0.46265560156249996 0.15693430625 0.43827800781250004 0.1501564125 0.42997925312499996 0.15432742500000002 0.4237551875 0.1540667359375 0.40352697031250007 0.1462460890625 0.40456431562499995 0.14311783125 0.4128630703125 0.133211678125 0.413900415625 0.12956204375 0.42012448124999996 0.1243482796875 0.421161825 0.1253910328125 0.425311203125 0.132950990625 0.42997925312499996 0.1180917625 0.4325726140625 0.11574556875 0.44035269687499995 0.1180917625 0.4481327796875 0.121741396875 0.4419087140625 0.1300834203125 0.4419087140625 0.132950990625 0.44553941874999997 0.12956204375 0.45020746875000006 0.1253910328125 0.44605809062499996 0.12200208593749999 0.4517634859375 0.12304483906250001 0.461099584375 0.1209593328125 0.47562240625 0.1253910328125 0.49170124531250003 0.12930135625 0.4839211625 0.1246089671875 0.47562240625 0.1290406671875 0.46473029062500004 0.1319082375 0.4683609953125 0.133211678125 0.48029045625 0.137382690625 0.4678423234375 0.1493743484375 0.46680497968749995 0.1608446296875 0.4782157671875 0.1665797703125 0.47614107812500006 0.169447340625 0.48703319531249994 0.1684045875 0.509854771875 0.16501564062500002 0.5238589218749999 0.15667361875000002 0.5280082984375001 0.150938478125 0.5373443984375 0.1405109484375 0.545643153125 0.13790406718749998 0.553941909375 0.1277372265625 0.5669087140625 0.12747653750000001 0.5705394187499999 0.132950990625 0.5762448124999999 0.13607924843750002 0.5918049796875 0.1407716375 0.6021784234374999 0.137382690625 0.6089211625 0.12486965624999999 0.6068464734375 0.1256517203125 0.6177385890625 0.12200208593749999 0.6322614109375 0.12695516093749998 0.633817428125 0.1321689265625 0.6213692953125001 0.1415537015625 0.6182572609375 0.1496350359375 0.6032157671875 0.15302398281250001 0.5819502078125 0.1571949953125 0.586099584375 0.167101146875 0.5757261406249999 0.1764859234375 0.5819502078125 0.180656934375 0.5933609953125 0.1869134515625 0.5964730296874999 0.191866528125 0.6135892109375 0.191866528125 0.630186721875 0.18873826875 0.640560165625 0.19030239843750002 0.6478215765625001 0.18847758125 0.6504149375 0.18430656875 0.6462655609375 0.180656934375 0.6504149375 0.17831074062500002 0.660269709375 0.18013555781249999 0.6670124484375 0.1905630859375 0.664937759375 0.192127215625 0.6576763484375 0.2119395203125 0.664937759375 0.22445255468749997 0.63900415 0.2505213765625 0.6317427390625 0.25286757031249996 0.639522821875 0.2507820640625 0.6613070546875 0.264598540625 0.664937759375 0.2679874875 0.6696058093749999 0.2653806046875 0.690352696875 0.262252346875 0.6955394187499999 0.263816475 0.7028008296875 0.260166840625 0.710062240625 0.2653806046875 0.71421161875 0.26590198125 0.7276970953124999 0.2721584984375 0.74429460625 0.2711157453125 0.7577800828125001 0.2679874875 0.7629668046875 0.2711157453125 0.769190871875 0.27971845625 0.756224065625 0.29535975 0.7531120328124999
0 0.9640250265624999 0.9662863078124999 0.9601147031249999 0.9533195015624999 0.9520333687500001 0.9445020749999999 0.955683003125 0.9372406640625 0.9483837328125 0.928941909375 0.9489051093749999 0.9206431531250001 0.9447340984375 0.9133817421874999 0.9447340984375 0.90612033125 0.9410844624999999 0.9019709546874999 0.9371741390624999 0.8879668046875 0.9316996874999999 0.8812240656249999 0.9249217937499999 0.8594398343749999 0.9181438999999999 0.851141078125 0.9191866531249999 0.8428423234375 0.9171011468750001 0.8272821578125 0.9098018765625 0.8179460578125 0.9064129296875001 0.7987551875000001 0.901199165625 0.8080912859374999 0.898852971875 0.8044605812500001 0.8980709078125001 0.7946058093749999 0.894160584375 0.796161825 0.8902502609375 0.7780082984375001 0.886600625 0.77904564375 0.878519290625 0.7723029046875001 0.8748696562499999 0.7370331953125 0.8675703859375 0.7287344390625 0.8594890515625 0.7002074687500001 0.8547966625000001 0.7012448124999999 0.8503649640625 0.694502075 0.8516684046874999 0.6867219921875 0.846715328125 0.6872406640625 0.8446298234375 0.6696058093749999 0.8381126171875 0.6628630703125 0.835505734375 0.6524896265625 0.8287278421875 0.6483402484375 0.8276850890624999 0.6369294609375 0.8255995828125 0.6483402484375 0.8198644421875001 0.6493775937499999 0.8164754953125 0.65612033125 0.8180396249999999 0.6644190875 0.8143899890625 0.6820539421875 0.8175182484375 0.6872406640625 0.8198644421875001 0.7002074687500001 0.8235140765625 0.6825726140625 0.8357664234375 0.690352696875 0.8378519296875 0.7028008296875 0.8368091765625 0.7183609953125 0.8425443171874999 0.7266597515625 0.83889468125 0.7422199171874999 0.83420229375 0.749481328125 0.8396767468749999 0.7572614109375 0.849061521875 0.7582987546875 0.85662148125 0.76504149375 0.8597497390625 0.7878630703125 0.8571428578125 0.8034232359375 0.8618352453125 0.8127593359375 0.8654848796874999 0.830394190625 0.8743482796875 0.8490663906249999 0.8712200203125 0.875 0.8764337859375001 0.8864107890625 0.8764337859375001 0.898858921875 0.887643378125 0.9118257265624999 0.894421271875 0.9097510375000001 0.901199165625 0.914937759375 0.9142335765625 0.9139004156249999 0.9210114703125001 0.9180497921875 0.9405630859375 0.9673236515625 0.944212721875 0.9942946062500001 0.9593326375 0.9963692953125 0.9666319078125 0.991182571875 0.9640250265624999 0.9662863078124999
0 0.655630865625 0.9968879671875 0.6592805 0.9937759343750001 0.69316996875 0.9927385890625 0.726016684375 0.9948132781249999 0.7278415015624999 0.991182571875 0.7247132421875 0.9766597515625 0.7241918671875001 0.960062240625 0.72966631875 0.9512448125 0.73383733125 0.9512448125 0.737226278125 0.93620331875 0.70672575625 0.9325726140624999 0.703336809375 0.9144190875 0.7028154328125 0.8967842328125 0.7062043796874999 0.8869294609375 0.710375390625 0.8890041500000001 0.7140250265625 0.884854771875 0.7187174140625 0.8900414937500001 0.7218456718749999 0.884854771875 0.7254953078125 0.884854771875 0.7257559953125 0.8604771781249999 0.7340980187499999 0.850103734375 0.7346193953125 0.8272821578125 0.7325338890624999 0.8200207468749999 0.7340980187499999 0.810684646875 0.7314911359375 0.8044605812500001 0.7325338890624999 0.796161825 0.7281021890625 0.77904564375 0.6936913453125 0.7769709546875 0.6869134515625 0.7634854765625 0.6843065687500001 0.7738589218749999 0.6770073 0.7780082984375001 0.6425964546875 0.77904564375 0.632690303125 0.774896265625 0.6316475500000001 0.764522821875 0.6196558921875 0.7614107890625 0.6092283625 0.7541493781249999 0.6071428578125 0.74896265625 0.6076642328124999 0.7582987546875 0.595672575 0.7582987546875 0.5928050046875 0.76504149375 0.595672575 0.7738589218749999 0.6016684046874999 0.780601659375 0.605839415625 0.796161825 0.6074035453125 0.8469917015625 0.5972367046875 0.8568464734375001 0.5904588109375 0.8526970953124999 0.576381646875 0.8537344390625 0.571689259375 0.8578838171875001 0.569082378125 0.8526970953124999 0.568039625 0.8609958499999999 0.5727320125 0.8599585062499999 0.5813347234374999 0.87396265625 0.582898853125 0.8812240656249999 0.5813347234374999 0.89470954375 0.5800312828124999 0.8983402484375 0.5727320125 0.9004149375000001 0.5696037546875 0.9180497921875 0.5607403546875 0.9180497921875 0.5583941609374999 0.9320539421875 0.5518769546875 0.9408713687500001 0.5492700734375 0.9419087140625001 0.546663190625 0.935684646875 0.5367570390624999 0.9294605812500001 0.5341501562500001 0.9190871375 0.5218978109375 0.9216804984375001 0.523983315625 0.928941909375 0.5218978109375 0.935165975 0.523983315625 0.9610995843750001 0.521376434375 0.9683609953125 0.521376434375 0.9839211625000001 0.530500521875 0.9937759343750001 0.6029718453124999 0.9937759343750001 0.62043795625 0.9974066390624999 0.6264337859375 0.9927385890625 0.655630865625 0.9968879671875
0 0 0.7754149375 0.0039103234375 0.7780082984375001 0.008081334375 0.79045643125 0.0117309703125 0.784232365625 0.0179874875 0.7873443984375 0.025286757812499998 0.775933609375 0.0362356625 0.7800829874999999 0.0357142859375 0.7873443984375 0.031543274999999996 0.7821576765625 0.0302398328125 0.788900415625 0.0357142859375 0.7883817421875 0.0393639203125 0.7935684640625 0.044577684374999996 0.7946058093749999 0.051094890625 0.788900415625 0.0424921796875 0.7800829874999999 0.0508342015625 0.77904564375 0.05578727812499999 0.7868257265625 0.052659020312500006 0.79512448125 0.051094890625 0.81379668125 0.0357142859375 0.8495850624999999 0 0.850103734375 0.00026068749999999996 0.9367219921875 0.0039103234375 0.935684646875 0.008081334375 0.9253112031249999 0.0310218984375 0.89937759375 0.0357142859375 0.8983402484375 0.0471845671875 0.9097510375000001 0.04796663125 0.89470954375 0.058133471874999995 0.8827800828125 0.059176225000000006 0.8724066390624999 0.0617831078125 0.87966805 0.0675182484375 0.8775933609375001 0.07481751875 0.8879668046875 0.0789885296875 0.8869294609375 0.0868091765625 0.8962655609375 0.09202294062500001 0.9087136921875001 0.0969760171875 0.9133817421874999 0.0951511984375 0.9221991703124999 0.117309696875 0.9517634859375 0.1144421265625 0.9616182578125001 0.1097497390625 0.9626556015625001 0.0868091765625 0.9408713687500001 0.08263816406249999 0.949170125 0.0742961421875 0.9512448125 0.072471325 0.960062240625 0.069082378125 0.9636929453124999 0.059958290625 0.9673236515625 0.0685610015625 0.9771784234374999 0.0789885296875 0.9813278015625 0.08420229375 0.9927385890625 0.0925443171875 0.995850621875 0.3219499484375 0.995850621875 0.33420229375 0.9683609953125 0.3310740359375 0.9579875515625 0.3368091765625 0.9517634859375 0.32977059375 0.9429460578125 0.3232533890625 0.9517634859375 0.32664233593750003 0.9605809125 0.313607925 0.9647302906249999 0.3016162671875 0.9605809125 0.30187695468750003 0.9486514515625 0.305787278125 0.9325726140624999 0.3076120953125 0.9424273859375001 0.310479665625 0.9450207468749999 0.3198644421875 0.93879668125 0.3321167890625 0.9216804984375001 0.32898852968750003 0.9164937765625 0.330552659375 0.90612033125 0.32898852968750003 0.8729253109374999 0.3347236703125 0.8635892109375 0.34410844687500003 0.8272821578125 0.35688216875 0.8049792531250001 0.3605318046875 0.803941909375 0.362356621875 0.796161825 0.36027111562499997 0.7816390046875 0.3574035453125 0.78112033125 0.355578728125 0.7733402484375 0.3561001046875 0.741182571875 0.3584462984375 0.7406639 0.3597497390625 0.7474066390624999 0.3607924921875 0.780601659375 0.3652241921875 0.7873443984375 0.36809176250000003 0.7536307046874999 0.38164755 0.7266597515625 0.382690303125 0.694502075 0.3938998953125 0.684647303125 0.4019812296875 0.6996887968750001 0.3983315953125 0.7422199171874999 0.407716371875 0.7629668046875 0.408237746875 0.780601659375 0.40302398281249996 0.8075726140624999 0.39937434843749997 0.8117219921875 0.40432742499999996 0.814315353125 0.4061522421875 0.8220954359375 0.4001564125 0.8236514515625 0.391814390625 0.8174273859375001 0.387382690625 0.8231327796875 0.39207507812500003 0.8428423234375 0.39103232499999996 0.8594398343749999 0.39233576718749996 0.864107884375 0.39702815468749997 0.866182571875 0.4001564125 0.8775933609375001 0.4019812296875 0.85529045625 0.40563086562499995 0.8397302906249999 0.41058394218750005 0.82987551875 0.42127215781249994 0.8200207468749999 0.43143899843750005 0.78112033125 0.4337851921875 0.7868257265625 0.43274244062499995 0.8179460578125 0.43143899843750005 0.8215767640625 0.42726798749999995 0.81120331875 0.4228362875 0.8272821578125 0.42622523437500004 0.8360995843750001 0.43065693437499997 0.8397302906249999 0.43430656875 0.8615145234374999 0.43222106406250005 0.898858921875 0.42935349375 0.904564315625 0.4186652765625 0.90612033125 0.417101146875 0.9445020749999999 0.4121480703125 0.9533195015624999 0.3983315953125 0.9455394187499999 0.40093847812499994 0.93620331875 0.396767465625 0.928941909375 0.39702815468749997 0.9180497921875 0.38868613125 0.9253112031249999 0.3845151203125 0.92012448125 0.37825860312500004 0.9273858921875 0.3720020859375 0.924273859375 0.3641814390625 0.9294605812500001 0.3563607921875 0.9253112031249999 0.349061521875 0.9304979250000001 0.3482794578125 0.9372406640625 0.3550573515625 0.9486514515625 0.364702815625 0.9782157671875 0.3675703859375 0.9683609953125 0.36704900937499996 0.959024896875 0.37304483906249997 0.939834025 0.3845151203125 0.9429460578125 0.3863399375 0.960062240625 0.38425443125 0.9673236515625 0.38425443125 0.980809128125 0.380865484375 0.9823651453125001 0.3779979140625 0.991182571875 0.3803441078125 0.9937759343750001 0.460375390625 0.9963692953125 0.4676746609375 0.9922199171875 0.4676746609375 0.97562240625 0.46454640312500006 0.9683609953125 0.4629822734375 0.9528008296875001 0.46923879062499996 0.9424273859375001 0.4687174140625 0.9330912859374999 0.46506777968749996 0.928941909375 0.4681960375 0.9227178421875 0.47028154375 0.8604771781249999 0.473670490625 0.854771784375 0.48722627812499997 0.8516597515625 0.4890510953125 0.84387966875 0.48123044843749996 0.8044605812500001 0.481751825 0.780601659375 0.4788842546875 0.774896265625 0.45907194999999995 0.775933609375 0.455943690625 0.764522821875 0.435088634375 0.765560165625 0.419447340625 0.7468879671875001 0.41657977031250004 0.7380705390625 0.41605839375000003 0.7183609953125 0.4207507828125 0.6810165968749999 0.407977059375 0.664937759375 0.40432742499999996 0.6535269703125001 0.38868613125 0.6628630703125 0.37982273125 0.6597510375 0.3764337859375 0.6664937765625 0.37539103281249997 0.6934647296875001 0.3652241921875 0.699170125 0.3574035453125 0.685684646875 0.351147028125 0.6815352703124999 0.3485401453125 0.6690871375 0.33602711093750004 0.6597510375 0.3300312828125 0.6478215765625001 0.32950990625 0.640560165625 0.3326381640625 0.630186721875 0.3415015640625 0.6218879671875001 0.3482794578125 0.589730290625 0.351407715625 0.5855809125 0.3503649640625 0.570020746875 0.35662148125000004 0.5544605812500001 0.3607924921875 0.5285269703125001 0.3654848796875 0.5233402484375 0.3665276328125 0.508817428125 0.36939520312499996 0.5041493781249999 0.3756517203125 0.5031120328124999 0.38164755 0.5077800828125001 0.387382690625 0.5503112031249999 0.38868613125 0.5518672203125 0.3912930140625 0.5435684640625 0.39468196093749996 0.546161825 0.3938998953125 0.5529045640625 0.3863399375 0.559647303125 0.3907716375 0.5736514515625 0.396767465625 0.564834025 0.39624608906250003 0.5534232359375 0.3996350359375 0.5280082984375001 0.40432742499999996 0.535269709375 0.407977059375 0.5269709546875 0.43143899843750005 0.5280082984375001 0.4345672578125 0.5186721984375 0.4392596453125 0.5186721984375 0.44316996875000003 0.538900415625 0.43952033437500004 0.546161825 0.43743482812499995 0.570020746875 0.42935349375 0.586099584375 0.423879040625 0.590767634375 0.421793534375 0.6084024890624999 0.4230969765625 0.6182572609375 0.4460375390625 0.6213692953125001 0.4517726796875 0.6317427390625 0.45490093906249995 0.624481328125 0.458029196875 0.6286307046874999 0.466892596875 0.62966805 0.4710636078125 0.62033195 0.4820125125 0.6265560171875 0.4856621484375 0.6234439828125 0.49087591249999996 0.625518671875 0.5002606875 0.6182572609375 0.5143378515625 0.5985477171875 0.535192909375 0.6068464734375 0.53858185625 0.6156639 0.5411887375 0.6343361 0.53858185625 0.6478215765625001 0.53858185625 0.6633817421875 0.5333680921874999 0.6768672203125 0.53388946875 0.689315353125 0.5291970796875 0.7028008296875 0.5291970796875 0.7131742734375 0.5341501562500001 0.715767634375 0.54092805 0.7271784234374999 0.5570907187499999 0.7136929453125 0.559958290625 0.7256224062500001 0.5620437953125 0.7256224062500001 0.564650678125 0.7028008296875 0.5573514078125 0.6934647296875001 0.5557872781250001 0.68412863125 0.5570907187499999 0.6753112031249999 0.5617831078125 0.6763485484375 0.564911365625 0.6690871375 0.5703858187499999 0.679979253125 0.5688216890625 0.6882780078125 0.5761209593750001 0.6996887968750001 0.57950990625 0.71887966875 0.58889468125 0.72095435625 0.5972367046875 0.715767634375 0.6003649640625001 0.7199170125000001 0.604535975 0.7178423234375 0.61600625625 0.7230290453125 0.6183524499999999 0.7162863078124999 0.62043795625 0.6779045640625 0.6253910328125001 0.6763485484375 0.6274765375 0.6690871375 0.6316475500000001 0.6753112031249999 0.637643378125 0.66545643125 0.6355578734375 0.6550829874999999 0.641814390625 0.6270746890625001 0.6394681953125 0.62033195 0.62956204375 0.6224066390624999 0.6266944734375001 0.650933609375 0.6230448390625 0.65612033125 0.6240875906250001 0.6633817421875 0.6196558921875 0.6732365140625001 0.6180917625 0.67012448125 0.6118352453125 0.671161825 0.610271115625 0.680497925 0.6040145984375 0.6825726140625 0.5870698640625001 0.6664937765625 0.584984359375 0.650933609375 0.5802919703125 0.6467842328125 0.5802919703125 0.6322614109375 0.5769030234375 0.6224066390624999 0.564911365625 0.6213692953125001 0.5570907187499999 0.614107884375 0.554744525 0.609439834375 0.554744525 0.59387966875 0.5529197078125 0.5881742734375 0.5487486968749999 0.58921161875 0.5450990609375 0.5829875515625 0.5341501562500001 0.586099584375 0.52971845625 0.571058090625 0.5179874875 0.553941909375 0.505474453125 0.554979253125 0.50234619375 0.5674273859375 0.49817518281249995 0.55912863125 0.494525546875 0.55912863125 0.4825338890625 0.5881742734375 0.462721584375 0.5902489625 0.455943690625 0.586099584375 0.45359749687499995 0.571058090625 0.455683003125 0.5378630703125 0.4499478625 0.5067427390625 0.45255474375000004 0.500518671875 0.45359749687499995 0.46421161875 0.45907194999999995 0.46680497968749995 0.462721584375 0.4616182578125 0.4676746609375 0.4621369296875 0.47080292031250004 0.43827800781250004 0.46793535 0.43464730312500005 0.4507299265625 0.43049792499999995 0.440823775 0.44087136875 0.4356100109375 0.4325726140625 0.43143899843750005 0.43464730312500005 0.42961418125 0.4476141078125 0.42648592343749997 0.4517634859375 0.42883211718750003 0.4616182578125 0.407716371875 0.4683609953125 0.40667361875 0.49533195 0.4040667359375 0.500518671875 0.40510948906250005 0.5077800828125001 0.4006777890625 0.5114107890625 0.394421271875 0.5 0.38868613125 0.49688796718750006 0.376173096875 0.4979253109375 0.3725234625 0.49273858906249995 0.3605318046875 0.49688796718750006 0.3607924921875 0.47562240625 0.35792492187499997 0.465767634375 0.3302919703125 0.4616182578125 0.326381646875 0.49533195 0.3164754953125 0.49844398281249996 0.3211678828125 0.510892115625 0.32064650625 0.5368257265625 0.3300312828125 0.56379668125 0.3279457765625 0.5886929453125 0.3177789359375 0.5985477171875 0.3063086546875 0.5912863078124999 0.29770594375 0.5772821578125 0.2937956203125 0.5632780078125 0.28284671562499997 0.553941909375 0.26772679843749997 0.554979253125 0.2630344109375 0.545643153125 0.25677789375 0.554979253125 0.253128259375 0.554979253125 0.2515641296875 0.550829875 0.25 0.554979253125 0.23696558906249998 0.55912863125 0.22914494218749998 0.554979253125 0.2247132421875 0.5430497921875 0.2247132421875 0.5285269703125001 0.227320125 0.5233402484375 0.22679874843749998 0.5129668046875 0.23201251250000002 0.50466805 0.233055265625 0.49740663906249993 0.231751825 0.493775934375 0.2181960375 0.49273858906249995 0.219499478125 0.48495850625000003 0.21584984375 0.47665975156249996 0.21611053125000002 0.46680497968749995 0.20151199218750002 0.46265560156249996 0.18847758125 0.46473029062500004 0.185088634375 0.461099584375 0.18430656875 0.45020746875000006 0.181960375 0.4528008296875 0.1832638171875 0.4616182578125 0.1728362875 0.46265560156249996 0.167101146875 0.4678423234375 0.17049009375 0.4735477171875 0.17153284687499998 0.4839211625 0.1710114703125 0.5243775937499999 0.16631908281250002 0.530601659375 0.1678832109375 0.538900415625 0.16501564062500002 0.545643153125 0.1608446296875 0.5446058093749999 0.1540667359375 0.5560165968749999 0.1436392078125 0.554979253125 0.1363399375 0.56120331875 0.137643378125 0.571058090625 0.1355578734375 0.579356846875 0.13946819531250002 0.5902489625 0.14572471250000002 0.5995850625 0.1517205421875 0.5803941906250001 0.15667361875000002 0.5726141078125 0.169186653125 0.5705394187499999 0.17492179375 0.5736514515625 0.180656934375 0.586099584375 0.1889989578125 0.5881742734375 0.2007299265625 0.5980290453125 0.201251303125 0.619813278125 0.19603753906250002 0.6291493781249999 0.194473409375 0.640560165625 0.1962982265625 0.6504149375 0.2007299265625 0.6467842328125 0.19760166875000001 0.6519709546875 0.1983837328125 0.6566390046875 0.212460896875 0.6566390046875 0.2155891546875 0.654564315625 0.221845671875 0.63900415 0.2301876953125 0.6317427390625 0.24791449375000002 0.6286307046874999 0.2544317 0.6343361 0.25286757031249996 0.65612033125 0.2546923875 0.6597510375 0.2619916578125 0.66078838125 0.27007299218749997 0.670643153125 0.2674661109375 0.68620331875 0.26147028125 0.696058090625 0.24270072968749998 0.6970954359375 0.23931178281249998 0.710062240625 0.23149113593749998 0.7214730296874999 0.22106360781249998 0.750518671875 0.21976016718750002 0.7676348546875 0.2166319078125 0.7665975109375001 0.2119395203125 0.7520746890625001 0.207768509375 0.7572614109375 0.1822210640625 0.75 0.1733576640625 0.7334024890624999 0.16397288906250002 0.7323651453125 0.16110531875 0.720435684375 0.1493743484375 0.7022821578125 0.141814390625 0.7183609953125 0.14025026093749998 0.7422199171874999 0.137382690625 0.7541493781249999 0.113399375 0.756224065625 0.10662148125 0.74896265625 0.0769030234375 0.7417012453125 0.078467153125 0.7012448124999999 0.0894160578125 0.695020746875 0.094108446875 0.6867219921875 0.1076642328125 0.6815352703124999 0.117309696875 0.6633817421875 0.1061001046875 0.6369294609375 0.07950990625 0.6379668046875 0.075860271875 0.6473029046875001 0.0628258609375 0.6576763484375 0.0573514078125 0.6716804984375 0.058915537500000004 0.679979253125 0.05656934375 0.6836099578125 0.046663190625 0.6815352703124999 0.025286757812499998 0.6939834031250001 0.0265901984375 0.70487551875 0.023983315625 0.7152489625 0.0208550578125 0.7183609953125 0.0208550578125 0.7256224062500001 0.008081334375 0.7365145234375 0.005735140625 0.7339211625 0.0052137640625 0.7183609953125 0.00208550625 0.711099584375 0.005735140625 0.6996887968750001 0.0117309703125 0.68879668125 0.0200729921875 0.6877593359375 0.0187695515625 0.678941909375 0.026850885937500003 0.664937759375 0.039885296875 0.6566390046875 0.042231490625 0.640560165625 0.04770594375 0.633817428125 0.04979145 0.625518671875 0.067257559375 0.609439834375 0.061522418749999995 0.60529045625 0.0596976015625 0.5923236515625 0.0503128265625 0.5923236515625 0.04744525625 0.5969917015624999 0.044056309375000005 0.62033195 0.0310218984375 0.624481328125 0.025808132812500002 0.634854771875 0.018508864062499998 0.62966805 0 0.640560165625 0 0.7754149375
0 0.467153284375 0.36358921093749996 0.4676746609375 0.349066390625 0.4788842546875 0.336099584375 0.48540145937499996 0.321058090625 0.4833159546875 0.3075726140625 0.47653806093749995 0.2940871375 0.47471324218750005 0.275933609375 0.46584984374999994 0.2800829875 0.46976016718749997 0.288900415625 0.4687174140625 0.30031120312500004 0.4666319078125 0.3034232359375 0.46324296093750006 0.2863070546875 0.45359749687499995 0.3179460578125 0.45516162656250003 0.329356846875 0.45307612031250005 0.3521784234375 0.457768509375 0.359439834375 0.45933263750000003 0.3718879671875 0.46480709062500003 0.3682572609375 0.467153284375 0.36358921093749996
0 0.3592283625 0.51504149375 0.364963503125 0.5077800828125001 0.364702815625 0.49896265624999997 0.383211678125 0.49221991718749997 0.37304483906249997 0.47717842343749994 0.36835245 0.4782157671875 0.364702815625 0.47095435625000004 0.3592283625 0.4683609953125 0.3610531796875 0.4533195015625 0.364702815625 0.465767634375 0.36835245 0.4636929453125 0.37017726875 0.461099584375 0.36600625625 0.4579875515625 0.36600625625 0.4486514515625 0.3725234625 0.4419087140625 0.3766944734375 0.4470954359375 0.3811261734375 0.4372406640625 0.3756517203125 0.43464730312500005 0.3725234625 0.42012448124999996 0.3688738265625 0.43049792499999995 0.3631386859375 0.4325726140625 0.353232534375 0.4325726140625 0.351407715625 0.4227178421875 0.3641814390625 0.41804979218750005 0.36835245 0.41078838125 0.3735662140625 0.41078838125 0.37721585 0.4004149375 0.387643378125 0.4004149375 0.389989571875 0.3957468875 0.3902502609375 0.39004149374999997 0.38295099062500004 0.39004149374999997 0.3800834203125 0.38433609999999996 0.38190823749999997 0.37863070468750004 0.3905109484375 0.375 0.3905109484375 0.35529045625 0.387382690625 0.351141078125 0.3907716375 0.3495850625 0.3915537015625 0.3428423234375 0.38868613125 0.33713692968750003 0.376173096875 0.3381742734375 0.3652241921875 0.3516597515625 0.355839415625 0.3475103734375 0.354535975 0.351141078125 0.3592283625 0.3573651453125 0.35766423281250004 0.3677385890625 0.362356621875 0.37396265624999997 0.36157455625 0.384854771875 0.34541188749999996 0.384854771875 0.34541188749999996 0.37033195 0.33602711093750004 0.36929460625 0.3274244 0.375 0.3347236703125 0.39989626562499997 0.3323774765625 0.40456431562499995 0.32612095937499996 0.4066390046875 0.3253388953125 0.4164937765625 0.32977059375 0.41078838125 0.3415015640625 0.41026970937499996 0.3425443171875 0.41856846406250003 0.3461939515625 0.4216804984375 0.3404588109375 0.435165975 0.34515119843750003 0.45695020781249995 0.3435870703125 0.47665975156249996 0.34541188749999996 0.48236514531249997 0.354535975 0.48288381718749995 0.35062565156250003 0.495850621875 0.34541188749999996 0.493775934375 0.3394160578125 0.500518671875 0.3412408765625 0.5082987546875 0.3498435875 0.51504149375 0.3415015640625 0.5233402484375 0.35766423281250004 0.5264522828125 0.3639207515625 0.5233402484375 0.3592283625 0.51504149375
0 0.5967153281249999 0.41597510312499997 0.6003649640625001 0.41597510312499997 0.6071428578125 0.40352697031250007 0.6246089671874999 0.3967842328125 0.623826903125 0.3910788375 0.604535975 0.38070539375 0.6003649640625001 0.383817428125 0.5982794578124999 0.374481328125 0.5857664234375 0.37033195 0.5813347234374999 0.3532157671875 0.5834202296875 0.3366182578125 0.574035453125 0.321058090625 0.5729927 0.2971991703125 0.57064650625 0.2935684640625 0.54770594375 0.28734439843750004 0.5414494265625 0.2925311203125 0.5377997921875 0.3070539421875 0.5179874875 0.3070539421875 0.5151199171874999 0.318983403125 0.5112095937500001 0.3236514515625 0.491918665625 0.3278008296875 0.49087591249999996 0.335062240625 0.48540145937499996 0.3355809125 0.491918665625 0.336099584375 0.494525546875 0.3475103734375 0.5044317 0.354771784375 0.51147028125 0.3667012453125 0.50234619375 0.3775933609375 0.49973931250000003 0.3734439828125 0.49113660000000003 0.37707468906249997 0.4992179359375 0.384854771875 0.5018248171875 0.3921161828125 0.508081334375 0.3817427390625 0.5164233578124999 0.38070539375 0.517205421875 0.3874481328125 0.5119916578125 0.3978215765625 0.5218978109375 0.3978215765625 0.5200729921875 0.414937759375 0.530500521875 0.4170124484375 0.5341501562500001 0.4128630703125 0.5344108453125 0.4216804984375 0.5424921796875 0.43049792499999995 0.5539624609375 0.43049792499999995 0.5529197078125 0.41908713750000004 0.5450990609375 0.4221991703125 0.5380604796874999 0.40612033125 0.5406673625 0.398858921875 0.5323253390625 0.390560165625 0.5393639203125 0.36410788437499997 0.553441084375 0.3568464734375 0.5610010421875 0.3667012453125 0.557872784375 0.3781120328125 0.5662148078125 0.390560165625 0.5766423359374999 0.420643153125 0.5761209593750001 0.42997925312499996 0.582898853125 0.431016596875 0.5935870703125 0.42427385937500006 0.5967153281249999 0.41597510312499997
0 0.2745046921875 0.52904564375 0.2789363921875 0.53578838125 0.28806047968750004 0.4979253109375 0.29327424375 0.49896265624999997 0.29040667343750004 0.5077800828125001 0.294316996875 0.5093361 0.2950990609375 0.499481328125 0.2992700734375 0.49221991718749997 0.2958811265625 0.48236514531249997 0.287539103125 0.48962655625 0.2742440046875 0.4839211625 0.27685088593749996 0.469398340625 0.287278415625 0.4528008296875 0.2956204375 0.42997925312499996 0.294316996875 0.42012448124999996 0.28336809218750003 0.42946058125000003 0.28415015625 0.4372406640625 0.28206465000000003 0.43827800781250004 0.281543275 0.4268672203125 0.2742440046875 0.4164937765625 0.2752867578125 0.3884854765625 0.2812825859375 0.3775933609375 0.2901459859375 0.3734439828125 0.29770594375 0.38537344375 0.29770594375 0.40404564374999996 0.30213764374999996 0.405601659375 0.3094369140625 0.3879668046875 0.3185610015625 0.375 0.31152241875 0.37033195 0.30709071875 0.3573651453125 0.3086548484375 0.32520746875 0.29796663125 0.3215767640625 0.294316996875 0.3163900421875 0.2901459859375 0.32053941875 0.2883211671875 0.3127593359375 0.29275286718750004 0.30912863125 0.3005735140625 0.310165975 0.3063086546875 0.304979253125 0.310479665625 0.3070539421875 0.3107403546875 0.2971991703125 0.3063086546875 0.295643153125 0.3005735140625 0.3018672203125 0.28519290937499997 0.2971991703125 0.28649635 0.284232365625 0.29796663125 0.2914937765625 0.30239833125 0.2816390046875 0.301094890625 0.27800829843749997 0.289624609375 0.2728215765625 0.2870177265625 0.2769709546875 0.2818039625 0.27489626562499997 0.278675703125 0.28112033125 0.27502606875 0.26970954375 0.2708550578125 0.2686721984375 0.27007299218749997 0.2733402484375 0.2732012515625 0.2774896265625 0.273722628125 0.28578838125 0.27007299218749997 0.296161825 0.2679874875 0.329356846875 0.2666840453125 0.3309128625 0.263816475 0.3220954359375 0.263816475 0.3086099578125 0.25938477656250003 0.3029045640625 0.25625651718750003 0.3163900421875 0.251042753125 0.3184647296875 0.2440041703125 0.30446058125 0.2440041703125 0.296161825 0.246871740625 0.2914937765625 0.26355578749999997 0.29045643125 0.264859228125 0.27230290468749996 0.2630344109375 0.2686721984375 0.2606882171875 0.2733402484375 0.262252346875 0.2826763484375 0.25990615156249997 0.2883817421875 0.257820646875 0.2883817421875 0.255474453125 0.2774896265625 0.25208550625 0.273858921875 0.24296141875 0.2868257265625 0.2424400421875 0.3023858921875 0.239833159375 0.31172199218749996 0.241918665625 0.3179460578125 0.2406152234375 0.32468879687499996 0.23566214843750002 0.321058090625 0.2382690296875 0.3127593359375 0.2359228359375 0.310165975 0.23227320156250003 0.31120331874999996 0.22758081406250003 0.32053941875 0.22393117812500002 0.3184647296875 0.221324296875 0.30912863125 0.21793535 0.3127593359375 0.22158498437500002 0.3272821578125 0.22158498437500002 0.34699170156250003 0.21845672500000002 0.351141078125 0.2208029203125 0.3672199171875 0.22627737187500002 0.3667012453125 0.22106360781249998 0.359439834375 0.22340980156249998 0.3537344390625 0.2270594375 0.3589211625 0.23227320156250003 0.3589211625 0.24270072968749998 0.3495850625 0.246611053125 0.3521784234375 0.2411366 0.36099585 0.23383733125 0.36099585 0.22992700781250003 0.36566390000000004 0.2335766421875 0.375 0.23201251250000002 0.380186721875 0.233055265625 0.390560165625 0.23096976093750002 0.409232365625 0.22679874843749998 0.41441908749999995 0.2281021890625 0.41908713750000004 0.23123044843749999 0.41804979218750005 0.23149113593749998 0.4227178421875 0.22158498437500002 0.42997925312499996 0.226016684375 0.4336099578125 0.23201251250000002 0.4320539421875 0.2335766421875 0.4413900421875 0.23201251250000002 0.453838175 0.22758081406250003 0.454356846875 0.22445255468749997 0.46265560156249996 0.22028154375 0.46265560156249996 0.219499478125 0.4486514515625 0.2166319078125 0.44087136875 0.212460896875 0.44605809062499996 0.20828988593750003 0.4429460578125 0.20255474375000002 0.4470954359375 0.2007299265625 0.44553941874999997 0.20177267968749998 0.4372406640625 0.19786235624999998 0.43464730312500005 0.1889989578125 0.44087136875 0.1832638171875 0.439834025 0.1824817515625 0.44553941874999997 0.18847758125 0.46058091250000005 0.1936913453125 0.4574688796875 0.20177267968749998 0.46524896250000003 0.2041188734375 0.494813278125 0.20750782031249998 0.49221991718749997 0.2043795625 0.48495850625000003 0.2062043796875 0.48029045625 0.2119395203125 0.47717842343749994 0.219238790625 0.48029045625 0.2200208546875 0.48495850625000003 0.2181960375 0.4875518671875 0.2085505734375 0.49221991718749997 0.2166319078125 0.495850621875 0.21976016718750002 0.5124481328125 0.22393117812500002 0.5093361 0.22679874843749998 0.51504149375 0.226016684375 0.5238589218749999 0.239833159375 0.5025933609375001 0.242179353125 0.484439834375 0.25521376406249996 0.47614107812500006 0.258081334375 0.4839211625 0.26120959374999997 0.510892115625 0.26120959374999997 0.5171161828125 0.25755995781249996 0.5233402484375 0.2651199171875 0.5300829874999999 0.267205421875 0.5394190875 0.271637121875 0.538900415625 0.2721584984375 0.5316390046875 0.2745046921875 0.52904564375
0 0.58889468125 0.5466804984375 0.5907195 0.5326763484375 0.595672575 0.5186721984375 0.61600625625 0.5300829874999999 0.6279979140624999 0.5300829874999999 0.6319082375 0.5233402484375 0.623826903125 0.51037344375 0.6087069859375001 0.5114107890625 0.5993222109375 0.49273858906249995 0.5883733062500001 0.485477178125 0.5834202296875 0.49221991718749997 0.5787278421875001 0.53578838125 0.5630865484375 0.538900415625 0.5638686125000001 0.5477178421875 0.5727320125 0.554979253125 0.5771637125 0.5544605812500001 0.5821167890625001 0.545643153125 0.58889468125 0.5466804984375
0 0.50234619375 0.5446058093749999 0.5093847765625 0.5471991703125 0.5106882171875 0.5622406640625 0.51564129375 0.5575726140625 0.51564129375 0.5471991703125 0.519551615625 0.535269709375 0.5310218984375 0.5331950203125 0.53884254375 0.5373443984375 0.5417101140625 0.5337136921875001 0.5401459859375 0.5171161828125 0.5318039625 0.500518671875 0.530500521875 0.49273858906249995 0.5028675703125 0.49273858906249995 0.49817518281249995 0.48962655625 0.49165797656250004 0.49221991718749997 0.49217935312499994 0.510892115625 0.4890510953125 0.5223029046875001 0.49113660000000003 0.540975103125 0.4880083421875 0.5471991703125 0.49113660000000003 0.5503112031249999 0.494525546875 0.5684647296875001 0.498696559375 0.56120331875 0.5005213765625001 0.570020746875 0.5026068828125 0.570020746875 0.501042753125 0.5482365140625001 0.50234619375 0.5446058093749999
0 0.4835766421875 0.40975103749999997 0.47940563125 0.4118257265625 0.4770594375 0.420643153125 0.478362878125 0.4263485484375 0.48279457812500004 0.42582987499999997 0.48540145937499996 0.4216804984375 0.4835766421875 0.40975103749999997
0 0.5179874875 0.4221991703125 0.5299791453125 0.4014522828125 0.5336287796875 0.40871369218750003 0.5349322203125 0.4050829875 0.526329509375 0.3879668046875 0.521637121875 0.395228215625 0.516944734375 0.395228215625 0.510166840625 0.3879668046875 0.508081334375 0.394190871875 0.5039103234375 0.3962655609375 0.5018248171875 0.3827800828125 0.49765380625000005 0.37863070468750004 0.4903545359375 0.37966805 0.4825338890625 0.38589211562500003 0.48123044843749996 0.3926348546875 0.48592283593749996 0.398858921875 0.48435870625 0.4071576765625 0.48852971875 0.4133817421875 0.48748696562499994 0.4216804984375 0.4947862359375 0.435165975 0.5132950984375 0.4170124484375 0.5179874875 0.4221991703125
0 0.5299791453125 0.10995850625 0.5354535968749999 0.109439834375 0.533107403125 0.1016597515625 0.5190302390625 0.094398340625 0.5151199171874999 0.0980290453125 0.514598540625 0.11773858906250001 0.5093847765625 0.13329875468750002 0.512773721875 0.1421161828125 0.5177267984375 0.1436721984375 0.526068821875 0.129149378125 0.5299791453125 0.10995850625
0 0.5234619390625 0.06587136875 0.5302398328125 0.0565352703125 0.5302398328125 0.0368257265625 0.5224191859375 0.0316390046875 0.528675703125 0.024377593750000003 0.5185088640625 0.0176348546875 0.50234619375 0.018672198437500002 0.4950469234375 0.023858921875 0.494525546875 0.0321576765625 0.5091240875 0.033195020312500004 0.5151199171874999 0.037863070312500004 0.51616266875 0.070020746875 0.5119916578125 0.0866182578125 0.5164233578124999 0.0933609953125 0.52033368125 0.0928423234375 0.5224191859375 0.08869294531250001 0.5234619390625 0.06587136875
0 0.56595411875 0.07157676406249999 0.5774244000000001 0.07157676406249999 0.5787278421875001 0.06587136875 0.578206465625 0.060684646875000005 0.569082378125 0.0425311203125 0.564911365625 0.04045643125 0.5607403546875 0.02904564375 0.5570907187499999 0.03112033125 0.5510948906250001 0.049273859375 0.546402503125 0.055497925000000004 0.542231490625 0.07624481250000001 0.5435349328125 0.0902489625 0.5573514078125 0.0928423234375 0.5610010421875 0.08869294531250001 0.56595411875 0.07157676406249999