1 0.33984375 0.58203125 0.06953125 0.090625
1 0.54375 0.534375 0.05390625 0.12265625
1 0.25 0.5703125 0.08046875 0.08203125
1 0.0578125 0.9078125 0.115625 0.15390625
1 0.1875 0.65625 0.05234375 0.0765625
1 0.478125 0.24140625 0.109375 0.09765625
1 0.55625 0.18046875 0.0484375 0.0421875
0 0 0.3524374171875 0.0210843375 0.3524374171875 0.0387801203125 0.3504611328125 0.036144578125 0.345849803125 0.036897590625 0.3313570484375 0.0485692765625 0.31752305625 0.058358434375000004 0.32806324062500003 0.07718373437500001 0.33465085625 0.0907379515625 0.3320158109375 0.1020331328125 0.3214756265625 0.10316265 0.30764163437500003 0.098268071875 0.30961791875 0.09412650624999999 0.3023715421875 0.10391566249999999 0.29710145 0.09412650624999999 0.2826086953125 0.09337349375000001 0.2747035578125 0.0975150609375 0.27140975 0.10768072343749999 0.2747035578125 0.1069277109375 0.2826086953125 0.109939759375 0.2891963109375 0.10768072343749999 0.29710145 0.1106927703125 0.30764163437500003 0.1069277109375 0.3234519109375 0.12161144531250001 0.33860342499999996 0.129894578125 0.3320158109375 0.1389307234375 0.3333333328125 0.1430722890625 0.3063241109375 0.15850903593750001 0.2977602109375 0.171310240625 0.30039525624999996 0.1735692765625 0.316205534375 0.1841114453125 0.31225296406249997 0.18524096406249999 0.3234519109375 0.18862951875 0.32674571874999997 0.26167168749999997 0.324110671875 0.2684487953125 0.30434782656250003 0.27936747031250003 0.29710145 0.276355421875 0.2852437421875 0.28237951875 0.2681159421875 0.28087349375000004 0.24835309687499998 0.287650603125 0.2404479578125 0.286521084375 0.23320158124999998 0.2951807234375 0.22595520468750002 0.2774849390625 0.22002635 0.21573795156250003 0.22266139687500003 0.13441265 0.21343873593749998 0.10730421718750001 0.21475625781250002 0.1012801203125 0.2239789203125 0.09450301250000001 0.20421607343749998 0.0914909640625 0.21475625781250002 0.0794427703125 0.21475625781250002 0.0768072296875 0.21936758906249998 0.0741716875 0.2450592890625 0.0658885546875 0.25032938125 0.0545933734375 0.247694334375 0.039533132812499996 0.2569169953125 0.035768071875 0.26745718125 0.0274849390625 0.2595520421875 0.0237198796875 0.26877470312499996 0.016189759375 0.27140975 0.0086596390625 0.2555994734375 0 0.252305665625 0 0.3524374171875
0 0 0.44466403125 0.004518071875 0.464426878125 0.004518071875 0.48682476875 0 0.4907773390625 0.00037650625 0.8353096171875001 0.0528117828125 0.7694014375 0.0657194578125 0.8089016734375001 0.1334847484375 0.7487108375 0.15714881875 0.791973 0.1765103296875 0.7844491453125 0.181099396875 0.7694334656249999 0.191641565625 0.76679841875 0.20820783125000003 0.7720685109375001 0.2360692765625 0.7720685109375001 0.2533885546875 0.794466403125 0.2676957828125 0.82608695625 0.27823795156250003 0.8313570484374999 0.2914156625 0.760869565625 0.27070783125000003 0.735177865625 0.24887048125 0.7378129125 0.19540662656250002 0.722002634375 0.19427710781250002 0.7147562578125 0.20180722968749998 0.709486165625 0.20067771093750003 0.6930171281249999 0.19691265 0.6996047437499999 0.181099396875 0.6996047437499999 0.1773343375 0.70750988125 0.16905120468749998 0.6996047437499999 0.16679216875 0.70750988125 0.1637801203125 0.70750988125 0.16152108437499998 0.6996047437499999 0.14947289218749998 0.6956521734375001 0.14646084374999999 0.683794465625 0.14156626562500002 0.6870882734375 0.141189759375 0.6956521734375001 0.13215361406249998 0.6851119890625 0.131024096875 0.701581028125 0.13478915625000001 0.7068511203125001 0.12462349375 0.7088274046875 0.110316265625 0.7048748359375 0.10655120468749998 0.683794465625 0.0862198796875 0.683794465625 0.08546686718749999 0.6943346515625 0.078689759375 0.6956521734375001 0.07379518125 0.6936758890625 0.07793674687499999 0.6851119890625 0.068524096875 0.680500659375 0.06965361406250001 0.6218708828125 0.0749246984375 0.64031620625 0.07793674687499999 0.6324110671875001 0.0975150609375 0.616600790625 0.11106927656250001 0.6152832671875 0.13591867500000002 0.6007905140625 0.1532379515625 0.599472990625 0.15587349374999998 0.5935441375 0.1528614453125 0.5909090906250001 0.15549698750000002 0.5902503296875 0.17658132499999998 0.603425559375 0.193147590625 0.6258234515625001 0.20896084374999999 0.6297760203125 0.21310240937499997 0.6488801046875 0.2115963859375 0.659420290625 0.21649096406249999 0.6693017125 0.2774849390625 0.6811594203125 0.2850150609375 0.696969696875 0.3091114453125 0.6943346515625 0.3151355421875 0.6982872203125 0.32567771093750003 0.6916996046875 0.33546686718749996 0.6982872203125 0.3403614453125 0.7081686421875 0.33810240937499997 0.7279314890624999 0.3301957828125 0.7364953890625 0.3211596390625 0.7575757578125 0.306099396875 0.7654808953125001 0.30572289218750004 0.781949934375 0.3268072296875 0.8399209484375 0.33546686718749996 0.847167325 0.3452560234375 0.870882740625 0.3663403609375 0.888010540625 0.37612951875 0.9077733859375 0.3975903609375 0.907114625 0.40512048125 0.8978919624999999 0.4085090359375 0.8774703562499999 0.42507530156250006 0.8722002640625 0.43938252968749997 0.86034255625 0.44992469843749994 0.8616600796875 0.4612198796875 0.845849803125 0.47853915625 0.8511198953125 0.475150603125 0.858366271875 0.47929216874999997 0.8669301718750001 0.483433734375 0.8610013171875 0.483810240625 0.8511198953125 0.5 0.83465085625 0.51054216875 0.7964426875 0.5018825296875 0.790513834375 0.49887048125 0.781291171875 0.49435240937499997 0.781291171875 0.48305722968750003 0.7931488796874999 0.453689759375 0.7957839265625 0.43938252968749997 0.8050065875 0.42808735000000003 0.7694334656249999 0.38064759062500003 0.7720685109375001 0.3580572296875 0.7654808953125001 0.35918674687499996 0.7490118578125 0.375 0.7121212124999999 0.3885542171875 0.6936758890625 0.3926957828125 0.679841896875 0.40436747031250003 0.6660079046875 0.40512048125 0.659420290625 0.3893072296875 0.63965744375 0.38817771093750003 0.6113306984375 0.37688252968749997 0.6113306984375 0.3723644578125 0.603425559375 0.36935240937499997 0.61396574375 0.3610692765625 0.61396574375 0.35504518125 0.6258234515625001 0.32567771093750003 0.6324110671875001 0.306099396875 0.6297760203125 0.30045180781249997 0.6172595515625 0.29932228906249997 0.6047430828125 0.2827560234375 0.61396574375 0.2789909640625 0.627140975 0.26920180781249997 0.6258234515625001 0.26317771093750003 0.6179183140625 0.2473644578125 0.6218708828125 0.24058735000000003 0.6152832671875 0.2360692765625 0.6192358359375 0.23305722968749998 0.6113306984375 0.212725903125 0.6073781296874999 0.2048192765625 0.5961791828125 0.204066265625 0.5764163375 0.1976656625 0.5586297765625 0.1758283125 0.5507246375 0.17168674687500002 0.5421607374999999 0.18034638593750002 0.5335968375 0.192394578125 0.5375494078124999 0.19578313281249998 0.531620553125 0.19578313281249998 0.5223978921875 0.2063253015625 0.5092226609375 0.20067771093750003 0.4888010546875 0.18825301249999998 0.48682476875 0.18825301249999998 0.4696969703125 0.21573795156250003 0.459815546875 0.22966867500000002 0.43412384687500005 0.23042168749999997 0.42226613906250005 0.2270331328125 0.41106719375 0.1750753015625 0.40579710156250004 0.15625 0.389986825 0.1426957828125 0.387351778125 0.1057981921875 0.39657444062499997 0.0545933734375 0.3992094859375 0.0222138546875 0.38471673281249996 0.01995481875 0.37681159375 0 0.37747035625 0 0.44466403125
0 1 0.5303030296875 0.9883283125 0.5256917 0.984186746875 0.5289855078125 0.984186746875 0.5487483531249999 0.9917168671875001 0.5988142296875 0.9977409640625 0.6106719375 0.9947289156249999 0.621212121875 1 0.663372859375 1 0.5303030296875
0 0.9984939765625 0.849143609375 0.995481928125 0.8478260875 0.995481928125 0.8280632406249999 1 0.810935440625 0.9984939765625 0.701581028125 0.9871987953125 0.6133069828125 0.9819277109375 0.601449275 0.9804216875 0.5645586296875 0.974397590625 0.5303030296875 0.9619728921874999 0.5164690375000001 0.952936746875 0.5151515156250001 0.9450301203125001 0.5223978921875 0.9412650609375 0.5395256921875 0.9375 0.601449275 0.9472891562499999 0.7806324109375 0.954066265625 0.849143609375 0.9548192765625 0.9953886687500001 1 0.998023715625 0.99962349375 0.8353096171875001 0.9984939765625 0.849143609375
0 0.8949548187499999 0 0.890813253125 0.007246376562499999 0.8953313250000001 0.0204216078125 0.9036144578125 0.09025032968749999 0.9021084343749999 0.09947299062500001 0.90512048125 0.110013175 0.9096385546875 0.20487483593750003 0.9141566265625001 0.23913043437499998 0.9134036140624999 0.2747035578125 0.92695783125 0.3761528328125 0.9299698796874999 0.447299078125 0.9382530125 0.49868247656250003 0.9510542171875 0.4828722 0.94804216875 0.47496706250000004 0.9487951812500001 0.4604743078125 0.9412650609375 0.4459815546875 0.9375 0.4209486171875 0.9375 0.40513834062500004 0.9457831328124999 0.3840579703125 0.9457831328124999 0.374835309375 0.9382530125 0.353754940625 0.9412650609375 0.315546771875 0.9454066265625001 0.306982871875 0.952936746875 0.30434782656250003 0.96912650625 0.3129117265625 0.9736445781249999 0.34980237187499996 0.96912650625 0.374835309375 0.9649849390625 0.37681159375 0.9649849390625 0.38208168593749997 0.9815512046875 0.3807641640625 0.9879518078125 0.3563899875 0.9973644578125 0.34650856406249997 1 0.336627140625 0.96762048125 0.294466403125 0.9668674703125 0.2760210796875 0.9721385546875 0.260210803125 0.9725150609375 0.24637681093750002 0.9514307234375 0.25032938125 0.9412650609375 0.2444005265625 0.9382530125 0.21146245000000002 0.932981928125 0.20750988124999997 0.9359939765625 0.19960474374999998 0.9284638546874999 0.1785243734375 0.9292168671875001 0.1666666671875 0.9344879515625 0.158761528125 0.932981928125 0.137681159375 0.9390060234375 0.12845849843749998 0.93712349375 0.12252964375 0.9254518078125 0.1179183140625 0.9239457828125 0.1047430828125 0.911897590625 0.075757575 0.9036144578125 0.007246376562499999 0.8994728921874999 0 0.8949548187499999 0
0 0.2462349390625 0.1192358359375 0.243975903125 0.10606060625 0.2398343375 0.1027667984375 0.22402108437499998 0.118577075 0.2195030125 0.10935441406249999 0.2100903609375 0.12450592812500001 0.2409638546875 0.1363636359375 0.24472891562500002 0.133728590625 0.2462349390625 0.1192358359375
0 0.3674698796875 0.1324110671875 0.368599396875 0.101449275 0.37575301250000004 0.10869565156250001 0.37575301250000004 0.137681159375 0.381024096875 0.1363636359375 0.38064759062500003 0.0856389984375 0.37688252968749997 0.09486165937499999 0.36558735000000003 0.09486165937499999 0.36182228906249997 0.083003953125 0.35203313281250004 0.083003953125 0.3475150609375 0.0777338609375 0.3414909640625 0.083003953125 0.337725903125 0.08036890625000001 0.337725903125 0.10935441406249999 0.3335843375 0.10606060625 0.3260542171875 0.074440053125 0.317394578125 0.073781290625 0.31438252968749997 0.083003953125 0.306475903125 0.09025032968749999 0.30308735000000003 0.1054018453125 0.2955572296875 0.0856389984375 0.2899096390625 0.091567853125 0.287274096875 0.1027667984375 0.27447289218750004 0.0922266140625 0.2676957828125 0.1238471671875 0.26317771093750003 0.0935441375 0.25 0.103425559375 0.25075301250000004 0.13109354374999999 0.260918675 0.13965744375 0.2835090359375 0.142292490625 0.287274096875 0.121212121875 0.337725903125 0.111989459375 0.348644578125 0.12582345156250002 0.3512801203125 0.1383399203125 0.3580572296875 0.146245059375 0.36596385468750003 0.14558629843749998 0.369728915625 0.1389986828125 0.3674698796875 0.1324110671875
0 0.41189759062500003 0.19565217343750002 0.41227409687499994 0.18050065937499998 0.41980421718749994 0.18181818125 0.420933734375 0.19433465156250002 0.42582831250000003 0.20289855 0.44013554218750006 0.20421607343749998 0.47929216874999997 0.2002635046875 0.484563253125 0.1936758890625 0.49887048125 0.1897233203125 0.5037650609375001 0.1772068515625 0.48682228906249997 0.17391304375 0.47929216874999997 0.15942029062500002 0.4664909640625 0.16337285937499998 0.463478915625 0.15942029062500002 0.43938252968749997 0.16073781250000002 0.42808735000000003 0.1554677203125 0.4130271078125 0.1778656125 0.39646084375 0.169960475 0.375 0.171936759375 0.3787650609375 0.1785243734375 0.37424698749999996 0.1916996046875 0.37537650624999996 0.2002635046875 0.3889307234375 0.20158102812499998 0.3926957828125 0.1963109359375 0.3975903609375 0.20487483593750003 0.4085090359375 0.20421607343749998 0.41189759062500003 0.19565217343750002