1 0.59140625 0.85703125 0.1984375 0.153125
1 0.62890625 0.41484375 0.10703125 0.11875
1 0.79140625 0.70859375 0.0859375 0.1171875
1 0.0921875 0.79609375 0.1546875 0.128125
1 0.6953125 0.1328125 0.07734375 0.08046875
1 0.7328125 0.31015625 0.0953125 0.084375
1 0.55234375 0.5734375 0.096875 0.15546875
1 0.540625 0.67421875 0.0640625 0.121875
1 0.5203125 0.19609375 0.0453125 0.08359375
1 0.6390625 0.1609375 0.06328125 0.0546875
0 0.392142328125 0.4924863390625 0.39955522656250003 0.42691256875 0.39733135625 0.400956284375 0.3914010375 0.377732240625 0.3951074875 0.34767759531250003 0.406968125 0.325819671875 0.41141586406249997 0.27663934375 0.421793921875 0.2684426234375 0.4206819859375 0.26229508125 0.41438102343749994 0.2602459015625 0.4236471453125 0.25683060156250004 0.4284655296875 0.2684426234375 0.42772424062500003 0.2452185796875 0.4203113421875 0.2397540984375 0.42327650156249996 0.2247267765625 0.42105263125 0.217896175 0.4188287625 0.11270491875 0.42253521093749996 0.09631147500000001 0.42401779062499995 0.034836065625 0.42957746406249997 0.02322404375 0.4355077828125 0.0341530046875 0.443661971875 0.038251365625 0.4462564859375 0.0211748640625 0.44440326093750004 0.0013661203125 0.41438102343749994 0.0020491796875 0.404002965625 0.08811475468749999 0.39547813125000003 0.09836065625 0.3876945890625 0.1181693984375 0.38917716874999997 0.19603825156250002 0.378428465625 0.2254098359375 0.3643439578125 0.22814207656250002 0.3610081546875 0.22199453593750001 0.35359525625 0.2711748640625 0.350630096875 0.2752732234375 0.3524833203125 0.2827868859375 0.3602668640625 0.290300546875 0.35507783593750003 0.31079235 0.355819125 0.325819671875 0.3573017046875 0.339480875 0.36545589375 0.34767759531250003 0.36545589375 0.366803278125 0.36174944375 0.383196721875 0.356931059375 0.386612021875 0.3443291328125 0.38797814218750004 0.333951075 0.3797814203125 0.33283914062500003 0.3845628421875 0.3358043 0.45696721250000005 0.34247590781250004 0.49112021875 0.3395107484375 0.5129781421875 0.340993328125 0.5362021859375 0.338769459375 0.540300546875 0.34173461875 0.5443989078125 0.3769458859375 0.515027321875 0.392142328125 0.4924863390625
0 0.21719792500000001 0.6413934421875 0.19570051875 0.6058743171875001 0.19347665 0.586748634375 0.19570051875 0.5703551906250001 0.208673090625 0.5423497265624999 0.235359525 0.5450819671875 0.2505559671875 0.56625683125 0.2512972578125 0.5990437156249999 0.23573017031250001 0.640027321875 0.23498888125 0.6591530046875 0.23906597500000001 0.6734972671875 0.2553743515625 0.65163934375 0.2746478875 0.6557377046874999 0.2987398078125 0.622267759375 0.299481096875 0.5853825140625 0.291326909375 0.5498633875000001 0.2950333578125 0.547131146875 0.2983691625 0.5245901640625 0.3102298 0.520491803125 0.31430689375 0.5129781421875 0.30985915468749997 0.4965847 0.311341734375 0.4856557375 0.3283914015625 0.45696721250000005 0.32616753125 0.3790983609375 0.3157894734375 0.36816939843749996 0.3135656046875 0.339480875 0.31504818437500004 0.320355190625 0.3254262421875 0.308060109375 0.309488509375 0.3032786890625 0.30244625625 0.2943989078125 0.309117865625 0.2752732234375 0.3128243140625 0.2479508203125 0.312083025 0.21516393437499998 0.303558190625 0.2254098359375 0.2861378796875 0.23292349687499997 0.286508525 0.23907103749999997 0.29095626406249997 0.23770491875 0.2950333578125 0.243852459375 0.293550778125 0.2684426234375 0.286508525 0.278688525 0.2690882140625 0.290300546875 0.263899184375 0.336748634375 0.2572275765625 0.34767759531250003 0.2546330609375 0.3647540984375 0.24351371406250003 0.3702185796875 0.2364714609375 0.3613387984375 0.23054114218750002 0.3189890703125 0.23721275 0.2984972671875 0.23498888125 0.284836065625 0.240177909375 0.261612021875 0.253891771875 0.2459016390625 0.26686434375 0.24112021874999998 0.26686434375 0.1933060109375 0.2753891765625 0.1680327875 0.2813194953125 0.1612021859375 0.30429948125 0.1680327875 0.3068939953125 0.1591530046875 0.30726464062500003 0.1297814203125 0.3139362484375 0.125683059375 0.327279465625 0.1352459015625 0.34136397343749997 0.12431694062500001 0.34988880624999996 0.10860655781249999 0.3573017046875 0.086748634375 0.3580429953125 0.0717213109375 0.356931059375 0.0655737703125 0.3454410671875 0.06625683125000001 0.34173461875 0.055327868749999995 0.34247590781250004 0.029371584375 0.3465530015625 0.012295081250000001 0.3643439578125 0.0177595625 0.3676797625 0.0102459015625 0.3661971828125 0.000683059375 0.0003706453125 0.0013661203125 0 0.44877049218750004 0.0114899921875 0.43306010937500006 0.018532246875 0.4351092890625 0.020756115624999998 0.44877049218750004 0.018902890624999998 0.45628415312500004 0.03965900625 0.45355191250000004 0.055226093750000003 0.44125683125000004 0.0593031875 0.4501366125 0.044477390625 0.4788251359375 0.0429948109375 0.4856557375 0.0470719046875 0.491803278125 0.081912528125 0.49863387968749995 0.0952557453125 0.49453551874999996 0.11230541093749999 0.502732240625 0.1560415125 0.50546448125 0.16604892499999999 0.5129781421875 0.028539659375 0.5163934421875 0.016679021875 0.5273224046875 0.0122312828125 0.5177595625 0.0003706453125 0.5177595625 0 0.6140710375 0.0092661234375 0.618852459375 0.014825796875 0.6318306015624999 0.020756115624999998 0.6878415296875 0.060415121875 0.6926229515625 0.1212008890625 0.6816939890625 0.125648628125 0.6926229515625 0.15011119374999998 0.6926229515625 0.15826538125 0.68032786875 0.17012601875 0.6871584703125 0.17753891718749998 0.6844262296875 0.1842105265625 0.6939890703125 0.213491475 0.6933060109375 0.22090437343749997 0.6823770484375 0.21719792500000001 0.6413934421875
0 0.210526315625 0.903688525 0.2049666421875 0.8934426234374999 0.095997034375 0.9112021859375 0.1000741296875 0.9446721312499999 0.0982209046875 0.9549180328125001 0.0941438109375 0.9542349734375 0.09080800624999999 0.9193989078125 0.0470719046875 0.9193989078125 0.042624165625 0.9139344265625 0.032987398437499996 0.9193989078125 0 0.9214480875 0.0003706453125 0.9986338796875 0.2097850265625 0.9993169406250001 0.21200889531249997 0.9911202187500001 0.210526315625 0.903688525
0 0.44662713125 0.9467213109375001 0.45255745000000003 0.9398907109374999 0.467383246875 0.9371584703125 0.47071905156250005 0.9310109296875 0.4710896953125 0.9193989078125 0.4381022984375 0.9187158468750001 0.43884358749999997 0.8968579234374999 0.45366938437500004 0.8886612015625 0.45255745000000003 0.8674863390625 0.45922905781249995 0.8661202187500001 0.46293550781250004 0.8770491796875 0.46701260156249996 0.8763661203125 0.46701260156249996 0.846311475 0.46997776093750004 0.8381147546875001 0.455522609375 0.8346994531249999 0.4473684203125 0.816939890625 0.443661971875 0.8155737703125 0.43106004374999995 0.8346994531249999 0.419940696875 0.8387978140625 0.41475166718749995 0.8333333328125001 0.404002965625 0.76980874375 0.392512971875 0.7595628421875 0.38732394375 0.7609289625 0.380652334375 0.7459016390625 0.37175685625 0.74453551875 0.3643439578125 0.734972678125 0.3476649375 0.6755464484375 0.3358043 0.660519125 0.3220904375 0.6270491796875 0.3128243140625 0.6646174859375 0.31060044531250003 0.7342896171875 0.3039288359375 0.7711748640625 0.2950333578125 0.7957650265625 0.279466271875 0.883196721875 0.26130467031250004 0.8907103828125 0.22646404687500002 0.892076503125 0.21756856875000002 0.89480874375 0.214232765625 0.9009562843750001 0.21645663437499998 0.988387978125 0.21979243906249998 1 0.2809488515625 0.9993169406250001 0.4355077828125 0.99453551875 0.44662713125 0.9467213109375001
0 0.7590808 0.9678961749999999 0.7720533734374999 0.9221311468750001 0.779466271875 0.9303278687500001 0.7891030390625 0.927595628125 0.7924388437500001 0.9323770484375 0.7902149734374999 0.9405737703125 0.7939214234375 0.9665300546875001 0.7931801328125 0.9911202187500001 0.797257228125 0.9972677593749999 0.82616753125 0.9986338796875 0.8395107484375 0.991803278125 0.8450704218749999 0.9542349734375 0.8591549296875 0.9405737703125 0.8591549296875 0.9241803281250001 0.8472942921875 0.89822404375 0.8495181609375001 0.8763661203125 0.8684210531250001 0.8360655734375 0.8762045953125 0.8312841531249999 0.8762045953125 0.81079235 0.892512971875 0.790300546875 0.8947368421874999 0.767076503125 0.8917716828125 0.7520491796875 0.8810229796875 0.74453551875 0.8632320234374999 0.7486338796875 0.85989621875 0.7452185796874999 0.858784284375 0.734972678125 0.8476649374999999 0.7363387984374999 0.8458117125 0.7452185796874999 0.8395107484375 0.7459016390625 0.8313565609375001 0.7663934421875 0.81801334375 0.7609289625 0.7846553 0.765027321875 0.7746478875 0.7807377046874999 0.7761304671875 0.7889344265625 0.7739065968750001 0.7957650265625 0.7690882140624999 0.7991803281250001 0.749814678125 0.7486338796875 0.7335063015625 0.7896174859375 0.7286879171875 0.784836065625 0.7253521125 0.770491803125 0.72312824375 0.7745901640625 0.7179392140624999 0.7718579234375 0.7190511484375001 0.7957650265625 0.726464046875 0.8094262296875 0.7227575984375 0.8326502734375 0.7279466265625001 0.8490437156249999 0.7257227578125 0.890027321875 0.7338769453125 0.9105191250000001 0.7338769453125 0.9173497265625 0.7305411421875 0.9193989078125 0.7131208296875 0.9105191250000001 0.7190511484375001 0.890027321875 0.7131208296875 0.875 0.71756856875 0.8613387984375 0.7131208296875 0.8558743171875 0.7101556703125 0.8394808749999999 0.7138621203125 0.8312841531249999 0.7108969609375 0.7834699453125 0.7060785765625 0.77322404375 0.702372128125 0.7745901640625 0.702742771875 0.7657103828125 0.7001482578125 0.765027321875 0.6949592296875 0.7745901640625 0.68198665625 0.7807377046874999 0.68569310625 0.8094262296875 0.68569310625 0.8558743171875 0.68198665625 0.875 0.68198665625 0.9118852453124999 0.6793921421875 0.9153005468750001 0.6475166796875 0.9153005468750001 0.6393624906250001 0.9289617484375 0.627501853125 0.9166666671874999 0.6089696078125 0.9234972671874999 0.5926612312499999 0.9180327875 0.5763528546875001 0.9262295078125 0.56523350625 0.9207650265625 0.4977761296875 0.9221311468750001 0.4829503328125 0.9180327875 0.481097109375 0.9337431687500001 0.48702742812500005 0.9405737703125 0.48628613749999994 0.9501366125 0.47220163125000003 0.9911202187500001 0.47627872499999996 0.9986338796875 0.6367679765625 0.9993169406250001 0.737954040625 0.9986338796875 0.7590808 0.9678961749999999
0 0.998146775 0.44945355156250005 0.918087471875 0.45901639375 0.8750926609375 0.45355191250000004 0.8654558937499999 0.4549180328125 0.8610081546874999 0.46311475468749996 0.78836175 0.46857923437500004 0.779466271875 0.474043715625 0.75871015625 0.4699453546875 0.7260934031249999 0.4699453546875 0.7186805046875 0.47677595625 0.6882876203125 0.474043715625 0.6849518156250001 0.48702185781249996 0.6864343953125001 0.500683059375 0.690882134375 0.50887978125 0.691623425 0.523907103125 0.6871756859375 0.547131146875 0.6779095625 0.55874316875 0.661230540625 0.5539617484375 0.6604892515625 0.5717213109375 0.6664195703125 0.58401639375 0.6708673093749999 0.63046448125 0.6667902156250001 0.657103825 0.653076353125 0.6591530046875 0.6586360265625 0.69125683125 0.6853224609375 0.69125683125 0.6812453671875 0.6714480875 0.6849518156250001 0.66598360625 0.6842105265625 0.640027321875 0.6893995546875 0.6140710375 0.698665678125 0.595628415625 0.7238695328125 0.5874316937499999 0.7290585625 0.590163934375 0.7375833953125001 0.61270491875 0.7472201625 0.6577868859375 0.7475908078125 0.6898907109375 0.760934025 0.6885245906249999 0.7590808 0.6782786890625 0.7624166046874999 0.6693989078125 0.8076352859375 0.665300546875 0.8050407703125 0.64822404375 0.789473684375 0.6290983609375 0.7920681984375 0.6202185796874999 0.8046701265625 0.618852459375 0.8143068937500001 0.6270491796875 0.8239436625 0.6270491796875 0.833209784375 0.63729508125 0.8339510750000001 0.6441256828124999 0.825055596875 0.6577868859375 0.8235730171875 0.6796448093749999 0.8309859156250001 0.6960382515625 0.8424759078124999 0.7459016390625 0.8513713859375001 0.7459016390625 0.8550778359375 0.7336065578125 0.8691623421875001 0.7308743171875001 0.8606375093749999 0.720628415625 0.8606375093749999 0.709699453125 0.8654558937499999 0.7035519125 0.8750926609375 0.7021857921875 0.8780578203125 0.69125683125 0.8832468499999999 0.6926229515625 0.888435878125 0.6844262296875 0.9610822828125001 0.68032786875 0.9696071156249999 0.697404371875 0.976278725 0.7452185796874999 0.9848035578125 0.734972678125 0.9851742031249999 0.7452185796874999 0.9933283906250001 0.7520491796875 0.9866567828124999 0.7575136609374999 0.9859154921875 0.773907103125 0.997034840625 0.779371584375 1 0.77663934375 0.998146775 0.44945355156250005
0 0.9985174203125 0.797131146875 0.9996293546875 0.75 0.98035581875 0.752732240625 0.971460340625 0.7363387984374999 0.9647887328125 0.7404371578125 0.9610822828125001 0.7308743171875001 0.9529280953124999 0.7281420765625 0.9047442546875001 0.7336065578125 0.8865826531250001 0.72336065625 0.8865826531250001 0.738387978125 0.894366196875 0.7759562843750001 0.9077094140625 0.778688525 0.9136397328125 0.7868852453125 0.9217939218750001 0.7800546453125 0.9262416609375 0.7841530046875 0.9558932546875001 0.7827868859375 0.973313565625 0.7998633875000001 0.977390659375 0.793715846875 0.9985174203125 0.797131146875
0 0.48591549218749996 0.7896174859375 0.49629355 0.7896174859375 0.49221645625 0.7807377046874999 0.498888065625 0.773907103125 0.501111934375 0.7547814203125001 0.50963676875 0.7568306015624999 0.5114899921875 0.7520491796875 0.510748703125 0.7219945359375 0.50778354375 0.7165300546875 0.504818384375 0.6072404375 0.5100074125 0.5129781421875 0.50593031875 0.4931693984375 0.5022238703124999 0.49453551874999996 0.4985174203125 0.5068306015624999 0.4829503328125 0.50546448125 0.46886582656250003 0.52322404375 0.439955521875 0.52322404375 0.43180133437499996 0.531420765625 0.42957746406249997 0.5259562843750001 0.42475908125000006 0.5280054640625 0.42698295 0.534836065625 0.42475908125000006 0.5430327875 0.43180133437499996 0.5491803281250001 0.4373610078125 0.5430327875 0.4392142328125 0.531420765625 0.4462564859375 0.5430327875 0.44180874687499994 0.5717213109375 0.45107487031250004 0.590163934375 0.4562638984375 0.5915300546875 0.459599703125 0.604508196875 0.45478131875 0.631147540625 0.439955521875 0.6325136609374999 0.44032616718749995 0.6441256828124999 0.4355077828125 0.642076503125 0.433654559375 0.6509562843750001 0.45366938437500004 0.6905737703125 0.45663454375 0.7137978140625 0.4551519640625 0.72336065625 0.46034099375000004 0.7452185796874999 0.459599703125 0.75887978125 0.46293550781250004 0.7636612015625001 0.4640474421875 0.7520491796875 0.46664195625 0.7486338796875 0.46849518124999995 0.7534153 0.46849518124999995 0.772540984375 0.45885841406249994 0.779371584375 0.4581171234375 0.7957650265625 0.46071163750000005 0.8032786890624999 0.47146034062500003 0.8053278687500001 0.47850259375000004 0.8032786890624999 0.48591549218749996 0.7896174859375
0 0.575982209375 0.46243169375 0.5767234984375 0.413251365625 0.6082283171875 0.407103825 0.6130467015625001 0.377732240625 0.619347665625 0.368852459375 0.6460341 0.3538251359375 0.66011860625 0.35519125625000003 0.6653076359375001 0.3469945359375 0.67012601875 0.34767759531250003 0.6734618234374999 0.3647540984375 0.6897702 0.363387978125 0.6893995546875 0.339480875 0.68198665625 0.3039617484375 0.674944403125 0.2978142078125 0.67197924375 0.28688524531250004 0.660859896875 0.278688525 0.609710896875 0.285519125 0.5496664203125 0.285519125 0.54151223125 0.28142076562499996 0.5318754640625001 0.2896174859375 0.5155670875 0.2923497265625 0.49036323125000003 0.285519125 0.4866567828125 0.2923497265625 0.47553743437499996 0.2950819671875 0.42105263125 0.29713114687500003 0.41586360312500004 0.320355190625 0.419940696875 0.31967213125 0.42253521093749996 0.325819671875 0.42105263125 0.34767759531250003 0.4236471453125 0.363387978125 0.4355077828125 0.351092896875 0.4421793921875 0.3565573765625 0.45107487031250004 0.35519125625000003 0.45848776874999997 0.3674863390625 0.5037064499999999 0.3674863390625 0.526686434375 0.375683059375 0.5352112671875 0.3845628421875 0.5289103046875 0.38797814218750004 0.49629355 0.3770491796875 0.4918458109375 0.3702185796875 0.465530021875 0.3763661203125 0.46775389218749996 0.3941256828125 0.48220904375 0.4166666671875 0.48554484843749995 0.4146174859375 0.48628613749999994 0.395491803125 0.49036323125000003 0.3961748640625 0.49221645625 0.40915300468750004 0.48406226874999997 0.42691256875 0.491104521875 0.4316939890625 0.499258709375 0.41803278749999995 0.5014825796875 0.43715847031250005 0.5051890296875 0.407103825 0.5140845078125 0.415300546875 0.52149740625 0.407103825 0.526686434375 0.4166666671875 0.5311341734374999 0.39480874374999997 0.5459599703125 0.38797814218750004 0.550407709375 0.398907103125 0.542253521875 0.398907103125 0.5300222390625 0.41188524531250004 0.534469978125 0.424180328125 0.534469978125 0.4433060109375 0.54151223125 0.46311475468749996 0.546330615625 0.45696721250000005 0.5448480359375 0.44877049218750004 0.54744255 0.4439890703125 0.5615270578125 0.4439890703125 0.56338028125 0.467896175 0.5670867312500001 0.47062841562499996 0.5726464046874999 0.4699453546875 0.575982209375 0.46243169375
0 0.5644922171875 0.497267759375 0.6052631578125001 0.497267759375 0.607857671875 0.48975409843750006 0.60452186875 0.47814207656249996 0.5993328390625 0.48633879843749994 0.583765753125 0.474043715625 0.5741289843749999 0.44808743125 0.56523350625 0.4439890703125 0.560044478125 0.45355191250000004 0.5526315796875 0.45628415312500004 0.554484803125 0.44877049218750004 0.5496664203125 0.43715847031250005 0.5340993328125 0.43715847031250005 0.5222386953125 0.44125683125000004 0.5222386953125 0.45765027343750003 0.512972571875 0.4583333328125 0.5122312828125 0.5020491796875 0.51593773125 0.5034153 0.5593031875000001 0.4931693984375 0.5644922171875 0.497267759375
0 0.45255745000000003 0 0.45107487031250004 0.02322404375 0.448851 0 0.42401779062499995 0.0020491796875 0.42327650156249996 0.017076503125 0.4273535953125 0.02322404375 0.4492216453125 0.028005464062500002 0.4492216453125 0.052595628125 0.4462564859375 0.0594262296875 0.451816159375 0.0819672125 0.45997034843750007 0.061475409375 0.4718309859375 0.0560109296875 0.48332097812499997 0.060792349999999995 0.49036323125000003 0.0915300546875 0.49629355 0.043715846875 0.508895478125 0.028688525 0.5296515937499999 0.027322404687500003 0.5340993328125 0.0450819671875 0.545589325 0.0512295078125 0.5322461078125 0.062158470312500005 0.5329873984375 0.0908469953125 0.542253521875 0.092896175 0.5496664203125 0.08743169375 0.5585618984375 0.092896175 0.5618977015625 0.086748634375 0.5611564125 0.07308743125 0.5648628609374999 0.06625683125000001 0.5626389921875 0.058060109375 0.56523350625 0.053278689062499995 0.5693106 0.052595628125 0.5704225359375 0.0655737703125 0.5926612312499999 0.0655737703125 0.5934025203125 0.043715846875 0.609710896875 0.04098360625 0.6141586359375 0.028688525 0.6237954046875 0.0245901640625 0.6260192734375 0.028688525 0.64010378125 0.028688525 0.643068940625 0.036885245312499995 0.65826538125 0.0430327875 0.6553002218749999 0.063524590625 0.6567828015625 0.0799180328125 0.6445515203125 0.08333333281250001 0.6404744250000001 0.10177595625 0.643439584375 0.122267759375 0.6475166796875 0.1284153 0.6564121578125001 0.1270491796875 0.66197183125 0.1181693984375 0.6578947375 0.11065573749999999 0.65196441875 0.11065573749999999 0.6508524828125 0.10177595625 0.6593773171875 0.101092896875 0.6630837656249999 0.09562841562499999 0.6764269828125 0.0969945359375 0.702372128125 0.08879781406250001 0.7216456640625 0.09836065625 0.749814678125 0.0969945359375 0.7572275765625001 0.102459015625 0.7590808 0.11270491875 0.7664936984375 0.125 0.764640475 0.14754098437500002 0.7453669390625 0.1434426234375 0.7297998515625 0.14754098437500002 0.7260934031249999 0.15573770468749998 0.7186805046875 0.157103825 0.713491475 0.172131146875 0.702372128125 0.1734972671875 0.696441809375 0.183060109375 0.690511490625 0.183060109375 0.6871756859375 0.18920765 0.68754633125 0.1967213109375 0.674944403125 0.1967213109375 0.6775389171875 0.18920765 0.67197924375 0.183060109375 0.631208303125 0.1816939890625 0.627501853125 0.183060109375 0.625648628125 0.191939890625 0.6297257234375 0.19808743125 0.657153446875 0.19808743125 0.674944403125 0.2131147546875 0.698665678125 0.20491803281249998 0.7075611562499999 0.19398907031249998 0.7179392140624999 0.1967213109375 0.7197924390625 0.2192622953125 0.7227575984375 0.2247267765625 0.7190511484375001 0.2315573765625 0.7190511484375001 0.24112021874999998 0.712379540625 0.24658470000000002 0.7179392140624999 0.2540983609375 0.7246108234374999 0.2459016390625 0.7335063015625 0.2459016390625 0.7364714609375 0.2540983609375 0.7427724234374999 0.2479508203125 0.7442550031249999 0.23292349687499997 0.742031134375 0.22199453593750001 0.74684951875 0.1967213109375 0.7516679015625 0.22062841562500002 0.7590808 0.22336065624999998 0.749814678125 0.22677595625000002 0.7472201625 0.23292349687499997 0.7472201625 0.2752732234375 0.7520385468749999 0.2827868859375 0.7765011125 0.2827868859375 0.7820607859375001 0.2889344265625 0.782802075 0.2957650265625 0.7802075609375 0.316939890625 0.76871756875 0.3189890703125 0.7694588578125 0.3558743171875 0.7605633796875 0.36270491875 0.7635285390625 0.3763661203125 0.7613046703124999 0.383196721875 0.76501111875 0.38729508125 0.7613046703124999 0.39822404375 0.76501111875 0.410519125 0.7605633796875 0.4200819671875 0.7661230546875 0.43579235 0.7779836921875 0.4398907109375 0.782802075 0.45696721250000005 0.789473684375 0.46106557343750004 0.855819125 0.4549180328125 0.8750926609375 0.4439890703125 0.87731653125 0.43579235 0.8951074875 0.4398907109375 0.9017790953124999 0.4467213109375 0.918087471875 0.4426229515625 0.9595997031250001 0.4467213109375 0.969236471875 0.4439890703125 0.9707190515624999 0.4316939890625 0.987027428125 0.43032786874999995 0.9922164562500001 0.4344262296875 0.9966641953125001 0.42622950781249996 1 0.43374316874999996 0.9996293546875 0.05191256875 0.9848035578125 0.072404371875 0.9588584140625 0.06967213125 0.951816159375 0.0512295078125 0.9492216453125 0.027322404687500003 0.9203113421875001 0.0040983609375 0.9032616750000001 0 0.7661230546875 0 0.7731653078125 0.0430327875 0.7702001484375 0.056693989062500005 0.7661230546875 0.0601092890625 0.7453669390625 0.049180328125 0.7335063015625 0.0177595625 0.7234988875 0.0102459015625 0.722386953125 0 0.45255745000000003 0
0 0.46664195625 0.2513661203125 0.47034840625 0.23907103749999997 0.4866567828125 0.23770491875 0.498888065625 0.209699453125 0.4974054859375 0.156420765625 0.4948109703125 0.14754098437500002 0.48776871718750003 0.145491803125 0.4944403265625 0.13729508125 0.49036323125000003 0.1284153 0.47924388437500004 0.131147540625 0.4718309859375 0.14754098437500002 0.465530021875 0.14685792343749998 0.4625648625 0.2370218578125 0.4618235734375 0.1523224046875 0.45737583437499996 0.13729508125 0.459599703125 0.11680327812499999 0.46849518124999995 0.10724043750000001 0.455522609375 0.09836065625 0.4373610078125 0.10724043750000001 0.43884358749999997 0.1523224046875 0.43291326874999997 0.1728142078125 0.4373610078125 0.256147540625 0.439955521875 0.26092896250000003 0.451445515625 0.261612021875 0.46293550781250004 0.25 0.46664195625 0.2513661203125
0 0.5589325421875 0.767076503125 0.56893995625 0.7540983609375 0.5700518906250001 0.76980874375 0.5763528546875001 0.7800546453125 0.59080800625 0.77663934375 0.5922905859375 0.743852459375 0.5893254265625 0.7165300546875 0.5845070421874999 0.7021857921875 0.5763528546875001 0.7008196718749999 0.5737583390625 0.709699453125 0.5767234984375 0.7165300546875 0.56893995625 0.7158469953125 0.5667160859375 0.7254098359375 0.5192735359375 0.7281420765625 0.5122312828125 0.732923496875 0.5140845078125 0.7636612015625001 0.5296515937499999 0.7800546453125 0.54151223125 0.7663934421875 0.5411415859375001 0.7807377046874999 0.5500370640625001 0.7834699453125 0.5570793187499999 0.781420765625 0.5589325421875 0.767076503125