1 0.04609375 0.28203125 0.071875 0.11015625
1 0.06875 0.16796875 0.0578125 0.06953125
1 0.7625 0.20390625 0.109375 0.2421875
1 0.96328125 0.1953125 0.0734375 0.2140625
1 0.9203125 0.17890625 0.0546875 0.103125
1 0.06484375 0.63671875 0.12890625 0.32265625
1 0.046875 0.4421875 0.06640625 0.0859375
1 0.103125 0.03671875 0.06640625 0.07265625
1 0.69609375 0.02265625 0.09921875 0.0453125
1 0.03125 0.91171875 0.0625 0.1515625
1 0.29296875 0.02578125 0.171875 0.0515625
0 1 0.41069574218750005 0.9955613578125 0.411214953125 0.9804177546874999 0.40083073750000003 0.97310705 0.41536863906250004 0.9548302874999999 0.41536863906250004 0.9490861625000001 0.4299065421875 0.9454308093750001 0.4278296984375 0.94177545625 0.43198338593749996 0.9250652734375 0.4164070609375 0.91775456875 0.4205607484375 0.9169712796875 0.42834890937500003 0.9125326375 0.436137071875 0.85770235 0.4309449640625 0.8550913843749999 0.4278296984375 0.8462140984375001 0.44029075781250004 0.8368146218750001 0.43925233593749996 0.8279373375000001 0.43198338593749996 0.818015665625 0.44132917968749996 0.8070496078125 0.43509865000000003 0.79660574375 0.4465212875 0.7950391640625 0.43717549375000003 0.7840731078125 0.44029075781250004 0.76971279375 0.4221183796875 0.7691906000000001 0.4138110078125 0.7720626625 0.40809968906250005 0.7887728453125 0.42263759062500006 0.7971279375 0.4164070609375 0.8010443859375 0.40654205625 0.8013054828125 0.397715471875 0.7913838125 0.390446521875 0.781462140625 0.37383177500000003 0.7767624015625 0.376947040625 0.7725848562500001 0.37383177500000003 0.7647519578125 0.379023884375 0.7438642296875 0.37590861875 0.7046997390625 0.3779854625 0.6785900781249999 0.3572170296875 0.6710182765625 0.344236759375 0.6704960828125001 0.3359293875 0.6587467359375 0.3167185875 0.6569190593750001 0.32035306406249997 0.657963446875 0.3296988578125 0.6561357703125 0.3374870203125 0.6467362921875 0.3374870203125 0.6433420359375 0.3431983390625 0.65143603125 0.3717549328125 0.6556135765625 0.37590861875 0.6618798953125 0.3707165109375 0.6754569187499999 0.3707165109375 0.68511749375 0.38265835937500003 0.6845953 0.4003115265625 0.694255875 0.41017653125000003 0.70626631875 0.3966770515625 0.721932115625 0.39875389375000003 0.7284595296874999 0.42834890937500003 0.7279373375 0.438733125 0.7248041781250001 0.44704049843749993 0.733420365625 0.4537902390625 0.7352480421875 0.4605399796875 0.7255874671875 0.4631360328125 0.7232375984375 0.4605399796875 0.7224543078125001 0.4527518171875 0.715665796875 0.4548286609375 0.703655353125 0.447559709375 0.69765013125 0.43665628281249996 0.69373368125 0.42159916875 0.68798955625 0.41744548281249994 0.672323759375 0.42159916875 0.6597911234375 0.4195223265625 0.651174934375 0.39823468281249996 0.652219321875 0.3899273109375 0.6441253265625 0.3831775703125 0.6422976499999999 0.3743509859375 0.6318537859375 0.3587746625 0.6308094 0.3411214953125 0.6227154046875001 0.33644859843749997 0.615665796875 0.32035306406249997 0.617493471875 0.304257528125 0.6112271546875 0.30529595 0.5958224546875 0.2964693671875 0.5958224546875 0.2715472484375 0.5895561359375 0.2476635515625 0.5900783296875 0.2341640703125 0.5874673625 0.21858774687500002 0.5845952999999999 0.21391485000000002 0.5720626625 0.20872274218750003 0.5650130546875001 0.19470405 0.5587467359375 0.1656282453125 0.545430809375 0.14018691562500002 0.54281984375 0.1464174453125 0.5370757187499999 0.1484942890625 0.5240208875000001 0.1412253375 0.5227154046875 0.12409138125000001 0.5258485640624999 0.102284528125 0.524804178125 0.09501557656250001 0.5099216703125 0.083073728125 0.5067885125 0.07684319843750001 0.5020887734375 0.07684319843750001 0.4979112265625 0.06334371718750001 0.491122715625 0.058151609375 0.4530026109375 0.06542056093750001 0.42793733749999996 0.061266875 0.41227154062500004 0.06542056093750001 0.3297650125 0.06542056093750001 0.3229765015625 0.0726895125 0.3052219328125 0.068535825 0.2947780671875 0.07684319843750001 0.2676240203125 0.080996884375 0.2587467359375 0.0778816203125 0.248302871875 0.094496365625 0.23681462187500002 0.1028037390625 0.2159268921875 0.09968847343750001 0.2013054828125 0.1121495328125 0.1684073109375 0.10488058125 0.1621409921875 0.1183800625 0.1375979109375 0.1246105921875 0.14203655312500002 0.1645898234375 0.1472584859375 0.1884735203125 0.1498694515625 0.24558670781249997 0.148825065625 0.2570093453125 0.13890339375 0.28608515 0.1373368140625 0.3058151609375 0.14203655312500002 0.3276220140625 0.1498694515625 0.344236759375 0.15456919062500002 0.3753894078125 0.1530026109375 0.407580478125 0.15665796406250002 0.42938733124999995 0.154046996875 0.441848390625 0.154046996875 0.4574247140625 0.1587467359375 0.4927310484375 0.172323759375 0.5311526484375 0.18120104374999998 0.568535825 0.18067885156250002 0.5851505718750001 0.1775456921875 0.592419521875 0.18067885156250002 0.6765316718750001 0.178067884375 0.691069575 0.188250653125 0.7009345796875001 0.200261096875 0.6863966765625 0.20626631875 0.6941848390625001 0.209399478125 0.7076843203125 0.20678851250000002 0.726375909375 0.2104438640625 0.7409138109375 0.21201044375000003 0.7647975078125 0.20443864218750002 0.775700934375 0.1892950390625 0.7850467296875 0.1798955609375 0.7840083078125 0.169451696875 0.775700934375 0.1553524796875 0.7788162 0.1496083546875 0.7746625125 0.144908615625 0.7829698859375 0.1375979109375 0.7715472484375 0.1289817234375 0.79595015625 0.1297650125 0.812045690625 0.08590078281249999 0.8130841125 0 0.8073727937499999 0.0013054828125 0.8348909656249999 0.0342036546875 0.83800623125 0.055091384374999997 0.848390446875 0.056919059375000004 0.8582554515625 0.0537859015625 0.874870196875 0.066579634375 0.8816199375 0.078067884375 0.8764278296875 0.0817232375 0.8805815156250001 0.1261096609375 0.8764278296875 0.132898171875 0.8650051921875 0.145430809375 0.859813084375 0.1621409921875 0.857736240625 0.17310704999999998 0.8608515062500001 0.1759791125 0.8582554515625 0.1796344640625 0.8426791281250001 0.18511749375 0.8317757015625 0.1924281984375 0.8276220140625 0.200261096875 0.8286604359374999 0.2039164484375 0.8182762203125 0.21227154062500003 0.812045690625 0.23159268906250002 0.8182762203125 0.23994778125 0.8411214953125 0.25926892968750004 0.8411214953125 0.26292428125 0.847352025 0.266057440625 0.832814121875 0.2738903390625 0.8265835921875 0.29060052187499996 0.8348909656249999 0.299738903125 0.8707165109374999 0.3052219328125 0.8753894078125001 0.3140992171875 0.8701973000000001 0.317493471875 0.8499480796875 0.3261096609375 0.83385254375 0.333420365625 0.8307372796875001 0.339686684375 0.8348909656249999 0.345953003125 0.848390446875 0.3548302875 0.8587746624999999 0.36892950468749997 0.8587746624999999 0.37310705 0.8639667703124999 0.38459530000000003 0.8587746624999999 0.39608355156249997 0.8733125656249999 0.4018276765625 0.8743509859374999 0.4046997390625 0.8821391484375001 0.4046997390625 0.9049844234375 0.41488250625 0.9262720671875 0.42323759843750003 0.9325025953124999 0.42741514374999995 0.9418483906249999 0.4315926890625 0.9449636546875 0.4394255875 0.9428868125 0.448041775 0.9890965734374999 0.454046996875 0.9958463140625 0.8240208875 0.9963655250000001 0.8287206265625 0.9911734171875001 0.8292428203125001 0.9319833859375001 0.8308094 0.9174454828125 0.8352480421875 0.907580478125 0.8477806781250001 0.9096573203125 0.860835509375 0.9023883703125 0.8686684078125 0.903426790625 0.878590078125 0.8909657328125 0.8874673625 0.896157840625 0.8979112265625 0.87227414375 0.9250652734375 0.8608515062500001 0.9511749343749999 0.8660436140625001 0.9631853781249999 0.8899273109375001 0.9684073109375 0.89511941875 0.9723237593749999 0.9080996890625 0.973368146875 0.9278296984375001 0.969451696875 0.9325025953124999 0.9587467359374999 0.9350986499999999 0.9561357703125 0.9610591906250001 0.9446475203125001 0.9849428874999999 0.9449086156250001 0.9937694703125001 0.9616187984375 0.9958463140625 0.9678851171874999 0.9750778812500001 0.98511749375 0.966770509375 0.9882506531249999 0.9678089296874999 0.9916449093749999 0.9755970921875001 0.990600521875 0.9911734171875001 0.9924281984375 0.9948078921875 1 0.9942886812499999 1 0.41069574218750005
0 0.9420365531250001 0.9807892 0.9535248046874999 0.9631360328125 0.9566579640624999 0.9506749734375 0.9577023499999999 0.9309449640624999 0.9704960828125 0.9293873312500001 0.972845953125 0.9257528562499999 0.96971279375 0.899792315625 0.9610966062499999 0.8909657328125 0.9561357703125 0.874870196875 0.9496083546874999 0.8650051921875 0.9203655359375 0.8618899265625 0.915143603125 0.8650051921875 0.9109660578125001 0.8733125656249999 0.9010443859375 0.8691588781249999 0.8960835515625 0.8759086187499999 0.8895561359374999 0.8982346828125 0.8775456921875 0.893042575 0.8676240203125 0.90654205625 0.8587467359375 0.903426790625 0.8472584859375001 0.9127725859375 0.836292428125 0.907580478125 0.8313315921875001 0.9174454828125 0.8315926890625001 0.9335410171875 0.8467362921875001 0.9293873312500001 0.93028720625 0.930425753125 0.936292428125 0.9392523359375 0.9378590078125001 0.9517133953125001 0.9373368140625 0.958982346875 0.9310704953125001 0.9704049843749999 0.9284595296875 0.9859813078125 0.9323759796875001 0.9968847359374999 0.9383812015625 0.9994807890624999 0.9415143609375001 0.9984423671875 0.9420365531250001 0.9807892