1 0.5640625 0.9296875 0.215625 0.140625
1 0.70703125 0.915625 0.165625 0.0921875
1 0.8921875 0.61796875 0.215625 0.21171875
1 0.2796875 0.78828125 0.40078125 0.22109375
1 0.28828125 0.60859375 0.28125 0.175
1 0.63515625 0.41796875 0.140625 0.08046875
1 0.5828125 0.35078125 0.22578125 0.0875
1 0.88671875 0.40234375 0.2265625 0.10546875
1 0.1421875 0.47265625 0.12421875 0.0890625
1 0.18984375 0.38515625 0.15625 0.0828125
1 0.065625 0.28671875 0.13125 0.0609375
1 0.02109375 0.2203125 0.0421875 0.075
1 0.44453125 0.28203125 0.1265625 0.059375
1 0.63046875 0.27265625 0.1140625 0.06796875
1 0.3375 0.2078125 0.04609375 0.04609375
1 0.4171875 0.203125 0.1078125 0.0234375
1 0.45703125 0.075 0.08046875 0.0484375
1 0.5375 0.0734375 0.06171875 0.03125
0 0.9865241640625 0.9125151890625001 0.9897769515625001 0.9179829890625 0.984665428125 0.9173754562499999 0.9851301109374999 0.925273390625 0.9809479546875 0.9295261234375 0.9721189593749999 0.92284325625 0.9721189593749999 0.9289185906249999 0.9809479546875 0.9392466578124999 0.9447026015625 0.9404617249999999 0.936338290625 0.9477521265625001 0.9293680296875 0.9386391250000001 0.9340148703125 0.913122721875 0.9265799250000001 0.8924665859375001 0.9312267656250001 0.88760631875 0.9312267656250001 0.87910085 0.9419144984375001 0.86998785 0.9623605953125001 0.86998785 0.9665427515625 0.86330498125 0.9721189593749999 0.821992709375 0.9656133828125 0.8074119078124999 0.9637546468749999 0.7794653703125001 0.9419144984375001 0.7545565 0.9298327140625 0.7594167671875 0.89916356875 0.760631834375 0.8815055765625001 0.7545565 0.8526951671875 0.7241798296875 0.846189590625 0.7241798296875 0.8447955390624999 0.7174969625000001 0.8322490703125001 0.709599028125 0.827137546875 0.699270959375 0.8303903343749999 0.693803159375 0.858271375 0.6962332921875001 0.85920074375 0.690157959375 0.8396840156250001 0.687727825 0.831319703125 0.6925880921875 0.8080855015624999 0.6865127578125 0.78252788125 0.6628189546875001 0.7815985125 0.651883353125 0.797862453125 0.6476306203125 0.802044609375 0.636087484375 0.79739776875 0.6215066828125 0.79925650625 0.5862697453125 0.7802044609375 0.5698663421875 0.7769516734375 0.5607533421875 0.7741635687499999 0.5388821390625 0.777881040625 0.5243013359375001 0.7760223046875 0.5085054671875 0.7848513015624999 0.492102065625 0.811338290625 0.4769137296875 0.7797397765625 0.45868772812499997 0.7713754640625 0.4392466578125 0.774628253125 0.4301336578125 0.78252788125 0.42588092343749995 0.7606877328125 0.39611178593749996 0.74581784375 0.3888213859375 0.733736059375 0.3985419203125 0.7067843859375 0.4046172546875 0.705390334375 0.4295261234375 0.713754646875 0.44653705937500004 0.70585501875 0.45078979375 0.702137546875 0.45929526093749995 0.6547397765625 0.45929526093749995 0.6445167281249999 0.46537059531249997 0.608271375 0.4617253953125 0.5999070625 0.47387606250000003 0.589684015625 0.45929526093749995 0.5669144984375001 0.44167679218749994 0.56087360625 0.416767921875 0.523698884375 0.41433778906249996 0.516728625 0.41737545625 0.5144052046875001 0.42891859062500004 0.491171003125 0.42891859062500004 0.48605947968749996 0.42588092343749995 0.4851301109375 0.4100850546875 0.49256505625 0.4052247875 0.48187732343749995 0.38760631874999996 0.46328996250000004 0.381530984375 0.451208178125 0.39611178593749996 0.4400557625 0.3924665859375 0.41217472187500004 0.37059538281250004 0.403810409375 0.346294046875 0.3763940515625 0.3383961125 0.37546468437499997 0.2970838390625 0.3573420078125 0.2721749703125 0.33410780625 0.26852976875 0.32992564999999996 0.2618469015625 0.3317843859375 0.2521263671875 0.3248141265625 0.2454435 0.29414498125 0.2442284328125 0.28438661718749997 0.2339003640625 0.278345725 0.21506682812500003 0.273698884375 0.2211421625 0.258828996875 0.20170109374999998 0.2318773234375 0.199270959375 0.2244423796875 0.189550425 0.2197955390625 0.1907654921875 0.2160780671875 0.182260025 0.20910780624999997 0.185297690625 0.21561338281250003 0.21445929531250002 0.210037175 0.22660996406249997 0.20817843906250003 0.2594167671875 0.20260223125 0.26670716875 0.2002788109375 0.2843256375 0.17611524218750002 0.2916160390625 0.14079925625 0.286755771875 0.138011153125 0.32563790937500003 0.1347583640625 0.32260024375 0.1333643125 0.3074119078125 0.1315055765625 0.314702309375 0.113847584375 0.32442284374999997 0.0469330859375 0.32563790937500003 0.032992565625 0.3353584453125 0.012546468750000001 0.32442284374999997 0 0.32624544375000003 0.000464684375 0.400972053125 0.0176579921875 0.3967193203125 0.0092936796875 0.38456865156250003 0.0083643125 0.36998785 0.018122676562500002 0.3438639125 0.0367100375 0.3426488453125 0.044609665625 0.3566221140625 0.04739776875 0.379708384375 0.039962825 0.411300121875 0.045539032812500005 0.4234507890625 0.044609665625 0.43681652499999996 0.028810409375000002 0.45139732656250003 0.0306691453125 0.4769137296875 0.025092937500000002 0.5899149453125 0 0.5935601453125 0.000464684375 0.60510328125 0.011152415625 0.604495746875 0 0.6117861484375 0.000464684375 0.9975698656249999 0.45492565 0.9987849328125 0.46328996250000004 0.9914945328125 0.467936803125 0.993924665625 0.4767658 0.98967193125 0.4767658 0.979951396875 0.4702602234375 0.9750911296875 0.46747211875000005 0.9471445921875 0.46003717499999996 0.9374240578125 0.4572490703125 0.9021871203125 0.451208178125 0.8918590515625 0.388011153125 0.8918590515625 0.3777881046875 0.8979343859375 0.3731412640625 0.8930741187500001 0.3657063203125 0.9015795875 0.32574349375 0.8906439859375 0.2997211890625 0.8930741187500001 0.2699814125 0.8882138515625 0.2532527875 0.8918590515625 0.2513940515625 0.8967193203124999 0.2476765796875 0.8906439859375 0.24210037187500003 0.8991494531249999 0.2160780671875 0.88942891875 0.141728625 0.8918590515625 0.0943308546875 0.8809234515625001 0.0868959109375 0.8991494531249999 0.08039033437500001 0.8821385171875 0.06319702656250001 0.88760631875 0.0622676578125 0.85601458125 0.0794609671875 0.8481166468750001 0.0836431234375 0.841433778125 0.0836431234375 0.746658565625 0.0780669140625 0.7284325640625 0.0780669140625 0.6871202921874999 0.08224907031249999 0.6889428921875 0.0859665421875 0.681652490625 0.0980483265625 0.6792223578125001 0.14916356875 0.6792223578125001 0.1556691453125 0.6755771562499999 0.15752788125 0.66828675625 0.161245353125 0.678007290625 0.168680296875 0.681652490625 0.17100371718750002 0.676184690625 0.1672862453125 0.6725394890625 0.1756505578125 0.6616038875 0.1733271375 0.653705953125 0.161245353125 0.6549210203125 0.149628253125 0.6470230859375 0.1421933078125 0.6020656140625 0.1421933078125 0.5643985421875 0.1500929375 0.555285540625 0.1547397765625 0.5589307406249999 0.168680296875 0.555285540625 0.17007434999999999 0.534021871875 0.15381040937499998 0.5297691375 0.112918215625 0.5321992703125 0.10548327187499999 0.5479951390625 0.0831784390625 0.5479951390625 0.0706319703125 0.490279465625 0.07156133906249999 0.44167679218749994 0.067843865625 0.411300121875 0.0701672859375 0.40826245468750005 0.073420075 0.4100850546875 0.07156133906249999 0.42102065624999996 0.07760223125 0.43377885781250003 0.15334572500000002 0.43195625781249997 0.1426579921875 0.42648845625 0.1333643125 0.41312272187500004 0.112918215625 0.416767921875 0.0989776953125 0.39125151874999997 0.07760223125 0.39125151874999997 0.0752788109375 0.38578371875 0.0794609671875 0.369380315625 0.0989776953125 0.3681652484375 0.10780669218750001 0.36269744843749996 0.11059479531250001 0.3493317125 0.11570632031250001 0.3450789796875 0.13894052031249998 0.3402187125 0.2160780671875 0.341433778125 0.2393122671875 0.3584447140625 0.2513940515625 0.37545565000000003 0.258828996875 0.3681652484375 0.26579925625 0.3724179828125 0.26254646875 0.4277035234375 0.209572490625 0.4374240578125 0.2002788109375 0.43377885781250003 0.1951672859375 0.4380315921875 0.2035315984375 0.4829890640625 0.2035315984375 0.5243013359375001 0.3499070625 0.5261239375 0.36291821562500004 0.5334143375 0.3763940515625 0.559538275 0.4005576203125 0.5862697453125 0.41078066875 0.6142162812499999 0.423791821875 0.62636695 0.4340148703125 0.6725394890625 0.418680296875 0.6755771562499999 0.4172862453125 0.6883353578125 0.44423791875 0.739368165625 0.44888475781250003 0.7636695015625 0.45492565 0.7739975703125 0.46747211875000005 0.7818955046875 0.4702602234375 0.8049817734375001 0.487918215625 0.8402187124999999 0.487918215625 0.846294046875 0.480483271875 0.8511543140625 0.48187732343749995 0.8578371812500001 0.524628253125 0.8626974484375 0.6073420078125 0.8614823812499999 0.620353159375 0.8760631828125 0.6310408921875 0.8645200484375 0.6319702609375 0.8426488453125 0.640334571875 0.8244228437500001 0.6431226765625 0.7758201703125 0.6366170999999999 0.7600243015625 0.6394052046875001 0.746658565625 0.645446096875 0.7411907656250001 0.67425650625 0.7424058328124999 0.6812267656250001 0.7478736328125 0.682156134375 0.755164034375 0.6802973984375 0.76852976875 0.6710037171875001 0.7794653703125001 0.6710037171875001 0.806196840625 0.6900557625 0.7970838390625 0.70585501875 0.7995139734375 0.7184014875 0.8232077765625 0.7193308546875 0.8645200484375 0.7411710031250001 0.8712029156250001 0.7839219328125 0.92102065625 0.79089219375 0.9179829890625 0.7927509296874999 0.9082624546875 0.7922862453125 0.9027946531250001 0.7815985125 0.8973268531249999 0.7843866171875 0.873025515625 0.813661709375 0.8712029156250001 0.8206319703125 0.8766707171875 0.8187732343749999 0.893681653125 0.8164498140625 0.8991494531249999 0.8039033453125001 0.9034021875 0.802973978125 0.9179829890625 0.8118029734375 0.9222357234375 0.879646840625 0.9234507890625 0.8996282531249999 0.9459295265625001 0.8959107812499999 0.9835965984374999 0.8982341999999999 0.9963548 0.9981412640625 0.9981774 0.9986059484375 0.9100850546875 0.9865241640625 0.9125151890625001
0 0.9688661703125 0.255164034375 0.9135687734375001 0.23997569843750002 0.9140334578125 0.23450789843750003 0.938661709375 0.22296476250000002 0.9381970265625 0.20534629375 0.9205390328125 0.19805589375 0.9149628249999999 0.2029161609375 0.8875464687499999 0.20595382812500002 0.8912639406249999 0.213244228125 0.8884758359375 0.23997569843750002 0.895446096875 0.2527339 0.9065985124999999 0.25394896718750004 0.9335501859375 0.26852976875 0.9814126390625001 0.2715674359375 0.979553903125 0.2642770359375 0.9688661703125 0.255164034375
0 0.8680297390625 0.26549210156249997 0.863847584375 0.26488456875 0.8568773234375 0.2509113 0.8531598515625 0.23511543124999998 0.8443308546875 0.2405832328125 0.8145910781250001 0.2417982984375 0.8118029734375 0.2211421625 0.8057620812499999 0.2363304984375 0.811338290625 0.23876063125 0.8090148703125 0.2454435 0.7681226765625 0.2442284328125 0.7551115234375 0.23693803125000001 0.754646840625 0.2460510328125 0.7486059484375 0.24787363281250002 0.7434944234375 0.23997569843750002 0.7513940515625 0.24301336562500003 0.754646840625 0.2363304984375 0.7518587359375 0.23147023125000002 0.7560408921875 0.2260024296875 0.721654275 0.22964763124999998 0.721189590625 0.23997569843750002 0.72908921875 0.2490887 0.733736059375 0.246658565625 0.7379182156249999 0.2521263671875 0.734665428125 0.25394896718750004 0.725371746875 0.25394896718750004 0.7188661703125 0.24787363281250002 0.713754646875 0.2363304984375 0.7165427515625 0.23147023125000002 0.7123605953125 0.2284325640625 0.6231412640625 0.2284325640625 0.617100371875 0.23997569843750002 0.6305762078125 0.2515188328125 0.67239776875 0.2636695015625 0.6872676578125 0.25880923437500003 0.7281598515625001 0.2575941671875 0.7922862453125 0.2733900359375 0.8062267656250001 0.2733900359375 0.8076208171875001 0.26670716875 0.8011152421875 0.260631834375 0.8043680296875 0.2563791015625 0.8080855015624999 0.25880923437500003 0.8127323421874999 0.24787363281250002 0.817843865625 0.2521263671875 0.8164498140625 0.2600243015625 0.8192379187500001 0.25394896718750004 0.8215613390625001 0.2557715671875 0.8215613390625001 0.2618469015625 0.8150557624999999 0.26549210156249997 0.815520446875 0.2721749703125 0.84758364375 0.2812879703125 0.8689591078125 0.272782503125 0.8680297390625 0.26549210156249997
0 0.55669145 0.2363304984375 0.5329925656250001 0.22964763124999998 0.5427509296874999 0.2472661 0.5562267656250001 0.2454435 0.55669145 0.2363304984375
0 0.5241635687499999 0.2642770359375 0.5241635687499999 0.22904009687500002 0.5190520453125 0.2247873640625 0.4976765796875 0.2247873640625 0.46979553906250004 0.211421628125 0.46328996250000004 0.2174969625 0.4163568765625 0.2156743625 0.4177509296875 0.2211421625 0.432156134375 0.2302551640625 0.4330855015625 0.2424058328125 0.4400557625 0.2490887 0.46421933125 0.25394896718750004 0.47908921875 0.26609963593749997 0.511152415625 0.272782503125 0.5181226765625 0.2721749703125 0.5241635687499999 0.2642770359375