1 0.2796875 0.64609375 0.2109375 0.11953125
1 0.21640625 0.52109375 0.0859375 0.096875
1 0.54921875 0.62890625 0.209375 0.084375
1 0.55078125 0.8421875 0.1859375 0.27109375
1 0.91796875 0.37109375 0.12421875 0.0546875
1 0.28125 0.384375 0.059375 0.07734375
1 0.31015625 0.3140625 0.0515625 0.07265625
1 0.42890625 0.334375 0.03046875 0.04609375
1 0.24453125 0.1015625 0.02578125 0.034375
1 0.3796875 0.3171875 0.034375 0.04140625
0 1 0.389218009375 0.991803278125 0.3898104265625 0.9845901640625 0.39691943125 0.9806557375 0.3874407578125 0.968852459375 0.39336492968750003 0.9563934421875 0.39336492968750003 0.9531147546875 0.3862559234375 0.9452459015624999 0.3921800953125 0.8737704921875 0.3921800953125 0.8554098359375001 0.38862559218750004 0.850491803125 0.38210900468750003 0.850491803125 0.376184834375 0.8573770484375001 0.351895734375 0.867868853125 0.349526065625 0.8714754093750001 0.3548578203125 0.8750819671875 0.323459715625 0.8800000000000001 0.32760663437500004 0.8800000000000001 0.34774881562500004 0.88229508125 0.35545023750000004 0.8875409843750001 0.35545023750000004 0.892131146875 0.349526065625 0.9695081968749999 0.3507109 0.97770491875 0.3560426546875 0.9806557375 0.37322274843750003 0.989180328125 0.338862559375 0.992131146875 0.373815165625 0.99967213125 0.37677725156249997 1 0.21504739375 0.9740983609375 0.22393364999999998 0.9150819671875 0.22630331718750002 0.8967213109375001 0.235781990625 0.8691803281249999 0.23104265468750002 0.84098360625 0.248815165625 0.791803278125 0.2405213265625 0.7780327875 0.25 0.7373770484375 0.25236966875 0.7111475406250001 0.26066350781250003 0.6855737703125 0.2582938390625 0.68098360625 0.261848340625 0.6029508203125 0.246445496875 0.591147540625 0.238151659375 0.5662295078125 0.23104265468750002 0.5334426234375 0.2286729859375 0.5370491796875 0.260071090625 0.54098360625 0.273104265625 0.5452459015625 0.2736966828125 0.5491803281250001 0.2855450234375 0.5636065578125 0.2725118484375 0.588524590625 0.28672985781250004 0.5927868859375 0.28495260624999996 0.5957377046875 0.369668246875 0.6357377046875 0.367298578125 0.64 0.361966825 0.64163934375 0.34004739375000004 0.6580327875 0.3305687203125 0.6659016390625 0.337677725 0.6836065578125 0.3317535546875 0.6885245906249999 0.33827014218749996 0.689836065625 0.39040284375 0.6944262296875 0.389218009375 0.6954098359375 0.37914691875 0.70032786875 0.38092417031250003 0.7036065578125 0.4247630328125 0.6957377046875 0.462677725 0.6963934421875 0.48281990468749997 0.691803278125 0.523104265625 0.6963934421875 0.5408767765625 0.689836065625 0.553909953125 0.6970491796875 0.5941943125 0.72098360625 0.5959715640625001 0.7245901640625 0.5918246453125 0.727540984375 0.57464455 0.7465573765625 0.5675355453125001 0.74098360625 0.553909953125 0.74032786875 0.5313981046875 0.7468852453125 0.5136255921874999 0.7481967218750001 0.4970379140625 0.7524590156250001 0.49170616093749997 0.7593442625 0.49585308125000005 0.7665573765625 0.5171800953125001 0.7855737703125001 0.5515402843749999 0.7849180328124999 0.564573459375 0.7744262296875 0.5740521328125 0.78098360625 0.59656398125 0.7829508203125 0.6238151656250001 0.7960655734375 0.65106635 0.8111475406249999 0.69964455 0.832131146875 0.7482227484374999 0.8406557375 0.7802132703125 0.8360655734375 0.8287914687500001 0.8340983609375 0.99111374375 0.850163934375 0.9952606640624999 0.907540984375 0.994668246875 0.9157377046875 0.9940758296875 0.9226229515625001 0.9863744078125001 0.927540984375 0.9490521328125 0.951147540625 0.9300947875000001 0.9593442624999999 0.9152843609374999 0.96 0.90106635 0.967540984375 0.8779620859374999 0.9760655734375 0.8708530812499999 0.9885245906250001 0.8708530812499999 1 0.8631516593749999 1 0.389218009375
0 0.58032786875 0.5396919437500001 0.5750819671875 0.5313981046875 0.57836065625 0.5171800953125001 0.5750819671875 0.5029620859375 0.5750819671875 0.44964455000000003 0.5652459015625 0.43424170625 0.561311475 0.4105450234375 0.5540983609375 0.402251184375 0.5560655734375 0.378554503125 0.5534426234375001 0.36789099531249997 0.5491803281250001 0.3625592421875 0.5373770484375 0.3601895734375 0.5331147546875 0.3513033171875 0.527868853125 0.30509478749999996 0.5331147546875 0.27902843593750004 0.5311475406249999 0.2612559234375 0.5252459015625 0.2328199046875 0.5144262296875 0.22156398125 0.45278688593750005 0.22393364999999998 0.4465573765625 0.24466824687500002 0.44918032812500003 0.255331753125 0.44852459062500005 0.2778436015625 0.43967213125000004 0.281990521875 0.438688525 0.287322275 0.43967213125000004 0.2985781984375 0.4462295078125 0.29265402812499997 0.4547540984375 0.29620853125 0.4550819671875 0.3110189578125 0.44918032812500003 0.3406398109375 0.4350819671875 0.3578199046875 0.4160655734375 0.35663507031249997 0.412459015625 0.3513033171875 0.41573770468750004 0.30272511875 0.41967213125 0.29798578125 0.42098360625 0.2802132703125 0.42098360625 0.26362559218750004 0.4160655734375 0.25710900468750003 0.370163934375 0.25710900468750003 0.35770491875 0.263033175 0.3445901640625 0.2582938390625 0.2993442625 0.2582938390625 0.288196721875 0.2689573453125 0.249508196875 0.26066350781250003 0.24262295156250002 0.2671800953125 0.24 0.2825829390625 0.229508196875 0.30509478749999996 0.2419672125 0.3122037921875 0.24262295156250002 0.32760663437500004 0.2357377046875 0.338862559375 0.2239344265625 0.3317535546875 0.21967213124999999 0.33353080625 0.2154098359375 0.281990521875 0.207868853125 0.2908767765625 0.21180327812500002 0.30509478749999996 0.2065573765625 0.3181279625 0.207868853125 0.32879146875 0.20524590156250003 0.3406398109375 0.212131146875 0.3507109 0.249508196875 0.3424170609375 0.27901639375 0.3447867296875 0.2826229515625 0.33353080625 0.281311475 0.3098341234375 0.2839344265625 0.29917061562499997 0.28688524531250004 0.295023696875 0.289836065625 0.29798578125 0.290163934375 0.30568720312500003 0.298688525 0.3045023703125 0.30721311406249996 0.2985781984375 0.310819671875 0.283767771875 0.3150819671875 0.279620853125 0.331803278125 0.286137440625 0.33770491874999997 0.3122037921875 0.3373770484375 0.32701421875 0.34229508124999997 0.3264218015625 0.34229508124999997 0.31575829375 0.3393442625 0.31161137499999997 0.3747540984375 0.3021327015625 0.39836065625 0.2997630328125 0.4042622953125 0.3033175359375 0.407868853125 0.3122037921875 0.3947540984375 0.3347156390625 0.3927868859375 0.34774881562500004 0.388524590625 0.35545023750000004 0.37639344218750004 0.3560426546875 0.3727868859375 0.3779620859375 0.35934426249999996 0.375 0.3580327875 0.361966825 0.361311475 0.3548578203125 0.35770491875 0.3471563984375 0.349508196875 0.3513033171875 0.352131146875 0.378554503125 0.349180328125 0.3874407578125 0.34098360625 0.39040284375 0.35967213125 0.39691943125 0.36098360625 0.4194312796875 0.34131147500000003 0.4194312796875 0.338688525 0.3921800953125 0.32819672187500004 0.39691943125 0.3272131140625 0.4129146921875 0.3236065578125 0.4158767765625 0.31770491875 0.40995260624999996 0.30918032812499996 0.4194312796875 0.3029508203125 0.39632701406250004 0.2980327875 0.39336492968750003 0.2937704921875 0.3975118484375 0.2937704921875 0.4129146921875 0.290819671875 0.4194312796875 0.2744262296875 0.4194312796875 0.26786885312500003 0.41469194375 0.2455737703125 0.4194312796875 0.24918032812500002 0.4129146921875 0.24918032812500002 0.386848340625 0.2563934421875 0.36907582968749997 0.25475409843749997 0.364928909375 0.2357377046875 0.35663507031249997 0.23508196718750002 0.3601895734375 0.208196721875 0.3578199046875 0.2059016390625 0.361966825 0.210491803125 0.376184834375 0.208524590625 0.386848340625 0.20327868906250002 0.3939573453125 0.2019672125 0.40462085312499996 0.188524590625 0.42298578124999997 0.18 0.42298578124999997 0.17114754062499998 0.4401658765625 0.1747540984375 0.44431279687499997 0.17672131093750001 0.43957345937500003 0.17770491875 0.44727488125 0.170163934375 0.45379146875 0.169180328125 0.46149289062500004 0.16524590156250002 0.46504739375000004 0.1665573765625 0.48281990468749997 0.16950819687500002 0.48459715625 0.19967213125 0.48578199062499994 0.21344262343749998 0.47393365000000004 0.22459016406250001 0.47037914687500004 0.251475409375 0.4751184828125 0.258688525 0.4893364921875 0.2855737703125 0.48578199062499994 0.38065573750000004 0.49170616093749997 0.3845901640625 0.412322275 0.387540984375 0.43068720312500003 0.3855737703125 0.4377962078125 0.387540984375 0.5136255921874999 0.3940983609375 0.5124407578125 0.39016393437499997 0.5005924171875 0.3963934421875 0.4928909953125 0.39868852499999996 0.5005924171875 0.3973770484375 0.538507109375 0.40032786875 0.54620853125 0.4045901640625 0.5278436015625 0.4059016390625 0.494668246875 0.4193442625 0.488151659375 0.4236065578125 0.49111374375 0.4255737703125 0.5313981046875 0.4236065578125 0.5396919437500001 0.428196721875 0.549170615625 0.4360655734375 0.525473934375 0.43540983593749993 0.5029620859375 0.438688525 0.49585308125000005 0.4367213109375 0.47334123281249996 0.43901639374999996 0.47037914687500004 0.44000000000000006 0.5005924171875 0.4429508203125 0.5082938390625 0.4832786890625 0.5183649296875 0.4868852453125 0.5580568718750001 0.4980327875 0.55924170625 0.509180328125 0.5533175359375 0.5137704921874999 0.5402843609375 0.5255737703125 0.54146919375 0.530163934375 0.5485781984375 0.53901639375 0.5112559234375 0.5465573765625 0.5082938390625 0.5580327875 0.5136255921874999 0.561311475 0.525473934375 0.5645901640625001 0.563388625 0.571147540625 0.563388625 0.57836065625 0.5610189578125 0.58032786875 0.5396919437500001
0 0.0157377046875 0.8015402843749999 0.043934426562500004 0.739928909375 0.06098360625 0.685426540625 0.068852459375 0.6735781984375 0.070819671875 0.6522511843750001 0.07967213125 0.645734596875 0.089180328125 0.6309241703125 0.0970491796875 0.59656398125 0.098688525 0.52843601875 0.10229508125 0.5313981046875 0.1049180328125 0.55035545 0.11180327812499999 0.5521327015625 0.12163934375 0.5793838859375 0.14131147500000002 0.5781990515625 0.16163934375 0.5580568718750001 0.17311475468749998 0.55272511875 0.1770491796875 0.5396919437500001 0.1744262296875 0.520734596875 0.1836065578125 0.49585308125000005 0.1806557375 0.4928909953125 0.17672131093750001 0.49881516562500006 0.1727868859375 0.496445496875 0.171475409375 0.5047393359375001 0.1636065578125 0.5059241703125 0.1570491796875 0.5047393359375001 0.1537704921875 0.49407582968749997 0.14918032812499998 0.4928909953125 0.1452459015625 0.5047393359375001 0.14098360625 0.4318720375 0.14557377031250002 0.43068720312500003 0.148196721875 0.48163507031249997 0.1570491796875 0.48341232187500005 0.169180328125 0.46504739375000004 0.17770491875 0.43898104218749995 0.191803278125 0.4158767765625 0.2252459015625 0.4158767765625 0.227868853125 0.4194312796875 0.2462295078125 0.4158767765625 0.251147540625 0.36789099531249997 0.23836065624999997 0.36137440781249996 0.23606557343749998 0.3548578203125 0.23901639375 0.3471563984375 0.2806557375 0.3406398109375 0.278688525 0.3228672984375 0.271147540625 0.3281990515625 0.26786885312500003 0.32582938437500003 0.26557377031249996 0.31931279687499997 0.2668852453125 0.3122037921875 0.26327868906249996 0.3068720375 0.24229508125 0.30924170625 0.241311475 0.32760663437500004 0.23213114687499997 0.3406398109375 0.2354098359375 0.3513033171875 0.23442622968750002 0.3625592421875 0.21147540937499998 0.3625592421875 0.20918032812499998 0.3572274875 0.210819671875 0.3483412328125 0.2268852453125 0.3347156390625 0.21967213124999999 0.3264218015625 0.22032786875000002 0.31338862500000003 0.22754098437499998 0.30509478749999996 0.2347540984375 0.283767771875 0.24655737656249999 0.2648104265625 0.24721311406250002 0.255331753125 0.26229508125 0.23400473906250002 0.2645901640625 0.20497630312499998 0.2593442625 0.2002369671875 0.2554098359375 0.202606634375 0.247540984375 0.220379146875 0.23967213125 0.2298578203125 0.20163934375 0.24170616093750003 0.210491803125 0.2565165875 0.20918032812499998 0.27191943125 0.2045901640625 0.283767771875 0.19081967187499999 0.30509478749999996 0.18786885312499998 0.3151658765625 0.1780327875 0.32701421875 0.16950819687500002 0.3293838859375 0.15967213125 0.364928909375 0.148524590625 0.37085308125 0.1393442625 0.3862559234375 0.1363934421875 0.3832938390625 0.13967213125 0.373815165625 0.14754098437500002 0.363151659375 0.1442622953125 0.3548578203125 0.14557377031250002 0.34893365 0.172131146875 0.2938388625 0.1862295078125 0.2778436015625 0.1852459015625 0.27132701406250004 0.16098360625000002 0.2725118484375 0.1531147546875 0.295023696875 0.14918032812499998 0.29620853125 0.1449180328125 0.2908767765625 0.1419672125 0.3127962078125 0.1262295078125 0.3009478671875 0.12229508124999999 0.29146919375 0.1163934421875 0.295023696875 0.11377049218749999 0.281990521875 0.112131146875 0.303909953125 0.1140983609375 0.31931279687499997 0.10950819687499999 0.3252369671875 0.10163934375000001 0.3501184828125 0.098688525 0.382701421875 0.091803278125 0.3501184828125 0.0852459015625 0.33353080625 0.08786885312500001 0.3264218015625 0.08295082031249999 0.32701421875 0.0780327875 0.314573459375 0.08032786875 0.30924170625 0.090819671875 0.3045023703125 0.098688525 0.30568720312500003 0.0980327875 0.2879146921875 0.092131146875 0.2902843609375 0.08229508125 0.2843601890625 0.058688525000000005 0.29146919375 0.047540984375 0.3009478671875 0.0406557375 0.31931279687499997 0.041967212500000003 0.3347156390625 0.04 0.34893365 0.0432786890625 0.3548578203125 0.04098360625 0.3590047390625 0.030819671875 0.358412321875 0.028196721875000004 0.343009478125 0.02163934375 0.33234597187500003 0.02 0.3187203796875 0.0160655734375 0.3187203796875 0.0006557374999999999 0.343009478125 0.0006557374999999999 0.847748815625 0.011147540625 0.8276066343749999 0.0157377046875 0.8015402843749999
0 0.6324590156250001 0.9881516593749999 0.6436065578125 0.9845971562500001 0.6468852453125 0.9917061609375001 0.6599999999999999 0.986966825 0.669836065625 0.9988151656250001 0.6744262296875 0.9952606640624999 0.7334426234375 0.9976303312500001 0.73836065625 0.992298578125 0.7350819671875 0.9851895734375 0.7216393437499999 0.9040284359375 0.7059016390624999 0.9052132703125 0.7042622953125 0.9081753546875 0.7062295078124999 0.9283175359375001 0.7032786890625 0.9324644546874999 0.6868852453125001 0.9336492890624999 0.6832786890625 0.9295023703125 0.6839344265625 0.9212085312499999 0.678688525 0.9081753546875 0.6727868859374999 0.8998815171875 0.670163934375 0.8797393359375001 0.6655737703125 0.875 0.6524590156250001 0.843009478125 0.649180328125 0.8276066343749999 0.649180328125 0.8157582937500001 0.6524590156250001 0.8086492890624999 0.649836065625 0.7920616109374999 0.6514754093749999 0.7831753546875 0.6557377046874999 0.787322275 0.6632786890625 0.7227488156249999 0.6685245906249999 0.72156398125 0.671147540625 0.7310426546875 0.6849180328125 0.736966825 0.7019672124999999 0.73459715625 0.7111475406250001 0.736966825 0.7137704921875 0.7440758296875 0.7186885249999999 0.744668246875 0.721311475 0.7813981046875 0.7272131140625 0.786137440625 0.727868853125 0.8157582937500001 0.7219672125 0.8216824640624999 0.7245901640625 0.829976303125 0.7245901640625 0.8524881515624999 0.728524590625 0.860781990625 0.729180328125 0.8773696687499999 0.7344262296874999 0.8915876781250001 0.73836065625 0.933056871875 0.749508196875 0.9354265406250001 0.748852459375 0.94964455 0.7436065578125 0.963862559375 0.7475409843749999 0.9851895734375 0.7531147546875 0.9940758296875 0.7570491796875001 0.986966825 0.7649180328125 0.9881516593749999 0.767540984375 0.9940758296875 0.7757377046875 0.9899289093749999 0.7763934421875 0.976895734375 0.78163934375 0.974526065625 0.7836065578125 0.9567535546875 0.789508196875 0.9425355453125001 0.7934426234374999 0.906990521875 0.8124590156249999 0.888033175 0.8170491796875 0.8655213265624999 0.8268852453125 0.8572274875 0.8295081968750001 0.8382701421875 0.8272131140625 0.82227488125 0.8167213109375 0.8151658765625 0.8121311468749999 0.8033175359375001 0.807540984375 0.8033175359375001 0.7993442625 0.8074644546874999 0.7967213109375 0.8216824640624999 0.7973770484375 0.8453791468749999 0.7845901640624999 0.8447867296875 0.7727868859375 0.808056871875 0.7629508203124999 0.8009478671875 0.76098360625 0.7938388625 0.75836065625 0.8021327015624999 0.749180328125 0.8009478671875 0.7436065578125 0.7944312796874999 0.7436065578125 0.7683649296875 0.748852459375 0.7363744078125001 0.7547540984375 0.7304502375 0.7563934421875 0.72156398125 0.7649180328125 0.7191943125 0.7672131140625 0.7103080562499999 0.76098360625 0.7002369671875 0.7531147546875 0.702606634375 0.749180328125 0.689573459375 0.7426229515625 0.694312796875 0.7065573765625001 0.6848341234374999 0.7045901640625 0.688388625 0.68098360625 0.689573459375 0.6685245906249999 0.6812796203125 0.6537704921875 0.680687203125 0.67967213125 0.678909953125 0.690819671875 0.6824644546874999 0.6947540984375 0.67772511875 0.7 0.6824644546874999 0.7042622953125 0.6759478671875 0.708524590625 0.6492891000000001 0.711803278125 0.6492891000000001 0.71770491875 0.662322275 0.7232786890625 0.6451421796875 0.7239344265625001 0.6167061609375 0.72032786875 0.6090047390625 0.6967213109375 0.6125592421875 0.689836065625 0.60959715625 0.6911475406250001 0.6036729859375 0.6832786890625 0.5704976296875001 0.6727868859374999 0.5468009484375 0.672131146875 0.538507109375 0.667868853125 0.5343601890625 0.6573770484375 0.5367298578125 0.6570491796875 0.5610189578125 0.649836065625 0.563388625 0.649508196875 0.5781990515625 0.6436065578125 0.57701421875 0.641311475 0.5811611375 0.6436065578125 0.5971563984375 0.647540984375 0.5841232234375 0.6524590156250001 0.5870853078125 0.6544262296875 0.5811611375 0.6524590156250001 0.5740521328125 0.6563934421875001 0.5740521328125 0.6557377046874999 0.59656398125 0.65901639375 0.608412321875 0.65836065625 0.6238151656250001 0.6629508203125 0.6368483406250001 0.6619672125 0.645734596875 0.6436065578125 0.6492891000000001 0.6406557375 0.6676540281250001 0.6357377046875 0.67298578125 0.6173770484375 0.6718009484375 0.609508196875 0.6658767765625 0.5563934421875001 0.6658767765625 0.5547540984375 0.6818720375 0.5652459015625 0.7091232234375 0.5665573765625 0.72808056875 0.56032786875 0.7393364921875001 0.5468852453124999 0.744668246875 0.552459015625 0.7594786734375 0.5793442625 0.8033175359375001 0.592459015625 0.8187203796875 0.5963934421875 0.8305687203125001 0.612131146875 0.8317535546875 0.6157377046875 0.8572274875 0.6426229515624999 0.9058056875 0.6439344265625 0.9152843609374999 0.6373770484375 0.9223933656250001 0.6373770484375 0.9579383890625 0.631147540625 0.9620853078125 0.628524590625 0.9715639812499999 0.6127868859375 0.9715639812499999 0.6036065578125 0.9609004734375001 0.5950819671875001 0.9609004734375001 0.5740983609375 0.972748815625 0.5668852453125 0.9715639812499999 0.5147540984375001 0.8726303312500001 0.5140983609374999 0.860781990625 0.5104918031250001 0.8590047390625 0.5065573765625 0.8483412328125001 0.5009836062499999 0.8453791468749999 0.49901639375 0.8264218015625 0.488524590625 0.8122037921875 0.4662295078125 0.7648104265625 0.46032786875 0.7375592421875 0.46327868906249997 0.7322274875 0.472459015625 0.7310426546875 0.48819672187499996 0.7191943125 0.509836065625 0.7156398109375 0.5167213109375 0.70201421875 0.5173770484375 0.6913507109375 0.5268852453124999 0.6765402843749999 0.5406557375000001 0.6765402843749999 0.5449180328125001 0.6735781984375 0.5445901640625 0.6658767765625 0.45540983593749995 0.662322275 0.451803278125 0.65343601875 0.449836065625 0.6285545031249999 0.43573770468750006 0.6113744078125001 0.427868853125 0.6090047390625 0.42000000000000004 0.6137440765625 0.388524590625 0.5959715640625001 0.37213114687500004 0.599526065625 0.3649180328125 0.5947867296875 0.3606557375 0.6024881515625 0.3734426234375 0.6066350703125 0.3862295078125 0.638033175 0.38229508125 0.6498815171875 0.3845901640625 0.6836492890625 0.39245901562499996 0.6836492890625 0.3963934421875 0.6718009484375 0.40983606562499997 0.6877962078125 0.39770491875 0.7156398109375 0.378688525 0.720379146875 0.35508196718749996 0.718009478125 0.350163934375 0.700829384375 0.3445901640625 0.694312796875 0.2744262296875 0.694312796875 0.16098360625000002 0.6860189578125 0.15573770468749998 0.678909953125 0.1419672125 0.674170615625 0.13901639375 0.6486966828125 0.1357377046875 0.6451421796875 0.13770491875 0.6368483406250001 0.1255737703125 0.619668246875 0.11967213125000001 0.6220379140625 0.1167213109375 0.625 0.1167213109375 0.6451421796875 0.1062295078125 0.6593601890625 0.101311475 0.674170615625 0.0865573765625 0.6877962078125 0.089180328125 0.6925355453125001 0.08983606562499999 0.716232228125 0.08163934375000001 0.7405213265625 0.069180328125 0.7428909953125 0.0593442625 0.7322274875 0.0534426234375 0.7310426546875 0.0144262296875 0.8086492890624999 0.0134426234375 0.8163507109375001 0.0006557374999999999 0.8228672984375001 0.0052459015625000004 0.8359004734375001 0.0059016390625 0.8513033171875 0.0042622953125 0.8566350703125 0 0.8572274875 0.00032786874999999997 0.996445496875 0.4042622953125 0.9952606640624999 0.6190163937500001 0.9994075828125 0.6239344265625 0.9988151656250001 0.6324590156250001 0.9881516593749999
0 0.32 0.536137440625 0.32229508125 0.52606635 0.3252459015625 0.53495260625 0.3245901640625 0.579976303125 0.33049180312500004 0.5859004734375 0.3360655734375 0.60308056875 0.34131147500000003 0.60308056875 0.34098360625 0.59656398125 0.3452459015625 0.591232228125 0.3655737703125 0.5983412328125 0.3845901640625 0.587677725 0.388852459375 0.56575829375 0.3727868859375 0.5580568718750001 0.368852459375 0.560426540625 0.3645901640625 0.5515402843749999 0.3639344265625 0.5408767765625 0.3652459015625 0.520734596875 0.38098360625 0.50414691875 0.2967213109375 0.496445496875 0.2606557375 0.49763033125 0.2550819671875 0.5017772515625001 0.25901639374999996 0.5124407578125 0.26032786875 0.53495260625 0.25475409843749997 0.5568720375 0.250819671875 0.560426540625 0.247540984375 0.5545023703124999 0.23180327812499998 0.5639810421875 0.2268852453125 0.5740521328125 0.23180327812499998 0.57701421875 0.2354098359375 0.5882701421875 0.230491803125 0.5936018953125 0.208196721875 0.588862559375 0.2039344265625 0.595379146875 0.208196721875 0.60308056875 0.2580327875 0.5971563984375 0.2980327875 0.6007108999999999 0.30229508125 0.5823459718749999 0.3065573765625 0.5781990515625 0.3127868859375 0.5882701421875 0.3140983609375 0.6013033171875 0.3180327875 0.6060426546875 0.3206557375 0.5977488156249999 0.32 0.536137440625