1 0.11796875 0.0828125 0.171875 0.165625
1 0.84375 0.18515625 0.21640625 0.28359375
1 0.25625 0.18984375 0.24609375 0.27265625
1 0.6375 0.23046875 0.225 0.33984375
1 0.38671875 0.54921875 0.309375 0.5234375
1 0.46015625 0.21484375 0.184375 0.27890625
1 0.36328125 0.303125 0.140625 0.203125
1 0.5390625 0.51015625 0.24609375 0.37578125
1 0.0921875 0.86328125 0.18359375 0.2734375
0 1 0.2741031390625 0.9877204031250001 0.2769058296875 0.9826826203125 0.28923766875 0.960957178125 0.3133408078125 0.960957178125 0.32791479843750004 0.9546599499999999 0.33576233125 0.951511334375 0.3559417046875 0.9426952140625 0.372757846875 0.938287153125 0.38845291406250004 0.9335642312499999 0.3901345296875 0.9260075562500001 0.40695067187499995 0.9244332500000001 0.36939461875 0.9222292187500001 0.3643497765625 0.9045969765624999 0.38004484375 0.8573677578125001 0.3419282515625 0.852329975 0.3598654703125 0.8472921921875001 0.3598654703125 0.8255667499999999 0.39181614374999996 0.8280856421875 0.3985426015625 0.8255667499999999 0.411995515625 0.84288413125 0.42376681562499996 0.8444584390625 0.4332959640625 0.8425692687499999 0.440022421875 0.8472921921875001 0.44955156875 0.8510705296875001 0.4439461890625 0.8564231734375 0.44899103125 0.8491813609375001 0.45403587500000003 0.84666246875 0.46188340781250004 0.8315491187499999 0.47757847499999995 0.820843828125 0.497757846875 0.8063602015625 0.5112107625 0.7780226703124999 0.5526905828124999 0.764168765625 0.5571748875 0.7600755671874999 0.58015695 0.752833753125 0.5896860984375001 0.7408690171875 0.593049328125 0.7257556671875001 0.581838565625 0.7011964734375 0.5437219734375 0.679156171875 0.5257847531250001 0.6747481109375 0.5168161437500001 0.6643576828125 0.5521300453125 0.6586901765625 0.559977578125 0.6580604531249999 0.58015695 0.6605793453125 0.5992152468749999 0.6738035265625 0.6429372203125 0.673173803125 0.6575112109375 0.669395465625 0.670964125 0.6265743078125 0.7202914796875 0.6253148609375 0.7270179375 0.6303526453125 0.7393497765625 0.62688916875 0.747757846875 0.58910579375 0.792600896875 0.5828085640625 0.8060538109375001 0.551952140625 0.8419282515625 0.5450251890625 0.855381165625 0.5399874062500001 0.855381165625 0.5374685140625 0.8419282515625 0.5365239296875 0.8581838562499999 0.5324307312500001 0.86883408125 0.4965365234375 0.9159192828125 0.4833123421875 0.9304932734375001 0.4776448359375 0.93161435 0.41876574375000003 0.8301569499999999 0.40365239218750004 0.7909192828125 0.39641057968750004 0.77802690625 0.3904282109375 0.7741031390625001 0.38885390468750003 0.7567264578125 0.387279596875 0.7662556046875 0.3812972296875 0.7735426015625 0.3756297234375 0.7746636765625 0.3727959703125 0.7707399109375 0.375944584375 0.7427130046875 0.34666246875 0.6883408078125 0.3293450875 0.6631165921875 0.2361460953125 0.4904708515625 0.2279596984375 0.462443946875 0.22732997500000002 0.4467488796875 0.2304785890625 0.4332959640625 0.212846346875 0.3985426015625 0.20969773281249998 0.377242153125 0.2008816125 0.3503363234375 0.177896725 0.36322869999999996 0.165931990625 0.3587443953125 0.158375315625 0.33520179375 0.1501889171875 0.33520179375 0.14357682656249998 0.30773542656249997 0.1375944578125 0.29596412499999997 0.1331863984375 0.298206278125 0.127833753125 0.292040359375 0.1290931984375 0.2797085203125 0.11240554218750001 0.24439461875 0.1067380359375 0.23766816093749998 0.0941435765625 0.23878923749999997 0.090050378125 0.2315022421875 0.07367758125 0.1911434984375 0.0686397984375 0.1855381171875 0.068010075 0.17881165937500001 0.0264483625 0.10145739843749998 0.015113350000000001 0.071188340625 0.01700251875 0.0633408078125 0.013853904687499998 0.047645740625 0.004722921875 0.0347533625 0.00031486093749999997 0.0347533625 0 0.28979820625 0.0031486140625 0.30100896875 0 0.30773542656249997 0 0.367152465625 0.015113350000000001 0.4276905828125 0.047858942187499996 0.536434978125 0.0491183875 0.5510089687499999 0.0431360203125 0.5526905828124999 0.03967254375 0.5454035875 0.0107052890625 0.44226457343750003 0.00031486093749999997 0.4136771296875 0 0.48822869999999996 0.0040931984375 0.5011210765625 0.017947103125 0.514573990625 0.0289672546875 0.536434978125 0.030856423437500002 0.543161434375 0.02833753125 0.5588565015625 0.0289672546875 0.5779147984375 0.037783375 0.6070627796875 0.05856423125 0.6597533624999999 0.0761964734375 0.7202914796875 0.08879093125000001 0.7270179375 0.0913098234375 0.7572869953125 0.122166246875 0.8279147984374999 0.131612090625 0.838004484375 0.135390428125 0.8637892375 0.150503778125 0.8951793718750001 0.1549118390625 0.9164798203125001 0.16876574375 0.9568385656249999 0.184823678125 0.99439461875 0.22764483593749998 0.996636771875 0.2418136015625 0.9702914796875 0.2336272046875 0.9232062781250001 0.23583123437500003 0.9159192828125 0.23960957187499998 0.9159192828125 0.24811083125 0.9220852015625001 0.2553526453125 0.9506726453125 0.26668765781250003 0.9506726453125 0.27078085625 0.9635650218749999 0.27204030156250003 0.980381165625 0.26290932031250003 0.977578475 0.258501259375 0.9831838562499999 0.2591309828125 1 0.271725440625 0.9988789234375 0.2742443328125 0.9831838562499999 0.28620906874999996 0.9988789234375 0.32682619687500003 0.9994394625 0.337216625 0.9955156953125 0.3498110828125 0.9988789234375 0.3756297234375 0.99439461875 0.3869647359375 0.997757846875 0.5022040296875 0.99439461875 0.9619017624999999 0.996636771875 0.9842569265625001 0.9568385656249999 0.9930730484374999 0.9288116593750001 1 0.9220852015625001 1 0.2741031390625
0 0.9962216625 0.059977578125 0.9908690171875 0.048206278125 0.9845717890625 0.04484305 0.9735516375 0.0274663671875 0.9845717890625 0.0179372203125 0.9914987406250001 0 0.8488664984375 0.0005605375 0.8932619640624999 0.0358744390625 0.8989294703124999 0.0381165921875 0.9058564234375 0.0302690578125 0.9096347609375 0.031390134375 0.914042821875 0.048206278125 0.9171914359375 0.0437219734375 0.921599496875 0.04484305 0.9455289671875 0.065022421875 0.9744962218750001 0.081838565625 0.9826826203125 0.0919282515625 0.99055415625 0.0924887890625 0.9949622171874999 0.08015695 0.9962216625 0.059977578125