1 0.7453125 0.34453125 0.18828125 0.22734375
1 0.390625 0.23828125 0.21328125 0.3625
1 0.53984375 0.07421875 0.15703125 0.14375
1 0.2515625 0.08984375 0.18671875 0.165625
1 0.7484375 0.60078125 0.2703125 0.45859375
1 0.6859375 0.0421875 0.1125 0.084375
1 0.16484375 0.03203125 0.125 0.05859375
1 0.95234375 0.27421875 0.09453125 0.25546875
1 0.80390625 0.11640625 0.16484375 0.20234375
1 0.55234375 0.4078125 0.2453125 0.321875
1 0.88828125 0.81640625 0.22265625 0.36640625
0 0 0.9255208328125001 0.002939446875 0.9380208328125 0.0023515578125 0.9598958328125 0 0.9682291671875 0.0002939453125 0.9958333328125001 0.5423280421875 0.9958333328125001 0.5485008812500001 0.9932291671875 0.5332157546875 0.9661458328125001 0.530864196875 0.9432291671874999 0.5405643734375001 0.9166666671874999 0.55761316875 0.9 0.56525573125 0.9041666671874999 0.5805408578125 0.921875 0.5875955328125 0.9239583328125001 0.590241034375 0.9338541671874999 0.62815990625 0.9958333328125001 0.640211640625 0.9973958328125001 0.651381540625 0.9942708328125001 0.6431510874999999 0.9838541671875 0.6387419171875 0.9708333328125001 0.6305114640625 0.9635416671874999 0.5999412109375 0.91875 0.5899470906250001 0.9104166671874999 0.577013521875 0.8854166671874999 0.549382715625 0.8479166671874999 0.5385067609374999 0.8255208328125001 0.5385067609374999 0.8057291671875 0.5411522640624999 0.8020833328125001 0.5458553796875 0.803125 0.5664315109375 0.8291666671875 0.57642563125 0.834375 0.582598471875 0.8317708328125001 0.5849500296875 0.8057291671875 0.5878894765625 0.7973958328124999 0.5970017640624999 0.7802083328125 0.6075837749999999 0.771875 0.6102292765625 0.7609375 0.6166960609375 0.6671875 0.6090534984375 0.6463541671875 0.6096413875 0.6338541671875 0.65814226875 0.5552083328124999 0.6845972953125 0.5177083328125 0.692239859375 0.5 0.7075249859375 0.48020833281249997 0.7113462671875 0.47239583281249997 0.70987654375 0.46875 0.6898883015624999 0.46875 0.6878306875 0.4661458328125 0.68753674375 0.4427083328125 0.6751910640625 0.434375 0.66519694375 0.4166666671875 0.6557907109375 0.41041666718750003 0.6510875953124999 0.4125 0.5858318640625 0.5020833328125 0.5552616109375 0.55 0.5482069375 0.55625 0.5452674890625 0.565625 0.53174603125 0.5802083328125 0.4817754265625 0.6572916671875 0.45355673124999996 0.6895833328125 0.44767783593750005 0.6885416671875 0.4400352734375 0.678125 0.3659612 0.5697916671875001 0.36096413906249997 0.5557291671875 0.35802469062500003 0.5296875 0.3497942390625 0.5213541671875 0.3509700171875 0.5098958328125 0.3624338625 0.4947916671875 0.3841857734375 0.5020833328125 0.3900646671875 0.49791666718750005 0.4350382125 0.4380208328125 0.42915931875 0.4171875 0.4365079359375 0.403125 0.5564373890625001 0.2604166671875 0.5805408578125 0.24375 0.592004703125 0.21614583281250002 0.5961199296874999 0.1994791671875 0.606701940625 0.18802083281249998 0.6102292765625 0.1682291671875 0.6081716640625 0.1625 0.5776014109375 0.15625 0.53174603125 0.178125 0.51675485 0.1963541671875 0.514109346875 0.2104166671875 0.5088183421875 0.2125 0.4950029390625 0.2286458328125 0.490005878125 0.2677083328125 0.42945326250000004 0.33645833281250004 0.40417401562500005 0.3708333328125 0.36948853593750003 0.409375 0.3618459734375 0.4135416671875 0.3489124046875 0.43333333281249997 0.34185773125 0.4375 0.3177542625 0.465625 0.3071722515625 0.471875 0.29541446250000003 0.45729166718750003 0.27895355624999996 0.4479166671875 0.2701352140625 0.45520833281249995 0.2636684296875 0.45416666718750004 0.2598471484375 0.4453125 0.2551440328125 0.41197916718750005 0.250146971875 0.39895833281250004 0.2366255140625 0.40729166718750004 0.2319223984375 0.40625 0.22780717187500002 0.39895833281250004 0.20429159375 0.3864583328125 0.1901822453125 0.3645833328125 0.1660787765625 0.3479166671875 0.1610817171875 0.3338541671875 0.1604938265625 0.3036458328125 0.15402704218750002 0.2880208328125 0.152263375 0.25052083281250004 0.1425631984375 0.240625 0.108759553125 0.18697916718750002 0.1040564375 0.1682291671875 0.1046443265625 0.1536458328125 0.0749559078125 0.10729166718750001 0.0684891234375 0.103125 0.054967665624999995 0.08125 0.047325103125000004 0.0760416671875 0.042034096874999996 0.0614583328125 0.0238095234375 0.0395833328125 0.012051734375000001 0.017708332812499998 0.0044091703125 0.0114583328125 0 0.0171875 0 0.8453125 0.012933568749999999 0.8765625 0.0164609046875 0.8796875 0.0188124625 0.8901041671875 0.0132275125 0.890625 0.012051734375000001 0.88125 0.0044091703125 0.871875 0 0.8713541671874999 0 0.9255208328125001
0 0.7348618453125 1 0.73780129375 0.9973958328125001 0.7354497359375001 0.9880208328125001 0.7139917703124999 0.9677083328125 0.705467371875 0.9515625 0.7022339796875 0.9322916671874999 0.694297471875 0.9432291671874999 0.6696061140625 0.9942708328125001 0.670194003125 0.9994791671875 0.674015284375 1 0.7348618453125 1