1 0.50234375 0.85 0.1296875 0.153125
1 0.21015625 0.92421875 0.1828125 0.1515625
1 0.5140625 0.615625 0.06953125 0.07578125
1 0.73359375 0.5671875 0.07421875 0.1171875
1 0.96953125 0.68203125 0.0609375 0.16328125
1 0.88125 0.86484375 0.0765625 0.103125
1 0.7203125 0.88359375 0.06640625 0.11171875
1 0.6046875 0.90546875 0.06171875 0.1171875
1 0.628125 0.77890625 0.0640625 0.0890625
1 0.7796875 0.36875 0.1484375 0.09375
1 0.95 0.33046875 0.09921875 0.17265625
1 0.578125 0.52109375 0.0609375 0.0671875
1 0.2203125 0.25390625 0.040625 0.04140625
1 0.7046875 0.45859375 0.07109375 0.0515625
1 0.796875 0.49765625 0.034375 0.065625
1 0.9546875 0.9640625 0.06328125 0.071875
1 0.875 0.9671875 0.06015625 0.065625
1 0.625 0.5234375 0.040625 0.053125
0 0 0.996782496875 0.020604395312500003 0.996782496875 0.0240384609375 0.9916344921875 0.028159340625 0.9581724578124999 0.0267857140625 0.8912483906249999 0.03090659375 0.8706563703124999 0.03811813125 0.8571428578125 0.07039835156249999 0.8198198203124999 0.1040521984375 0.8005148 0.1102335171875 0.790218790625 0.11847527499999999 0.7863577859374999 0.0422390109375 0.7889317890624999 0 0.7960102953125 0 0.996782496875
0 0.0707417578125 0.6595881593749999 0.0666208796875 0.6235521234375 0.057005493750000004 0.602960103125 0.052884615625 0.58108108125 0.057005493750000004 0.524453025 0.050824176562500004 0.5077220078125 0.059065934375 0.4703989703125 0.059065934375 0.45366795312499997 0.05425824218750001 0.447232946875 0.059752746875 0.44337194375 0.059409340624999994 0.42471042499999995 0.044986264062499996 0.4259974265625 0.0353708796875 0.44530244531249996 0.0319368125 0.4388674390625 0.0236950546875 0.44015444062500003 0.0199175828125 0.458815959375 0.0199175828125 0.5257400249999999 0.016140109375 0.5366795359375 0.01201923125 0.5366795359375 0.008585164062500001 0.525096525 0.0044642859375000005 0.525096525 0.0006868125 0.5334620328125 0 0.696911196875 0.0020604390625 0.696911196875 0.077609890625 0.684041184375 0.0707417578125 0.6595881593749999
0 0.8609203296875 0.19305019375000002 0.8650412093750001 0.178893178125 0.8746565937499999 0.16859716875 0.8794642859374999 0.172458171875 0.8828983515625 0.166023165625 0.8846153843750001 0.174388675 0.8897664828125 0.1801801796875 0.8959478015625001 0.17760617812499999 0.8921703296875 0.171814671875 0.89423076875 0.1628056625 0.8873626375000001 0.15508365468750002 0.8945741765624999 0.140283140625 0.90625 0.135135134375 0.9158653843750001 0.11840411875000001 0.928228021875 0.1119691125 0.9412774718750001 0.1119691125 0.9529532968750001 0.0978120984375 0.9553571421875 0.0997426 0.9560439562499999 0.11003860937500001 0.9598214281249999 0.1106821109375 0.9615384609375001 0.1023166015625 0.9587912093750001 0.0958815953125 0.9608516484375 0.0920205921875 0.9587912093750001 0.08172458125 0.9697802203125001 0.061132560937500004 0.9728708796875001 0.0450450453125 0.9814560437500001 0.04440154375 0.9745879125 0.039253539062499995 0.9773351640625 0.0302445296875 0.972184065625 0.028314028125 0.9611950546875001 0.0360360359375 0.95673076875 0.0418275421875 0.9543269234375 0.05662805625 0.9364697796874999 0.059202059375000005 0.92548076875 0.0707850703125 0.9220467031249999 0.0823680828125 0.908997253125 0.083655084375 0.8897664828125 0.1106821109375 0.8760302203125001 0.1171171171875 0.8289835171875 0.1769626765625 0.8289835171875 0.1833976828125 0.8365384609375001 0.2014157015625 0.8547390109374999 0.18661518593749998 0.8609203296875 0.19305019375000002
0 0.9996565937499999 0.45045045000000006 0.9769917578125 0.45045045000000006 0.9584478015625001 0.43758043750000003 0.935096153125 0.4427284421875 0.9296016484375 0.43758043750000003 0.881524725 0.435006434375 0.878434065625 0.4292149296875 0.88118131875 0.4021879015625 0.8990384609375001 0.3828828828125 0.8918269234375 0.3667953671875 0.8760302203125001 0.38095238125 0.8513049453124999 0.4234234234375 0.8320741765624999 0.42471042499999995 0.8279532968750001 0.4144144140625 0.8056318687499999 0.41248391250000005 0.8042582421875 0.43050193124999997 0.8087225281249999 0.44015444062500003 0.8331043953125 0.440797940625 0.8331043953125 0.44980695 0.8228021984374999 0.4639639640625 0.8238324171875 0.49935650000000004 0.8296703296875 0.49227799218749996 0.8313873624999999 0.46975547031250003 0.8478708796875001 0.4646074640625 0.8513049453124999 0.459459459375 0.8622939562499999 0.46846846875 0.8767170328124999 0.47104247031249996 0.8756868125 0.47812097812500004 0.8787774718750001 0.4890604890625 0.891140109375 0.48391248437499995 0.8945741765624999 0.49420849375 0.903502746875 0.49420849375 0.90625 0.4890604890625 0.9103708796875001 0.49292149218750003 0.91174450625 0.48648648593750005 0.9158653843750001 0.48648648593750005 0.9247939562499999 0.5238095234375 0.9481456046875 0.5238095234375 0.9574175828125 0.5308880312500001 0.9629120875 0.5514800515625 0.9553571421875 0.5579150578125 0.9570741765624999 0.575289575 0.9646291203124999 0.5740025734375 0.971497253125 0.5791505796875 0.9745879125 0.559202059375 0.9793956046875 0.559202059375 0.9821428578125 0.58108108125 0.9694368125 0.5881595875000001 0.971497253125 0.597168596875 0.9910714281249999 0.6003860999999999 1 0.5990990984375 0.9996565937499999 0.45045045000000006
0 0.6030219781249999 0.972329471875 0.5985576921875 0.9639639640625 0.591002746875 0.9639639640625 0.587225275 0.95045045 0.5803571421875 0.9414414421874999 0.577609890625 0.9118404124999999 0.5669642859375 0.903474903125 0.5518543953124999 0.9021879015625001 0.546359890625 0.9073359078125 0.5017170328125 0.9047619046875001 0.47081043906250003 0.9086229093749999 0.4677197796875 0.9118404124999999 0.46840659375 0.9350064343750001 0.46462912031250003 0.9382239374999999 0.45398351718749996 0.9337194343749999 0.4515796703125 0.9111969109375 0.4433379125 0.9111969109375 0.44230769218750005 0.9221364218750001 0.4361263734375 0.9272844265625 0.4364697796875 0.9343629343750001 0.42410714218749995 0.93050193125 0.39732142812500004 0.9446589453125 0.3921703296875 0.9620334625 0.3835851640625 0.96911196875 0.3743131875 0.9916344921875 0.3801510984375 0.996138996875 0.596153846875 0.9954954953125 0.6030219781249999 0.9929214921874999 0.6030219781249999 0.972329471875
0 0.8234890109374999 0.9427284421875 0.8262362640625 0.9324324328125 0.8241758234375001 0.9208494203124999 0.8193681312500001 0.9182754187500001 0.8241758234375001 0.9169884171874999 0.8269230765625 0.8963963968750001 0.8303571421875 0.8976833984375 0.8303571421875 0.9054054046875001 0.8379120875 0.9182754187500001 0.8300137359375 0.9227799234375 0.8282967031249999 0.9298584296874999 0.8255494499999999 0.974903475 0.8272664828125 0.99356499375 0.8296703296875 0.9697554703125 0.8420329671875001 0.9620334625 0.846153846875 0.9478764484375001 0.8475274718750001 0.9208494203124999 0.858859890625 0.90604890625 0.8605769234375 0.8976833984375 0.8396291203124999 0.8674388671875001 0.8197115390624999 0.8751608750000001 0.8066620875 0.859716859375 0.7922390109374999 0.8610038609374999 0.7798763734375 0.85585585625 0.7578983515625 0.8622908625000001 0.7390109890625001 0.83075933125 0.73695055 0.8166023171875001 0.7300824171875 0.8011583015625 0.71875 0.7889317890624999 0.7063873625 0.7644787640625 0.702609890625 0.7857142859375 0.703296703125 0.8127413125 0.7070741765624999 0.8211068218750001 0.7139423078125 0.822393821875 0.7190934062500001 0.8333333328125001 0.7204670328125 0.847490346875 0.746565934375 0.89382239375 0.7493131875000001 0.9105534109375 0.7486263734375 0.9337194343749999 0.7448489015625 0.9395109390625 0.6967719781249999 0.9433719437500001 0.6782280218750001 0.9382239374999999 0.6425137359375 0.9446589453125 0.634958790625 0.9613899609375001 0.6102335171875 0.9665379671875 0.6071428578125 0.9916344921875 0.6109203296875 0.996138996875 0.653502746875 0.996138996875 0.6579670328125 0.9929214921874999 0.658653846875 0.978764478125 0.6644917578125 0.9703989703125 0.691277471875 0.958815959375 0.71875 0.9639639640625 0.7421016484375 0.9948519953125 0.7578983515625 0.9845559843749999 0.7736950546875 0.996138996875 0.8125 0.996782496875 0.8221153843750001 0.9916344921875 0.8234890109374999 0.9427284421875
0 0.9790521984374999 0.728442728125 0.9375 0.6698841703125 0.9423076921875 0.61840411875 0.96325549375 0.6048906046875 0.9642857140625001 0.5990990984375 0.9608516484375 0.596525096875 0.962225275 0.5888030890625 0.9371565937499999 0.584298584375 0.9337225281249999 0.5701415703125 0.9296016484375 0.5804375796875 0.9261675828125 0.5791505796875 0.9251373624999999 0.559202059375 0.9220467031249999 0.5546975546875 0.9103708796875001 0.5585585578125001 0.8849587906249999 0.5546975546875 0.8767170328124999 0.5585585578125001 0.878434065625 0.565637065625 0.8746565937499999 0.5740025734375 0.871909340625 0.56885456875 0.86298076875 0.5740025734375 0.8595467031249999 0.5611325609375 0.828640109375 0.5611325609375 0.7984203296875 0.553410553125 0.79395604375 0.559202059375 0.7956730765625 0.61904761875 0.77438186875 0.610038609375 0.7407280218750001 0.615186615625 0.7263049453125 0.6113256109375 0.71256868125 0.584298584375 0.7022664828125 0.5727155734375 0.67479395625 0.56885456875 0.6572802203125 0.5862290859375 0.6548763734375 0.6126126125 0.6421703296875 0.61840411875 0.6445741765624999 0.6422136421875 0.6246565937499999 0.6164736171875 0.6157280218750001 0.61904761875 0.590315934375 0.6126126125 0.569024725 0.6216216218749999 0.54979395625 0.6177606171875001 0.53743131875 0.6447876453125 0.52575549375 0.6550836546875 0.51820055 0.6550836546875 0.5051510984375 0.6447876453125 0.47802197812499997 0.640283140625 0.47802197812499997 0.5978120984374999 0.4800824171875 0.5900900906250001 0.49965659375 0.577863578125 0.5013736265625 0.5579150578125 0.5188873625 0.5289575296875 0.5456730765625 0.527670528125 0.5480769234375 0.5231660234375 0.5487637359375 0.49871299843749994 0.5546016484375 0.49034749062499994 0.5813873625 0.4890604890625 0.5916895609374999 0.48005147968750006 0.596497253125 0.46846846875 0.6081730765625 0.46589446562500003 0.6136675828125 0.4414414421875 0.6390796703125 0.435006434375 0.6428571421875 0.41248391250000005 0.6452609890625001 0.41055341093750003 0.6548763734375 0.409266409375 0.658997253125 0.41570141562499996 0.6686126375 0.4144144140625 0.6864697796875 0.422136421875 0.6895604390625001 0.4111969109375 0.6947115390625 0.40669240625 0.7146291203125 0.4131274125 0.7190934062500001 0.4047619046875 0.7180631875000001 0.396396396875 0.70570055 0.3925353921875 0.6981456046875001 0.402831403125 0.690590659375 0.40154440156250004 0.6861263734375 0.3828828828125 0.694024725 0.37451737500000004 0.7043269234375 0.3770913765625 0.7053571421875 0.353281853125 0.7098214281249999 0.3513513515625 0.722184065625 0.3230373234375 0.734546703125 0.31917631874999997 0.7496565937499999 0.303732303125 0.752403846875 0.2921492921875 0.765453296875 0.28185328125 0.7702609890625001 0.2728442734375 0.7805631875000001 0.2702702703125 0.7991071421875 0.240669240625 0.8142170328124999 0.22908622968749998 0.8193681312500001 0.1924066921875 0.8121565937499999 0.18661518593749998 0.7922390109374999 0.196911196875 0.783997253125 0.2175032171875 0.765453296875 0.22393822343749997 0.7578983515625 0.23680823750000002 0.73798076875 0.253539253125 0.721497253125 0.275418275 0.7173763734375 0.2870012875 0.6981456046875001 0.29472329531249997 0.6864697796875 0.3178893171875 0.672046703125 0.3294723296875 0.6665521984375 0.33976833906250004 0.634958790625 0.3629343625 0.631524725 0.3758043765625 0.628090659375 0.371943371875 0.6239697796875 0.38223938281250003 0.61229395625 0.3835263828125 0.6013049453125 0.40411840468750004 0.5813873625 0.41827541874999996 0.5765796703125 0.435006434375 0.5552884609375 0.4388674390625 0.5422390109374999 0.44787644843749996 0.5353708796875 0.4646074640625 0.5188873625 0.4851994859375 0.516140109375 0.49549549531250003 0.48454670312500003 0.5083655078125 0.48351648281250004 0.515444015625 0.4790521984375 0.5173745171874999 0.46668956093749997 0.5456885453125 0.45295329687499997 0.559845559375 0.45020604375 0.5675675671875 0.4392170328125 0.5701415703125 0.4361263734375 0.5797940796875001 0.4385302203125 0.5855855859375 0.4519230765625 0.5888030890625 0.4519230765625 0.624839125 0.4484890109375 0.6389961390625001 0.4519230765625 0.6480051484375 0.4484890109375 0.6608751609375 0.4498626375 0.671171171875 0.4457417578125 0.6827541828125 0.45054945 0.6981981984375001 0.4388736265625 0.70592020625 0.4388736265625 0.7213642218749999 0.44402472499999995 0.734877734375 0.5044642859375 0.7335907328125 0.5449862640625 0.7258687265625 0.5669642859375 0.734877734375 0.5748626375 0.7290862296875 0.5769230765625 0.7020592015625 0.584134615625 0.678249678125 0.6548763734375 0.675675675 0.658997253125 0.7014157015625 0.6761675828125 0.7039897046875 0.6857829671875 0.675675675 0.7098214281249999 0.66924066875 0.73798076875 0.6705276703124999 0.7805631875000001 0.6550836546875 0.80048076875 0.658944659375 0.8066620875 0.6460746453125 0.8183379125 0.64350064375 0.8258928578125 0.6473616468750001 0.8307005500000001 0.6576576578125 0.865728021875 0.65637065625 0.878434065625 0.6763191765625 0.878434065625 0.6994852 0.8863324171875 0.70656370625 0.9103708796875001 0.702702703125 0.9371565937499999 0.7052767046875 0.9395604390625 0.7213642218749999 0.9443681312500001 0.7277992281250001 0.9388736265625001 0.7368082375 0.9392170328124999 0.752895753125 0.9694368125 0.7631917625 0.9756181312500001 0.7734877734375 0.993475275 0.7760617765625 1 0.784427284375 0.9996565937499999 0.7490347484375001 0.9790521984374999 0.728442728125
0 1 0.9362934359375 0.9996565937499999 0.8893178890625 0.940590659375 0.8996139 0.9220467031249999 0.86872586875 0.9210164828125 0.902831403125 0.9179258234375001 0.9073359078125 0.90075549375 0.90604890625 0.8828983515625 0.9124839124999999 0.8828983515625 0.903474903125 0.8746565937499999 0.9047619046875001 0.871565934375 0.9105534109375 0.8839285718750001 0.93114543125 0.8859890109374999 0.9478764484375001 0.8938873624999999 0.9601029593750001 0.8956043953125 0.9453024453125 0.90006868125 0.9356499359375 0.9261675828125 0.9214929218749999 0.9371565937499999 0.93050193125 0.946771978125 0.927927928125 0.96256868125 0.9356499359375 0.9896978015625001 0.9710424703125 0.9883241765624999 0.94401544375 1 0.9362934359375