1 0.09140625 0.390625 0.065625 0.0546875
1 0.45234375 0.45546875 0.059375 0.04609375
1 0.7921875 0.57421875 0.12109375 0.13984375
1 0.48671875 0.40859375 0.2234375 0.0765625
1 0.2359375 0.40390625 0.078125 0.0546875
1 0.93125 0.6515625 0.11484375 0.13359375
1 0.97109375 0.525 0.0578125 0.046875
1 0.884375 0.51640625 0.08046875 0.0625
1 0.975 0.5765625 0.05 0.0671875
1 0.06796875 0.44765625 0.10078125 0.05234375
1 0.28671875 0.45078125 0.04921875 0.04140625
1 0.3328125 0.45078125 0.02421875 0.04140625
1 0.671875 0.4671875 0.07421875 0.03671875
0 0.5173148640624999 0.967455621875 0.5218433671875 0.962130178125 0.524240809375 0.967455621875 0.5231752796875 0.9852071 0.5250399578125 0.995266271875 0.5372935531249999 0.99053254375 0.545018646875 0.9615384609375001 0.552210975 0.9526627218750001 0.5655301015624999 0.953846153125 0.5719232812499999 0.9644970421875 0.5772509328125001 0.9668639046875 0.6118806609375 0.9443786984375 0.65929675 0.9278106515625 0.9070324984375 0.8721893484375001 0.91395844375 0.8627218937500001 0.9192860953125 0.8615384609375001 0.9246137453125 0.84142011875 0.9331379859375 0.8331360953125 0.937932871875 0.8355029578125001 0.9416622265625 0.8284023671874999 0.9571124140625 0.8366863906249999 0.9659030375000001 0.8514792906249999 0.9712306875 0.8715976328125 0.9712306875 0.8810650890625 0.9688332453124999 0.8887573968750001 0.9637719765625 0.8893491125 0.9643047421875 0.8976331359374999 0.9757591906249999 0.9242603546874999 0.9997336171875 0.9420118343749999 1 0.77337278125 0.9885455515625001 0.7656804734375 0.9842834312500001 0.7798816562499999 0.980554075 0.763313609375 0.9768247203125 0.7763313609375 0.9651038890624999 0.7928994078125 0.9528502937500001 0.795266271875 0.9240809796875 0.8201183437499999 0.8910495468749999 0.8130177515625 0.8670751203125 0.8189349109374999 0.8265849765625 0.815384615625 0.8228556203125 0.8165680468750001 0.8159296749999999 0.8295857984375001 0.7978156640625 0.83076923125 0.7823654765625 0.8248520703125 0.7733084703124999 0.8331360953125 0.75839105 0.8355029578125001 0.7376132125 0.8295857984375001 0.7293553546875 0.8171597640625 0.7293553546875 0.7923076921875001 0.7376132125 0.7644970421874999 0.749866809375 0.7491124265625 0.7567927546875 0.7467455625 0.7738412359375 0.7550295859375 0.79621736875 0.7443786984375 0.8074054343749999 0.7562130171875 0.8159296749999999 0.7562130171875 0.8244539156249999 0.742011834375 0.838838571875 0.736094675 0.8510921687499999 0.7384615390625 0.856952584375 0.7455621296875 0.8750665953125001 0.74792899375 0.8849227484375 0.73076923125 0.887053809375 0.7236686390625 0.8867874265625 0.7124260359375 0.8910495468749999 0.7171597640625 0.898774640625 0.7035502953125 0.88252530625 0.679289940625 0.8724027703124999 0.6769230765625001 0.867607884375 0.6698224859375 0.8622802343749999 0.6698224859375 0.836174746875 0.648520709375 0.8308470968749999 0.6497041421875001 0.8265849765625 0.64260355 0.8159296749999999 0.6402366859375 0.8116675546875 0.6236686390624999 0.7967501328125 0.6236686390624999 0.7882258921874999 0.605917159375 0.7546616937499999 0.57988165625 0.748801278125 0.5775147921875 0.7376132125 0.5869822484375 0.734416621875 0.5846153843749999 0.7296217375 0.55857988125 0.7077783703125 0.5467455625000001 0.6971230687500001 0.5502958578125 0.674214171875 0.536094675 0.65290356875 0.531360946875 0.6283963765625 0.5124260359374999 0.612413425 0.5088757390625 0.6006925953125 0.499408284375 0.592168353125 0.5029585796875 0.5852424078125 0.49822485156249996 0.5767181671875 0.5017751484375 0.5330314328125 0.5005917156249999 0.441928609375 0.493491125 0.43606819375 0.499408284375 0.30820458125 0.5005917156249999 0.3018114015625 0.49704142031250004 0.2922216296875 0.5017751484375 0.2607884921875 0.5041420125 0.1909962703125 0.5017751484375 0.1648907828125 0.50532544375 0.1451784765625 0.5005917156249999 0.137719765625 0.5100591718749999 0.10202450781250001 0.5147929 0.08763985156250001 0.5088757390625 0.07698455 0.48994082812500006 0.06526371875 0.48402366875 0.049280767187500005 0.48994082812500006 0.0375599359375 0.51597633125 0.024240809375 0.5230769234375 0 0.527218934375 0.0002663828125 0.995266271875 0.2810335640625 0.995266271875 0.286627596875 0.9887573968750001 0.290356953125 0.927218934375 0.29808204531250004 0.90532544375 0.323122003125 0.8828402359374999 0.340170484375 0.8792899406249999 0.3513585515625 0.8852071 0.3574853484375 0.90946745625 0.364944059375 0.9236686390625 0.362280234375 0.9615384609375001 0.3638785296875 0.9840236687499999 0.36734150312499997 0.995266271875 0.5093233890625 0.9958579875 0.516249334375 0.9899408281250001 0.5173148640624999 0.967455621875
0 0.98694725625 0.621301775 0.9842834312500001 0.626035503125 0.97895578125 0.6177514796875 0.9539158234375 0.6023668640625 0.9488545546875 0.59467455625 0.9509856156250001 0.5852071 0.9491209375 0.57988165625 0.935269046875 0.56923076875 0.931539690625 0.56923076875 0.9211507718749999 0.58402366875 0.9240809796875 0.6023668640625 0.9848161953125001 0.6378698218750001 0.9890783171875001 0.6508875734374999 1 0.653846153125 0.9997336171875 0.6224852078125 0.98694725625 0.621301775
0 0.929607625 0.606477859375 0.9256132609375 0.5816408828124999 0.9109672546875001 0.5810495812500001 0.9043099796874999 0.5704051234375 0.8473628124999999 0.5337278109375 0.83564198125 0.532544378125 0.7890059734375 0.498850978125 0.7802344171875 0.48402366875 0.760522109375 0.4863905328125 0.7530633984375 0.4828402359375 0.746137453125 0.468639053125 0.7376132125 0.46508875781250003 0.7338838578125 0.45325443749999994 0.7222325859375001 0.45739311093749996 0.7083854609375 0.4544363296875 0.7086517484375 0.46685482812499995 0.6380846296875 0.4662634578125 0.639682371875 0.47690789218749996 0.6646244 0.479289940625 0.6779435265625 0.48994082812500006 0.691262653125 0.4863905328125 0.705647309375 0.499408284375 0.7080447515625 0.49644970468749994 0.7059136921875 0.48816568125000004 0.7099094296875 0.479289940625 0.7131060203125 0.49704142031250004 0.7338838578125 0.49704142031250004 0.7530633984375 0.5124260359374999 0.7871603625 0.5289940828125 0.790356953125 0.5278106515625 0.7924880125 0.520710059375 0.79621736875 0.520710059375 0.7948854562500001 0.5319526625 0.7999467234375001 0.5372781062499999 0.8122003203125001 0.542011834375 0.819126265625 0.5502958578125 0.82765050625 0.5491124265625 0.8292488015625 0.5562130171875 0.847895578125 0.5656804734375 0.8548215234375001 0.5775147921875 0.8787959515624999 0.6023668640625 0.8945125203125001 0.6029585796875 0.9075652640625 0.59881656875 0.929607625 0.606477859375
0 0.13665423593749998 0.421301775 0.14224826875000002 0.42662721875000004 0.13958444375 0.436094675 0.14091635625 0.437869821875 0.143047415625 0.43076923125000005 0.149440596875 0.4319526625 0.1712839640625 0.421301775 0.189397975 0.4295857984375 0.19579115625000001 0.44142011875 0.2032498671875 0.4331360953125 0.213372403125 0.44142011875 0.21976558281249997 0.44142011875 0.222695790625 0.436094675 0.222695790625 0.4301775140625 0.21763452343749998 0.416568046875 0.196323921875 0.4106508875 0.192594565625 0.3964497046875 0.1862013859375 0.394082840625 0.17767714375000002 0.39881656875 0.169152903125 0.4106508875 0.1531699515625 0.41420118281249996 0.14890783125 0.40946745625 0.137187 0.41893491093749996 0.0812466703125 0.4106508875 0.072456046875 0.41834319531249997 0.07698455 0.4224852078125 0.111614278125 0.42603550312499994 0.11960575312499999 0.42011834375 0.12093766718750001 0.42662721875000004 0.11933937187500002 0.440828403125 0.1217368140625 0.446153846875 0.1251997875 0.4455621296875 0.1329248796875 0.44023668593750004 0.13665423593749998 0.421301775
0 0.34976025625 0.42603550312499994 0.3572189671875 0.40828402343750003 0.37266915312500004 0.4071005921875 0.37453383125 0.40059171562499996 0.3718700046875 0.3923076921875 0.37453383125 0.37573964531250004 0.3694725625 0.3704142015625 0.35988279218749997 0.3704142015625 0.341236015625 0.3869822484375 0.3279168890625 0.378698225 0.3215237078125 0.37988165625 0.3129994671875 0.38934911250000004 0.29701651562500003 0.37988165625 0.27464038281250003 0.3810650890625 0.2719765578125 0.3964497046875 0.261587640625 0.4017751484375 0.26291955312500004 0.40946745625 0.2666489078125 0.40591715937500006 0.2674480546875 0.411242603125 0.26291955312500004 0.4106508875 0.259190196875 0.427218934375 0.2365476828125 0.436094675 0.247469365625 0.447337278125 0.256526371875 0.448520709375 0.264517846875 0.4319526625 0.2751731484375 0.436686390625 0.2874267453125 0.4295857984375 0.3098028765625 0.437869821875 0.314064996875 0.447337278125 0.3180607359375 0.44911242656250006 0.325785828125 0.4343195265625 0.34976025625 0.42603550312499994
0 0.5039957375 0.4278106515625 0.496803409375 0.41893491093749996 0.4944059671875 0.436094675 0.50506126875 0.43964497031249994 0.507192328125 0.436094675 0.5039957375 0.4278106515625
0 0.5428876828125 0.4544328453125 0.5455515078125 0.4485156859375 0.5554076609374999 0.4443736734375 0.5167211171874999 0.44496924218749995 0.5181141078125 0.4526576984375 0.522376228125 0.462125153125 0.529035790625 0.4544328453125 0.5428876828125 0.4544328453125
0 0.634256621875 0.45502707343750004 0.639948659375 0.4479314171875 0.639682371875 0.429599375 0.6315927968749999 0.42662470625 0.6246668515625 0.41952411562499997 0.6140115500000001 0.4171572515625 0.598407265625 0.4089018984375 0.5965432265625 0.4201376578125 0.6067648375 0.4333349203125 0.6076183687500001 0.430175003125 0.6209374953125 0.42780813906250004 0.6246668515625 0.4443761859375 0.634256621875 0.45502707343750004
0 0.5866904671875 0.45798448125 0.5970758109375 0.46212398125 0.6006924234375 0.4692282578125 0.6046881609375 0.46863654062500004 0.6052209265624999 0.4390507421875 0.605907134375 0.43651028593749996 0.598673553125 0.44201785156250006 0.5925488609375 0.4461573515625 0.5866904671875 0.45798448125
0 0.48716281875 0.4290026125 0.39103176875 0.4290026125 0.3905167828125 0.411242603125 0.3886521046875 0.4 0.3883688578125 0.430776678125 0.37719765625 0.436094675 0.3801278640625 0.44378698281249995 0.3827916890625 0.44260355 0.3899666 0.44733467656250003 0.40061824062499996 0.44733467656250003 0.41526424687499996 0.4650753703125 0.4243473625 0.44260355 0.42511702656250006 0.4343248296875 0.43074054375 0.4319526625 0.47229621718750003 0.4319526625 0.4786893984375 0.44142011875 0.487480021875 0.44437869843750005 0.490143846875 0.436094675 0.48716281875 0.4290026125
0 0.62413425625 0.9668639046875 0.6081513046875 0.9680473375 0.595897709375 0.9786982249999999 0.592168353125 0.9869822484374999 0.5801811406249999 0.993491125 0.5879062328125 0.9976331359374999 0.6169419281249999 0.9970414203125 0.6217368140625 0.993491125 0.62413425625 0.9668639046875
0 0.730420884375 0.9911242609375 0.7314864140624999 0.9497041421875 0.7296217375 0.9301775140625 0.7221630265625001 0.9396449703125 0.671816728125 0.9497041421875 0.6784762921875 0.963313609375 0.6877996796875 0.963905325 0.687266915625 0.9958579875 0.6891315921875 0.99881656875 0.7261587640625 0.9994082843750001 0.7296217375 0.9976331359374999 0.730420884375 0.9911242609375
0 0.7736646125 0.9852071 0.7811233234375 0.9840236687499999 0.7829880015625 0.9857988171875001 0.7797914109375 0.9940828406250001 0.7848526796875 0.9994082843750001 0.843456834375 0.9958579875 0.8545058078125001 0.9866462203124999 0.8690295578124999 0.9745562124999999 0.8799512406250001 0.953846153125 0.8820823015625001 0.940828403125 0.8802176234375001 0.936686390625 0.8716933828125001 0.936686390625 0.8653002015625001 0.94260355 0.85571043125 0.9402366859375 0.8522474578124999 0.931360946875 0.85970616875 0.9159763312500001 0.8546449 0.9106508874999999 0.7470263609375001 0.9331360953125 0.7350391468749999 0.9396449703125 0.7334408515625 0.9976331359374999 0.7680705796875 1 0.7739309953125 0.9964497046874999 0.7736646125 0.9852071