1 0.5234375 0.07890625 0.08046875 0.06484375
1 0.615625 0.29296875 0.10703125 0.14296875
1 0.39453125 0.4375 0.1453125 0.17890625
1 0.3234375 0.03828125 0.0578125 0.06796875
1 0.39140625 0.7859375 0.38203125 0.42734375
1 0.521875 0.33515625 0.07265625 0.10078125
1 0.721875 0.3796875 0.10546875 0.13515625
1 0.8953125 0.0640625 0.1109375 0.0953125
1 0.26484375 0.03984375 0.04375 0.0515625
1 0.94453125 0.30859375 0.1046875 0.1578125
1 0.65 0.08046875 0.14921875 0.0703125
1 0.4 0.328125 0.08203125 0.08125
1 0.2125 0.61015625 0.06953125 0.12421875
1 0.22890625 0.02734375 0.0328125 0.05
1 0.521875 0.028125 0.04140625 0.0453125
1 0.8 0.590625 0.271875 0.30703125
1 0.7703125 0.18125 0.15078125 0.12734375
1 0.8625 0.33984375 0.0671875 0.08671875
1 0.58671875 0.16640625 0.0421875 0.0515625
1 0.5640625 0.184375 0.02578125 0.0421875
1 0.89296875 0.06171875 0.11015625 0.09609375
0 0.649651971875 0.7104978359375 0.657772621875 0.7029220781250001 0.6566125296875 0.6888528140625 0.6363109046875 0.666125540625 0.6351508124999999 0.6542207796875 0.6392111375 0.64448051875 0.63399071875 0.6369047625 0.6403712296874999 0.616341990625 0.64211136875 0.5535714281249999 0.649651971875 0.5265151515625 0.6589327140625 0.509199134375 0.666763340625 0.4761904765625 0.669953596875 0.48106060624999997 0.6748839906249999 0.5054112546875 0.676914153125 0.4929653671875 0.6757540609375 0.4832251078125 0.6777842234375 0.4794372296875 0.6835846875 0.48160173124999994 0.6922853828125 0.4924242421875 0.698085846875 0.508658009375 0.70562645 0.5108225109375 0.7224477953124999 0.49891774843750003 0.72679814375 0.49188311718750005 0.7238979125 0.4832251078125 0.726218096875 0.472402596875 0.72186775 0.46212121249999993 0.710266821875 0.46753246718749997 0.69054524375 0.4491341984375 0.68648491875 0.433982684375 0.68242459375 0.44155844218749996 0.6795243625 0.435064934375 0.67430394375 0.4329004328125 0.6716937359374999 0.42478355 0.6716937359374999 0.39772727343750003 0.6673433875 0.3917748921875 0.6621229703125 0.397186146875 0.6435614843749999 0.39393939375000003 0.6409512765625001 0.40097402656250003 0.6409512765625001 0.41829004375 0.6368909515625 0.4323593078125 0.624419953125 0.453463203125 0.6168793499999999 0.459956709375 0.5988979125 0.453463203125 0.5925174015625 0.45670995625 0.5838167046875 0.45670995625 0.578016240625 0.45129870156249996 0.5652552203125001 0.453463203125 0.5623549890625 0.46212121249999993 0.55336426875 0.46807359374999996 0.5562645015625 0.4767316015625 0.55133410625 0.4891774890625 0.5414733171874999 0.4924242421875 0.5379930390625 0.5075757578125 0.5298723890625 0.508658009375 0.5220417640624999 0.5200216453125 0.535672853125 0.5303030296875 0.5406032484375001 0.5416666671875 0.5394431546875 0.565476190625 0.53538283125 0.578463203125 0.54437355 0.5800865796875 0.5406032484375001 0.571969696875 0.5432134578125 0.566017315625 0.54930394375 0.5708874453125 0.5446635734374999 0.5903679656249999 0.5455336421875 0.61904761875 0.5536542921875001 0.5876623375000001 0.5571345703125 0.5833333328125 0.55742459375 0.5936147187499999 0.5611948953125 0.5995671 0.564965196875 0.5860389609375 0.56960556875 0.5795454546875 0.5719257546875001 0.5579004328125 0.584686775 0.509199134375 0.5881670531250001 0.4832251078125 0.5965777265625001 0.4729437234375 0.6006380515624999 0.4761904765625 0.61600928125 0.5200216453125 0.6165893265625 0.5427489171875 0.623549884375 0.5698051953125 0.6229698375 0.6011904765625 0.6252900234375 0.6066017312499999 0.623549884375 0.6369047625 0.626450115625 0.6520562765625 0.6218097453125 0.6617965375 0.6229698375 0.68127705625 0.6206496515625 0.6899350656250001 0.622389790625 0.7029220781250001 0.6337006953125 0.7110389609375 0.6418213453125 0.7272727265625 0.649071925 0.7332251078125 0.6566125296875 0.7256493500000001 0.649651971875 0.7104978359375
0 1 0.5795454546875 0.9817285390625001 0.5551948046875 0.9736078890625001 0.5508658015625 0.9614269140625 0.5519480515625 0.9376450109375 0.5270562765625 0.9324245937500001 0.5270562765625 0.9257540609375001 0.5438311687499999 0.9216937359375 0.5633116890625 0.9216937359375 0.5860389609375 0.917923434375 0.5887445890625 0.913863109375 0.5735930734375 0.91038283125 0.5822510828125 0.9048723890625 0.5860389609375 0.9048723890625 0.6011904765625 0.9089327140625001 0.615259740625 0.90313225 0.6369047625 0.8781902546874999 0.6498917750000001 0.8747099765625 0.666125540625 0.8787703015625 0.6801948046875 0.8773201859374999 0.6958874453125 0.8674593968750001 0.703463203125 0.862819025 0.70021645 0.855278421875 0.7251082249999999 0.83961716875 0.7326839828125 0.8274361953125 0.7510822515625 0.8239559171874999 0.746753246875 0.818155453125 0.7478354984375 0.8158352671875001 0.753246753125 0.8036542921875001 0.753246753125 0.7926334109375001 0.7608225109375 0.7923433875 0.76893939375 0.787703015625 0.7743506499999999 0.7859628765625 0.7830086578125 0.778712296875 0.790043290625 0.77726218125 0.7970779218749999 0.7729118328125 0.8019480515625 0.770591646875 0.790043290625 0.7569605562499999 0.7840909093749999 0.7511600921875 0.8176406921874999 0.7482598609375 0.86850649375 0.745939675 0.8782467531249999 0.746519721875 0.8998917750000001 0.7375290015625 0.9047619046875001 0.7337587 0.9009740265625 0.7366589328125001 0.8782467531249999 0.7346287703125001 0.8603896109375 0.72882830625 0.859307359375 0.725348028125 0.86904761875 0.72070765625 0.8679653671875001 0.7178074249999999 0.8603896109375 0.698085846875 0.8419913421875 0.69054524375 0.81818181875 0.678944315625 0.8300865796875 0.67024361875 0.8300865796875 0.6682134578125 0.8208874453125 0.66038283125 0.8116883109374999 0.6551624125 0.796536796875 0.65429234375 0.8057359312499999 0.657772621875 0.8122294374999999 0.6511020875 0.8257575750000001 0.6464617171875 0.81818181875 0.6348607890625 0.8138528140625001 0.63399071875 0.7916666671875 0.6403712296874999 0.7797619046875 0.6389211140625 0.7727272734375 0.620359628125 0.7543290046875 0.610498840625 0.7294372296875 0.5681554531249999 0.6677489171875 0.5617749421875 0.6461038968749999 0.5495939671875 0.6331168828125 0.5414733171874999 0.6298701296875 0.48578886250000003 0.5454545453125 0.46374709999999997 0.5183982687500001 0.4544663578125 0.5216450218750001 0.44982598593749995 0.5119047625 0.437064965625 0.5216450218750001 0.42372389843749997 0.5205627703125 0.40458236718749996 0.5292207796875 0.39414153125 0.5205627703125 0.37848027812499996 0.4924242421875 0.3610788859375 0.4729437234375 0.3494779578125 0.440476190625 0.3454176328125 0.45021645 0.3413573078125 0.44805194843749996 0.3338167046875 0.4134199140625 0.32511600937499996 0.4166666671875 0.3207656609375 0.41071428593750003 0.3172853828125 0.371753246875 0.32569605625000003 0.35064934999999997 0.3222157765625 0.3517316015625 0.3193155453125 0.34740259687499997 0.290313225 0.35064934999999997 0.2871229703125 0.366341990625 0.2845127609375 0.36904761875 0.278712296875 0.3701298703125 0.2743619484375 0.365259740625 0.2668213453125 0.33928571406249997 0.269721578125 0.32521645 0.272621809375 0.321969696875 0.267691415625 0.31926406875 0.2668213453125 0.3133116890625 0.27494199531249996 0.3046536796875 0.2801624125 0.2851731609375 0.272621809375 0.278679653125 0.274651971875 0.26839826875 0.26711136875 0.26731601718750003 0.263631090625 0.26082251093750003 0.25899071875 0.2619047625 0.2523201859375 0.25595238125 0.2511600921875 0.24945887500000002 0.2572505796875 0.234848484375 0.278712296875 0.23268398281249997 0.282772621875 0.25649350625 0.298433875 0.26406926406250003 0.3222157765625 0.26082251093750003 0.32366589375 0.2548701296875 0.3138051046875 0.2418831171875 0.3132250578125 0.2169913421875 0.3138051046875 0.20616883125 0.31815545312500004 0.2045454546875 0.3222157765625 0.1915584421875 0.32569605625000003 0.1926406921875 0.33178654218750003 0.2126623375 0.3323665890625 0.24945887500000002 0.33700696093750004 0.2851731609375 0.3459976796875 0.2867965375 0.3610788859375 0.27922077968750003 0.3610788859375 0.2629870125 0.373549884375 0.2581168828125 0.3712296984375 0.2234848484375 0.3767401390625 0.20562770625 0.41966357343749994 0.1991341984375 0.444025521875 0.20346320312500002 0.4524361953125 0.19534632031250002 0.4518561484375 0.17370129843749998 0.4483758703125 0.16937229375 0.448085846875 0.1601731609375 0.43474477968749997 0.15692640625 0.4225638046875 0.147186146875 0.415893271875 0.1325757578125 0.41357308593750003 0.11634199062499999 0.4048723890625 0.1120129875 0.40458236718749996 0.10173160156250001 0.392691415625 0.10010822500000001 0.3909512765625 0.07088744531249999 0.38805104375 0.065476190625 0.3924013921875 0.0573593078125 0.410672853125 0.050324675 0.40226218124999996 0.040043290625 0.3964617171875 0.0238095234375 0.3918213453125 0.0227272734375 0.389501159375 0.0108225109375 0.3761600921875 0.0119047625 0.3651392109375 0.021645021875 0.360498840625 0.01839826875 0.35788863125 0.024350649999999998 0.35788863125 0.08279220781249999 0.35179814375 0.0854978359375 0.3488979125 0.097402596875 0.33961716875 0.102813853125 0.32859628750000003 0.102813853125 0.3294663578125 0.10984848437500001 0.3274361953125 0.11147186093749999 0.298433875 0.11147186093749999 0.29437355 0.0822510828125 0.286832946875 0.0854978359375 0.1847447796875 0.08441558437499999 0.1812645015625 0.08766233749999999 0.1896751734375 0.1022727265625 0.1893851515625 0.10606060625 0.1835846875 0.103896103125 0.17836426875 0.0898268390625 0.170823665625 0.0865800859375 0.1574825984375 0.097402596875 0.14994199531250002 0.11147186093749999 0.1383410671875 0.115800865625 0.1252900234375 0.128246753125 0.1241299296875 0.1358225109375 0.1281902546875 0.1488095234375 0.12935034843749998 0.16937229375 0.121519721875 0.19372294375000002 0.102378190625 0.1991341984375 0.082076565625 0.1980519484375 0.07830626406249999 0.19426406875 0.0754060328125 0.17478355 0.07279582343749999 0.1731601734375 0.0623549890625 0.178571428125 0.060034803125 0.185064934375 0.04727378125 0.1980519484375 0.0159512765625 0.2045454546875 0.0118909515625 0.2175324671875 0 0.222402596875 0 0.58170995625 0.0069605562499999996 0.5871212124999999 0.0098607890625 0.6076839828125 0.0159512765625 0.621212121875 0.022621809375 0.628246753125 0.02726218125 0.6466450218750001 0.035672853125 0.6634199140625 0.0516241296875 0.6520562765625 0.0411832953125 0.5925324671875 0.0423433875 0.5795454546875 0.0455336421875 0.575757575 0.051914153124999994 0.5822510828125 0.057424593749999996 0.5968614718749999 0.06148491874999999 0.6120129875 0.0626450109375 0.6325757578125 0.066995359375 0.647186146875 0.071055684375 0.640692640625 0.0785962875 0.6417748921875 0.080046403125 0.6379870125 0.0667053359375 0.5860389609375 0.07279582343749999 0.559523809375 0.07888631093750001 0.5633116890625 0.094257540625 0.6266233765625 0.10179814375 0.6233766234375 0.100928075 0.6076839828125 0.10730858437499999 0.6044372296875 0.104408353125 0.5600649343749999 0.106438515625 0.541125540625 0.10991879375 0.541125540625 0.11600928125000001 0.55573593125 0.1261600921875 0.6071428578125 0.129640371875 0.6071428578125 0.1334106734375 0.6001082249999999 0.1334106734375 0.5936147187499999 0.13805104375 0.5871212124999999 0.1374709984375 0.5795454546875 0.1328306265625 0.571969696875 0.134570765625 0.5611471859375 0.1322505796875 0.5330086578125 0.136600928125 0.5248917750000001 0.142691415625 0.528679653125 0.1519721578125 0.5676406921875 0.15313225 0.584956709375 0.1574825984375 0.5887445890625 0.1650232015625 0.5833333328125 0.1670533640625 0.57521645 0.1629930390625 0.5340909093749999 0.15429234375 0.5275974031249999 0.1612529 0.5167748921875 0.1650232015625 0.503246753125 0.16937355 0.5081168828125 0.1780742453125 0.5395021640625 0.18039443125000001 0.558982684375 0.1847447796875 0.5649350656250001 0.1975058 0.5541125546875 0.2149071921875 0.546536796875 0.2236078890625 0.5519480515625 0.2317285390625 0.5487012984375 0.2386890953125 0.540043290625 0.255510440625 0.5346320343750001 0.27291183281250003 0.51948051875 0.282772621875 0.5173160171875 0.290313225 0.5010822515625 0.294953596875 0.5021645015625 0.31235498906250003 0.490259740625 0.3314965203125 0.48484848437499994 0.335266821875 0.496212121875 0.333236659375 0.509740259375 0.32163573125 0.51948051875 0.27929234375 0.5422077921875 0.274651971875 0.54978355 0.26305104375 0.5519480515625 0.2537703015625 0.5627705625 0.2375290015625 0.5714285718750001 0.234338746875 0.578463203125 0.2476798140625 0.6109307359375 0.24535962812499998 0.6260822515625 0.24593967499999997 0.6466450218750001 0.24332946562500002 0.6558441562499999 0.2392691421875 0.653679653125 0.22592807499999998 0.6666666671875 0.20504640312500003 0.6731601734375 0.20185614843750002 0.6801948046875 0.20127610156250003 0.6964285718750001 0.1972157765625 0.7029220781250001 0.20185614843750002 0.7245671 0.2004060328125 0.7272727265625 0.19257540625 0.7245671 0.1943155453125 0.7169913421875 0.1882250578125 0.703463203125 0.17256380468750002 0.7012987015625 0.1690835265625 0.7132034625 0.1569025515625 0.7142857140625 0.155742459375 0.7261904765625 0.1354408359375 0.7316017312499999 0.1357308578125 0.7418831171875 0.1334106734375 0.7483766234375 0.1252900234375 0.753787878125 0.126450115625 0.7775974031249999 0.130510440625 0.7905844156249999 0.11803944375 0.8062770562500001 0.11252900156250001 0.7981601734375 0.1102088171875 0.7667748921875 0.1075986078125 0.7619047625 0.102378190625 0.7640692640625 0.098317865625 0.758658009375 0.08555684531249999 0.75649350625 0.0835266828125 0.7613636359375 0.084686775 0.7754329 0.0809164734375 0.7770562765625 0.079176334375 0.7835497828125 0.0672853828125 0.7905844156249999 0.0745359625 0.797619046875 0.075986078125 0.8035714281249999 0.075986078125 0.8295454546875 0.0794663578125 0.8587662343750001 0.07569605625 0.8766233765625 0.071055684375 0.8733766234375 0.0678654296875 0.8782467531249999 0.075116009375 0.8863636359375 0.066995359375 0.8896103890625 0.06496519687499999 0.8858225109375001 0.066125290625 0.8782467531249999 0.062064965625 0.8717532468750001 0.060904871875 0.85551948125 0.05945475625 0.8517316015624999 0.053944315625 0.8511904765624999 0.0516241296875 0.8198051953125001 0.044953596875 0.8073593078125001 0.0350928078125 0.8170995671875 0.027552204687499998 0.8149350656250001 0.020591646875 0.8235930734375 0.015371229687499998 0.8235930734375 0.0002900234375 0.8116883109374999 0.0002900234375 0.9220779218749999 0.005510440625 0.90692640625 0.0159512765625 0.89393939375 0.032192575 0.897186146875 0.0385730859375 0.90692640625 0.04727378125 0.9112554109375001 0.0658352671875 0.9025974031249999 0.0745359625 0.903679653125 0.098317865625 0.9448051953125001 0.10179814375 0.9437229437499999 0.10904872343750001 0.9301948046874999 0.1096287703125 0.922619046875 0.0933874703125 0.9009740265625 0.0933874703125 0.8912337656249999 0.09773781875000001 0.8798701296875 0.10701856093749999 0.8766233765625 0.11194895625000001 0.8890692640625 0.1102088171875 0.9074675328125 0.115429234375 0.9291125546875 0.11397911875 0.959956709375 0.12209976874999999 0.9632034624999999 0.1342807421875 0.9545454546875 0.1424013921875 0.9556277062499999 0.14733178593750001 0.9669913421875 0.14559164687499998 0.9951298703125 0.147621809375 0.9967532468750001 0.1847447796875 0.9945887453125 0.19228538281250002 0.9826839828124999 0.1998259859375 0.984848484375 0.20388631093749998 0.9967532468750001 0.209686775 0.9967532468750001 0.2134570765625 0.9886363640625 0.2117169375 0.9604978359375 0.2163573078125 0.9518398265625001 0.21751740156250002 0.9420995671875 0.2134570765625 0.9301948046874999 0.2134570765625 0.9204545453125 0.2035962875 0.8988095234375001 0.22012761093750002 0.8766233765625 0.24100928124999998 0.8571428578125 0.2412993046875 0.846861471875 0.24564965156250002 0.84307359375 0.25696055625 0.8198051953125001 0.2497099765625 0.8138528140625001 0.247389790625 0.8019480515625 0.24332946562500002 0.8073593078125001 0.240429234375 0.797619046875 0.2337587 0.802489178125 0.2311484921875 0.816017315625 0.2236078890625 0.8127705625000001 0.2079466359375 0.8170995671875 0.20475638125 0.8133116890625001 0.203016240625 0.7905844156249999 0.2073665890625 0.7835497828125 0.217807425 0.7835497828125 0.2236078890625 0.7748917750000001 0.23578886250000003 0.7716450218750001 0.24274942031250002 0.7619047625 0.25493039375 0.7629870125 0.249419953125 0.7397186140625001 0.250580046875 0.7321428578125 0.25493039375 0.7316017312499999 0.2572505796875 0.7251082249999999 0.2816125296875 0.70670995625 0.2894431546875 0.6964285718750001 0.2862529 0.6883116890625 0.26711136875 0.6753246749999999 0.2604408359375 0.666125540625 0.26711136875 0.6623376624999999 0.274071925 0.6731601734375 0.290313225 0.677489178125 0.297853828125 0.6893939390625 0.3077146171875 0.6818181812499999 0.3056844546875 0.64448051875 0.29872389843749997 0.6369047625 0.29930394374999997 0.6293290046875 0.30539443125 0.6147186140625001 0.316125290625 0.6044372296875 0.31815545312500004 0.5909090906250001 0.3338167046875 0.5898268390625 0.3358468671875 0.5795454546875 0.3459976796875 0.5627705625 0.3535382828125 0.559523809375 0.359338746875 0.56926406875 0.3767401390625 0.5714285718750001 0.3857308578125 0.5936147187499999 0.3924013921875 0.6006493500000001 0.4040023203125 0.6266233765625 0.4080626453125 0.628787878125 0.43590487187500004 0.683982684375 0.451566125 0.6893939390625 0.4608468671875 0.6796536796875 0.47070765625 0.6785714281249999 0.4776682140625 0.6655844156249999 0.5031902546875 0.64393939375 0.5113109046875 0.64393939375 0.5414733171874999 0.6666666671875 0.5759860781249999 0.746212121875 0.576566125 0.753787878125 0.5725058 0.7624458875 0.5719257546875001 0.7830086578125 0.5664153125 0.7922077921875 0.5536542921875001 0.8008658015625001 0.544953596875 0.8149350656250001 0.52117169375 0.8235930734375 0.509570765625 0.8419913421875 0.49042923437499997 0.85064935 0.47998839843749996 0.8679653671875001 0.45968677500000005 0.8831168828125 0.4533062640625 0.9025974031249999 0.43822505781250004 0.9134199140625 0.431844546875 0.925324675 0.4272041765625 0.925324675 0.40980278437499995 0.9415584421875 0.40429234375 0.9518398265625001 0.4040023203125 0.959956709375 0.3964617171875 0.9567099562499999 0.3883410671875 0.958874459375 0.3738399078125 0.9664502171875 0.36861948906249997 0.9751082249999999 0.3651392109375 0.9740259734375 0.36223897968749996 0.9664502171875 0.3445475640625 0.9669913421875 0.3494779578125 0.9978354984375001 0.40284222812500003 0.9967532468750001 0.424883990625 0.9924242421875 0.4277842234375 0.9880952375 0.4356148484375 0.997294371875 0.44750579999999995 0.99350649375 0.725348028125 0.9956709953124999 0.729408353125 0.9902597406250001 0.733468678125 0.9967532468750001 0.744489559375 0.99350649375 0.8668793499999999 0.9967532468750001 0.8767401390625 0.9913419906250001 0.894721578125 0.9913419906250001 0.898781903125 0.9967532468750001 0.9083526687499999 0.9583333328125001 0.9150232015625 0.90692640625 0.9254640375 0.9015151515625 0.9295243624999999 0.90692640625 0.9388051046875001 0.9047619046875001 0.9448955921875 0.8933982687500001 0.943155453125 0.8847402593749999 0.9457656609375 0.878787878125 0.9573665890624999 0.875541125 0.961136890625 0.8641774890624999 0.9608468671875 0.85606060625 0.9765081203125 0.84307359375 0.9846287703125001 0.8419913421875 0.9930394437500001 0.853354978125 0.9947795828125001 0.8641774890624999 0.9921693734374999 0.86904761875 0.9886890953125 0.8625541125 0.9881090484374999 0.8733766234375 1 0.8706709953124999 0.9970997687500001 0.8641774890624999 0.9988399078124999 0.859848484375 0.9970997687500001 0.8479437234375 1 0.8360389609375 1 0.5795454546875
0 0.0562645015625 0.7234848484375 0.058584687499999996 0.7094155843750001 0.064095128125 0.6991341984375 0.071055684375 0.69372294375 0.083236659375 0.6958874453125 0.08961716875 0.7012987015625 0.098317865625 0.7218614718749999 0.102378190625 0.7218614718749999 0.1917053359375 0.6601731609375 0.1908352671875 0.6455627703125 0.18445475625000002 0.6369047625 0.18445475625000002 0.6120129875 0.1806844546875 0.602813853125 0.1731438515625 0.6038961031250001 0.1621229703125 0.6147186140625001 0.11919953593749999 0.6352813859374999 0.105278421875 0.6493506499999999 0.0623549890625 0.6731601734375 0.055974478125000005 0.6893939390625 0.0464037125 0.6985930734375 0.042923434375 0.7104978359375 0.0446635734375 0.71807359375 0.038863109374999996 0.7169913421875 0.038863109374999996 0.75595238125 0.0446635734375 0.7581168828125 0.056844546875 0.747294371875 0.0562645015625 0.7234848484375
0 0.5011600921875 0.40638528125000006 0.5084106734375 0.3928571421875 0.51102088125 0.39339826875 0.5162413 0.4085497828125 0.5162413 0.41720779218750004 0.521751740625 0.4231601734375 0.525812065625 0.4199134203125 0.5310324828125 0.40584415625 0.5414733171874999 0.40367965312500004 0.5458236656250001 0.384740259375 0.5426334109375001 0.372294371875 0.5298723890625 0.377705628125 0.517691415625 0.372294371875 0.5072505796875 0.353896103125 0.5008700703125 0.3517316015625 0.49825986093749997 0.340367965625 0.494489559375 0.3354978359375 0.49042923437499997 0.3452380953125 0.4901392109375 0.3014069265625 0.49506960624999996 0.29329004375 0.5002900234375 0.291125540625 0.51305104375 0.303030303125 0.524651971875 0.303030303125 0.548433875 0.33116883124999996 0.5530742453124999 0.34090909062499997 0.560904871875 0.302489178125 0.5626450109375 0.2613636359375 0.5652552203125001 0.2510822515625 0.6075986078125 0.2175324671875 0.6122389796875 0.21645021718750002 0.613399071875 0.2207792203125 0.62790023125 0.23160173125 0.634570765625 0.22781385312500002 0.6328306265625 0.22132034687500002 0.634570765625 0.2104978359375 0.6319605562499999 0.2045454546875 0.625580046875 0.2045454546875 0.6238399078125 0.21320346250000002 0.615429234375 0.2126623375 0.618329465625 0.2104978359375 0.6197795828125 0.20021645000000002 0.6247099765625 0.202922078125 0.626450115625 0.189935065625 0.624419953125 0.1861471859375 0.6087587 0.1958874453125 0.5878770296875 0.1991341984375 0.5664153125 0.2121212125 0.560034803125 0.2110389609375 0.5597447796874999 0.22781385312500002 0.5571345703125 0.23051948125 0.548433875 0.2175324671875 0.546983759375 0.2202380953125 0.5498839906249999 0.2353896109375 0.5466937359374999 0.24242424218749997 0.5374129937500001 0.2370129875 0.53335266875 0.24567099531249997 0.52929234375 0.24458874531250002 0.525812065625 0.234848484375 0.520591646875 0.23160173125 0.5124709984375 0.23593073593749997 0.509570765625 0.25 0.49854988437500003 0.24783549843750002 0.48694895625 0.25649350625 0.4776682140625 0.253246753125 0.457076565625 0.26244588750000003 0.45359628750000003 0.271103896875 0.45301624062499996 0.3079004328125 0.4393851515625 0.3106060609375 0.43271461718750004 0.32954545468749996 0.43387470937500006 0.3371212125 0.463167053125 0.371212121875 0.46519721562500005 0.3695887453125 0.46461716875 0.35227272656249997 0.46664733125 0.34740259687499997 0.4770881671875 0.3419913421875 0.4852088171875 0.3495671 0.4976798140625 0.3739177484375 0.49651972187500004 0.3869047625 0.48578886250000003 0.3917748921875 0.47476798125 0.3798701296875 0.47041763281250004 0.3804112546875 0.47795823593750003 0.3955627703125 0.4785382828125 0.415043290625 0.486368909375 0.4166666671875 0.4901392109375 0.43127705625 0.4947795828125 0.4323593078125 0.5011600921875 0.41720779218750004 0.5011600921875 0.40638528125000006
0 0.957076565625 0.3955627703125 0.9564965203125 0.38149350625 0.951566125 0.374458875 0.917923434375 0.3701298703125 0.91038283125 0.377705628125 0.90226218125 0.375541125 0.895591646875 0.3804112546875 0.90226218125 0.39069264062500003 0.9260440828125001 0.4047619046875 0.9495359625 0.4085497828125 0.9556264499999999 0.4047619046875 0.957076565625 0.3955627703125
0 0.8326566124999999 0.3290043296875 0.8587586999999999 0.3008658015625 0.8610788859375 0.29329004375 0.887180975 0.27597402656250003 0.8909512765625 0.271103896875 0.8892111375 0.26569264062500003 0.8604988406249999 0.2370129875 0.83961716875 0.22619047656250002 0.8274361953125 0.23160173125 0.7845127609375 0.26731601718750003 0.774071925 0.2705627703125 0.7688515078125 0.29329004375 0.7572505796875 0.284632034375 0.7395591640625 0.2927489171875 0.7810324828125 0.325757575 0.7830626453125 0.32954545468749996 0.7845127609375 0.353896103125 0.7966937359374999 0.35930735937499997 0.8007540609375001 0.352813853125 0.8123549890625 0.372294371875 0.8167053359375 0.3728354984375 0.8288863109375001 0.3544372296875 0.8326566124999999 0.3290043296875
0 0.1566125296875 0.014610389062500001 0.15603248281249998 0.000541125 0.143561484375 0.0010822515625 0.1392111375 0.024350649999999998 0.12790023125 0.028138528125 0.1247099765625 0.036255410937499996 0.126450115625 0.0384199140625 0.1545823671875 0.021645021875 0.1566125296875 0.014610389062500001
0 0.04437355 0.1125541125 0.083236659375 0.0735930734375 0.1026682140625 0.058982684375000004 0.0919373546875 0.0335497828125 0.08613689062499999 0.03138528125 0.0739559171875 0.0378787875 0.0577146171875 0.059523809375 0.046113689062500005 0.06601731562499999 0.0188515078125 0.09307359375 0.001450115625 0.10064935 0.000580046875 0.153138528125 0.0159512765625 0.134199134375 0.04437355 0.1125541125