1 0.77109375 0.41640625 0.16484375 0.17109375
1 0.62734375 0.33515625 0.11484375 0.09609375
1 0.7609375 0.26875 0.06953125 0.07578125
1 0.85625 0.29453125 0.11328125 0.09296875
1 0.54375 0.24921875 0.0921875 0.071875
1 0.12734375 0.70546875 0.2546875 0.3890625
1 0.27890625 0.4453125 0.11328125 0.12734375
1 0.24765625 0.359375 0.109375 0.09609375
1 0.3921875 0.225 0.075 0.103125
1 0.48359375 0.2078125 0.10625 0.1046875
1 0.1984375 0.22734375 0.06015625 0.07578125
1 0.35859375 0.171875 0.05 0.065625
1 0.36171875 0.03984375 0.05390625 0.05078125
1 0.08984375 0.271875 0.16796875 0.0953125
1 0.28359375 0.1609375 0.04140625 0.05625
1 0.890625 0.1953125 0.0671875 0.05390625
0 0.67378843125 0.2586009171875 0.671964565625 0.25458715625 0.6414799375 0.2758027515625 0.6433038046874999 0.28325688125 0.6552892124999999 0.28325688125 0.658936946875 0.278669725 0.6667535171875001 0.2844036703125 0.6711829078125 0.2941513765625 0.67378843125 0.2803899078125 0.67378843125 0.2586009171875
0 0.6057842625000001 0.2901376140625 0.6143824906249999 0.276949540625 0.5948410625 0.2752293578125 0.5891089109375 0.2821100921875 0.583376759375 0.2821100921875 0.579989578125 0.2849770640625 0.575820740625 0.3021788984375 0.595101615625 0.3044724765625 0.6021365296875001 0.30275229375 0.6057842625000001 0.2901376140625
0 0.9400729546875001 0.33314220156249996 0.937206878125 0.3279816515625 0.9194893171875 0.319954128125 0.9132360609375001 0.32224770625 0.9101094312500001 0.3165137609375 0.9062011468750001 0.334288990625 0.9009900984374999 0.3377293578125 0.9046378328125 0.3446100921875 0.9041167281250001 0.3549311921875 0.9025534125 0.3663990828125 0.8968212609374999 0.38016055 0.9101094312500001 0.3910550453125 0.9299114124999999 0.3979357796875 0.9338196984374999 0.4053899078125 0.9400729546875001 0.36869266093749997 0.9400729546875001 0.33314220156249996
0 0.795726940625 0.1955275234375 0.7923397609375 0.18807339375 0.7832204265625 0.1817660546875 0.7905158937500001 0.1381880734375 0.7866076078125 0.1330275234375 0.7725377796874999 0.1307339453125 0.75898905625 0.13990825625 0.7519541421875 0.165711009375 0.750390828125 0.1932339453125 0.7519541421875 0.22419724843750002 0.768890046875 0.232798165625 0.782959875 0.2339449546875 0.7923397609375 0.2293577984375 0.7962480453125 0.23451834843750002 0.797811359375 0.20584862343750002 0.795726940625 0.1955275234375
0 0.9794163625 0.3256880734375 0.9700364765625 0.33715596406250004 0.9528400203125 0.33715596406250004 0.9491922875000001 0.3325688078125 0.9447628968749999 0.34575688125 0.9437206874999999 0.391628440625 0.9455445546875 0.40252293593750005 0.953361125 0.40825688125 0.9564877546874999 0.40596330312499995 0.9614382484374999 0.3904816515625 0.961959353125 0.38130733906250003 0.96638874375 0.37729357812500003 0.9692548203125 0.38016055 0.9676915062500001 0.40424311875 0.9689942671875 0.4116972484375 1 0.415711009375 0.999739446875 0.3302752296875 0.9794163625 0.3256880734375
0 0.7360604484375 0.348623853125 0.7402292859374999 0.3451834859375 0.747524753125 0.348623853125 0.764721209375 0.34174311875 0.766545075 0.3377293578125 0.7649817609375 0.3113532109375 0.7532569046875001 0.30275229375 0.744919228125 0.3038990828125 0.733454925 0.2981651375 0.729807190625 0.3016055046875 0.725638353125 0.29357798125 0.71365294375 0.2924311921875 0.702188640625 0.2821100921875 0.69437206875 0.2821100921875 0.692027096875 0.276949540625 0.7045336109375 0.2631880734375 0.7058363734374999 0.24197247656249998 0.7219906203125 0.2339449546875 0.7251172484375 0.237385321875 0.7303282953125 0.23509174375000003 0.7360604484375 0.221330275 0.7423137046875 0.2178899078125 0.7462219906249999 0.20126146718750001 0.7457008859375 0.185206421875 0.7412714953124999 0.1811926609375 0.7240750390625 0.1915137609375 0.6855132875 0.1983944953125 0.6904637828125 0.20240825624999997 0.6925482015625 0.2253440359375 0.6891610218750001 0.237385321875 0.679520584375 0.24942660625 0.676915059375 0.2631880734375 0.6763939546875 0.2849770640625 0.6789994781249999 0.29873853281249996 0.685773840625 0.31020642187499997 0.68681605 0.33658256875000003 0.6938509640625 0.344036696875 0.7209484109375001 0.3451834859375 0.715997915625 0.3549311921875 0.7264200109375001 0.3572247703125 0.734497134375 0.35550458749999997 0.7360604484375 0.348623853125
0 0.24387701874999998 0.5086009171875 0.236321 0.5091743125 0.232412715625 0.5177752296875 0.23163105781249999 0.5298165140625 0.221469515625 0.492545871875 0.2206878578125 0.48279816562500005 0.21782178281250003 0.4845183484375 0.21782178281250003 0.49369266093749997 0.21547681093749999 0.5 0.205054715625 0.5011467890625 0.20270974531250002 0.4845183484375 0.1990620109375 0.4753440359375 0.1990620109375 0.45126146718750004 0.21365294375000002 0.43979357812500003 0.19489317343749998 0.3973623859375 0.19228765 0.3641055046875 0.1881188125 0.34575688125 0.1938509640625 0.3216743125 0.19254820156250002 0.3084862390625 0.1800416890625 0.30733945 0.17378843125000001 0.3233944953125 0.1698801453125 0.3228211015625 0.1690984890625 0.30963302812500004 0.140437728125 0.3107798171875 0.137050546875 0.31938073437500003 0.13600833750000002 0.3308486234375 0.1321000515625 0.33715596406250004 0.110213653125 0.3383027515625 0.09197498750000001 0.3474770640625 0.0695674828125 0.346330275 0.058363731249999995 0.3618119265625 0.0562793125 0.37213302812500004 0.0578426265625 0.3973623859375 0.0526315796875 0.4122706421875 0.0547159984375 0.4409403671875 0.057582073437500006 0.44724770625000004 0.0591453875 0.44954128437499996 0.062272017187499994 0.44266055 0.0737363203125 0.43692660625 0.0836373109375 0.444954128125 0.0870244921875 0.43979357812500003 0.088327253125 0.430045871875 0.0945805109375 0.42431192656250005 0.10109432031250001 0.42947247656250004 0.1042209484375 0.4466743125 0.102657634375 0.4627293578125 0.095101615625 0.4678899078125 0.090932778125 0.47591743124999997 0.060969254687499995 0.478784403125 0.06044815 0.5086009171875 0.0664408546875 0.5493119265625 0.0752996359375 0.550458715625 0.1357477859375 0.5252293578125 0.1529442421875 0.5103211015625 0.17378843125000001 0.511467890625 0.18056279375 0.5183486234375 0.19254820156250002 0.5447247703125 0.2133923921875 0.55275229375 0.227983325 0.5928899078125001 0.235278790625 0.5860091749999999 0.2371026578125 0.6141055046874999 0.2412714953125 0.6290137609374999 0.24908806718749998 0.6427752296875 0.251693590625 0.6553899078125001 0.2485669625 0.5567660546875 0.24387701874999998 0.5086009171875
0 1 0.7276376140624999 0.953361125 0.71674311875 0.9510161546875 0.7081422015625 0.9541427828125 0.689793578125 0.9418968218750001 0.6811926609375 0.9379885359375001 0.6680045875 0.94163626875 0.612958715625 0.9450234500000001 0.603211009375 0.978374153125 0.55275229375 0.9893173531249999 0.5447247703125 1 0.5441513765625 0.999739446875 0.4747706421875 0.98150078125 0.4770642203125 0.9575299640624999 0.49197247656250004 0.9528400203125 0.4908256875 0.937206878125 0.511467890625 0.9340802500000001 0.5080275234375 0.9267847843749999 0.5103211015625 0.9215737359375 0.5183486234375 0.91688379375 0.5194954125 0.898384575 0.5418577984375 0.8978634703124999 0.5785550453125 0.8892652421875 0.598623853125 0.8809275671875 0.6043577984375 0.8806670140625 0.612958715625 0.8772798328125001 0.6158256875 0.8632100046875 0.613532109375 0.859562271875 0.6055045875 0.8480979671875 0.60091743125 0.8444502343750001 0.589449540625 0.8345492437500001 0.5802752296875 0.8267326734375 0.5470183484375 0.7933819703125 0.528669725 0.7803543515625 0.528669725 0.7694111515625 0.535550459375 0.7662845234375 0.5321100921874999 0.7537780093750001 0.535550459375 0.7454403328125 0.5321100921874999 0.7329338203125 0.517201834375 0.7063574781249999 0.5080275234375 0.702188640625 0.4965596328125 0.6938509640625 0.493119265625 0.6907243359375 0.49770642187499997 0.68342886875 0.48279816562500005 0.6594580515625 0.47018348593750003 0.65320479375 0.45986238593750006 0.6492965093749999 0.46502293593750005 0.6474726421875 0.49770642187499997 0.645648775 0.49369266093749997 0.6461698796875 0.46846330312499995 0.64356435625 0.448967890625 0.640177175 0.444954128125 0.6193329859375 0.4415137609375 0.6175091187499999 0.43291284374999994 0.618551328125 0.42259174374999997 0.6162063578125 0.416284403125 0.6010943203125 0.40596330312499995 0.5859822828125 0.40596330312499995 0.5698280359375001 0.39564220156249996 0.5640958828125 0.39564220156249996 0.5609692546875 0.4002293578125 0.557321521875 0.38990825625 0.553152684375 0.3979357796875 0.5492443984375 0.391628440625 0.545596665625 0.37213302812500004 0.546638875 0.348050459375 0.54950495 0.33371559687499996 0.5536737890625 0.33715596406250004 0.5583637312499999 0.3325688078125 0.56591975 0.3377293578125 0.5664408546875 0.30905963281250004 0.5609692546875 0.285550459375 0.54950495 0.28784403593749996 0.542209484375 0.2798165140625 0.518238665625 0.2752293578125 0.4994788953125 0.261467890625 0.49426784843749993 0.25344036718749996 0.48697238125000003 0.25229357812500003 0.4841063046875 0.25630733906250003 0.4830640953125 0.26892201875 0.482542990625 0.348050459375 0.46300156406250004 0.35091743124999997 0.459093278125 0.33658256875000003 0.4575299640625 0.262041284375 0.4551849921875 0.25229357812500003 0.43903074531249997 0.25344036718749996 0.4280875453125 0.2660550453125 0.4239187078125 0.2580275234375 0.41974987031250005 0.2660550453125 0.4150599265625 0.26490825625 0.41193329843750004 0.26949541250000003 0.40828556562499996 0.2660550453125 0.4046378328125 0.271788990625 0.3884835859375 0.271788990625 0.37285044218749996 0.2821100921875 0.349921834375 0.280963303125 0.34705575781250003 0.233371559375 0.3441896828125 0.219036696875 0.3181344453125 0.21330275156249998 0.31526836875 0.223050459375 0.3139656078125 0.24770642187499997 0.3061490359375 0.22477064218749998 0.29885357031250004 0.22362385312500002 0.2952058359375 0.214449540625 0.282699321875 0.20756880781249998 0.280614903125 0.2018348625 0.25872850468749997 0.1983944953125 0.2467430953125 0.20298165156249998 0.2357998953125 0.1915137609375 0.22928608593750002 0.198967890625 0.2318916109375 0.20126146718750001 0.23606044843750001 0.22419724843750002 0.23345492499999998 0.23451834843750002 0.2509119328125 0.2465596328125 0.2556018765625 0.238532109375 0.262636790625 0.2586009171875 0.266805628125 0.29300458749999997 0.29260031249999996 0.32224770625 0.2996352265625 0.33658256875000003 0.3017196453125 0.34575688125 0.299114121875 0.3595183484375 0.30015633125 0.3790137609375 0.3254299109375 0.41399082500000006 0.329338196875 0.4283256875 0.3329859296875 0.43291284374999994 0.333507034375 0.43979357812500003 0.3277748828125 0.4466743125 0.325951015625 0.4805045875 0.321782178125 0.4770642203125 0.2941636265625 0.48279816562500005 0.288431475 0.4896788984375 0.282699321875 0.48509174374999997 0.2717561234375 0.49541284374999994 0.2556018765625 0.5 0.2511724859375 0.507454128125 0.25742574218750003 0.6163990828125 0.266805628125 0.71158256875 0.2707139140625 0.7121559640624999 0.282699321875 0.7362385328125 0.297029703125 0.7345183484375 0.2980719125 0.742545871875 0.28973423593750003 0.7517201828125 0.28973423593750003 0.762041284375 0.2944241796875 0.7746559640624999 0.294945284375 0.786123853125 0.29051589375 0.785550459375 0.2832204265625 0.7694954125 0.27123501875 0.776376146875 0.2678478375 0.7930045875 0.2670661796875 0.82224770625 0.2628973421875 0.8084862390625001 0.255080771875 0.7970183484375 0.25586242812500004 0.8205275234375 0.2514330375 0.82224770625 0.23944762968750002 0.7947247703125 0.2305888484375 0.8016055046874999 0.2261594578125 0.8113532109375001 0.227983325 0.839449540625 0.21912454375 0.8279816515625 0.2144346015625 0.8107798171875 0.19515372656250002 0.8188073390625 0.193329859375 0.829701834375 0.197498696875 0.8549311921875 0.1883793640625 0.8566513765625 0.1842105265625 0.8658256874999999 0.17639395468750002 0.872706421875 0.16023970781250002 0.8738532109375001 0.1552892125 0.862958715625 0.153465346875 0.844036696875 0.1305367375 0.857798165625 0.1292339765625 0.8721330281249999 0.1318395 0.88016055 0.1310578421875 0.88990825625 0.1255862421875 0.8893348624999999 0.12167795781249999 0.8623853218749999 0.0997915578125 0.872706421875 0.0979676921875 0.8778669718750001 0.09692548125 0.9076834859374999 0.0945805109375 0.9151376140625 0.0914538828125 0.892201834375 0.0716519015625 0.8887614671874999 0.066961959375 0.8910550453124999 0.063574778125 0.898509175 0.062793121875 0.925458715625 0.0599270453125 0.898509175 0.052892131249999995 0.8944954125000001 0.0284002078125 0.9128440359375001 0 0.9260321093749999 0 0.9936926609375 0.002344971875 0.9954128437499999 0.8678999484375 0.9942660546875001 0.8697238140625 0.9925458718750001 0.8585200625 0.9782110093749999 0.8397602921875 0.964449540625 0.8342886921874999 0.9489678906250001 0.8342886921874999 0.939793578125 0.8353309015624999 0.9329128437499999 0.8434080249999999 0.91857798125 0.8566961953125001 0.9134174312500001 0.8582595109375 0.8331422015625 0.8593017203125 0.8205275234375 0.8624283484375 0.8125 0.8676393953125 0.7608944953125001 0.87154768125 0.75 0.8835330906250001 0.7396788984375 0.8887441375 0.7431192656250001 0.891089109375 0.75057339375 0.89213131875 0.8228211015625 0.8905680046875 0.848050459375 0.8858780609375 0.8675458718750001 0.8853569562500001 0.8893348624999999 0.8775403859375001 0.9180045874999999 0.8793642515625001 0.925458715625 0.8903074515625 0.9300458718750001 0.898384575 0.9478211015625 0.899426784375 0.9592889906250001 0.896560709375 0.9770642203125 0.88665971875 0.9839449546875001 0.8827514328125 0.9925458718750001 0.9306930687499999 0.99483945 1 0.9936926609375 1 0.7276376140624999