1 0.1 0.57109375 0.18671875 0.38671875
1 0.646875 0.57734375 0.15390625 0.26953125
1 0.46640625 0.58828125 0.15 0.40390625
1 0.6765625 0.37734375 0.08046875 0.13828125
1 0.303125 0.58046875 0.13515625 0.42890625
1 0.8109375 0.57109375 0.159375 0.27421875
0 0.1550123765625 0 0.1296410890625 0.02283105 0.1197400984375 0.0399543375 0.090037128125 0.0422374421875 0.08168316875000001 0.049657534375 0.08168316875000001 0.0587899546875 0.084777228125 0.0644977171875 0.08292079218750001 0.0736301375 0.103341584375 0.11586757968750001 0.09993811875 0.123287671875 0.08756188125 0.10844748906249999 0.0835396046875 0.0964611875 0.064975246875 0.066780821875 0.0581683171875 0.049657534375 0.056002474999999996 0.0285388125 0.05043316875 0.0319634703125 0.04424505 0.0262557078125 0.035272276562499996 0.027968035937500003 0.039913365625 0.035388128125 0.0457920796875 0.0359589046875 0.0426980203125 0.0416666671875 0.0426980203125 0.0644977171875 0.034962871875 0.0776255703125 0.0232054453125 0.0787671234375 0.0040222765625 0.0456621 0 0.047374429687500004 0 0.41952054843750003 0.01206683125 0.43264840156249995 0.016089109375 0.44235159843750005 0.0046410890625 0.43607305937499996 0.0012376234375 0.44006849375 0 0.4823059359375 0.0052599015625000006 0.48287671249999997 0.015779703125 0.4965753421875 0.0266089109375 0.492579909375 0.03155940625 0.4492009125 0.0358910890625 0.43436073124999997 0.0371287125 0.4058219171875 0.0436262375 0.38242009062500004 0.0795173265625 0.384703196875 0.0823019796875 0.3772831046875 0.0668316828125 0.356735159375 0.0606435640625 0.3316210046875 0.047648515625 0.3122146125 0.051361385937500004 0.2905251140625 0.061571782812499996 0.2751141546875 0.0739480203125 0.268264840625 0.0925123765625 0.27283105 0.100247525 0.30422374375 0.0959158421875 0.362442921875 0.1051980203125 0.3772831046875 0.10612623750000001 0.384703196875 0.1259282171875 0.388127853125 0.13335396093750002 0.3858447484375 0.13675742500000002 0.37043379062500004 0.14170792031249999 0.29851598125 0.146349009375 0.29109589062499996 0.1574876234375 0.2888127859375 0.1621287125 0.2836757984375 0.1615099015625 0.2745433796875 0.1522277234375 0.253995434375 0.1522277234375 0.21632420156249998 0.1423267328125 0.160388128125 0.1429455453125 0.14554794531249998 0.1485148515625 0.137557078125 0.14789603906249998 0.12956620937500002 0.1256188125 0.0804794515625 0.1231435640625 0.0736301375 0.12530940625 0.06735159843750001 0.1308787125 0.0719178078125 0.1485148515625 0.1090182640625 0.1612004953125 0.12785388125 0.1686262375 0.12100456562499999 0.1896658421875 0.1312785390625 0.20049505 0.160388128125 0.202351484375 0.17294520625 0.20823019843749999 0.18150685 0.2193688125 0.18493150625000002 0.227413365625 0.20205479375 0.2416460390625 0.20662100468750003 0.271349009375 0.203196346875 0.2793935640625 0.2123287671875 0.2923886140625 0.215753425 0.297029703125 0.23002283124999998 0.29950495 0.253995434375 0.308787128125 0.27226027343750003 0.3103341578125 0.29566210000000004 0.31992574218750003 0.2916666671875 0.30507425781249997 0.253995434375 0.316212871875 0.2391552515625 0.3112623765625 0.19577625625 0.31806930625 0.18892694062499998 0.321782178125 0.160388128125 0.3292079203125 0.1535388125 0.3323019796875 0.1284246578125 0.33756188125 0.11643835625000001 0.3449876234375 0.11643835625000001 0.34931930625 0.11073059375000001 0.3610767328125 0.111872146875 0.36540841562500004 0.1027397265625 0.396349009375 0.11529680312499999 0.4195544546875 0.154680365625 0.42883663437499997 0.18892694062499998 0.43069306875 0.22431506875 0.425742575 0.2391552515625 0.4263613859375 0.2551369859375 0.42326732656250005 0.26997716875 0.4251237625 0.2848173515625 0.43038366406249995 0.2876712328125 0.4514232671875 0.2785388125 0.453589109375 0.2905251140625 0.458849009375 0.29566210000000004 0.48298267343749995 0.29794520625 0.4866955453125 0.29452054843750003 0.4891707921875 0.3013698625 0.4984529703125 0.3002283109375 0.5012376234375 0.29280821874999996 0.502475246875 0.271118721875 0.5120668312500001 0.2534246578125 0.521967821875 0.24771689531250002 0.533725246875 0.25799086718750003 0.539913365625 0.2557077625 0.5433168312500001 0.24714611875 0.5451732671875 0.223173515625 0.54950495 0.20490867656249998 0.5488861390625 0.182077625 0.553527228125 0.1666666671875 0.5572400984375 0.16095890468750002 0.5615717828125 0.16095890468750002 0.566212871875 0.1672374421875 0.5699257421875 0.20490867656249998 0.5767326734375 0.22888127812499998 0.578589109375 0.2551369859375 0.5829207921874999 0.2619863015625 0.5878712875 0.288242009375 0.587252475 0.311073059375 0.574257425 0.3464611875 0.571782178125 0.3601598171875 0.571782178125 0.3807077625 0.578279703125 0.42351598125 0.584467821875 0.4269406390625 0.590037128125 0.41552511406250003 0.60055693125 0.41552511406250003 0.6061262375 0.41894977187500004 0.618502475 0.44292237500000003 0.64325495 0.44292237500000003 0.6466584156249999 0.43093607343749996 0.641089109375 0.41495433750000005 0.641089109375 0.3361872140625 0.6389232671875 0.3299086765625 0.6240717828125 0.3287671234375 0.621905940625 0.3202054796875 0.627475246875 0.2859589046875 0.63118811875 0.2893835609375 0.6293316828125 0.311073059375 0.6321163359375 0.313926940625 0.690903465625 0.3127853875 0.69368811875 0.3030821921875 0.684405940625 0.26883561718750004 0.6862623765625 0.246004565625 0.6946163359375 0.2283105015625 0.706992575 0.2294520546875 0.7175123765625 0.21803652968749998 0.7283415843750001 0.24372146093749997 0.7329826734375 0.24657534218750002 0.7388613859375 0.25856164375 0.7363861390625 0.26769406406249996 0.7388613859375 0.27568493125 0.7363861390625 0.28710045625 0.73700495 0.3030821921875 0.7292698015625 0.313926940625 0.7147277234375 0.31906392656250004 0.71905940625 0.3327625578125 0.721534653125 0.36700913281249997 0.7202970296875 0.450342465625 0.7178217828125 0.46974885781250003 0.7193688125000001 0.4748858453125 0.722462871875 0.4748858453125 0.7351485156249999 0.44577625625 0.7391707921874999 0.41894977187500004 0.7769183171875 0.41095890468749996 0.8208539609375001 0.4223744296875 0.8353960390624999 0.4058219171875 0.8366336640625001 0.3772831046875 0.8400371281250001 0.373287671875 0.8496287125 0.42294520625 0.8666460390624999 0.4269406390625 0.8756188125 0.478881278125 0.891089109375 0.48801369843750003 0.8957301984375 0.534246575 0.8982054453125 0.5353881281249999 0.9099628718749999 0.518264840625 0.9260519796875 0.5171232875 0.9365717828125 0.5216894984375 0.95049505 0.5519406390625 0.9486386140624999 0.5736301375 0.9371905937499999 0.6061643828125 0.9142945546875 0.609589040625 0.9053217828125 0.6055936078124999 0.8991336640625001 0.7460045656250001 0.8929455453124999 0.7505707765625 0.891089109375 0.7688356171875 0.8917079203125 0.8110730593750001 0.9019183171874999 0.819634703125 0.91893564375 0.8202054796875 0.927908415625 0.8184931499999999 0.9446163359374999 0.7922374421875 0.9774133656249999 0.7945205484375 0.98143564375 0.7859589046875 0.9826732671875 0.7071917812499999 0.98081683125 0.6809360734375 0.9866955453124999 0.6655251140625 1 0.6626712328125001 1 0.631849315625 0.9962871281250001 0.6158675796875 1 0.6044520546875 1 0.3555936078125 0.993502475 0.36643835625 0.9452351484375001 0.40867579843749996 0.94956683125 0.39726027343750003 0.9690594062500001 0.37614155312499997 0.9477103953125001 0.3755707765625 0.947400990625 0.38299086718750003 0.9427599015625001 0.384703196875 0.9421410890624999 0.376712328125 0.9334777234375 0.37214611875000003 0.927908415625 0.3584474890625 0.9211014843750001 0.3504566203125 0.9019183171874999 0.34931506875 0.8982054453125 0.353881278125 0.8790222765625 0.34703196406250003 0.865408415625 0.348173515625 0.853650990625 0.3413242015625 0.8378712875 0.3259132421875 0.8353960390624999 0.3122146125 0.8360148515624999 0.2950913234375 0.8490099015625001 0.282534246875 0.8459158421874999 0.27568493125 0.8465346531250001 0.246004565625 0.8576732671875 0.217465753125 0.8790222765625 0.1872146125 0.9081064359375001 0.1757990875 0.922339109375 0.18150685 0.9390470296875 0.174657534375 0.9619430687499999 0.1826484015625 0.9681311875 0.17808219218750002 0.9730816828125001 0.180365296875 0.9805074250000001 0.1723744296875 0.98793316875 0.1723744296875 0.9938118812500001 0.1809360734375 0.9996905937499999 0.215753425 0.9996905937499999 0 0.9885519796875 0.0034246578125000002 0.978341584375 0.037100456250000004 0.971225246875 0.04794520625 0.9582301984375 0.04794520625 0.9477103953125001 0.0547945203125 0.9378094062500001 0.069634703125 0.9130569312500001 0.0787671234375 0.908725246875 0.08219178125 0.8988242578125 0.1027397265625 0.8790222765625 0.111872146875 0.8697400984374999 0.1244292234375 0.8573638609374999 0.1301369859375 0.8394183171874999 0.1244292234375 0.8319925749999999 0.117579909375 0.8292079203125 0.1090182640625 0.83106435625 0.0873287671875 0.8233292078125001 0.0787671234375 0.772586634375 0.05821917812500001 0.7633044546875001 0.063926940625 0.7614480203125 0.057077625 0.752784653125 0.057077625 0.7490717828125 0.052511415625 0.7450495046875 0.0816210046875 0.741027228125 0.0890410953125 0.7388613859375 0.0850456625 0.73731435625 0.0433789953125 0.72431930625 0.046803653125 0.693997525 0.0399543375 0.6822400984375 0.0319634703125 0.65006188125 0.023972603125 0.6110767328125 0.0022831046875 0.6033415843750001 0.0062785390625000005 0.5977722765625 0.05993150625 0.5922029703125 0.0816210046875 0.584467821875 0.09360730625 0.56219059375 0.09360730625 0.553527228125 0.08789954375 0.546410890625 0.072488584375 0.54393564375 0.0519406390625 0.5259900984375 0.027968035937500003 0.5235148515625 0.0062785390625000005 0.5201113859375 0 0.403774753125 0 0.396967821875 0.0057077625 0.391398515625 0 0.33694306875 0 0.3295173265625 0.0057077625 0.32580445468749997 0.0022831046875 0.3236386140625 0.01426940625 0.316212871875 0.0222602734375 0.316212871875 0.029109589062500003 0.3205445546875 0.037100456250000004 0.3205445546875 0.046232876562500004 0.309715346875 0.051369862499999995 0.28867574218750003 0.0456621 0.284653465625 0.0359589046875 0.28217821718749997 0.0165525109375 0.271349009375 0 0.1550123765625 0
0 0.51825495 0.33219178125000004 0.5133044546875001 0.33105022812499996 0.5046410890625 0.31849315 0.491027228125 0.3116438359375 0.4551361390625 0.30936073125 0.45173267343749995 0.2962328765625 0.4483292078125 0.29452054843750003 0.43316831718750004 0.30650685 0.43193069375000004 0.3122146125 0.43440594062500004 0.3259132421875 0.44492574218750003 0.3464611875 0.44368811875 0.37385844687500003 0.4387376234375 0.3898401828125 0.440284653125 0.39726027343750003 0.4792698015625 0.3984018265625 0.49412128749999995 0.3915525109375 0.4984529703125 0.40068493125 0.5142326734375 0.4001141546875 0.524752475 0.3476027390625 0.51825495 0.33219178125000004
0 0.1451113859375 0 0.13706683125000002 0.0148401828125 0.1259282171875 0.0262557078125 0.1197400984375 0.0399543375 0.08694306874999999 0.0422374421875 0.0804455453125 0.049657534375 0.08601485156250001 0.0816210046875 0.103341584375 0.11586757968750001 0.09931930624999999 0.123287671875 0.0631188125 0.0644977171875 0.056311881249999994 0.043949771875 0.057549504687499996 0.030251142187500003 0.047339109375 0.023972603125 0.0436262375 0.012557078125000001 0.0392945546875 0.011415525 0.035272276562499996 0.026826484374999997 0.0426980203125 0.0405251140625 0.04331683125 0.047374429687500004 0.042079207812500005 0.06563926875000001 0.034962871875 0.0776255703125 0.0232054453125 0.0787671234375 0.014851484374999998 0.06563926875000001 0.0114480203125 0.053652968749999995 0 0.0393835609375 0 0.41952054843750003 0.01206683125 0.4337899546875 0.01299505 0.43892694062500004 0.01206683125 0.44292237500000003 0.003403465625 0.4394977171875 0 0.44577625625 0.00030940625 0.4863013703125 0.0040222765625 0.4840182640625 0.015779703125 0.4977168953125 0.0266089109375 0.492579909375 0.030321782812499996 0.4526255703125 0.0358910890625 0.43207762499999997 0.0383663359375 0.39783105 0.04424505 0.3801369859375 0.0795173265625 0.384703196875 0.0823019796875 0.3772831046875 0.066212871875 0.3555936078125 0.066212871875 0.3476027390625 0.061881187500000004 0.340753425 0.0612623765625 0.3327625578125 0.05476485156250001 0.3287671234375 0.047648515625 0.3122146125 0.051361385937500004 0.2905251140625 0.06280940625 0.27283105 0.0739480203125 0.268264840625 0.0918935640625 0.2716894984375 0.100247525 0.3019406390625 0.097153465625 0.362442921875 0.10581683125 0.3772831046875 0.10674505000000001 0.384703196875 0.134282178125 0.385273971875 0.1423267328125 0.2962328765625 0.146967821875 0.2899543375 0.159962871875 0.2876712328125 0.162747525 0.282534246875 0.1516089109375 0.25285388124999997 0.1516089109375 0.217465753125 0.14542079218749998 0.171803653125 0.14170792031249999 0.1615296796875 0.1485148515625 0.137557078125 0.14789603906249998 0.12956620937500002 0.1256188125 0.0816210046875 0.122524753125 0.072488584375 0.12469059375 0.06735159843750001 0.1296410890625 0.069634703125 0.1574876234375 0.1244292234375 0.1612004953125 0.126712328125 0.16924505 0.12100456562499999 0.1896658421875 0.1301369859375 0.20358910937500002 0.1763698625 0.221225246875 0.18607305937500002 0.228650990625 0.20205479375 0.24845297031250002 0.20662100468750003 0.271349009375 0.2043379 0.27506188125 0.2100456625 0.293007425 0.215753425 0.297648515625 0.23116438281249999 0.3001237625 0.2551369859375 0.308787128125 0.27226027343750003 0.3081683171875 0.2893835609375 0.31280940625000003 0.296803653125 0.3177599015625 0.29566210000000004 0.31992574218750003 0.288242009375 0.3044554453125 0.25627853906250003 0.3053836640625 0.24657534218750002 0.3103341578125 0.24771689531250002 0.316212871875 0.24029680312499999 0.3168316828125 0.22431506875 0.3118811875 0.21518264843749998 0.310024753125 0.19577625625 0.31868811875 0.18892694062499998 0.31806930625 0.177511415625 0.321782178125 0.1672374421875 0.32116336562500003 0.159246575 0.3298267328125 0.1523972609375 0.334777228125 0.1192922375 0.3449876234375 0.11643835625000001 0.34931930625 0.10844748906249999 0.3610767328125 0.111872146875 0.36540841562500004 0.1015981734375 0.3691212875 0.1015981734375 0.3734529703125 0.1073059359375 0.3895420796875 0.109589040625 0.396349009375 0.11529680312499999 0.41212871250000005 0.14098173593750002 0.416150990625 0.1529680359375 0.4201732671875 0.1558219171875 0.42883663437499997 0.1866438359375 0.43131188125 0.217465753125 0.42326732656250005 0.2745433796875 0.4272896046875 0.2876712328125 0.4514232671875 0.2773972609375 0.453589109375 0.2893835609375 0.4582301984375 0.29452054843750003 0.478032178125 0.29794520625 0.4866955453125 0.29452054843750003 0.490408415625 0.3013698625 0.49969059375 0.29794520625 0.5018564359375 0.27226027343750003 0.506497525 0.260273971875 0.5163985156249999 0.24771689531250002 0.522586634375 0.24657534218750002 0.533725246875 0.256849315625 0.5414603953125 0.251712328125 0.5488861390625 0.20605022812499998 0.5488861390625 0.183219178125 0.5572400984375 0.1586757984375 0.56280940625 0.15981735156250002 0.56806930625 0.171803653125 0.5705445546875 0.20376712343749998 0.5798267328125 0.246004565625 0.578589109375 0.253995434375 0.5841584156249999 0.2619863015625 0.5884900984375 0.28710045625 0.5878712875 0.3122146125 0.5748762375 0.3464611875 0.572400990625 0.3613013703125 0.572400990625 0.37956620937499996 0.5773514843750001 0.40696347031249996 0.5764232671875 0.4212328765625 0.584467821875 0.4257990875 0.591274753125 0.41438356093750006 0.603032178125 0.41552511406250003 0.6197400984375 0.441780821875 0.6426361390625 0.4394977171875 0.6448019796875 0.433219178125 0.6398514843750001 0.41267123281250007 0.641089109375 0.3350456625 0.6370668312500001 0.3287671234375 0.6240717828125 0.3299086765625 0.621905940625 0.3236301375 0.621905940625 0.311073059375 0.627475246875 0.2848173515625 0.63180693125 0.282534246875 0.6293316828125 0.30422374375 0.6345915843750001 0.313926940625 0.6915222765625 0.3127853875 0.69306930625 0.3030821921875 0.6887376234375 0.2836757984375 0.68193069375 0.27226027343750003 0.6825495046875 0.24714611875 0.6946163359375 0.2248858453125 0.7051361390625 0.226027396875 0.7144183171875 0.2134703203125 0.7175123765625 0.214611871875 0.721844059375 0.22716894999999998 0.7385519796875 0.2522831046875 0.740717821875 0.2619863015625 0.740717821875 0.27796803593749997 0.73700495 0.2893835609375 0.7388613859375 0.30536529687499997 0.721225246875 0.31849315 0.71905940625 0.3247716890625 0.721534653125 0.3498858453125 0.721534653125 0.41723744218750003 0.7209158421875 0.45148401875 0.71844059375 0.46404109531250004 0.721844059375 0.4726027390625 0.734529703125 0.44349315 0.7385519796875 0.4166666671875 0.7595915843750001 0.4098173515625 0.765160890625 0.41324200937500005 0.7676361390625 0.40525114218749997 0.78125 0.40525114218749997 0.8202351484375001 0.4212328765625 0.834777228125 0.404680365625 0.8366336640625001 0.3772831046875 0.8400371281250001 0.37214611875000003 0.850247525 0.42066210000000004 0.8672648515624999 0.4280821921875 0.8712871281250001 0.44235159843750005 0.871905940625 0.46289954375000003 0.8762376234374999 0.47773972656249997 0.88768564375 0.481735159375 0.8929455453124999 0.48915525156250006 0.89418316875 0.5222602734375 0.8982054453125 0.529680365625 0.9000618812500001 0.523972603125 0.9180074250000001 0.511415525 0.9334777234375 0.5171232875 0.9477103953125001 0.5388127859375 0.9523514843750001 0.5519406390625 0.9517326734375 0.572488584375 0.9480198015625 0.5793379 0.9436881187499999 0.601027396875 0.9347153468749999 0.6118721468749999 0.9260519796875 0.615296803125 0.9142945546875 0.6141552515625001 0.9099628718749999 0.6073059359374999 0.9071782171875 0.6227168953125 0.9077970296875 0.6523972609375 0.9059405937499999 0.6603881281249999 0.9077970296875 0.6660958906250001 0.9047029703125 0.6877853875 0.9065594062500001 0.6980593609375 0.9016089109375001 0.7163242015625 0.9071782171875 0.72431506875 0.9009900984374999 0.7494292234375 0.896658415625 0.75285388125 0.8985148515624999 0.759703196875 0.8954207921874999 0.7619863015624999 0.89356435625 0.7734018265625 0.89418316875 0.7916666671875 0.8960396046874999 0.7962328765625 0.8948019796875 0.8030821921875001 0.8982054453125 0.807077625 0.9146039609375001 0.8087899546875 0.9297648515624999 0.807077625 0.9334777234375 0.7945205484375 0.9378094062500001 0.7945205484375 0.9489480203125 0.7819634703125 0.953279703125 0.784246575 0.9569925749999999 0.7785388125 0.9693688125 0.7899543375 0.9740099015625001 0.759703196875 0.9709158421874999 0.7357305937499999 0.9733910890624999 0.7323059359374999 0.972153465625 0.723173515625 0.9740099015625001 0.7163242015625 0.9715346531250001 0.7094748859375 0.9746287125 0.7049086765625 0.9746287125 0.6957762562500001 0.9709158421874999 0.688926940625 0.9709158421874999 0.6797945203125 0.9767945546875 0.6666666671875 0.9811262375 0.6700913234375 0.98793316875 0.6609589046875 1 0.659246575 1 0.6398401828125 0.9925742578125 0.629566209375 0.9913366343750001 0.6158675796875 1 0.5987442921875 1 0.4001141546875 0.9956683171874999 0.39783105 1 0.37614155312499997 1 0.3578767125 0.9956683171874999 0.3613013703125 0.9916460390624999 0.3744292234375 0.9811262375 0.3755707765625 0.9767945546875 0.384703196875 0.966274753125 0.390410959375 0.9613242578125 0.40068493125 0.9520420796875 0.40525114218749997 0.9489480203125 0.41552511406250003 0.940903465625 0.4200913234375 0.9381188125 0.41267123281250007 0.9452351484375001 0.3995433796875 0.9672029703125 0.37614155312499997 0.94956683125 0.376712328125 0.9514232671875 0.384703196875 0.940903465625 0.3869863015625 0.9368811875 0.3841324203125 0.9387376234374999 0.3772831046875 0.934096534375 0.3755707765625 0.9297648515624999 0.36073059375 0.921720296875 0.35273972656249997 0.90625 0.3504566203125 0.8938737625 0.35616438281249996 0.8796410890624999 0.34703196406250003 0.8548886140624999 0.342465753125 0.8378712875 0.3247716890625 0.8360148515624999 0.29851598125 0.83818069375 0.29109589062499996 0.847153465625 0.282534246875 0.8452970296875 0.27796803593749997 0.8459158421874999 0.246004565625 0.8514851484375001 0.2391552515625 0.8551980203125 0.217465753125 0.8790222765625 0.18493150625000002 0.890779703125 0.18378995468749998 0.909344059375 0.17351598125 0.921720296875 0.18150685 0.92543316875 0.1757990875 0.9446163359374999 0.17351598125 0.9613242578125 0.1826484015625 0.984839109375 0.1700913234375 0.990408415625 0.1723744296875 0.99443069375 0.1797945203125 0.9996905937499999 0.2134703203125 0.9996905937499999 0 0.9897896046874999 0.0022831046875 0.977722771875 0.0393835609375 0.9724628718749999 0.04794520625 0.9600866343750001 0.04794520625 0.9477103953125001 0.0559360734375 0.9378094062500001 0.069634703125 0.921720296875 0.0730593609375 0.9068688125 0.0844748859375 0.9047029703125 0.0941780828125 0.8982054453125 0.1015981734375 0.8777846531250001 0.1130136984375 0.8691212875 0.12557077656249999 0.85674505 0.128995434375 0.8387995046875 0.1244292234375 0.8319925749999999 0.11643835625000001 0.8292079203125 0.1044520546875 0.83168316875 0.0873287671875 0.827660890625 0.0799086765625 0.815903465625 0.0776255703125 0.7806311874999999 0.05821917812500001 0.7645420796875 0.05821917812500001 0.7614480203125 0.053652968749999995 0.7521658421875 0.0559360734375 0.74969059375 0.052511415625 0.74443069375 0.08390410937500001 0.741027228125 0.0890410953125 0.7388613859375 0.08390410937500001 0.738242575 0.049657534375 0.734839109375 0.0433789953125 0.6927599015625 0.0388127859375 0.6865717828125 0.0319634703125 0.65068069375 0.023972603125 0.609839109375 0.001141553125 0.6033415843750001 0.0062785390625000005 0.6014851484375 0.0359589046875 0.59344059375 0.0804794515625 0.585086634375 0.0947488578125 0.571472771875 0.0958904109375 0.5615717828125 0.0947488578125 0.5482673265625 0.07933789999999999 0.5433168312500001 0.05079908749999999 0.5253712875 0.025684931249999998 0.5232054453125 0 0.40191831718750004 0 0.396349009375 0.004566209375 0.3920173265625 0 0.32518564375 0 0.314975246875 0.0222602734375 0.32116336562500003 0.043949771875 0.3165222765625 0.0502283109375 0.28867574218750003 0.0445205484375 0.284653465625 0.0336757984375 0.2834158421875 0.0176940640625 0.271967821875 0 0.1451113859375 0
0 0.9170792078125001 0.99143835625 0.9022277234375 0.9628995437500001 0.8991336640625001 0.9183789953125 0.8892326734375 0.89783105 0.8861386140624999 0.8772831046875 0.859839109375 0.8401826484375 0.8109529703125 0.8390410953125 0.8084777234375 0.8458904109375001 0.80043316875 0.8333333328125001 0.784344059375 0.8378995437500001 0.743502475 0.8344748859375001 0.740099009375 0.839611871875 0.740099009375 0.8498858453125001 0.74443069375 0.8898401828125 0.7379331687499999 0.8984018265625 0.728650990625 0.8984018265625 0.7168935640625 0.90639269375 0.7051361390625 0.901826484375 0.6980198015625 0.876141553125 0.6825495046875 0.8533105015625001 0.6794554453125 0.8361872140625 0.6800742578125 0.81563926875 0.6779084156249999 0.8105022828124999 0.64944306875 0.8047945203125 0.59931930625 0.8047945203125 0.5915841578125 0.8533105015625001 0.571782178125 0.876141553125 0.5668316828125 0.89783105 0.559096534375 0.9143835609375 0.5529084156249999 0.9223744296874999 0.5448638609375 0.9212328765625 0.5420792078125001 0.9263698625 0.54393564375 0.9377853875 0.5423886140625 0.9486301375 0.527537128125 0.9600456625 0.521967821875 0.9589041093749999 0.5139232671875 0.9440639265625 0.5043316828125 0.9412100453125 0.502475246875 0.927511415625 0.5043316828125 0.9160958906250001 0.51299505 0.89783105 0.5105198015625 0.8932648406249999 0.5080445546875 0.8613013703125001 0.5018564359375 0.8441780828125 0.5006188125000001 0.828196346875 0.5012376234375 0.816780821875 0.50618811875 0.8110730593750001 0.50680693125 0.799657534375 0.49659653437499995 0.796803653125 0.4987623765625 0.7893835609375001 0.490408415625 0.7853881281249999 0.48298267343749995 0.7956621 0.47555693125 0.7853881281249999 0.4452351484375 0.784246575 0.440284653125 0.7945205484375 0.43533415781249996 0.7865296796875 0.41181930624999996 0.7876712328125001 0.4115099015625 0.8076484015625001 0.40037128749999995 0.8247716890625 0.4009900984375 0.8327625578125 0.3873762375 0.8327625578125 0.3886138609375 0.839611871875 0.38366336562500003 0.868150684375 0.3830445546875 0.8909817359375 0.3808787125 0.89497716875 0.35241336562500003 0.89497716875 0.346225246875 0.8984018265625 0.34282178281250003 0.9115296796875001 0.34344059374999997 0.9195205484375 0.3483910890625 0.92865296875 0.34931930625 0.942922375 0.35241336562500003 0.9315068500000001 0.35643564375 0.93436073125 0.3626237625 0.9697488578125 0.3706683171875 0.99143835625 0.3808787125 0.9977168953125 0.9102722765625 0.9982876718749999 0.9142945546875 0.9977168953125 0.9170792078125001 0.99143835625
0 0.152846534375 0.8727168953125 0.1509900984375 0.8590182640625 0.159653465625 0.8407534249999999 0.1602722765625 0.8030821921875001 0.166150990625 0.7808219171874999 0.17295792031249999 0.7819634703125 0.1763613859375 0.7745433796875 0.16181930625000002 0.7636986296875 0.153155940625 0.7420091328125 0.147586634375 0.7477168953125 0.131497525 0.75 0.1234529703125 0.7557077624999999 0.10550742500000002 0.754566209375 0.0956064359375 0.7899543375 0.08818069375000001 0.7910958906250001 0.0863242578125 0.7808219171874999 0.078898515625 0.7956621 0.0736386140625 0.788242009375 0.06930693125000001 0.7608447484374999 0.055383664062500004 0.7328767125 0.026299504687500003 0.7283105015625 0.006497525 0.7408675796875 0 0.7323059359374999 0.00030940625 0.8253424656250001 0.016398515625000002 0.8264840187500001 0.0238242578125 0.84360730625 0.031868812499999996 0.83219178125 0.040532178125 0.8356164390625 0.045482673437499996 0.8458904109375001 0.053527228125000006 0.84931506875 0.0634282171875 0.848173515625 0.06652227656250001 0.84360730625 0.07456683124999999 0.8458904109375001 0.0798267328125 0.85216895 0.0823019796875 0.8613013703125001 0.0770420796875 0.8687214609374999 0.090037128125 0.8698630140624999 0.0943688125 0.8767123281250001 0.1553217828125 0.886415525 0.1602722765625 0.8829908671875 0.152846534375 0.8727168953125
0 0.2045173265625 0.9965753421875 0.20853960468750002 0.9902968031249999 0.2011138609375 0.9777397265625 0.20018564374999998 0.9691780828125 0.1893564359375 0.9628995437500001 0.19306930625000002 0.9560502281250001 0.1881188125 0.9492009124999999 0.189975246875 0.9412100453125 0.1741955453125 0.9200913234374999 0.16800742500000002 0.901826484375 0.158725246875 0.89497716875 0.10983910937500001 0.8915525109375 0.10952970312500002 0.9001141546874999 0.122524753125 0.92294520625 0.1262376234375 0.9480593609374999 0.1237623765625 0.96860730625 0.11695544531249999 0.9937214609374999 0.1197400984375 0.998858446875 0.1429455453125 0.9994292234375 0.1946163359375 0.998858446875 0.2045173265625 0.9965753421875
0 0.23081683125 0.4115296796875 0.2357673265625 0.41267123281250007 0.24319306875 0.3841324203125 0.24350247500000002 0.36757990937499996 0.256497525 0.36757990937499996 0.2614480203125 0.36073059375 0.27258663437499997 0.359589040625 0.28991336562500003 0.36643835625 0.333849009375 0.36872146093749997 0.3384900984375 0.362442921875 0.334777228125 0.3373287671875 0.3295173265625 0.3242009125 0.32549505 0.3236301375 0.32209158437499996 0.3116438359375 0.309715346875 0.3127853875 0.2948638609375 0.3401826484375 0.2793935640625 0.3458904109375 0.26825495 0.342465753125 0.2552599015625 0.3219178078125 0.25092821718749997 0.3230593609375 0.2419554453125 0.340753425 0.23731435625000002 0.35730593593750004 0.22277227656249998 0.362442921875 0.22029702968749998 0.3921232875 0.2246287125 0.404680365625 0.2246287125 0.41381278593750004 0.222153465625 0.42066210000000004 0.228341584375 0.4263698625 0.23267326718749998 0.41952054843750003 0.23081683125 0.4115296796875
0 0.03125 0 0.028465346875000002 0.007420090625 0.03155940625 0.0234018265625 0.040841584375000003 0.043949771875 0.042079207812500005 0.055365296875000004 0.041460395312499995 0.06563926875000001 0.034962871875 0.07648401875000001 0.0238242578125 0.0776255703125 0 0.029109589062500003 0 0.42066210000000004 0.01206683125 0.4337899546875 0.0136138609375 0.4412100453125 0.003403465625 0.4394977171875 0 0.44463470312500003 0 0.48573059374999994 0.0046410890625 0.4840182640625 0.016398515625000002 0.4977168953125 0.0253712875 0.492579909375 0.030940593750000002 0.4492009125 0.0358910890625 0.43436073124999997 0.0383663359375 0.39783105 0.0436262375 0.3801369859375 0.078898515625 0.3858447484375 0.08292079218750001 0.37956620937499996 0.08292079218750001 0.3692922375 0.068997525 0.359589040625 0.0625 0.3316210046875 0.056002474999999996 0.32648401875 0.0488861390625 0.3133561640625 0.0519801984375 0.2916666671875 0.0603341578125 0.2762557078125 0.0739480203125 0.2694063921875 0.0931311875 0.273972603125 0.09962871250000001 0.30422374375 0.0952970296875 0.362442921875 0.1051980203125 0.37614155312499997 0.10612623750000001 0.384703196875 0.13335396093750002 0.390410959375 0.13799505 0.364726028125 0.1429455453125 0.2973744296875 0.1488242578125 0.2899543375 0.1633663359375 0.2859589046875 0.1615099015625 0.27226027343750003 0.152846534375 0.25285388124999997 0.1522277234375 0.2106164390625 0.14418316874999998 0.160388128125 0.1460396046875 0.1444063921875 0.1509900984375 0.137557078125 0.1460396046875 0.120433790625 0.1231435640625 0.0736301375 0.1265470296875 0.06735159843750001 0.1612004953125 0.1312785390625 0.1686262375 0.1244292234375 0.190284653125 0.1301369859375 0.2051361390625 0.18150685 0.2181311875 0.1826484015625 0.227413365625 0.2009132421875 0.240408415625 0.20547945156249997 0.2428836640625 0.21118721406250002 0.2670173265625 0.21118721406250002 0.2707301984375 0.2043379 0.27444306875 0.21118721406250002 0.2936262375 0.21689497656249998 0.29950495 0.246004565625 0.2982673265625 0.2551369859375 0.3075495046875 0.271118721875 0.308787128125 0.2950913234375 0.31342821718749997 0.3002283109375 0.31992574218750003 0.2962328765625 0.3205445546875 0.2859589046875 0.31806930625 0.276826484375 0.3075495046875 0.2619863015625 0.30569306875 0.248287671875 0.3103341578125 0.248858446875 0.31806930625 0.24029680312499999 0.3168316828125 0.23116438281249999 0.31868811875 0.22431506875 0.3137376234375 0.217465753125 0.3125 0.1980593609375 0.31868811875 0.19121004531250002 0.31930693125 0.1752283109375 0.322400990625 0.1683789953125 0.32116336562500003 0.159246575 0.32580445468749997 0.1586757984375 0.33044554531250003 0.1512557078125 0.33168316875000003 0.1329908671875 0.3366336640625 0.11815068437500001 0.3456064359375 0.11643835625000001 0.34931930625 0.10844748906249999 0.36169554531250003 0.11073059375000001 0.36540841562500004 0.1015981734375 0.3697400984375 0.1015981734375 0.3728341578125 0.1061643828125 0.396349009375 0.11415525156249999 0.40810643593749996 0.13926940625 0.41181930624999996 0.140410959375 0.4195544546875 0.1558219171875 0.421410890625 0.1683789953125 0.4294554453125 0.1877853875 0.43131188125 0.2208904109375 0.425742575 0.2391552515625 0.4269801984375 0.253995434375 0.42326732656250005 0.26426940625 0.4238861390625 0.2859589046875 0.4322400984375 0.2888127859375 0.4514232671875 0.2785388125 0.453589109375 0.2916666671875 0.46194306875 0.29794520625 0.4984529703125 0.3002283109375 0.5018564359375 0.2905251140625 0.5012376234375 0.2734018265625 0.5176361390625 0.245433790625 0.533725246875 0.256849315625 0.5386757421875 0.2557077625 0.5457920796875 0.2323059359375 0.5488861390625 0.1809360734375 0.5572400984375 0.1586757984375 0.56280940625 0.15981735156250002 0.5674504953125 0.1683789953125 0.5705445546875 0.20376712343749998 0.5798267328125 0.246004565625 0.5792079203125 0.2551369859375 0.5866336640625 0.2745433796875 0.5884900984375 0.2916666671875 0.5878712875 0.311073059375 0.5761138609375 0.340753425 0.572400990625 0.3613013703125 0.5761138609375 0.41952054843750003 0.584467821875 0.424657534375 0.590655940625 0.41438356093750006 0.6048886140625 0.41438356093750006 0.6110767328125 0.4280821921875 0.6197400984375 0.43721461250000004 0.6395420796875 0.43835616406250005 0.6423267328125 0.427511415625 0.6398514843750001 0.41381278593750004 0.641089109375 0.33390410937500004 0.6358292078125001 0.3276255703125 0.6240717828125 0.3299086765625 0.621905940625 0.3259132421875 0.621905940625 0.30993150625 0.627475246875 0.2848173515625 0.63056930625 0.2859589046875 0.63056930625 0.3076484015625 0.6358292078125001 0.313926940625 0.6915222765625 0.3127853875 0.69306930625 0.30422374375 0.689975246875 0.2973744296875 0.6887376234375 0.282534246875 0.68193069375 0.27226027343750003 0.6825495046875 0.246004565625 0.6865717828125 0.24315068437499998 0.693997525 0.2248858453125 0.702660890625 0.22716894999999998 0.715037128125 0.2123287671875 0.721844059375 0.22716894999999998 0.7376237625 0.246004565625 0.741336634375 0.259703196875 0.7419554453125 0.2745433796875 0.73700495 0.2893835609375 0.7394801984375 0.30536529687499997 0.7298886140625 0.31506849375 0.7199876234375 0.31849315 0.71844059375 0.3259132421875 0.721534653125 0.35216895 0.7199876234375 0.46575342500000005 0.72493811875 0.46575342500000005 0.7289603953125 0.4480593609375 0.733910890625 0.44349315 0.73731435625 0.41438356093750006 0.7447400984375 0.4098173515625 0.75030940625 0.41324200937500005 0.7540222765625 0.40525114218749997 0.7831064359375 0.4041095890625 0.7948638609375 0.40753424687499995 0.7985767328125 0.41324200937500005 0.8202351484375001 0.41894977187500004 0.827660890625 0.41324200937500005 0.8353960390624999 0.398972603125 0.8360148515624999 0.3772831046875 0.8394183171874999 0.371004565625 0.8428217828125 0.37614155312499997 0.8452970296875 0.398972603125 0.8517945546875 0.41780821875 0.8756188125 0.4355022828125 0.8743811875 0.4537671234375 0.88056930625 0.4708904109375 0.8787128718749999 0.47773972656249997 0.8883044546875001 0.47945205468749996 0.89418316875 0.48801369843750003 0.8982054453125 0.5171232875 0.90625 0.5171232875 0.915222771875 0.5108447484374999 0.9164603953125001 0.50285388125 0.9099628718749999 0.5034246578125 0.9099628718749999 0.4920091328125 0.9130569312500001 0.4977168953125 0.9180074250000001 0.4920091328125 0.9211014843750001 0.506849315625 0.92450495 0.5051369859375 0.9260519796875 0.4920091328125 0.927908415625 0.5148401828125 0.9415222765625 0.518264840625 0.9452351484375001 0.5273972609375 0.9477103953125001 0.5194063921875001 0.9538985156249999 0.5194063921875001 0.9585396046874999 0.5279680359375 0.9628712875 0.5234018265625 0.9628712875 0.5188356171875 0.9585396046874999 0.5142694062500001 0.9616336640625001 0.5119863015624999 0.962252475 0.5051369859375 0.9607054453125 0.501141553125 0.95668316875 0.509703196875 0.95668316875 0.492579909375 0.9613242578125 0.4977168953125 0.971225246875 0.48744292187499993 0.9730816828125001 0.47945205468749996 0.9771039609375001 0.48002283125 0.9767945546875 0.476027396875 0.9724628718749999 0.47716895 0.9696782171875 0.4708904109375 0.9730816828125001 0.464611871875 0.9795792078125001 0.46289954375000003 0.9771039609375001 0.45605022812499996 0.9801980203125 0.4492009125 0.9771039609375001 0.44006849375 0.984839109375 0.4280821921875 0.9888613859375001 0.4297945203125 0.9922648515624999 0.44406392656250004 0.996596534375 0.43835616406250005 1 0.44577625625 0.9996905937499999 0.40296803593749997 0.9922648515624999 0.3995433796875 0.9885519796875 0.40525114218749997 0.9836014843750001 0.4041095890625 0.9832920796875 0.41381278593750004 0.9798886140624999 0.4166666671875 0.9730816828125001 0.41324200937500005 0.9715346531250001 0.40696347031249996 0.9730816828125001 0.39383561718750004 0.9761757421875 0.41095890468749996 0.9801980203125 0.4058219171875 0.9771039609375001 0.3886986296875 0.9681311875 0.390410959375 0.9650371281250001 0.401826484375 0.9542079203125 0.4058219171875 0.95668316875 0.41381278593750004 0.9551361390625001 0.42922374375 0.940903465625 0.43150685 0.9371905937499999 0.4212328765625 0.9334777234375 0.43036529687499997 0.9260519796875 0.43264840156249995 0.9260519796875 0.4223744296875 0.9415222765625 0.40753424687499995 0.9433787125 0.3984018265625 0.9523514843750001 0.39098173593749996 0.94956683125 0.3869863015625 0.9415222765625 0.390410959375 0.9375 0.3841324203125 0.9381188125 0.3772831046875 0.9313118812500001 0.37043379062500004 0.9306930687499999 0.362442921875 0.92481435625 0.359589040625 0.921720296875 0.35273972656249997 0.90625 0.3504566203125 0.8938737625 0.35730593593750004 0.8790222765625 0.34703196406250003 0.8542698015625 0.342465753125 0.8378712875 0.32705479375 0.834777228125 0.30422374375 0.8391089109375001 0.288242009375 0.8452970296875 0.2836757984375 0.8452970296875 0.246004565625 0.8514851484375001 0.2391552515625 0.8551980203125 0.217465753125 0.859220296875 0.214611871875 0.86293316875 0.203196346875 0.8740717828125 0.19634703125 0.8790222765625 0.18378995468749998 0.890779703125 0.18378995468749998 0.8944925749999999 0.17808219218750002 0.909344059375 0.1723744296875 0.9186262375 0.1757990875 0.921720296875 0.18150685 0.92543316875 0.17351598125 0.946472771875 0.1723744296875 0.953279703125 0.17808219218750002 0.9576113859375001 0.174657534375 0.9613242578125 0.1826484015625 0.9637995046875 0.1769406390625 0.9885519796875 0.1700913234375 0.9956683171874999 0.182077625 0.9996905937499999 0.21118721406250002 0.9996905937499999 0 0.9891707921874999 0.0022831046875 0.9832920796875 0.0245433796875 0.9730816828125001 0.04794520625 0.953279703125 0.051369862499999995 0.9353341578125001 0.07077625625 0.9198638609374999 0.0730593609375 0.9068688125 0.0844748859375 0.9025371281250001 0.0970319640625 0.8938737625 0.10502283125 0.8765470296875 0.11415525156249999 0.8691212875 0.12557077656249999 0.8561262375 0.128995434375 0.8387995046875 0.1244292234375 0.8319925749999999 0.11529680312499999 0.8292079203125 0.1055936078125 0.83106435625 0.0873287671875 0.828279703125 0.081050228125 0.8152846531250001 0.0787671234375 0.7806311874999999 0.060502282812499995 0.7645420796875 0.0627853875 0.758972771875 0.05821917812500001 0.74969059375 0.0662100453125 0.7416460390624999 0.0901826484375 0.7376237625 0.0804794515625 0.738242575 0.05764840156249999 0.7336014843750001 0.0433789953125 0.706992575 0.0433789953125 0.703279703125 0.0388127859375 0.690284653125 0.0388127859375 0.6865717828125 0.0319634703125 0.6828589109375 0.034246575 0.6704826734375 0.0262557078125 0.64325495 0.02283105 0.6395420796875 0.0148401828125 0.627784653125 0.0136986296875 0.609839109375 0.001141553125 0.6039603953125 0.007420090625 0.5996287125 0.05079908749999999 0.59344059375 0.0804794515625 0.585086634375 0.09246575312500001 0.5646658421875 0.0958904109375 0.5482673265625 0.0804794515625 0.5445544546875001 0.055365296875000004 0.5253712875 0.025684931249999998 0.522586634375 0 0.4012995046875 0 0.396967821875 0.0034246578125000002 0.394492575 0 0.3264232671875 0 0.3137376234375 0.0222602734375 0.32116336562500003 0.04280821875 0.315903465625 0.0502283109375 0.28991336562500003 0.0456621 0.284034653125 0.029109589062500003 0.2834158421875 0.0165525109375 0.27506188125 0.0079908671875 0.27258663437499997 0 0.14573019843749999 0 0.141398515625 0.0022831046875 0.13706683125000002 0.0148401828125 0.1259282171875 0.0262557078125 0.118502475 0.0399543375 0.074257425 0.043949771875 0.0730198015625 0.05079908749999999 0.08292079218750001 0.0622146125 0.0823019796875 0.072488584375 0.08601485156250001 0.0827625578125 0.10272277187500001 0.11586757968750001 0.10055693125000001 0.12100456562499999 0.09375 0.11529680312499999 0.064975246875 0.0622146125 0.0637376234375 0.0519406390625 0.057549504687499996 0.0405251140625 0.059096534374999996 0.0285388125 0.034344059375 0 0.03125 0