1 0.50078125 0.8140625 0.14765625 0.2765625
1 0.49296875 0.54765625 0.07578125 0.1015625
1 0.27421875 0.603125 0.1375 0.1515625
1 0.21171875 0.47890625 0.0984375 0.115625
1 0.33671875 0.30078125 0.0703125 0.0703125
1 0.60859375 0.371875 0.03515625 0.05859375
1 0.54609375 0.3890625 0.03125 0.05546875
1 0.1109375 0.67578125 0.1859375 0.1859375
0 0.210237659375 0.9612716765625 0.2163315046875 0.9543352593750001 0.21937842812500002 0.9404624281249999 0.21755027500000002 0.9231213875 0.2242535046875 0.917341040625 0.2303473484375 0.8861271671875001 0.24070688593749998 0.8687861265624999 0.24070688593749998 0.8606936421875 0.2349177328125 0.8427745671875 0.22273004218749998 0.8404624281249999 0.20444850625000002 0.8485549140625 0.200182815625 0.8589595375 0.188604509375 0.8728323703124999 0.175807434375 0.876300578125 0.1441194390625 0.9063583812499999 0.13162705624999999 0.9231213875 0.132236440625 0.9404624281249999 0.1453382078125 0.96416185 0.1691042046875 0.9803468203125 0.177026203125 0.9942196531249999 0.197440584375 0.9971098265625 0.20414381406249998 0.989017340625 0.210237659375 0.9612716765625
0 0.567032296875 0.9976878609375 0.9996953078124999 0.9976878609375 1 0.682658959375 0.9765386953125 0.664739884375 0.9734917734374999 0.654335259375 0.9667885437500001 0.6485549140625 0.9603900062499999 0.6352601156250001 0.957038390625 0.6208092484375001 0.9503351609375 0.618497109375 0.94119439375 0.6 0.9259597812499999 0.5976878609375 0.923826934375 0.6028901734375001 0.9250457031250001 0.6202312140624999 0.922608165625 0.6283236999999999 0.9076782453125001 0.640462428125 0.9058500921875 0.64739884375 0.84917733125 0.6450867046875 0.84521633125 0.6549132953125001 0.8439975625 0.6803468203125 0.8400365624999999 0.6843930640625 0.8351614875 0.6843930640625 0.8308957953125 0.6786127171875 0.828153565625 0.6606936421875 0.8235831812500001 0.654335259375 0.8071297984375001 0.6439306359375 0.7937233390625 0.6427745671875 0.7848872640625 0.6560693640624999 0.7830591109375 0.6780346828125 0.7848872640625 0.706936415625 0.78123095625 0.7219653171875 0.7736136499999999 0.7236994218749999 0.7687385734375 0.71907514375 0.7510664234375 0.7260115609375 0.7428397312499999 0.7439306359375 0.7440585015625001 0.752023121875 0.7416209625 0.765895953125 0.7370505796875 0.7687861265625 0.7333942718750001 0.7803468203125 0.7218159656250001 0.7861271671875001 0.716636196875 0.7554913296875 0.7196831203125 0.7023121390625 0.7190737359375 0.6387283234375001 0.7178549671875001 0.6271676296875001 0.707800121875 0.618497109375 0.706581353125 0.6092485546875 0.7056672765625 0.617919075 0.70201096875 0.6202312140624999 0.6971358921874999 0.6479768781249999 0.6904326625 0.7739884390625 0.6922608171875 0.78323699375 0.687995125 0.7947976875 0.686166971875 0.8664739890625001 0.6819012796874999 0.8849710984374999 0.67519805 0.9485549140625 0.670627665625 0.9630057796875 0.6691042046875 0.9578034687500001 0.6733698968749999 0.9057803468750001 0.6727605125 0.8780346828125 0.675807434375 0.8560693640625001 0.6788543578125 0.8502890171875 0.6843388171875 0.799421965625 0.6916514328125001 0.5739884390625 0.698964046875 0.5393063578125 0.6983546625 0.5208092484375 0.691956125 0.5156069359375001 0.6779402796875 0.4855491328125 0.6748933578125 0.48323699375 0.6684948203125 0.4919075140625 0.661791590625 0.5080924859375 0.65722120625 0.52947976875 0.64442413125 0.5271676296875001 0.6316270562499999 0.54219653125 0.627361365625 0.54219653125 0.6154783671875 0.563583815625 0.6148689828125 0.6028901734375001 0.6090798296875 0.6080924859375 0.6005484453125 0.59884393125 0.5956733703125 0.606936415625 0.5892748328125 0.589017340625 0.5929311390625001 0.5670520234375 0.5920170625 0.5352601156250001 0.581048140625 0.5283237 0.57678245 0.5190751437500001 0.563985375 0.534104046875 0.5770871421875 0.564739884375 0.5807434484375 0.5855491328125 0.587446678125 0.5982658953125 0.5929311390625001 0.617919075 0.5929311390625001 0.6687861265625 0.57800121875 0.7075144515625 0.5609384515625 0.710982659375 0.5432663015625 0.7075144515625 0.53717245625 0.7052023125 0.534430225 0.6976878609375 0.530164534375 0.645664740625 0.5386959171875 0.5971098265625 0.556977453125 0.5439306359375 0.5575868374999999 0.5369942203125 0.5490554546874999 0.5254335265625001 0.54844606875 0.48843930625 0.53960999375 0.47630057812500004 0.512187690625 0.46820809218750004 0.50121876875 0.47167630000000005 0.49512492343750003 0.48439306406249993 0.485374771875 0.4901734109375 0.48019500312499996 0.4687861265625 0.47958561875 0.446820809375 0.473796465625 0.43468208124999996 0.46709323593749996 0.4323699421875 0.46556977499999996 0.48728323749999997 0.46282754375 0.4947976875 0.4594759296875 0.48843930625 0.457038390625 0.4549132953125 0.45886654531250004 0.445664740625 0.45521023749999995 0.4317919078125 0.457038390625 0.41676300624999996 0.45399146874999996 0.4132947984375 0.45399146874999996 0.3554913296875 0.4582571609375 0.3427745671875 0.45521023749999995 0.328901734375 0.4606946984375 0.31849710937500003 0.4555149296875 0.3040462421875 0.453382084375 0.32080924843749997 0.44667885468749996 0.3265895953125 0.4448507015625 0.3427745671875 0.43936624062499996 0.3566473984375 0.43692870156249997 0.3959537578125 0.4296160875 0.40751445156250005 0.43113954843749996 0.4127167625 0.435405240625 0.4080924859375 0.43753808593750004 0.410982659375 0.43631931718750006 0.424855490625 0.43967093281249997 0.428901734375 0.44759293125 0.41734104062500005 0.4491163921875 0.424855490625 0.44728823906250004 0.4317919078125 0.4305301640625 0.465895953125 0.40645947656250003 0.48843930625 0.4043266296875 0.546820809375 0.39640463125 0.52947976875 0.3927483234375 0.5283237 0.37934186406250003 0.558381503125 0.37324801875 0.56416185 0.3717245578125 0.5011560687500001 0.374162096875 0.4768786125 0.38117001875 0.4786127171875 0.3897014015625 0.4739884390625 0.39244363125000004 0.447976878125 0.40006093906249995 0.4393063578125 0.40493601406249996 0.4393063578125 0.41468616718750007 0.41618497187500003 0.4223034734375 0.4098265890625 0.422608165625 0.39884393125 0.40859232187499994 0.39884393125 0.4043266296875 0.383815028125 0.3909201703125 0.381502890625 0.3884826328125 0.3722543359375 0.3769043265625 0.36184971093749996 0.37020109687499997 0.345664740625 0.3251066421875 0.345664740625 0.31840341250000004 0.334104046875 0.3098720296875 0.3375722546875 0.30438756875 0.3317919078125 0.278184034375 0.345664740625 0.264777575 0.3271676296875 0.2416209625 0.3260115609375 0.22760511874999997 0.3306358375 0.22364411875 0.3554913296875 0.21206581406249997 0.38092485625 0.21145642968749997 0.410982659375 0.20840950625 0.41676300624999996 0.21907373593749999 0.42774566406250003 0.2471054234375 0.42196531718749997 0.2583790375 0.4549132953125 0.258988421875 0.49884393125 0.2343083484375 0.5086705203124999 0.2288238875 0.52947976875 0.2056672765625 0.5364161843749999 0.1959171234375 0.5306358375 0.1812918953125 0.5317919078125 0.17336989687499998 0.5445086703124999 0.1569165140625 0.559537571875 0.125837903125 0.569942196875 0.12004875 0.5797687859375 0.115173675 0.6040462421874999 0.122181596875 0.606936415625 0.1776355875 0.5861271671875 0.2050578921875 0.6219653171874999 0.2081048140625 0.5780346828125 0.2452772703125 0.559537571875 0.25319926875 0.5375722546875 0.2617306515625 0.52947976875 0.2803168796875 0.528901734375 0.2772699578125 0.41676300624999996 0.2778793421875 0.4017341046875 0.280621571875 0.4 0.286410725 0.41676300624999996 0.2839731875 0.44450867031249996 0.28671541718750004 0.5075144515625001 0.3056063375 0.48439306406249993 0.3129189515625 0.48092485625 0.3263254109375 0.48323699375 0.340645946875 0.5011560687500001 0.3430834859375 0.5138728328125 0.3424741015625 0.5682080921875 0.3449116390625 0.6144508671875 0.3494820234375 0.6265895953125 0.3595368671875 0.5924855484375 0.37324801875 0.5687861265625 0.3927483234375 0.5861271671875 0.3979280921875 0.5959537578125 0.40067032343750003 0.618497109375 0.41712370468750004 0.616184971875 0.42839731875 0.6283236999999999 0.4320536265625 0.6410404625 0.4320536265625 0.6514450859375 0.4280926265625 0.663583815625 0.41712370468750004 0.6739884390624999 0.4031078609375 0.675144509375 0.3930530171875 0.6687861265625 0.3912248625 0.6468208093750001 0.39457647812499996 0.6254335265625001 0.37995125 0.6439306359375 0.37599024999999997 0.653757225 0.3927483234375 0.7086705203125 0.40737355312499995 0.717919075 0.416209628125 0.716184971875 0.4165143203125 0.7225433531250001 0.40676416875 0.7236994218749999 0.40280316875000005 0.7369942203125001 0.40280316875000005 0.7682080921875001 0.40676416875 0.7803468203125 0.420170628125 0.7780346828125 0.42717855 0.7693641625 0.42839731875 0.7254335265625 0.43083485625 0.7138728328124999 0.4357099328125 0.706936415625 0.4381474703125 0.681502890625 0.448202315625 0.6693641625 0.4536867765625 0.6693641625 0.5164533828125 0.75260115625 0.5310786109375 0.7572254328125 0.5545399140625 0.799421965625 0.5545399140625 0.8341040468750001 0.5734308343750001 0.8687861265624999 0.57404021875 0.910404625 0.5688604515625 0.917919075 0.5609384515625 0.9132947984375 0.549360146875 0.9236994218750001 0.5335161484375 0.9283237 0.528641071875 0.9421965312499999 0.5048750765625 0.9491329484375 0.5003046921875 0.963583815625 0.49969530781250004 0.9936416187500001 0.5067032296875 0.99884393125 0.5228519203124999 0.9982658953125 0.5591102984375 0.9942196531249999 0.567032296875 0.9976878609375
0 0.48872638593750006 0.9763005781249999 0.48872638593750006 0.964739884375 0.4844606953125 0.953179190625 0.48507007968750004 0.9439306359374999 0.48202315625000003 0.9312138734375001 0.483241925 0.916184971875 0.477757465625 0.9080924859374999 0.47958561875 0.9023121390625001 0.47867154218749997 0.8890173406249999 0.47410115781249995 0.916184971875 0.468616696875 0.930057803125 0.47044484999999997 0.9404624281249999 0.46739792812500003 0.953179190625 0.4613040828125 0.9601156062499999 0.4527727 0.982080925 0.4549055453125 0.9976878609375 0.4716636203125 0.9982658953125 0.48659354062500004 0.9919075140625001 0.48872638593750006 0.9763005781249999
0 0.8589274828125 0.38959537499999997 0.8433881781249999 0.3867052015625 0.8443022546875 0.39768786093749997 0.8552711765625001 0.4034682078125 0.8634978671875 0.4144508671875 0.8641072515625 0.40751445156250005 0.8589274828125 0.38959537499999997
0 0.767824496875 0.364739884375 0.760816575 0.3606936421875 0.7525898843750001 0.38901734062500004 0.761425959375 0.3861271671875 0.765386959375 0.3913294796875 0.767824496875 0.3867052015625 0.767824496875 0.364739884375
0 0.8826934796874999 0.43583815000000004 0.9021937843750001 0.4196531796875 0.9070688609375 0.42196531718749997 0.90920170625 0.41676300624999996 0.8948811703124999 0.41040462499999997 0.9024984765624999 0.4028901734375 0.8960999390625 0.3965317921875 0.8906154781250001 0.40578034687500003 0.876599634375 0.404624278125 0.87324801875 0.4132947984375 0.87202925 0.4306358375 0.8756855578125 0.45375722500000004 0.87720901875 0.43583815000000004 0.8826934796874999 0.43583815000000004
0 0.80438756875 0.3947976875 0.7982937234375 0.364739884375 0.7989031078125 0.3566473984375 0.78519195625 0.346820809375 0.7736136499999999 0.35260115625 0.7702620359375 0.36358381562500003 0.7714808046875 0.38786127187499997 0.7784887265625 0.3907514453125 0.788238878125 0.4080924859375 0.7928092625 0.4098265890625 0.8016453374999999 0.404624278125 0.80438756875 0.3947976875
0 0.5764777578125 0.32080924843749997 0.5694698359375 0.3098265890625 0.5627666062500001 0.3098265890625 0.560633759375 0.305780346875 0.56124314375 0.2976878609375 0.5572821453125 0.2913294796875 0.55240706875 0.2913294796875 0.5502742234375 0.29653179218750003 0.549360146875 0.3375722546875 0.54844606875 0.282658959375 0.5457038390625 0.2786127171875 0.5365630718750001 0.2786127171875 0.535039609375 0.289595375 0.5399146859374999 0.31849710937500003 0.5399146859374999 0.3381502890625 0.545399146875 0.3497109828125 0.544180378125 0.35780346875 0.549360146875 0.36531791875 0.5624619140625 0.3682080921875 0.572212065625 0.3554913296875 0.5764777578125 0.32080924843749997
0 0.7218159656250001 0.3907514453125 0.7260816578125 0.395375721875 0.728214503125 0.37976878593749996 0.7209018890625 0.3485549140625 0.706581353125 0.3306358375 0.6959171234375 0.3381502890625 0.687995125 0.3843930640625 0.688604509375 0.399421965625 0.6922608171875 0.40867052031249995 0.6968312 0.4150289015625 0.70201096875 0.4144508671875 0.7132845828125001 0.406936415625 0.7218159656250001 0.3907514453125