1 0.10546875 0.44609375 0.12890625 0.1984375
1 0.7125 0.6421875 0.10703125 0.1265625
1 0.60859375 0.52734375 0.08671875 0.0953125
1 0.7421875 0.390625 0.0921875 0.11484375
1 0.9078125 0.665625 0.11171875 0.12578125
1 0.4359375 0.56640625 0.15078125 0.1640625
1 0.91953125 0.51328125 0.15234375 0.2046875
1 0.62109375 0.41484375 0.08046875 0.1125
1 0.82734375 0.36796875 0.0859375 0.128125
1 0.52578125 0.24140625 0.11875 0.10703125
1 0.359375 0.31796875 0.1625 0.121875
1 0.3453125 0.7265625 0.0890625 0.121875
1 0.18046875 0.6609375 0.18828125 0.13671875
1 0.81875 0.73671875 0.14765625 0.13671875
1 0.115625 0.815625 0.2140625 0.2546875
1 0.11015625 0.26328125 0.08046875 0.1234375
1 0.29296875 0.46328125 0.0671875 0.09609375
1 0.21796875 0.38125 0.09765625 0.10078125
1 0.4703125 0.44375 0.1 0.07421875
1 0.9703125 0.44140625 0.0578125 0.11171875
1 0.378125 0.228125 0.134375 0.1140625
1 0.25390625 0.5453125 0.0921875 0.103125
1 0.56640625 0.35859375 0.0609375 0.0578125
1 0.51875 0.3578125 0.03515625 0.04765625
1 0.234375 0.47578125 0.0359375 0.05078125
1 0.2171875 0.23125 0.0453125 0.06953125
1 0.01953125 0.1890625 0.03046875 0.0328125
0 0.0159216171875 0.3885017421875 0.022657685937499998 0.38037166093749997 0.022657685937499998 0.3722415796875 0.0263319046875 0.36527293906249997 0.019902020312499998 0.3623693375 0.0150030625 0.3693379796875 0.0091855484375 0.358304296875 0.0140845078125 0.3211382109375 0.011635028125 0.293263646875 0.011635028125 0.25377468125 0.015309246874999998 0.2386759578125 0.0131659515625 0.23112659687499998 0.003368034375 0.23112659687499998 0 0.2351916375 0.0006123703125 0.401277584375 0.0150030625 0.39605110312499997 0.0159216171875 0.3885017421875
0 0.0024494796874999997 0.7450638796875 0.014390692187500002 0.725900115625 0.075015309375 0.71080139375 0.07838334375 0.7067363531249999 0.07838334375 0.6997677125 0.071341090625 0.69454123125 0.0710349046875 0.6846689890625 0.068279240625 0.6806039484374999 0.0192896515625 0.6887340296875 0.010104103125 0.695702671875 0.000306184375 0.6968641109375 0.0006123703125 0.798490128125 0.0042865890625 0.796167246875 0.0024494796874999997 0.7450638796875
0 0.7752602578125 0.8031358890625 0.7761788125 0.7955865265625001 0.7516840171875 0.777003484375 0.7333129203125 0.744483159375 0.72167789375 0.7351916375 0.7180036750000001 0.72706155625 0.711879975 0.7247386765625 0.7057562765625 0.7131242734375001 0.69412125 0.7026713124999999 0.6925903250000001 0.7055749125 0.6956521734375001 0.7369337984375 0.6990202078125 0.7479674796875 0.7247397421875 0.7816492453125 0.7654623390624999 0.822880371875 0.7685241890625 0.8112659703125 0.7752602578125 0.8031358890625
0 0.5349050828124999 0.693379790625 0.5401102265625 0.67537746875 0.53949785625 0.647502903125 0.541334965625 0.6405342625 0.53796693125 0.636469221875 0.5327617874999999 0.641695703125 0.5300061234375 0.6538908250000001 0.5257195343750001 0.6445993031249999 0.5177587265625 0.6538908250000001 0.5140845078125 0.6445993031249999 0.5107164734375 0.6556329843750001 0.5097979171875 0.6724738671875 0.508573178125 0.6643437859375 0.501837109375 0.6585365859375 0.48285364375000006 0.66782810625 0.46325780781250003 0.66782810625 0.4562155546875 0.6765389078124999 0.4601959578125 0.7003484328125 0.47060624687499997 0.7061556328124999 0.4908144515625 0.703832753125 0.494488671875 0.7131242734375001 0.4975505203125 0.7049941921875 0.5039804046875 0.7009291515625 0.504898959375 0.68408826875 0.5097979171875 0.6782810687499999 0.5159216171875001 0.6806039484374999 0.5217391296875 0.69163763125 0.5223515 0.7253193953125 0.5229638703124999 0.696283390625 0.5349050828124999 0.693379790625
0 0.27893447656250003 0.7131242734375001 0.2985303125 0.7096399531250001 0.30067360625 0.6858304296875 0.30526638125 0.6794425093750001 0.32608695625 0.6782810687499999 0.37905695 0.6626016265625 0.375076546875 0.6504065046874999 0.36895284687499996 0.6480836234375 0.3606858546875 0.6370499421875 0.36007348437500003 0.6103368171875 0.3472137171875 0.601045296875 0.3417023875 0.55923345 0.3432333125 0.5423925671875 0.3536436 0.5365853656249999 0.3612982234375 0.539488965625 0.3609920390625 0.504065040625 0.3334353953125 0.50522648125 0.3334353953125 0.5563298484375 0.329454990625 0.5522648078125 0.3282302515625 0.515098721875 0.3254745859375 0.5063879203125 0.303429271875 0.51103368125 0.2939375375 0.506968640625 0.29332516875 0.5278745640625 0.298224128125 0.5418118468750001 0.30587875000000003 0.5481997671875 0.3110838953125 0.5615563296875 0.319044703125 0.617305459375 0.3178199625 0.63240418125 0.32149418281250003 0.6486643437499999 0.3095529703125 0.6643437859375 0.27954684687500003 0.668989546875 0.27985303125 0.696283390625 0.276484996875 0.7026713124999999 0.2477036125 0.7131242734375001 0.23178199687499998 0.71080139375 0.21126760625 0.714866434375 0.21218616093749998 0.7224157953125 0.2268830375 0.7154471546875001 0.23913043437499998 0.725900115625 0.2522963875 0.7264808359375 0.26791181875 0.7247386765625 0.27893447656250003 0.7131242734375001
0 0.64849969375 0.6533101046875001 0.641457440625 0.6399535421875 0.6187997546874999 0.6213705 0.6166564609375 0.6114982578125 0.6053276171875 0.593495934375 0.59185548125 0.5772357718750001 0.5710349046875 0.560975609375 0.56491120625 0.5505226484375 0.5606246171875 0.5505226484375 0.549295775 0.531358884375 0.549295775 0.5127758421874999 0.553276178125 0.5075493609375 0.5624617265625 0.51103368125 0.5679730562499999 0.49012775781249995 0.59185548125 0.4808362375 0.6090018374999999 0.47967479687500003 0.61114513125 0.47677119687499997 0.6102265765625 0.47270615625 0.593692590625 0.4680603953125 0.57838334375 0.4494773515625 0.5606246171875 0.43902439062500004 0.53796693125 0.414634146875 0.5324556031250001 0.41347270625 0.5296999390625 0.417537746875 0.5315370484375 0.43379790937499996 0.530312309375 0.45354239218750003 0.5248009796875001 0.4547038328125 0.5226576859375001 0.470383275 0.5171463562499999 0.4680603953125 0.494488671875 0.4761904765625 0.49173300624999994 0.48141695625 0.4941824859375 0.5046457609375 0.4975505203125 0.5145180015624999 0.5012247390625 0.5180023234375 0.5214329453125 0.5180023234375 0.5330679734375 0.55400696875 0.542865890625 0.5505226484375 0.549601959375 0.5586527296875 0.5612369875 0.563298490625 0.5814451921875 0.5993031359375001 0.5894060015625 0.6051103375 0.604102878125 0.6271777000000001 0.6083894671875 0.628339140625 0.6292100421875 0.663182346875 0.6478873234375 0.682346109375 0.6509491734374999 0.6777003484375 0.64849969375 0.6533101046875001
0 0.34629516250000003 0.8974048703124999 0.358307975 0.9673233140624999 0.42668343125 0.9344370359375 0.48587412499999993 0.9228301140624999 0.484853596875 0.918961140625 0.49199729999999997 0.9247646015625 0.5022025921875 0.895747296875 0.4867583171875 0.8664789484375 0.4892835265625 0.8584966234375001 0.4865278625 0.8544315828125001 0.4718309859375 0.852108703125 0.4669320265625 0.8567544640625 0.45958358906249996 0.8474629421875 0.44794856093749996 0.8451400625 0.44703000625 0.8410750218749999 0.45009185625 0.8352678203125 0.4464176359375 0.830622059375 0.4393753828125 0.795198134375 0.43325168437499995 0.7882294921875 0.416105328125 0.7940366937500001 0.40814451875 0.7859066125 0.4044703 0.77545365 0.392222903125 0.7661621296875001 0.37844458125 0.7876487734375 0.3827311703125 0.8039089359375 0.383955909375 0.8213305375 0.383955909375 0.82946061875 0.380587875 0.835848540625 0.3493570109375 0.8486243828125 0.349663196875 0.857335184375 0.341396203125 0.8672074249999999 0.3135333734375 0.8770796671875001 0.31414574375000004 0.8863711890625 0.3254745859375 0.8927591093749999 0.32761788125 0.9061156718750001 0.33374157968749996 0.9165686328125 0.3368034296875 0.9665105609375001 0.3423147578125 0.9688334421875 0.3441518671875 0.9630262406250001 0.3435394984375 0.9107614328125001 0.34629516250000003 0.8974048703124999
0 0.8600734843750001 0.603948896875 0.866809553125 0.58652729375 0.8864053890625 0.5923344953125 0.8913043484375001 0.5981416953124999 0.8934476421875001 0.5952380953125 0.892835271875 0.5813008125 0.8952847515625001 0.5708478515625 0.890691978125 0.5574912890625 0.8815064296875 0.5493612078125001 0.8710961421875 0.5481997671875 0.86191059375 0.5342624859375 0.849663196875 0.530778165625 0.8172075937500001 0.5029036 0.8022045312499999 0.4976771203125 0.7985303125 0.48025551718750004 0.80067360625 0.45760743281250005 0.812308634375 0.45760743281250005 0.822106553125 0.46689895468750003 0.8349663203125001 0.46573751406249997 0.8395590937499999 0.45934959375 0.8401714640625 0.4465737515625 0.8319044703125 0.43902439062500004 0.8239436625 0.422764228125 0.8196570734374999 0.422764228125 0.8147581140625 0.4157955859375 0.8043478265624999 0.414634146875 0.8000612374999999 0.40766550468749996 0.7997550515625 0.417537746875 0.7954684624999999 0.42450638749999997 0.7997550515625 0.43263646875 0.7969993875 0.4401858296875 0.7927127984375 0.4425087109375 0.7859767296875 0.4355400703125 0.7810777703125 0.4425087109375 0.7369871406249999 0.4413472703125 0.732394365625 0.4477351921875 0.7342314765625 0.466318234375 0.742192284375 0.4779326359375 0.7428046546875 0.48373983750000005 0.7222902640625 0.4994192796875 0.720453153125 0.4912891984375 0.70820575625 0.4912891984375 0.7030006125 0.48373983750000005 0.7045315375000001 0.47502903593749995 0.7259644828125 0.45644599374999995 0.728720146875 0.4477351921875 0.7259644828125 0.4436701515625 0.7106552359375 0.4413472703125 0.710042865625 0.45412311250000004 0.68432333125 0.4587688734375 0.6671769750000001 0.45644599374999995 0.6650336796875 0.46167247343750006 0.6671769750000001 0.47967479687500003 0.6821800375 0.49186991874999997 0.6821800375 0.49883855937500005 0.6794243718749999 0.5029036 0.6595223515625 0.506968640625 0.6684017140625 0.5319396046875 0.6904470296875 0.55400696875 0.70514390625 0.5598141703125 0.7173913046875 0.5772357718750001 0.7467850578124999 0.5760743328125 0.7535211265624999 0.5888501734375 0.7633190453124999 0.5842044140625 0.7700551140624999 0.58652729375 0.7807715859375 0.5789779328125 0.7838334359375 0.526713125 0.7752602578125 0.5174216031250001 0.7752602578125 0.5034843203125 0.77679118125 0.49709640000000005 0.7859767296875 0.49709640000000005 0.7905695046875 0.5046457609375 0.79179424375 0.5731707312500001 0.7963870171874999 0.5714285718750001 0.8000612374999999 0.5772357718750001 0.8049601953125001 0.5772357718750001 0.8147581140625 0.5900116140625 0.815982853125 0.6085946578125 0.8196570734374999 0.6016260156250001 0.8282302515625 0.6144018578125 0.83649724375 0.6138211375 0.8478260875 0.6051103375 0.8600734843750001 0.603948896875
0 0.5612369875 0.9047619046875001 0.5728720140625 0.8966318234375 0.58879363125 0.8966318234375 0.59246785 0.8734030203125001 0.595835884375 0.88675958125 0.600428659375 0.890824621875 0.6034905078125 0.8861788625000001 0.6322718921875 0.885017421875 0.7180036750000001 0.8594657375000001 0.7207593390625 0.8554006968750001 0.7207593390625 0.8484320562500001 0.7268830375 0.8414634140624999 0.728720146875 0.8263646921875001 0.7020820578125 0.7909407671875 0.6984078390625 0.7909407671875 0.67391304375 0.7642276421875 0.662278015625 0.744483159375 0.6512553578125 0.7375145187500001 0.6463563999999999 0.7247386765625 0.6408450703125 0.7247386765625 0.6359461109375 0.7351916375 0.6298224125 0.7375145187500001 0.6301285984375 0.7288037171874999 0.6393141453125 0.714866434375 0.6322718921875 0.711962834375 0.6236987140625 0.6980255515625 0.61573790625 0.6968641109375 0.607777096875 0.68408826875 0.6062461734375 0.6939605109375 0.6114513171875 0.7073170734375 0.6178812 0.71370499375 0.6215554187500001 0.7369337984375 0.6203306796875 0.7520325203125 0.6169626453125 0.7572590015625 0.61114513125 0.7520325203125 0.612369871875 0.72996515625 0.6090018374999999 0.7247386765625 0.600428659375 0.7235772359375 0.59246785 0.7293844359375 0.5826699328125 0.7514518 0.5789957140624999 0.7514518 0.5673606859375 0.7375145187500001 0.5603184328124999 0.7439024390625 0.5621555421875 0.7566782812499999 0.5600122468750001 0.7619047625 0.5453153703125 0.7549361203125 0.5416411515624999 0.7711962828125001 0.5333741578125 0.77293844375 0.5370483765625 0.781068525 0.5336803421874999 0.78629500625 0.522045315625 0.7653890828125001 0.5076546234375 0.774099884375 0.5088793625 0.8101045296875 0.5027556640624999 0.8193960515625 0.503368034375 0.828687571875 0.5003061843750001 0.8344947734374999 0.5058175140625 0.8530778171875 0.516840171875 0.8739837390625 0.520514390625 0.8855981421875001 0.520514390625 0.896051103125 0.529393753125 0.909407665625 0.537660746875 0.9088269453125 0.556338028125 0.90011614375 0.5612369875 0.9047619046875001
0 0.703306796875 0.9872241578125 0.710042865625 0.9895470390625001 0.7259644828125 0.9802555171874999 0.7418860984375 0.98141695625 0.7455603187500001 0.974448315625 0.761481934375 0.973286875 0.7651561546875 0.966318234375 0.7810777703125 0.96515679375 0.784751990625 0.9581881531249999 0.7969993875 0.9558652734375 0.8037354562499999 0.9442508703125 0.8190447031250001 0.93495935 0.839252909375 0.9372822296875001 0.8435394984375 0.93263646875 0.8563992656250001 0.93263646875 0.8790569500000001 0.9186991875 0.894366196875 0.9186991875 0.9004898953125 0.9047619046875001 0.9213104718749999 0.8977932640624999 0.9464176359375 0.9059233453125 0.9617268828125001 0.9163763062499999 0.969687690625 0.93495935 0.9776484999999999 0.9372822296875001 0.9807103484375 0.94308943125 0.9917330062499999 0.94076655 0.9996938156249999 0.9442508703125 1 0.83217189375 0.9739742796874999 0.8327526125 0.9755052046875001 0.8484320562500001 0.972749540625 0.8559814171875001 0.9574402937500001 0.8536585359375 0.894366196875 0.8641114984374999 0.8900796078125 0.8699186984375 0.8649724437499999 0.8710801390625 0.8521126765625 0.8792102203125 0.8227189218750001 0.8815331015625001 0.8116962640625 0.8885017421875 0.7810777703125 0.8873403015625 0.7657685234375 0.893147503125 0.7516840171875 0.8919860625 0.73882425 0.9012775843749999 0.6849357015625 0.9117305453125001 0.6475811390625 0.925667828125 0.6353337421874999 0.9454123109375001 0.6132884265625 0.9558652734375 0.607164728125 0.9547038328124999 0.604102878125 0.9605110343750001 0.600428659375 0.952380953125 0.5900183718750001 0.9547038328124999 0.5832823031250001 0.9477351921875 0.5691977953125 0.9477351921875 0.5606246171875 0.9535423921874999 0.5404164109375 0.9547038328124999 0.5061236984375 0.9698025546875 0.4718309859375 0.9779326359375 0.42682180000000003 0.9970964 0.65156154375 0.9982578390624999 0.6935088796875 0.9953542390625 0.703306796875 0.9872241578125
0 0.493570115625 0.398954703125 0.49938762968750006 0.3937282234375 0.5009185546875 0.385017421875 0.495101040625 0.3751451796875 0.48285364375000006 0.3670150984375 0.4703000609375 0.40011614375000004 0.4718309859375 0.4099883859375 0.479485609375 0.41289198593750004 0.49142682187500003 0.4099883859375 0.493570115625 0.398954703125
0 0.41977954687499996 0.3914053421875 0.4277403546875 0.4006968640625 0.44764237656250006 0.40243902499999995 0.44060012187500003 0.40301974375 0.43570116406250003 0.4088269453125 0.4277403546875 0.405342625 0.42406613593750003 0.4250871078125 0.43998775312499994 0.422764228125 0.45162277968750003 0.412311265625 0.46448254687499996 0.41114982656250004 0.462339253125 0.37921022031249996 0.4461114515625 0.3658536578125 0.392222903125 0.3693379796875 0.3726270671875 0.3728223 0.370483771875 0.376887340625 0.3707899578125 0.382113821875 0.3766074703125 0.3873403015625 0.3793631359375 0.4099883859375 0.392222903125 0.41114982656250004 0.40324556093749997 0.42624854843750004 0.40875688906249996 0.420441346875 0.4170238828125 0.42682926875 0.4206981015625 0.41056910625 0.41977954687499996 0.3914053421875
0 0.030924678125 0.45412311250000004 0.0385793015625 0.46051103437499996 0.035517453125 0.48373983750000005 0.0398040421875 0.48838559843749996 0.0398040421875 0.4547038328125 0.030924678125 0.45412311250000004
0 0.0088793625 0.495934959375 0.0125535828125 0.5029036 0.0140845078125 0.49883855937500005 0.0009185546875000001 0.470383275 0.0006123703125 0.526713125 0.0024494796874999997 0.5 0.0088793625 0.495934959375
0 0.040110226562500004 0.5133565625000001 0.0358236375 0.5168408828125 0.032455603124999996 0.5116144015625 0.028169014062499997 0.49186991874999997 0.030006123437499997 0.4698025546875 0.0278628296875 0.46689895468750003 0.022657685937499998 0.48373983750000005 0.0232700546875 0.5209059234375 0.030924678125 0.5319396046875 0.0404164109375 0.531358884375 0.0434782609375 0.5197444828125 0.040110226562500004 0.5133565625000001
0 0.027250459375 0.5667828109374999 0.051132884375 0.5586527296875 0.053276178125 0.55110336875 0.0486834046875 0.5458768875 0.0358236375 0.544715446875 0.0113288421875 0.5493612078125001 0.00826699375 0.5644599296874999 0 0.56736353125 0.0006123703125 0.5801393734375 0.0217391296875 0.5783972125 0.027250459375 0.5667828109374999