1 0.1203125 0.0453125 0.084375 0.090625
1 0.24140625 0.04296875 0.05390625 0.08515625
1 0.90078125 0.0640625 0.19453125 0.11875
1 0.16953125 0.390625 0.27265625 0.4328125
1 0.96640625 0.365625 0.06640625 0.37734375
0 0.444917509375 0.98837209375 0.44438531093750006 0.9695459578125 0.438265034375 0.9645625687500001 0.4369345390625 0.957364340625 0.43587014375 0.9374307859375 0.4385311328125 0.927464009375 0.4377328359375 0.909191584375 0.42921766874999995 0.9125138421875001 0.42283129375 0.932447396875 0.4215007984375 0.920819490625 0.41697711562500006 0.9136212625000001 0.40792975 0.916943521875 0.344598190625 0.9069767437499999 0.2972325703125 0.9125138421875001 0.282863225 0.9047619046875001 0.27860564062500004 0.8959025468749999 0.2716870671875 0.89147286875 0.2631719 0.8970099671874999 0.2381585953125 0.8925802875000001 0.229643428125 0.9003322265625 0.219531665625 0.89922480625 0.2158062796875 0.9080841640624999 0.206226715625 0.910299003125 0.1918573703125 0.9069767437499999 0.181745609375 0.8936877078125001 0.1450239484375 0.8925802875000001 0.13970196875000002 0.8947951281250001 0.1375731765625 0.9025470656250001 0.12267163437499999 0.9114064234375 0.07477381562499999 0.9125138421875001 0.0710484296875 0.9158361015625 0.015699840625 0.910299003125 0.0119744546875 0.8981173859375 0.0077168703125000005 0.8970099671874999 0.004523682812500001 0.8903654484375 0 0.8920265781250001 0.0002660984375 0.9933554812500001 0.3158595 0.9955703218749999 0.32863225156250003 0.9933554812500001 0.3376796171875 0.97785160625 0.33954230937499996 0.9806201546875 0.3358169234375 0.9872646734374999 0.3424693984375 0.9933554812500001 0.38557743437499997 0.9955703218749999 0.3967535921875 0.988925803125 0.42096859999999997 0.9961240312499999 0.440926025 0.9933554812500001 0.444917509375 0.98837209375
0 0.1479510375 0.25304540468750003 0.1474188390625 0.23421926875 0.1410324640625 0.1932447390625 0.14023416718749998 0.1627906984375 0.14316125625 0.1644518265625 0.14316125625 0.172203765625 0.148749334375 0.19269102968750002 0.162054284375 0.19490586875 0.164449175 0.21317829531250002 0.168440659375 0.22148394218749998 0.1729643421875 0.2142857140625 0.17802022343749999 0.19601328906249998 0.183342203125 0.19269102968750002 0.21208089375 0.19490586875 0.2158062796875 0.20930232499999998 0.221128259375 0.19601328906249998 0.254124534375 0.1915836109375 0.30095795625 0.1749723140625 0.303352846875 0.1788482828125 0.303352846875 0.1888150609375 0.2980308671875 0.21317829531250002 0.3060138375 0.22868217031250002 0.306546034375 0.237541528125 0.3137307078125 0.25249169375 0.3179882921875 0.2502768546875 0.32171367812499996 0.2602436328125 0.32384246875 0.2203765234375 0.3259712609375 0.2203765234375 0.3283661515625 0.22978959062499998 0.329696646875 0.2469545953125 0.33422032968750004 0.24197120781249998 0.33608302343749996 0.2281284609375 0.3419372 0.22591362187500003 0.342735496875 0.245293465625 0.3456625859375 0.2535991140625 0.34965407187499997 0.24640088593749998 0.35018626875000003 0.22314507187500002 0.3531133578125 0.2203765234375 0.3555082484375 0.251937984375 0.3584353375 0.255813953125 0.36109632812500003 0.24584717656250002 0.36562001093749996 0.24197120781249998 0.36482171406249997 0.2347729796875 0.360830228125 0.24418604687499998 0.36109632812500003 0.227021040625 0.3728046828125 0.2281284609375 0.37466737656250004 0.22425249218749999 0.37653006875 0.168327796875 0.3845130390625 0.254706534375 0.3887706234375 0.251384275 0.39941458281250003 0.25913621249999996 0.40234167187500003 0.2563676640625 0.40234167187500003 0.212070875 0.4042043640625 0.20708748593749998 0.40872804687500003 0.22093023281250002 0.4116551359375 0.2569213734375 0.42203299687499995 0.25304540468750003 0.4238956890625 0.2203765234375 0.431878659375 0.2203765234375 0.43427355 0.22425249218749999 0.4369345390625 0.2541528234375 0.43932943125 0.2602436328125 0.44172432187500005 0.251937984375 0.44252261875 0.22591362187500003 0.444917509375 0.22868217031250002 0.44598190468750004 0.2541528234375 0.454763171875 0.254706534375 0.45822245937500006 0.21317829531250002 0.46061735 0.21151716562499998 0.4627461421875 0.2181616828125 0.4635444390625 0.21317829531250002 0.463012240625 0.172203765625 0.46114954687500004 0.1638981171875 0.4558275671875 0.1605758578125 0.45343267656249997 0.1533776296875 0.451303884375 0.1256921375 0.44731240000000005 0.10963455156249999 0.40846194843749994 0.11184939062499999 0.375997871875 0.1063122921875 0.36907929687499996 0.11074197187499998 0.36482171406249997 0.10520487187500001 0.348855775 0.10077519374999999 0.34699308125 0.0946843859375 0.3464608828125 0.0658914734375 0.3555082484375 0.050387596874999996 0.35816923906250003 0.0337763015625 0.361894625 0.02491694375 0.3573709421875 0.011074196875000001 0.3254390640625 0.0121816171875 0.32171367812499996 0.00664451875 0.3137307078125 0.0088593578125 0.293773284375 0.02491694375 0.295103778125 0.0420819484375 0.3020223515625 0.053156146875 0.31745609375 0.0653377625 0.3219797765625 0.08250276875 0.32091538124999996 0.096899225 0.3153273015625 0.1074197125 0.31000532187499996 0.11074197187499998 0.26530069218749996 0.10963455156249999 0.258914315625 0.1074197125 0.2546567328125 0.097452934375 0.24614156406249998 0.09302325624999999 0.2264502390625 0.09302325624999999 0.21367748749999999 0.0996677734375 0.16950505625 0.0996677734375 0.15779669999999998 0.094130675 0.11043107968749999 0.09302325624999999 0.096061734375 0.0996677734375 0.08116019218750001 0.10077519374999999 0.07477381562499999 0.11517165 0.0705162328125 0.10188261406250002 0.018893028125 0.10077519374999999 0.012240553125000001 0.09025470625000001 0.016232039062500002 0.0786268 0.035391165625 0.0664451828125 0.0604044703125 0.058693245312499996 0.062267164062500005 0.0470653375 0.06067056875 0.029346621875 0.055082490625 0.022148393750000002 0.0470995203125 0.024363234375 0.04443853125 0.021040975 0.0002660984375 0.025470653125 0 0.22314507187500002 0.00505588125 0.22148394218749998 0.008249068750000001 0.20930232499999998 0.016232039062500002 0.20044296718750002 0.0199574234375 0.2059800671875 0.030601384375000002 0.2104097453125 0.06891963749999999 0.20819490625 0.07131452968749999 0.20542635625 0.07131452968749999 0.1965669984375 0.068121340625 0.1644518265625 0.0710484296875 0.1627906984375 0.0777009046875 0.2043189375 0.086482171875 0.21151716562499998 0.0910058546875 0.22646733125 0.0931346453125 0.25858250312500003 0.097658328125 0.269102990625 0.10218201093749998 0.26854927968750003 0.1375731765625 0.26578073125 0.1479510375 0.25304540468750003
0 0.9792442781249999 0.9872646734374999 0.96061735 0.941860465625 0.9539648749999999 0.932447396875 0.9374667375 0.9246954593750001 0.8938265031249999 0.9258028796875 0.8837147421875 0.9224806203125 0.8775944656249999 0.9064230343749999 0.87014369375 0.8643410859375 0.8616285265625001 0.8355481734374999 0.859499734375 0.8167220374999999 0.8549760515625 0.809523809375 0.850984565625 0.820044296875 0.8499201703124999 0.8333333328125001 0.8419371999999999 0.8554817281249999 0.8392762109374999 0.8732004421875 0.8358169234374999 0.8815060906250001 0.8318254390625001 0.8798449609375 0.8312932406250001 0.8732004421875 0.8360830234375 0.856589146875 0.8382118140625 0.8300110734375 0.8467269828124999 0.8045404203125001 0.8493879718749999 0.7868217046875 0.848855775 0.7757475078125 0.8190526874999999 0.66611295625 0.7833954234375 0.5155038765625 0.7796700375000001 0.4922480625 0.767429484375 0.4501661125 0.7653006921875 0.4291251390625 0.760777009375 0.42746400937500006 0.7527940390625 0.435215946875 0.7488025546875 0.4258028796875 0.7530601390625 0.388150609375 0.7466737625000001 0.3372093015625 0.7400212875000001 0.33111849375 0.7336349125 0.3355481734375 0.72192655625 0.3322259140625 0.71527408125 0.31838316718750004 0.7200638640625 0.2940199328125 0.7269824375 0.28626799531249997 0.7291112296875 0.245293465625 0.7349654078125 0.2364341078125 0.7373602984375001 0.2225913625 0.7429483765625 0.22093023281250002 0.73869079375 0.179955703125 0.74188398125 0.175526025 0.7424161781249999 0.1644518265625 0.74986695 0.1500553703125 0.7519957421875 0.129014396875 0.7378924953125 0.1162790703125 0.7341671109375 0.096345515625 0.7059606171875 0.094130675 0.70223523125 0.081949059375 0.6915912718749999 0.076411959375 0.6886641828125 0.08028792968750001 0.686535390625 0.0946843859375 0.68254390625 0.10077519374999999 0.6745609359375 0.0996677734375 0.67269824375 0.0924695453125 0.6721660453125 0.0658914734375 0.658861096875 0.054817275 0.6530069187499999 0.0083056484375 0.6458222453125 0.0011074203124999999 0.6277275140625 0.003322259375 0.6242682281249999 0.0337763015625 0.62666311875 0.0420819484375 0.634113890625 0.0420819484375 0.6397019687500001 0.0481727578125 0.64289515625 0.09025470625000001 0.6394358703125 0.0952380953125 0.6271953171875 0.0952380953125 0.622405534375 0.090808415625 0.6189462484375 0.07475083125000001 0.6194784453125 0.0481727578125 0.6221394359375 0.0337763015625 0.6106971796875 0.0287929125 0.6005854171875 0.0121816171875 0.596327834375 0.0199335546875 0.5931346453125 0 0.5777009046875 0.003322259375 0.5691857375 0.0121816171875 0.564928153125 0.0011074203124999999 0.5463012234375 0.0011074203124999999 0.5433741359375001 0.0083056484375 0.54443853125 0.01716500625 0.5407131453125 0.043743078125 0.53964875 0.08250276875 0.5332623734374999 0.09579180468750001 0.533794571875 0.1068660015625 0.5300691859375 0.11904761875 0.532730175 0.1467331125 0.5447046296875 0.1605758578125 0.5502927093750001 0.16223698749999999 0.54763171875 0.1888150609375 0.5481639171875 0.22314507187500002 0.5455029265625 0.2751937984375 0.54763171875 0.29623477343750004 0.5455029265625 0.3438538203125 0.5340606703125 0.35880398593749996 0.5308674828125 0.3499446296875 0.5218201171875 0.355481728125 0.5180947312499999 0.34551495 0.5101117609375 0.355481728125 0.506386375 0.3543743078125 0.503991484375 0.35935769687499997 0.502394890625 0.389258028125 0.5034592875 0.410299003125 0.512506653125 0.4258028796875 0.514103246875 0.4335548171875 0.5250133046875 0.43853820624999995 0.5321979781249999 0.45127353281250004 0.532730175 0.48228128437500006 0.5380521546875 0.4988925796875 0.5391165515624999 0.51439645625 0.536987759375 0.5276854921874999 0.5292708890625 0.54595791875 0.5218201171875 0.5448504984375 0.5151676421875 0.5564784046875 0.5093134640625 0.5775193796875 0.506652475 0.6096345515625 0.5018626921875 0.6173864890625 0.49760510937499997 0.6461794015625 0.4970729109375 0.6782945734375 0.494411921875 0.6860465109375 0.49813730781250004 0.6960132890625 0.49813730781250004 0.7026578078125 0.49387972343750003 0.7070874859375 0.4922831296875 0.7181616828124999 0.4970729109375 0.7303433 0.493347525 0.751384275 0.494411921875 0.85991140625 0.4906865359375 0.8720930234375001 0.49175093125 0.9008859359375 0.494411921875 0.9141749718750001 0.5021287921875001 0.9246954593750001 0.5218201171875 0.9291251390624999 0.527142096875 0.9435215953125 0.5489622140625 0.96345515 0.5572112828125 0.9795127359375 0.56067056875 0.9955703218749999 0.9680681218749999 0.9961240312499999 0.9768493875 0.9933554812500001 0.9792442781249999 0.9872646734374999
0 0.493347525 0.24640088593749998 0.4904204359375 0.24473975625 0.49015433750000004 0.2541528234375 0.48536455624999997 0.2619047625 0.48376796093749996 0.2774086375 0.494411921875 0.288482834375 0.4954763171875 0.2619047625 0.493347525 0.24640088593749998
0 0.53964875 0.2929125140625 0.5428419375 0.2774086375 0.5417775406249999 0.24418604687499998 0.5367216609375001 0.23588039843750003 0.5364555609375 0.25083056406250004 0.53113358125 0.2607973421875 0.5306013843749999 0.302879290625 0.5380521546875 0.316168328125 0.5407131453125 0.3106312296875 0.53964875 0.2929125140625
0 0.5295369875 0.27630121875 0.5258116015625001 0.2619047625 0.52794039375 0.2541528234375 0.5218201171875 0.24363233593750003 0.5162320390625 0.2541528234375 0.5130388499999999 0.31838316718750004 0.5143693453125 0.3222591359375 0.53113358125 0.327242525 0.52794039375 0.3194905875 0.5295369875 0.27630121875
0 0.4789781796875 0.245293465625 0.48376796093749996 0.2386489484375 0.485896753125 0.186600221875 0.493347525 0.16223698749999999 0.494411921875 0.1467331125 0.5021287921875001 0.139534884375 0.505854178125 0.12403100781250001 0.513837146875 0.12403100781250001 0.5234167109375 0.126245846875 0.5284725921875 0.13676633437500002 0.5298030875 0.1495016609375 0.5316657796875 0.114617940625 0.5298030875 0.10963455156249999 0.5005321984375 0.11184939062499999 0.497339009375 0.10852713124999999 0.48669504999999996 0.11074197187499998 0.4848323578125 0.114617940625 0.48110697187499996 0.14894795156250001 0.47179350781249996 0.161683278125 0.47046301250000006 0.1677740859375 0.47312400156249995 0.26301218125000003 0.4789781796875 0.2707641203125 0.47844598125 0.25083056406250004 0.4789781796875 0.245293465625