1 0.45625 0.50546875 0.18125 0.3203125
1 0.59765625 0.4203125 0.2171875 0.37109375
1 0.76953125 0.396875 0.21953125 0.2796875
1 0.890625 0.3390625 0.14296875 0.2484375
1 0.70546875 0.1578125 0.07578125 0.1078125
1 0.30078125 0.3390625 0.084375 0.15625
1 0.36015625 0.296875 0.096875 0.1546875
1 0.29921875 0.60078125 0.146875 0.28203125
1 0.0640625 0.453125 0.12421875 0.20703125
1 0.05546875 0.7375 0.11015625 0.40234375
1 0.17265625 0.31484375 0.18125 0.13515625
1 0.39453125 0.0953125 0.35234375 0.190625
1 0.67421875 0.04765625 0.17265625 0.0953125
1 0.8703125 0.1515625 0.08359375 0.10078125
1 0.98125 0.23359375 0.0375 0.1609375
1 0.95390625 0.07421875 0.09140625 0.1328125
1 0.7796875 0.2828125 0.04921875 0.08203125
1 0.1890625 0.05859375 0.0625 0.090625
0 0.2958057390625 0.9511235953125 0.3004966890625 0.938202246875 0.3057395140625 0.9331460671875 0.2993929359375 0.9292134828125 0.2866997796875 0.933707865625 0.28173289218750003 0.9292134828125 0.26655629062499997 0.8882022468749999 0.2629690953125 0.8629213484375 0.26020971249999997 0.8752808984374999 0.2530353203125 0.8786516859375 0.24751655625 0.8876404499999999 0.221026490625 0.894382021875 0.2099889625 0.8921348312499999 0.20860927187499997 0.9028089890625 0.2116445921875 0.9370786515624999 0.208885209375 0.933707865625 0.1995033109375 0.9348314609375 0.17246136875 0.95168539375 0.1492825609375 0.958426965625 0.13383002187499998 0.9561797750000001 0.126103753125 0.9505617984375 0.1216887421875 0.9415730343750001 0.106236203125 0.958426965625 0.101545253125 0.972471909375 0.10264900625 0.9904494375 0.106236203125 0.994382021875 0.2908388515625 0.9971910109375001 0.2941501109375 0.9904494375 0.2958057390625 0.9511235953125
0 1 0.532022471875 0.9980684328124999 0.5269662921875 0.9820640171875 0.5269662921875 0.978476821875 0.5353932578125 0.970198675 0.5657303375 0.971302428125 0.6028089890625 0.9682671078125 0.6202247187500001 0.953918321875 0.6314606734375 0.9428807953125 0.633707865625 0.92742825625 0.643820225 0.9169426046875 0.641573034375 0.904801325 0.6314606734375 0.9012141281250001 0.6230337078125 0.899006621875 0.59831460625 0.8959713031250001 0.5932584265624999 0.8921081671875 0.6011235953125 0.87775938125 0.602247190625 0.8391280359375 0.622471909375 0.836092715625 0.6174157296875 0.8358167765625 0.605617978125 0.8258830015624999 0.597752809375 0.8153973515624999 0.6033707859375 0.8115342156249999 0.582022471875 0.7900110375 0.56404494375 0.7844922734375 0.5573033703125 0.7800772625 0.5449438203125 0.769039734375 0.538202246875 0.7651766 0.5269662921875 0.7535871968750001 0.5191011234375 0.7298565124999999 0.522471909375 0.7215783671875 0.5168539328125 0.7171633546875 0.5067415734375 0.706125828125 0.5067415734375 0.7036423843749999 0.511797753125 0.70253863125 0.5365168546875 0.6981236203125001 0.5432584265625 0.69757174375 0.555617978125 0.693708609375 0.5601123593749999 0.7066777046875 0.5752808984375 0.7251655625 0.616292134375 0.7251655625 0.624157303125 0.721302428125 0.6297752812499999 0.721302428125 0.6365168546875 0.7265452531250001 0.6382022468749999 0.726269315625 0.647752809375 0.733995584375 0.6544943812499999 0.7323399562499999 0.6949438203125 0.7505518765625 0.727528090625 0.751103753125 0.7466292140624999 0.74751655625 0.758426965625 0.7353752765625 0.769662921875 0.725993378125 0.7707865171875 0.70722958125 0.7831460671875 0.70226269375 0.7910112359375 0.6868101546875 0.8011235953125 0.6741169984375001 0.8033707859374999 0.658664459375 0.7887640453125 0.653973509375 0.7691011234375 0.6572847687500001 0.7466292140624999 0.67246136875 0.7280898875 0.6721854296875 0.7207865171875001 0.6498344375 0.730337078125 0.611479028125 0.7589887640625 0.6194812359374999 0.7651685390625 0.631070640625 0.766292134375 0.6407284765625 0.7825842703125 0.6445916109375001 0.8073033703125001 0.6399006625 0.82359550625 0.6007174390625 0.8460674156250001 0.584713025 0.8595505625 0.5631898453125 0.856179775 0.55739514375 0.844382021875 0.5551876375 0.8308988765624999 0.55739514375 0.8151685390625 0.564845475 0.802247190625 0.5769867546875 0.7910112359375 0.5805739515624999 0.783707865625 0.5797461375 0.7808988765625 0.541114790625 0.794382021875 0.49751655625 0.82359550625 0.4859271515625 0.8258426968749999 0.47240618124999995 0.7983146062500001 0.4657836640625 0.7679775281250001 0.45557395156249997 0.756179775 0.44232891875 0.753932584375 0.40976821250000006 0.7629213484374999 0.40452538593750004 0.7679775281250001 0.403973509375 0.7848314609375 0.4056291390625 0.80168539375 0.413907284375 0.8297752812500001 0.4166666671875 0.8488764046874999 0.4166666671875 0.8567415734375 0.411147903125 0.87022471875 0.4105960265625 0.8792134828125 0.41777041875 0.9073033703125001 0.421081678125 0.95 0.403697571875 0.9707865171875 0.38383002187500004 0.977528090625 0.3658940390625 0.9904494375 0.368929359375 0.99550561875 0.3755518765625 0.9966292140625 0.4230132453125 0.9977528093749999 0.4357064015625 0.994382021875 0.44067328906250003 0.9988764046874999 0.47268211875 0.9988764046874999 0.48261589374999997 0.9842696625 0.4958609265625 1 0.516280353125 0.9966292140625 0.9097682125000001 0.99550561875 0.9249448125 0.9994382015625 1 0.996067415625 1 0.532022471875