1 0.2359375 0.734375 0.0859375 0.17734375
1 0.27421875 0.32578125 0.11796875 0.234375
1 0.9640625 0.31484375 0.071875 0.25625
1 0.3359375 0.25078125 0.04765625 0.1078125
1 0.7328125 0.4859375 0.13828125 0.284375
1 0.53203125 0.79296875 0.10546875 0.209375
1 0.5484375 0.48203125 0.10234375 0.27265625
1 0.03671875 0.2234375 0.0734375 0.203125
1 0.02421875 0.36875 0.0484375 0.0953125
1 0.30546875 0.0359375 0.1046875 0.071875
1 0.91171875 0.20859375 0.13203125 0.17578125
1 0.859375 0.08359375 0.14453125 0.14609375
1 0.80859375 0.03046875 0.0953125 0.06015625
1 0.634375 0.09296875 0.03046875 0.12421875
1 0.5203125 0.0453125 0.03828125 0.07890625
1 0.7234375 0.04296875 0.04140625 0.059375
1 0.725 0.86640625 0.0390625 0.13046875
1 0.85703125 0.76953125 0.0484375 0.0921875
1 0.36015625 0.37578125 0.03203125 0.17578125
0 0.265118790625 0.4764254390625 0.2551295890625 0.460526315625 0.24649028125 0.455043859375 0.2356911453125 0.4298245609375 0.2275917921875 0.4276315796875 0.21571274375 0.40021929843750004 0.20032397343750002 0.45449561406249994 0.1965442765625 0.49067982499999996 0.2000539953125 0.49780701718750003 0.21193304531249998 0.49780701718750003 0.22921166249999997 0.5098684203125 0.2392008640625 0.5411184203125 0.24379049687499998 0.56798245625 0.26295896406249997 0.5729166671875 0.264578834375 0.565241228125 0.265118790625 0.4764254390625
0 0.346922246875 0.5811403515625 0.34476241875 0.57894736875 0.341522678125 0.58991228125 0.3374730015625 0.5794956140624999 0.34314254843750003 0.5778508765625 0.345032396875 0.570723684375 0.3579913609375 0.5115131578125001 0.3579913609375 0.49396929843750004 0.34530237656249996 0.4890350875 0.34125269999999996 0.48300438593750006 0.33909287187500003 0.47203947343749997 0.3396328296875 0.45559210468750005 0.335313175 0.429276315625 0.32586393125 0.4111842109375 0.3185745140625 0.44682017500000004 0.3191144703125 0.45449561406249994 0.30885529218749996 0.480811403125 0.307235421875 0.5005482453125001 0.2942764578125 0.5158991234375 0.2867170625 0.56633771875 0.3026457890625 0.5734649125 0.3064254859375 0.555921053125 0.3129049671875 0.5548245609375 0.3220842328125 0.5833333328125 0.32586393125 0.5866228062500001 0.32964362812500003 0.5822368421874999 0.3366630671875 0.6008771937499999 0.349892009375 0.600328946875 0.3515118796875 0.5904605265625 0.346922246875 0.5811403515625
0 0.28374730000000004 0.745614034375 0.29400647968750004 0.75 0.2969762421875 0.74616228125 0.3093952484375 0.690241228125 0.3126349890625 0.662828946875 0.3126349890625 0.6419956140624999 0.3064254859375 0.6271929828125 0.29616630625 0.6348684203125 0.2788876890625 0.63048245625 0.27591792656249997 0.6145833328125 0.268628509375 0.601973684375 0.2508099359375 0.591008771875 0.2400107984375 0.6140350875 0.232451403125 0.620614034375 0.2265118796875 0.6326754390625 0.22003239687499998 0.6359649125 0.2186825046875 0.6540570171875 0.22003239687499998 0.658991228125 0.22273218125 0.6502192984375 0.2400107984375 0.6502192984375 0.2670086390625 0.658991228125 0.271058315625 0.679276315625 0.26241900625 0.7341008765625 0.2697084234375 0.75548245625 0.2753779703125 0.7571271937499999 0.271058315625 0.76480263125 0.27591792656249997 0.7658991234375 0.28023758125 0.7615131578125001 0.28374730000000004 0.745614034375
0 0.078563715625 0.49780701718750003 0.0809935203125 0.49396929843750004 0.0815334765625 0.48190789531249995 0.09179265625000001 0.456688596875 0.0942224625 0.44407894687500005 0.1061015125 0.43530701718750003 0.1142008640625 0.43421052656250003 0.1231101515625 0.42269736875 0.1142008640625 0.41337719375 0.1061015125 0.414473684375 0.0942224625 0.40789473750000005 0.09125269999999999 0.3963815796875 0.08585313125 0.3908991234375 0.088012959375 0.3744517546875 0.0812634984375 0.3662280703125 0.079103671875 0.357456140625 0.063444925 0.3640350875 0.0472462203125 0.3651315796875 0.0469762421875 0.3744517546875 0.0315874734375 0.396929825 0.027807775 0.408991228125 0.013498920312500001 0.4150219296875 0.013498920312500001 0.4259868421875 0.021058315624999997 0.4533991234375 0.015118790625 0.46655701718750003 0.0140388765625 0.4786184203125 0.012149028125 0.4802631578125 0.004589632812499999 0.46929824531250003 0 0.47094298281249997 0.00026997812499999997 0.49561403437499996 0.012149028125 0.50548245625 0.0205183578125 0.5060307015625 0.0472462203125 0.48684210468750005 0.078563715625 0.49780701718750003
0 0.32586393125 0.9901315796875 0.3334233265625 0.9923245609375 0.3369330453125 0.9808114031249999 0.3334233265625 0.976973684375 0.32964362812500003 0.9868421046875 0.32586393125 0.9879385968750001 0.3191144703125 0.9797149125000001 0.320734340625 0.9720394734375001 0.3164146875 0.9577850874999999 0.31749459999999996 0.9424342109375001 0.33477321875 0.9248903515625001 0.3331533484375 0.9084429828125 0.32586393125 0.89144736875 0.3220842328125 0.8881578953125 0.3102051828125 0.8903508765625 0.29400647968750004 0.9057017546875 0.286447084375 0.89912280625 0.28617710625 0.9084429828125 0.283477321875 0.9150219296875 0.27132829375 0.9342105265624999 0.2632289421875 0.9331140343750001 0.26187905 0.9150219296875 0.2670086390625 0.9122807015625 0.27186825 0.915570175 0.2807775375 0.9029605265624999 0.2826673859375 0.8662280703125 0.29454643593749996 0.8782894734375001 0.2969762421875 0.865679825 0.29400647968750004 0.8596491234375 0.317764578125 0.8563596484374999 0.319654428125 0.8525219296875 0.30885529218749996 0.8448464906250001 0.31398488125 0.8278508765625 0.31830453593749997 0.8377192984375 0.32613390937500003 0.8360745609375 0.32775377968749997 0.78125 0.317764578125 0.7697368421874999 0.3126349890625 0.7735745609375 0.3126349890625 0.79769736875 0.30885529218749996 0.81633771875 0.29886609062499997 0.8311403515625001 0.289686825 0.8311403515625001 0.2867170625 0.8371710531250001 0.28779697656250003 0.8448464906250001 0.2826673859375 0.8563596484374999 0.2791576671875 0.8448464906250001 0.28509719218749996 0.8371710531250001 0.28185745156249997 0.8327850874999999 0.2807775375 0.8185307015625 0.28320734375 0.8146929828125 0.29022678125 0.8278508765625 0.2926565875 0.8240131578125001 0.286987040625 0.79605263125 0.2826673859375 0.8037280703125 0.274028078125 0.80701754375 0.2632289421875 0.7916666671875 0.2572894171875 0.7916666671875 0.253779696875 0.7955043859375001 0.247300215625 0.8185307015625 0.24163067031250002 0.8278508765625 0.21841252656250001 0.8267543859375 0.21976241875000002 0.8360745609375 0.223002159375 0.8371710531250001 0.222462203125 0.8470394734375001 0.2267818578125 0.8689692984375 0.23488120937499998 0.8952850874999999 0.2392008640625 0.90076754375 0.2356911453125 0.91337719375 0.2305615546875 0.9040570171875 0.22030237656249999 0.86787280625 0.2081533484375 0.83662280625 0.200593953125 0.8388157890624999 0.1968142546875 0.8278508765625 0.1881749453125 0.8201754390625 0.1811555078125 0.8212719296875 0.1725161984375 0.8135964906250001 0.1687365015625 0.8157894734375001 0.167926565625 0.820723684375 0.1749460046875 0.8283991234375 0.188444925 0.93037280625 0.1879049671875 0.9391447375 0.18385529218750002 0.9495614031249999 0.17305615624999998 0.9572368421874999 0.1509179265625 0.9265350874999999 0.1384989203125 0.92105263125 0.1330993515625 0.9089912281249999 0.1220302375 0.90076754375 0.12257019375 0.8919956140625 0.1204103671875 0.8854166671874999 0.1220302375 0.86019736875 0.12526997812500001 0.8503289468749999 0.1268898484375 0.8305921046875 0.13336932968749998 0.8130482453125 0.1349892015625 0.79769736875 0.133639309375 0.7916666671875 0.1298596109375 0.790570175 0.12553995625 0.7993421046875 0.10988120937500001 0.794956140625 0.106371490625 0.804276315625 0.1088012953125 0.8212719296875 0.0942224625 0.8212719296875 0.0904427640625 0.8157894734375001 0.08288336874999999 0.8146929828125 0.07100432031250001 0.81798245625 0.0674946 0.8119517546875 0.0996220296875 0.8081140343750001 0.1020518359375 0.80537280625 0.1012419 0.8026315796875 0.0958423328125 0.8015350874999999 0.0904427640625 0.7938596484375 0.0747840171875 0.789473684375 0.0623650109375 0.7938596484375 0.0434665234375 0.7817982453125001 0.0407667390625 0.7971491234375 0.0472462203125 0.8026315796875 0.06290496718750001 0.8037280703125 0.063714903125 0.8075657890624999 0.029967603125 0.8081140343750001 0.0259179265625 0.8130482453125 0.0264578828125 0.8229166671874999 0.0315874734375 0.834429825 0.035907128125 0.8311403515625001 0.03914686875 0.8377192984375 0.044546435937500004 0.8377192984375 0.042116631249999995 0.8283991234375 0.0472462203125 0.8234649125000001 0.051565875000000004 0.8278508765625 0.061285096875 0.8267543859375 0.06614470781250001 0.83991228125 0.06857451406250001 0.83826754375 0.0674946 0.8294956140625 0.0704643625 0.8256578953125 0.0753239734375 0.8278508765625 0.078563715625 0.8377192984375 0.08612310937499999 0.8267543859375 0.0893628515625 0.8278508765625 0.093952484375 0.8448464906250001 0.1012419 0.8541666671874999 0.1047516203125 0.8525219296875 0.1025917921875 0.8459429828125 0.1044816421875 0.8377192984375 0.1115010796875 0.835526315625 0.113390928125 0.8448464906250001 0.1117710578125 0.8547149125000001 0.1206803453125 0.8596491234375 0.1204103671875 0.8722587718750001 0.112850971875 0.8755482453125 0.106371490625 0.9161184203125 0.0942224625 0.9287280703125 0.0742440609375 0.9309210531250001 0.063444925 0.9243421046875 0.054805615625000005 0.9111842109375001 0.0472462203125 0.9089912281249999 0.036447084375 0.9375 0.024028078124999998 0.94298245625 0.0188984875 0.9347587718750001 0.0194384453125 0.9248903515625001 0.015658746874999997 0.9128289468749999 0.015658746874999997 0.8996710531250001 0.012149028125 0.892543859375 0.007829373437499999 0.8881578953125 0 0.8963815796875 0.00026997812499999997 0.9967105265624999 0.0866630671875 0.9934210531250001 0.09476241875 0.9967105265624999 0.268628509375 0.9978070171875 0.2788876890625 0.9890350874999999 0.28590712812499997 0.99451754375 0.298326134375 0.9912280703125 0.3010259171875 0.9967105265624999 0.313714903125 0.9972587718750001 0.3242440609375 0.9956140343750001 0.32586393125 0.9901315796875
0 0.23839092812499998 0 0.231371490625 0.012061403125 0.22435205156250002 0.015350876562499999 0.213012959375 0.028508771874999998 0.20437365000000002 0.033991228125 0.1881749453125 0.03508771875 0.1868250546875 0.053179825 0.188714903125 0.0592105265625 0.19357451406249998 0.0625 0.2000539953125 0.0548245609375 0.20437365000000002 0.061403509375 0.2116630671875 0.06414473750000001 0.20437365000000002 0.07456140312500001 0.2000539953125 0.07456140312500001 0.1962742984375 0.06798245625 0.1881749453125 0.0712719296875 0.1843952484375 0.061403509375 0.1692764578125 0.057017543749999997 0.14767818593749998 0.061403509375 0.1414686828125 0.050986842187500006 0.1398488125 0.0389254390625 0.1363390921875 0.0361842109375 0.12553995625 0.0416666671875 0.10988120937500001 0.0592105265625 0.10745140312499998 0.06633771875 0.106371490625 0.087171053125 0.098002159375 0.1118421046875 0.07802375781250001 0.1217105265625 0.0750539953125 0.1266447375 0.0739740828125 0.1376096484375 0.0691144703125 0.151864034375 0.078563715625 0.1776315796875 0.090982721875 0.17543859687500002 0.09476241875 0.18201754375 0.10070194375 0.180921053125 0.1115010796875 0.1688596484375 0.1298596109375 0.13048245625 0.131749459375 0.14418859687500002 0.1112311015625 0.18366228125 0.12176025937499999 0.2072368421875 0.12553995625 0.2072368421875 0.1379589640625 0.22258771875 0.153077753125 0.22149122812500002 0.1633369328125 0.20394736875000002 0.17116630625 0.2001096484375 0.167386609375 0.1672149125 0.16954643593750002 0.15625 0.17008639375 0.127741228125 0.1757559390625 0.11074561406250001 0.1903347734375 0.10087719375 0.2000539953125 0.10635964843750001 0.20653347656249998 0.126096490625 0.21571274375 0.13048245625 0.2208423328125 0.1419956140625 0.2208423328125 0.16173245625 0.21598272187499998 0.18146929843749998 0.204103671875 0.2001096484375 0.2027537796875 0.2127192984375 0.200593953125 0.2127192984375 0.1897948171875 0.1907894734375 0.183315334375 0.1907894734375 0.173326134375 0.1990131578125 0.176295896875 0.205043859375 0.18061555 0.2006578953125 0.1846652265625 0.2055921046875 0.183315334375 0.21162280625 0.17710583124999998 0.214364034375 0.18412527031249998 0.2384868421875 0.18412527031249998 0.24616228125 0.1781857453125 0.25383771875 0.180345571875 0.2724780703125 0.19087472968750002 0.2642543859375 0.1973542109375 0.2686403515625 0.20248380156249998 0.30537280624999996 0.20788336875 0.31853070156249996 0.20491360625000002 0.32456140312500004 0.1941144703125 0.316885965625 0.189254859375 0.319078946875 0.1868250546875 0.342653509375 0.188714903125 0.346491228125 0.20113390937500003 0.34978070156249996 0.204103671875 0.3569078953125 0.2116630671875 0.32730263125 0.2089632828125 0.31962719375000004 0.217062634375 0.31633771875 0.25 0.22423245625 0.26214902812499996 0.2006578953125 0.2783477328125 0.1984649125 0.2880669546875 0.205043859375 0.2975161984375 0.217653509375 0.3004859609375 0.232456140625 0.31830453593749997 0.24671052656249998 0.325593953125 0.2319078953125 0.33099352031249996 0.2110745609375 0.34044276406249996 0.1973684203125 0.34530237656249996 0.1973684203125 0.35664146875 0.2072368421875 0.37284017343750003 0.2017543859375 0.38147948125000003 0.2247807015625 0.38579913593750004 0.226973684375 0.3884989203125 0.226973684375 0.3941684671875 0.21546052656249998 0.396058315625 0.205043859375 0.40172786250000003 0.2001096484375 0.402807775 0.1661184203125 0.4006479484375 0.15625 0.3920086390625 0.1430921046875 0.3860691140625 0.070723684375 0.3822894171875 0.06414473750000001 0.3833693296875 0.0400219296875 0.37284017343750003 0.0032894734375 0.353941684375 0.0197368421875 0.34908207343750003 0.0361842109375 0.336123109375 0.0548245609375 0.3118250546875 0.0646929828125 0.3029157671875 0.076206140625 0.302375809375 0.087171053125 0.298326134375 0.0932017546875 0.2907667390625 0.09539473750000001 0.28590712812499997 0.09210526249999999 0.27726781875 0.10197368437500001 0.271058315625 0.0959429828125 0.27159827187499996 0.0805921046875 0.275107990625 0.07346491250000001 0.28320734375 0.0811403515625 0.2853671703125 0.0712719296875 0.2934665234375 0.069078946875 0.2969762421875 0.058662281250000003 0.2948164140625 0.0411184203125 0.2907667390625 0.0317982453125 0.2853671703125 0.0296052625 0.28104751562499997 0.0317982453125 0.2807775375 0.0400219296875 0.2783477328125 0.0416666671875 0.2761879046875 0.0328947375 0.26646868281249997 0.0252192984375 0.2551295890625 0 0.23839092812499998 0
0 0.70086393125 0.6650219296875 0.7014038874999999 0.65625 0.6987041031250001 0.6463815796875 0.6997840171874999 0.6376096484375 0.6930345578125 0.6337719296875 0.6746760265625 0.6337719296875 0.6727861765625 0.6299342109375 0.6711663062500001 0.6025219296875 0.6665766734374999 0.603070175 0.6598272140625 0.5959429828125 0.6592872562500001 0.589364034375 0.6619870406249999 0.5816885968750001 0.670896328125 0.580043859375 0.6711663062500001 0.571820175 0.667926565625 0.56633771875 0.6657667390625 0.5509868421874999 0.66414686875 0.509320175 0.6595572359374999 0.50548245625 0.6546976234375 0.5153508765625 0.64335853125 0.5252192984375 0.642548596875 0.532346490625 0.6349892015624999 0.5422149125 0.631209503125 0.5564692984375 0.631209503125 0.565241228125 0.624730021875 0.5751096484375 0.6231101515625 0.5915570171875 0.6144708421875 0.6058114031249999 0.6139308859375 0.6441885968750001 0.6201403890625 0.664473684375 0.6563174953125 0.6688596484375 0.6868250546875 0.6803728062500001 0.694654428125 0.6776315796875 0.70086393125 0.6650219296875
0 1 0.0005482453125 0.9014578828124999 0 0.9076673859375 0.027960526562499997 0.9184665234375 0.0444078953125 0.9308855296875 0.087171053125 0.9379049671875 0.098135965625 0.9438444921875 0.12006578906250001 0.95437365 0.125 0.9719222468750001 0.151864034375 0.972462203125 0.16831140312499998 0.9778617703125001 0.19133771875 0.9740820734375 0.206688596875 0.9751619874999999 0.217653509375 0.9703023765625 0.223135965625 0.968952484375 0.232456140625 0.9622030234375 0.24067982500000001 0.9651727859375001 0.24780701718749998 0.968952484375 0.24671052656249998 0.9727321812499999 0.2532894734375 0.9754319656250001 0.25 0.9792116625 0.2521929828125 0.9805615546875 0.25712719375000004 0.9786717062499999 0.2598684203125 0.9727321812499999 0.256578946875 0.9692224625 0.2713815796875 0.9838012953125 0.2790570171875 0.9921706265625 0.27412280624999996 0.99649028125 0.278508771875 1 0.2735745609375 0.9986501078125001 0.2631578953125 0.993250540625 0.2609649125 0.9910907124999999 0.2532894734375 0.9821814249999999 0.24067982500000001 0.9851511875 0.2357456140625 1 0.2450657890625 1 0.0005482453125
0 0.98461123125 0.5197368421874999 0.9397948171875001 0.5723684203125 0.9281857453125 0.5904605265625 0.9125269984375001 0.6354166671875 0.90820734375 0.6540570171875 0.9065874734375001 0.6814692984375 0.9014578828124999 0.6907894734375 0.8938984874999999 0.691885965625 0.89038876875 0.6858552625 0.887688984375 0.678179825 0.8871490281250001 0.66173245625 0.8830993515625 0.6513157890625 0.8793196546875001 0.648026315625 0.8706803453124999 0.6502192984375 0.859881209375 0.6326754390625 0.8355831531250001 0.6096491234375 0.8091252703125 0.5953947375 0.8002159828125001 0.5970394734375 0.7969762421875 0.6310307015625 0.7848272140625 0.6337719296875 0.776997840625 0.6694078953125 0.7764578828124999 0.6869517546874999 0.7826673859375 0.691885965625 0.847462203125 0.6962719296875 0.85664146875 0.6875 0.869060475 0.6962719296875 0.8755399562499999 0.6962719296875 0.8820194390625 0.7072368421874999 0.92413606875 0.709429825 0.9370950328125 0.7116228062500001 0.9414146875 0.7171052625 0.9527537796875001 0.7127192984375 0.957613390625 0.7171052625 0.966522678125 0.71326754375 0.9703023765625 0.70230263125 0.9692224625 0.6858552625 0.972462203125 0.6694078953125 0.9770518359375 0.6688596484375 0.9865010796875 0.696820175 0.9821814249999999 0.7165570171875 0.9832613390624999 0.725328946875 1 0.7713815796875 0.999730021875 0.476973684375 0.98461123125 0.5197368421874999
0 0.61852051875 0 0.618250540625 0.024671053125000002 0.6201403890625 0.0296052625 0.62553995625 0.0317982453125 0.6333693296875 0.0564692984375 0.6398488125 0.06414473750000001 0.6414686828125 0.087171053125 0.64686825 0.10361842031249999 0.6511879046875 0.13432017499999999 0.6546976234375 0.1381578953125 0.670896328125 0.1381578953125 0.6825053999999999 0.1661184203125 0.68304535625 0.18366228125 0.6744060468749999 0.201206140625 0.670896328125 0.21600877187499998 0.639578834375 0.2236842109375 0.63444924375 0.230811403125 0.630669546875 0.30537280624999996 0.63741900625 0.3103070171875 0.6557775375 0.308114034375 0.67413606875 0.313596490625 0.6841252703125 0.3119517546875 0.6879049671875 0.2889254390625 0.6873650109375 0.1759868421875 0.6908747296875 0.17105263125 0.692764578125 0.1759868421875 0.6933045359375 0.1990131578125 0.6911447078124999 0.3075657890625 0.6941144703125001 0.3157894734375 0.698434125 0.313596490625 0.7116630671874999 0.31853070156249996 0.70977321875 0.330043859375 0.664416846875 0.3234649125 0.63147948125 0.3267543859375 0.62742980625 0.3327850875 0.6263498921874999 0.365679825 0.6357991359375 0.38048245625 0.658477321875 0.3947368421875 0.67305615625 0.398026315625 0.679265659375 0.40844298281249997 0.6835853125 0.43146929843750004 0.6873650109375 0.43914473750000005 0.6879049671875 0.45449561406249994 0.6914146875 0.4572368421875 0.698434125 0.4561403515625 0.70086393125 0.4490131578125 0.6933045359375 0.43695175468749997 0.6981641468750001 0.3766447375 0.707073434375 0.3563596484375 0.7265118796875 0.3486842109375 0.743790496875 0.3486842109375 0.7664686828125 0.3596491234375 0.7715982718750001 0.366776315625 0.7742980562499999 0.377741228125 0.7791576671875 0.4161184203125 0.7829373656249999 0.4270833328125 0.784017278125 0.4490131578125 0.7867170625 0.45449561406249994 0.7883369328125001 0.46875 0.792386609375 0.476973684375 0.7994060468749999 0.47039473750000005 0.8007559390625 0.46436403437499996 0.79805615625 0.45449561406249994 0.79805615625 0.43804824531250003 0.801295896875 0.4139254390625 0.8042656593749999 0.40679824531250003 0.8088552921875 0.41063596562500004 0.8126349890625001 0.4533991234375 0.8131749453125 0.5575657890625 0.8150647953125001 0.563596490625 0.8393628515625 0.563596490625 0.8588012953125 0.584429825 0.8631209500000001 0.596491228125 0.871760259375 0.6041666671875 0.8825593953125 0.6052631578125001 0.8868790499999999 0.5921052625 0.8938984874999999 0.596491228125 0.8984881203124999 0.6080043859375001 0.9098272140624999 0.571820175 0.9227861765625001 0.553179825 0.9257559390625 0.5383771937499999 0.9408747296875 0.533991228125 0.9414146875 0.5263157890625 0.9419546437499999 0.533991228125 0.9462742984375 0.533991228125 0.9489740828125001 0.52741228125 0.9535637156250001 0.52576754375 0.9557235421874999 0.5115131578125001 0.9535637156250001 0.48519736875 0.9562634984375 0.4501096484375 0.9535637156250001 0.4259868421875 0.9408747296875 0.42434210468750005 0.9100971921875001 0.44407894687500005 0.9036177109375 0.4298245609375 0.8944384453125 0.4298245609375 0.8914686828124999 0.4216008765625 0.8914686828124999 0.40625 0.8944384453125 0.398026315625 0.9046976234375 0.39144736875 0.9098272140624999 0.38212719375000004 0.9063174953124999 0.376096490625 0.8928185750000001 0.376096490625 0.890658746875 0.34758771875 0.887688984375 0.3514254390625 0.887688984375 0.361293859375 0.8822894171875 0.366776315625 0.8849892015625 0.3700657890625 0.884719221875 0.376096490625 0.878239740625 0.3771929828125 0.877699784375 0.3651315796875 0.872300215625 0.3662280703125 0.8706803453124999 0.3837719296875 0.862311015625 0.3799342109375 0.8650107984375 0.40625 0.8561015125000001 0.41557017500000004 0.847462203125 0.4166666671875 0.8315334765625 0.38980263125 0.8185745140625 0.3547149125 0.8201943843749999 0.342653509375 0.82586393125 0.334429825 0.8328833687499999 0.3333333328125 0.8431425484374999 0.3421052625 0.8469222468750001 0.335526315625 0.8520518359375 0.3349780703125 0.847192225 0.3338815796875 0.845032396875 0.32730263125 0.847192225 0.320723684375 0.8453023765625 0.3146929828125 0.8374730015624999 0.3108552625 0.8434125265624999 0.2790570171875 0.8434125265624999 0.25712719375000004 0.83180345625 0.2598684203125 0.8282937359375 0.26480263125 0.8255939531250001 0.2713815796875 0.8255939531250001 0.2889254390625 0.8309935203125001 0.2955043859375 0.8264038875 0.29605263125 0.823704103125 0.3015350875 0.805345571875 0.273026315625 0.7996760265625 0.2713815796875 0.7969762421875 0.263706140625 0.7996760265625 0.25603070156249996 0.7926565875 0.23958333281250002 0.789416846875 0.22423245625 0.7942764578125 0.2110745609375 0.7942764578125 0.195723684375 0.7985961125000001 0.17269736875 0.8066954640624999 0.1452850875 0.80561555 0.127741228125 0.7999460046875 0.1217105265625 0.7961663062500001 0.10855263125 0.7907667390625 0.120614034375 0.7697084234375 0.1381578953125 0.7616090718749999 0.16337719374999998 0.7529697625 0.16228070156250002 0.743250540625 0.15241228125 0.7389308859375 0.13706140312499998 0.72867170625 0.126096490625 0.7267818578125 0.12006578906250001 0.73758099375 0.09923245625 0.7419006484375 0.0805921046875 0.7410907124999999 0.069078946875 0.737850971875 0.066885965625 0.72867170625 0.0778508765625 0.7267818578125 0.08826754375 0.7227321812499999 0.0942982453125 0.713552915625 0.09539473750000001 0.7143628515625 0.0794956140625 0.7024838015625 0.0564692984375 0.6987041031250001 0.0422149125 0.694654428125 0.039473684375 0.6903347734375 0.0482456140625 0.688444925 0.0444078953125 0.6879049671875 0.032346490625 0.6903347734375 0.021929825 0.694654428125 0.0263157890625 0.703563715625 0.0213815796875 0.7032937359375 0 0.61852051875 0
0 0.5434665234375 0.346491228125 0.5485961125000001 0.3349780703125 0.5475161984375 0.320723684375 0.54022678125 0.3157894734375 0.5013498921874999 0.319078946875 0.49055075625000005 0.3048245609375 0.4708423328125 0.30537280624999996 0.47111231093750006 0.3125 0.478401728125 0.31853070156249996 0.4735421171875 0.34375 0.4808315328125 0.3640350875 0.4867710578125 0.3717105265625 0.5070194390625 0.372258771875 0.5148488125 0.353070175 0.5434665234375 0.346491228125
0 0.539416846875 0.287828946875 0.5431965437499999 0.280153509375 0.5410367171875 0.26480263125 0.5469762421875 0.2439692984375 0.5431965437499999 0.22094298281250002 0.5407667390625 0.2171052625 0.48461123125 0.20394736875000002 0.4827213828125 0.19133771875 0.47894168437499995 0.1858552625 0.4746220296875 0.1694078953125 0.48947084218750003 0.1458333328125 0.5029697625 0.15241228125 0.509719221875 0.1672149125 0.5143088546875 0.20285087656249998 0.5413066953125 0.2072368421875 0.5415766734374999 0.1924342109375 0.5329373656249999 0.1650219296875 0.529967603125 0.1611842109375 0.5256479484375001 0.164473684375 0.5215982718750001 0.16173245625 0.5232181421875 0.151864034375 0.5172786171875 0.1452850875 0.5113390921875001 0.10142543906249998 0.5099892015624999 0.0986842109375 0.5008099359375 0.103070175 0.48299136093749995 0.129385965625 0.4673326140625 0.13267543906249998 0.46220302343749997 0.1759868421875 0.46463282968749997 0.1853070171875 0.4705723546875 0.1875 0.4713822890625 0.19133771875 0.4616630671875 0.1990131578125 0.46652267812500003 0.2483552625 0.46490280781250004 0.2790570171875 0.48947084218750003 0.2916666671875 0.5029697625 0.290570175 0.512149028125 0.2971491234375 0.518088553125 0.2938596484375 0.52186825 0.3037280703125 0.53023758125 0.303179825 0.5410367171875 0.3020833328125 0.539416846875 0.287828946875
0 0.7483801296875 0.9786184203125 0.7329913609375 0.9364035093749999 0.7130129593750001 0.9309210531250001 0.7092332609375 0.9221491234375 0.7051835859375 0.92269736875 0.7084233265625001 0.9314692984375 0.704103671875 0.9402412281249999 0.704643628125 0.9654605265624999 0.6992440609374999 0.9720394734375001 0.704643628125 0.9797149125000001 0.701133909375 0.9967105265624999 0.746220303125 0.9972587718750001 0.7489200859375 0.9895833328125001 0.7483801296875 0.9786184203125
0 0.6258099359375 1 0.680345571875 0.99616228125 0.6781857453125 0.9797149125000001 0.6814254859375 0.9402412281249999 0.6789956796875 0.857456140625 0.6744060468749999 0.86019736875 0.673866090625 0.87116228125 0.6619870406249999 0.8996710531250001 0.6609071281250001 0.9183114031249999 0.6573974078125 0.9331140343750001 0.6471382296875 0.9473684203125 0.6384989203125 0.9495614031249999 0.634719221875 0.9583333328125001 0.6260799140625 0.9572368421874999 0.6231101515625 0.9610745609375 0.6198704109375 0.99616228125 0.6223002156249999 1 0.6258099359375 1
0 0.6177105828125 0.9544956140625 0.5904427640625001 0.9353070171875 0.58477321875 0.9084429828125 0.5845032390625 0.896929825 0.572624190625 0.89912280625 0.5629049671875 0.892543859375 0.5337473 0.89144736875 0.5318574515625001 0.8930921046875 0.5337473 0.896929825 0.5375269984375 0.8947368421874999 0.539956803125 0.8996710531250001 0.5137688984375 0.9013157890624999 0.5099892015624999 0.896929825 0.5045896328125 0.90241228125 0.49811015156250005 0.89912280625 0.4743520515625 0.9002192984375 0.45221382343750005 0.8859649125000001 0.4514038875 0.86787280625 0.453563715625 0.8525219296875 0.4500539953125 0.851973684375 0.4465442765625 0.8591008765625 0.44600432031250004 0.87883771875 0.45086393124999996 0.884320175 0.4514038875 0.8996710531250001 0.46382289375 0.923793859375 0.4632829375 0.9555921046875 0.45950323906249996 0.9797149125000001 0.453563715625 0.9873903515625001 0.45437364999999996 0.9967105265624999 0.6133909281250001 0.9994517546875 0.6171706265625 0.9939692984375 0.6177105828125 0.9544956140625
0 0.4808315328125 0.78508771875 0.4797516203125 0.790570175 0.474892009375 0.794956140625 0.47408207343750003 0.785635965625 0.4681425484375 0.7724780703125 0.47516198750000005 0.7571271937499999 0.47570194375 0.73519736875 0.4811015125 0.7330043859375001 0.48245140312499996 0.7182017546874999 0.4832613390625 0.7330043859375001 0.4870410359375 0.7373903515625 0.48812095 0.7044956140624999 0.48596112343750003 0.701206140625 0.48245140312499996 0.7171052625 0.47813175 0.716008771875 0.47516198750000005 0.7088815796875 0.47732181406249996 0.701206140625 0.4743520515625 0.6973684203125 0.4673326140625 0.69298245625 0.457073434375 0.6951754390625 0.44762419062500003 0.71326754375 0.4524838015625 0.7505482453125001 0.4524838015625 0.7713815796875 0.44870410312500003 0.780153509375 0.44870410312500003 0.7889254390625 0.4586933046875 0.7938596484375 0.46247300156250004 0.8015350874999999 0.474892009375 0.7971491234375 0.47867170625 0.80701754375 0.4827213828125 0.80866228125 0.4832613390625 0.78673245625 0.4808315328125 0.78508771875
0 0.8315334765625 0.80537280625 0.8309935203125001 0.7604166671875 0.8299136062500001 0.7494517546874999 0.8228941687500001 0.740679825 0.8239740828125001 0.7330043859375001 0.8204643624999999 0.7138157890625 0.7610691140625 0.7028508765625 0.744330453125 0.70394736875 0.737850971875 0.7127192984375 0.7313714906250001 0.7138157890625 0.7113930890625 0.705043859375 0.698434125 0.7061403515625 0.69195464375 0.6973684203125 0.68601511875 0.6951754390625 0.6779157671875 0.6951754390625 0.673326134375 0.7001096484375 0.6814254859375 0.73519736875 0.6814254859375 0.7505482453125001 0.679265659375 0.7571271937499999 0.6935745140625 0.8081140343750001 0.7329913609375 0.8048245609375 0.7300215984375 0.7889254390625 0.7335313171875 0.783991228125 0.7451403890625 0.782346490625 0.74757019375 0.748903509375 0.77186825 0.743421053125 0.7767278625 0.75 0.7848272140625 0.748903509375 0.7972462203124999 0.756578946875 0.8034557234375 0.7845394734375 0.8080453562500001 0.7927631578125001 0.8183045359375001 0.7993421046875 0.8223542109374999 0.81962719375 0.8250539953124999 0.821820175 0.8277537796875001 0.820723684375 0.8315334765625 0.80537280625
0 0.046436284375 0.092653509375 0.0545356375 0.0794956140625 0.037257018749999996 0.0411184203125 0.037257018749999996 0.03125 0.0415766734375 0.0180921046875 0.039956803125 0.007127193749999999 0.036447084375 0.001096490625 0.024568034375 0.001096490625 0.0167386609375 0.0180921046875 0.014578834374999999 0.0422149125 0.023758099999999997 0.06633771875 0.0313174953125 0.1189692984375 0.032937365625 0.1189692984375 0.042926565625 0.1052631578125 0.046436284375 0.092653509375