1 0.59140625 0.7109375 0.159375 0.175
1 0.61875 0.8640625 0.146875 0.271875
1 0.90234375 0.725 0.1953125 0.3390625
1 0.76640625 0.5546875 0.05 0.0796875
1 0.575 0.53828125 0.13671875 0.13125
1 0.24375 0.45390625 0.10703125 0.103125
1 0.42578125 0.3703125 0.275 0.1140625
1 0.778125 0.4125 0.24453125 0.11640625
1 0.925 0.5578125 0.08203125 0.10859375
1 0.09375 0.3453125 0.06328125 0.06796875
0 0.4790356390625 0.9776422765625 0.475104821875 0.9634146343750001 0.4701257859375 0.9586720874999999 0.46645702343749995 0.9085365859375001 0.47091194999999997 0.8766937671875 0.4876834375 0.8739837390625 0.4926624734375 0.8678861781249999 0.4937106921875 0.83943089375 0.49161425625 0.8014905156250001 0.479821803125 0.7831978312500001 0.4682914046875 0.7818428187500001 0.46016771562500003 0.7350948515625 0.44732704375 0.72493225 0.435534590625 0.6985094843749999 0.4287211734375 0.657859078125 0.4156184484375 0.6036585359375 0.40959119531250004 0.58807588125 0.3964884703125 0.567750678125 0.3901991609375 0.5731707312500001 0.375524109375 0.5731707312500001 0.31577568125 0.559620596875 0.23558700156249998 0.5555555562500001 0.22405660312500003 0.5514905156250001 0.2125262046875 0.5379403796875 0.188417190625 0.5338753390625001 0.178983228125 0.5230352296875 0.15015723281249999 0.5392953921875 0.11294549218750001 0.5298102984375 0.0762578609375 0.532520325 0.053721173437500006 0.528455284375 0.0275157234375 0.5352303515625 0 0.51693766875 0.0002620546875 0.9945799453124999 0.46331236875000004 0.995257453125 0.4766771484375 0.9864498640624999 0.4790356390625 0.9776422765625
0 0.9564989515625 0.97493225 0.9504716984374999 0.9647696484375 0.9394654093750001 0.9308943093750001 0.9329140468749999 0.9220867203124999 0.9179769390624999 0.8726287265625 0.9137840671875 0.8834688343750001 0.907494759375 0.86314363125 0.8833857437500001 0.834688346875 0.880241090625 0.8482384828124999 0.8739517812500001 0.842818428125 0.8524633125 0.7994579953125001 0.84774633125 0.79810298125 0.8372641515625 0.7682926828125 0.8320230609375001 0.7642276421875 0.7958595390625 0.6910569109375 0.7764675046875 0.6422764234375 0.7738469609374999 0.6463414640625 0.77070230625 0.6436314359375 0.7691299796875 0.58807588125 0.7667714890624999 0.5887533875 0.768343815625 0.609078590625 0.76493710625 0.62059620625 0.7596960171875 0.6016260156250001 0.7497379453125 0.58943089375 0.741090146875 0.5711382109375001 0.74161425625 0.5575880765625 0.736897275 0.5467479671875 0.7405660375 0.5413279125 0.741090146875 0.519647696875 0.7444968546874999 0.5149051484375 0.7696540875 0.5121951218749999 0.780660378125 0.5311653109375001 0.78957023125 0.5338753390625001 0.787211740625 0.504742546875 0.7769916140625 0.47967479687500003 0.7727987421875 0.4769647703125 0.7686058703125 0.48509485156250004 0.7644129984375 0.47018970156249995 0.752358490625 0.46612466093749994 0.7502620546875 0.47018970156249995 0.733490565625 0.471544715625 0.725104821875 0.4810298109375 0.7219601671875 0.4647696484375 0.702044025 0.46612466093749994 0.6868448640625 0.4607046078125 0.6747903562500001 0.4647696484375 0.6700733750000001 0.47560975625 0.665880503125 0.4607046078125 0.6577568140625 0.44918699218749997 0.6553983234375 0.43360433593750003 0.64281970625 0.4295392953125 0.6346960171875 0.4098915984375 0.6318134171875001 0.39566395625 0.6208071281249999 0.3848238484375 0.6155660375 0.367208671875 0.6082285109375001 0.35501355 0.592505240625 0.3387533875 0.588836478125 0.3401084015625 0.5864779875 0.335365853125 0.5864779875 0.31504065 0.582285115625 0.31504065 0.581236896875 0.3448509484375 0.5864779875 0.35569105625 0.5807127875 0.3760162609375 0.5807127875 0.3976964765625 0.5702306078125 0.42615176093749996 0.569182390625 0.43563685625000004 0.5581761000000001 0.4573170734375 0.5607966453125 0.4695121953125 0.5647274640625 0.46612466093749994 0.5689203359375 0.47967479687500003 0.5940775687500001 0.4783197828125 0.596436059375 0.4613821140625 0.5985324953125 0.3922764234375 0.6040356390625 0.38075880781250004 0.6058700203125 0.3963414640625 0.60429769375 0.4288617890625 0.6063941296875 0.447831978125 0.6037735843750001 0.46409214062500004 0.60429769375 0.4762872625 0.609014675 0.4762872625 0.608490565625 0.4464769640625 0.611897275 0.440379403125 0.6137316562499999 0.4464769640625 0.6121593296875 0.4573170734375 0.6145178203125 0.4810298109375 0.6286687625 0.48509485156250004 0.633909853125 0.47967479687500003 0.636792453125 0.5020325203125 0.6446540875 0.527777778125 0.64570230625 0.5792682921875 0.643343815625 0.58807588125 0.63915094375 0.58943089375 0.6360062890625 0.597560975 0.553197065625 0.5813008125 0.5513626828125 0.5887533875 0.5529350109375 0.5995934953125001 0.550838575 0.6212737125000001 0.555817609375 0.6273712734375 0.6318134171875001 0.6355013546875 0.6698113203125 0.7323848234375 0.680817609375 0.8096205968750001 0.7070230609375 0.8746612468749999 0.7361111109375 0.99186991875 0.7413522015625 0.995934959375 0.7822327046875001 0.9945799453124999 0.7887840671874999 0.9735772359375 0.791928721875 0.923441734375 0.7948113203125 0.9186991875 0.8042452828125001 0.9186991875 0.8092243187499999 0.9329268296875 0.8076519921875001 0.980352303125 0.8094863734375 0.9932249328125 0.9533542984375 0.995257453125 0.958071278125 0.98441734375 0.9564989515625 0.97493225
0 0.4439203359375 0.46544715468750003 0.44444444375 0.45189701875 0.4392033546875 0.4464769640625 0.4392033546875 0.4247967484375 0.43710691874999996 0.4166666671875 0.4376310265625 0.407181571875 0.444968553125 0.3963414640625 0.443134171875 0.39159891562500004 0.4310796640625 0.390243903125 0.4274109015625 0.398373984375 0.4237421390625 0.39430894375 0.42531446562499997 0.40650406562499997 0.412211740625 0.40650406562499997 0.4004192875 0.4166666671875 0.39989517812500003 0.43563685625000004 0.40723270468750006 0.43970189687500005 0.4150943390625 0.4762872625 0.4156184484375 0.492547425 0.42190775625 0.4939024390625 0.43160377343749995 0.49322493281249996 0.4439203359375 0.46544715468750003
0 0.49842767343750005 0.5399729 0.5039308171875 0.47560975625 0.5180817609374999 0.47018970156249995 0.53380503125 0.47425474218749997 0.5453354296875 0.46612466093749994 0.5471698109375 0.4600271 0.5466457015625 0.4424119234375 0.5374737953125 0.42682926875 0.52908805 0.42411924062499995 0.5199161421875 0.43699187031250003 0.5199161421875 0.4573170734375 0.5180817609374999 0.46205962031250003 0.517295596875 0.4383468828125 0.505241090625 0.42615176093749996 0.505241090625 0.415311653125 0.5096960171875 0.414634146875 0.5128406703125 0.4051490515625 0.502358490625 0.4037940375 0.49816561875 0.41598915937500003 0.4918763109375 0.4132791328125 0.4908280921875 0.4051490515625 0.486373165625 0.4058265578125 0.486373165625 0.4112466125 0.4908280921875 0.4132791328125 0.49240041874999996 0.422764228125 0.4950209640625 0.42411924062499995 0.49816561875 0.4173441734375 0.501310271875 0.42682926875 0.48977987343749996 0.42682926875 0.4876834375 0.42005420000000004 0.4593815515625 0.4214092140625 0.4512578609375 0.4546070453125 0.4517819703125 0.46680216874999997 0.46409853281249996 0.47967479687500003 0.47824947656249994 0.5149051484375 0.48794549218750005 0.49119241249999995 0.48846960156249997 0.4600271 0.49161425625 0.455962059375 0.4921383640625 0.49119241249999995 0.4973794546875 0.504742546875 0.4968553453125 0.52506775 0.4861111109375 0.528455284375 0.4824423484375 0.5392953921875 0.478773584375 0.5230352296875 0.476939203125 0.527777778125 0.4774633125 0.537262871875 0.481132075 0.5426829265625 0.4824423484375 0.5514905156250001 0.4861111109375 0.5582655828124999 0.4895178203125 0.5575880765625 0.49397274687500003 0.55691056875 0.49842767343750005 0.5399729
0 0.11530398281250001 0.37059620625 0.11871069218750001 0.3644986453125 0.0825471703125 0.36991869843749997 0.06210691875 0.367208671875 0.059748428124999996 0.35840108437499996 0.0602725359375 0.3489159890625 0.07075471718750001 0.334010840625 0.0668239 0.33468834687500004 0.0594863734375 0.31436314374999996 0 0.3285907859375 0.0002620546875 0.399728996875 0.0096960171875 0.39159891562500004 0.015461215625 0.39566395625 0.02437106875 0.39159891562500004 0.0317085953125 0.375338753125 0.034329140625 0.3861788625 0.0495283015625 0.39566395625 0.074161425 0.399728996875 0.09879455000000001 0.39159891562500004 0.1074423484375 0.40040650468749994 0.11373165625 0.38956639531250004 0.11530398281250001 0.37059620625
0 0.185534590625 0.4762872625 0.190251571875 0.46544715468750003 0.1923480078125 0.431571815625 0.20204402500000002 0.4214092140625 0.20387840625 0.4058265578125 0.2085953875 0.40311653124999997 0.209119496875 0.3882113828125 0.20387840625 0.3814363140625 0.20387840625 0.367886178125 0.2099056609375 0.3617886171875 0.21698113281250003 0.3651761515625 0.2148846953125 0.38956639531250004 0.21986373124999997 0.4051490515625 0.24135220156249998 0.40243902499999995 0.261792453125 0.41192411875 0.27489517812500003 0.4132791328125 0.280660378125 0.407859078125 0.2911425578125 0.414634146875 0.294549265625 0.4383468828125 0.2942872125 0.4783197828125 0.298480084375 0.4783197828125 0.30634171875 0.46205962031250003 0.3100104828125 0.467479675 0.3225890984375 0.47018970156249995 0.3286163515625 0.4586720875 0.3291404609375 0.44376693749999996 0.333071278125 0.43766937656250005 0.3398846953125 0.44173441718750006 0.3451257859375 0.456639565625 0.35718029375000004 0.440379403125 0.3807651984375 0.44715447187499996 0.39177148906250003 0.43766937656250005 0.3936058703125 0.4166666671875 0.384958071875 0.40243902499999995 0.3734276734375 0.41192411875 0.3645178203125 0.407859078125 0.3621593296875 0.3963414640625 0.3668763109375 0.3841463421875 0.361373165625 0.37669376718750003 0.325733753125 0.383468834375 0.32154088125 0.37804878125 0.31787211718749997 0.39159891562500004 0.2827568140625 0.387533875 0.2793501046875 0.3611111109375 0.2793501046875 0.334010840625 0.27620545 0.325880759375 0.2803983234375 0.31504065 0.2780398328125 0.3048780484375 0.27489517812500003 0.30216802187499997 0.251310271875 0.3048780484375 0.221436059375 0.2926829265625 0.2093815515625 0.3062330625 0.19994758906250001 0.2994579953125 0.1779350109375 0.322493225 0.1632599578125 0.3197831984375 0.15985325 0.325880759375 0.15985325 0.3448509484375 0.157494759375 0.350948509375 0.1548742140625 0.32384823906250004 0.1407232703125 0.32520325156249996 0.14412997968750002 0.3367208671875 0.1341719078125 0.35433604375 0.14753668749999999 0.3577235765625 0.15513626875 0.366531165625 0.154612159375 0.41802167968750004 0.1514675046875 0.43699187031250003 0.1708595390625 0.46409214062500004 0.17400419218750002 0.50067750625 0.17819706562499998 0.5101626015625 0.18238993750000002 0.5060975609375 0.185534590625 0.4762872625