1 0.65078125 0.4453125 0.28359375 0.1953125
1 0.9359375 0.415625 0.128125 0.18125
1 0.94140625 0.31015625 0.1171875 0.1078125
1 0.83046875 0.2640625 0.07890625 0.09921875
1 0.59375 0.3484375 0.38125 0.21875
1 0.18359375 0.571875 0.20390625 0.1515625
1 0.05234375 0.52421875 0.1 0.2
1 0.04296875 0.82734375 0.08515625 0.3453125
1 0.2734375 0.19453125 0.11171875 0.0703125
1 0.2890625 0.22734375 0.06640625 0.06796875
1 0.41796875 0.2 0.09765625 0.07265625
1 0.05625 0.38203125 0.11171875 0.14296875
1 0.03359375 0.25625 0.06640625 0.0859375
1 0.20390625 0.16328125 0.0578125 0.05859375
1 0.61328125 0.17890625 0.0453125 0.08203125
1 0.68125 0.1859375 0.0421875 0.0546875
1 0.24609375 0.03046875 0.04140625 0.04140625
1 0.29453125 0.03125 0.0359375 0.03359375
1 0.89609375 0.02890625 0.0203125 0.05078125
0 0.2945960125 0.9722543359375001 0.302465896875 0.969942196875 0.3019412375 0.96416185 0.2935466953125 0.9618497109374999 0.2872507875 0.9722543359375001 0.282004196875 0.971098265625 0.28016789062499997 0.9682080921875 0.27885624375 0.9445086703125 0.2665267578125 0.9439306359374999 0.2665267578125 0.9231213875 0.2696747109375 0.9254335265625 0.26810073437500004 0.9335260109375 0.27098635937500004 0.9387283234374999 0.27387198281249997 0.9150289015625 0.28252885625 0.89364161875 0.294071353125 0.8924855484374999 0.29931794375 0.8971098265625 0.3032528859375 0.8884393062499999 0.2977439671875 0.8739884390625001 0.2906610703125 0.8722543359375001 0.2911857296875 0.8560693640625001 0.283053515625 0.830057803125 0.2785939140625 0.8306358375 0.2791185734375 0.8213872828125 0.26678908749999997 0.7803468203125 0.263378803125 0.7867052015625 0.26495278125 0.7971098265625 0.262591815625 0.806936415625 0.249475340625 0.805780346875 0.241080796875 0.7919075140625 0.2279643234375 0.7965317921875 0.2242917109375 0.8034682078125 0.211437565625 0.7924855484375 0.21274921249999998 0.782658959375 0.22245540468749997 0.77052023125 0.22298006250000002 0.7416184968749999 0.21983210937500003 0.682658959375 0.21353620156250003 0.6514450859375 0.21458551875 0.6144508671875 0.20724029375000003 0.5971098265625 0.20724029375000003 0.564739884375 0.2027806921875 0.5502890171875 0.19884575 0.552023121875 0.2025183625 0.5947976875000001 0.20015739843749997 0.6173410406250001 0.180745015625 0.6231213875 0.17287513125 0.6173410406250001 0.160807975 0.618497109375 0.140870934375 0.6312138734375 0.096274921875 0.64739884375 0.09312696718749999 0.64739884375 0.0912906609375 0.64219653125 0.0834207765625 0.587861271875 0.07843651562500001 0.581502890625 0.0781741875 0.5716763 0.0737145859375 0.5664739890625 0.0474816375 0.581502890625 0.0238719828125 0.581502890625 0.0196747109375 0.5930635843750001 0.01023085 0.58843930625 0.0039349421875 0.589595375 0.0010493171875 0.5947976875000001 0 0.6630057796875 0.0249213015625 0.654335259375 0.034889821875 0.6670520234375 0.046956978125 0.6658959531249999 0.0498426015625 0.6768786125 0.0519412375 0.7092485546875 0.055351521875 0.717919075 0.0857817421875 0.7086705203125 0.10991605468750001 0.6901734109375 0.13195173124999998 0.6913294796875 0.1298530953125 0.7017341046875 0.12565582343749998 0.6947976875 0.1219832109375 0.7063583812500001 0.1183105984375 0.7028901734375 0.107292759375 0.7086705203125 0.0941762859375 0.7063583812500001 0.090503671875 0.7144508671875001 0.0863064015625 0.7144508671875001 0.08473242343750001 0.7260115609375 0.07843651562500001 0.7260115609375 0.08079748125 0.74739884375 0.07660020937499999 0.7693641625 0.071091290625 0.7768786125 0.069254984375 0.7578034687499999 0.06689401874999999 0.7549132953125001 0.0640083953125 0.7601156062500001 0.0666316890625 0.8098265890624999 0.08368310625 0.806936415625 0.0899790140625 0.79884393125 0.0957502625 0.8011560687499999 0.1172612796875 0.794219653125 0.12565582343749998 0.79884393125 0.13116474218750002 0.823699421875 0.13746065000000002 0.8387283234374999 0.14165792187499998 0.8630057796875 0.150577125 0.9265895953125 0.154774396875 0.9739884390625001 0.15897166875 0.9936416187500001 0.20933892968749998 0.9959537578125 0.27885624375 0.9942196531249999 0.2945960125 0.9722543359375001
0 0.938090240625 0.9763005781249999 0.9373032531250001 0.9676300578125 0.953043021875 0.9606936421875 0.9569779640625 0.946242775 0.9635362015625001 0.935260115625 0.9798006296875 0.9260115609374999 0.9855718781249999 0.910982659375 0.9900314796874999 0.9080924859374999 0.9881951734375001 0.9005780343750001 0.9850472187499999 0.9063583812499999 0.9719307453124999 0.9086705203125 0.9533053515625 0.8907514453125 0.9588142703125 0.88323699375 0.9609129062499999 0.89364161875 0.9616998953125 0.8803468203125 0.9664218265625 0.8722543359375001 0.9677334734375 0.863583815625 0.9729800624999999 0.877456646875 0.9779643234375 0.8768786125 0.9803252890625 0.8924855484374999 0.983735571875 0.882658959375 0.9845225609374999 0.863583815625 0.9853095484375001 0.882658959375 0.9887198328125001 0.89364161875 0.9923924453125 0.8878612718750001 0.997114375 0.8901734109375001 0.999475340625 0.8849710984374999 1 0.705780346875 0.9845225609374999 0.7017341046875 0.9798006296875 0.687861271875 0.96930745 0.6716763 0.9493704093750001 0.6485549140625 0.947534103125 0.6387283234375001 0.941500525 0.6312138734375 0.9391395593749999 0.6190751437500001 0.9275970625 0.5971098265625 0.9184155296875 0.553757225 0.9058237140625 0.545664740625 0.9021511015625 0.5375722546875 0.8869359921875001 0.534104046875 0.8586044078124999 0.5375722546875 0.85493179375 0.5329479765625 0.84758656875 0.5375722546875 0.8441762859375 0.546242775 0.84207765 0.5786127171875 0.831322140625 0.58843930625 0.82712486875 0.60115606875 0.8231899265625 0.6052023125 0.821091290625 0.6306358375000001 0.8279118578125001 0.6433526015625 0.8279118578125001 0.6861271671875 0.8252885624999999 0.6919075140625 0.8252885624999999 0.7 0.817418678125 0.7138728328124999 0.813746065625 0.7277456640625 0.8126967468749999 0.7624277453125 0.807974815625 0.7786127171875 0.8140083953125 0.781502890625 0.8158447015625001 0.7867052015625 0.8040398734374999 0.7953757218749999 0.80115425 0.7728323703125 0.8027282265625001 0.7254335265625 0.796956978125 0.7092485546875 0.7974816375 0.689595375 0.7995802734375 0.6514450859375 0.808499475 0.63988439375 0.8105981109375 0.6132947984375 0.8087618046875 0.6092485546875 0.8014165796875 0.61156069375 0.7974816375 0.6040462421874999 0.7961699890625 0.559537571875 0.79275970625 0.5855491328125 0.788562434375 0.5843930640624999 0.7864637984375 0.5485549140625 0.793284365625 0.4849710984375 0.79643231875 0.43641618437499996 0.795120671875 0.4312138734375 0.7841028328124999 0.4335260109375 0.7775445953125 0.4410404625 0.78541448125 0.45028901718750003 0.7827911859375 0.46647398906250004 0.783840503125 0.5439306359375 0.782004196875 0.546820809375 0.7604931796875001 0.5491329484375 0.736883525 0.56416185 0.7332109124999999 0.5734104046875 0.7295383 0.5734104046875 0.7263903468749999 0.5803468203125 0.717995803125 0.5791907515625 0.7069779640625 0.5849710984375001 0.692812171875 0.5791907515625 0.694648478125 0.576300578125 0.6943861484375 0.5687861265625 0.6907135359375001 0.5687861265625 0.69045120625 0.5786127171875 0.6875655828125 0.582658959375 0.6429695703125 0.583815028125 0.6400839453125 0.553179190625 0.6340503671875 0.5514450859375 0.6274921296875 0.554335259375 0.6235571875 0.5965317921875 0.619884575 0.58843930625 0.6162119625 0.5965317921875 0.6120146906249999 0.5965317921875 0.6051941234375 0.5861271671875 0.5967995796875 0.5872832375 0.58368310625 0.581502890625 0.5800104937499999 0.581502890625 0.5768625390625 0.5872832375 0.5653200421875 0.583815028125 0.561909759375 0.5797687859375 0.5634837359375 0.5612716765625 0.5611227703125 0.553757225 0.55587618125 0.558381503125 0.5532528859375 0.5502890171875 0.5485309546875 0.5502890171875 0.54564533125 0.554335259375 0.5522035671875 0.5618497109375 0.5545645328125001 0.57052023125 0.5540398734374999 0.5786127171875 0.55115425 0.5791907515625 0.5453830015625 0.56531791875 0.541448059375 0.5624277453125 0.5448583421875 0.55260115625 0.5317418671875 0.545664740625 0.523347325 0.5317919078125 0.5139034625 0.5283237 0.5123294859375 0.522543353125 0.506033578125 0.5190751437500001 0.5 0.5092485546875001 0.49868835312500004 0.4982658953125 0.49449108124999996 0.4982658953125 0.49213011562500003 0.49306358437500003 0.49055613906250006 0.47803468281250006 0.492654775 0.4560693640625 0.49658971718749995 0.44739884375 0.5057712484375 0.4410404625 0.502360965625 0.43468208124999996 0.4593389296875 0.45202312187500004 0.442025184375 0.4497109828125 0.43100734531249996 0.45317919062499995 0.42471143749999996 0.46011560625000003 0.40792235000000004 0.4589595375 0.4045120671875 0.447976878125 0.4045120671875 0.42023121406249997 0.40005246562499996 0.42658959531249996 0.40005246562499996 0.4150289015625 0.3882476390625 0.40751445156250005 0.3971668421875 0.3982658953125 0.398216159375 0.36936416250000004 0.39585519375 0.36300577968750003 0.39218258125 0.3606936421875 0.38850996875 0.3664739890625 0.3774921296875 0.3572254328125 0.372245540625 0.3606936421875 0.3570304296875 0.34219653125 0.348111228125 0.353757225 0.3454879328125 0.36416185 0.3428646375 0.35260115625 0.333158446875 0.346242775 0.33368310625 0.3369942203125 0.3412906609375 0.32947976875 0.3436516265625 0.3196531796875 0.3441762859375 0.294219653125 0.336831059375 0.281502890625 0.3357817421875 0.2687861265625 0.3431269671875 0.2606936421875 0.34207765 0.25144508593750003 0.34470094375000004 0.23410404687500003 0.3515215109375 0.21676300624999997 0.3454879328125 0.21156069375 0.33368310625 0.21676300624999997 0.3347324234375 0.224855490625 0.3237145859375 0.2433526015625 0.3218782796875 0.265895953125 0.318730325 0.2508670515625 0.3111227703125 0.25144508593750003 0.31322140625 0.26763005781250004 0.3116474296875 0.27572254375 0.3121720875 0.3023121390625 0.306138509375 0.3306358375 0.302465896875 0.3202312140625 0.2945960125 0.335260115625 0.28252885625 0.32254335312500004 0.2757082890625 0.3202312140625 0.27098635937500004 0.3283237 0.2660020984375 0.31271676249999997 0.2670514171875 0.3023121390625 0.26390346249999996 0.2849710984375 0.26442812187500003 0.26763005781250004 0.2594438609375 0.2624277453125 0.25813221406250003 0.25144508593750003 0.25 0.23815028906250002 0.2353095484375 0.2369942203125 0.23163693593749998 0.2485549140625 0.2279643234375 0.252023121875 0.21222455468749998 0.253179190625 0.201206715625 0.23815028906250002 0.18022035625 0.2312138734375 0.174186778125 0.222543353125 0.16998950625 0.20289017343750002 0.161332634375 0.1791907515625 0.1571353625 0.1803468203125 0.152938090625 0.169942196875 0.12565582343749998 0.1618497109375 0.1243441765625 0.1369942203125 0.1219832109375 0.13063583750000002 0.11778593906249998 0.134104046875 0.10414480625 0.12947976875 0.0941762859375 0.1317919078125 0.08473242343750001 0.123699421875 0.078961175 0.1271676296875 0.077649528125 0.13468208125 0.091552990625 0.135260115625 0.1025708296875 0.147976878125 0.1075550890625 0.164739884375 0.1086044078125 0.20057803437500002 0.1117523609375 0.20867052031250002 0.1062434421875 0.22658959531249998 0.10152151093749999 0.23005780312500002 0.0941762859375 0.22427745625 0.0884050375 0.21156069375 0.079485834375 0.20115606874999997 0.077649528125 0.1716763 0.0724029375 0.1450867046875 0.06689401874999999 0.13988439375 0.0592864640625 0.17514450937499998 0.050367260937500005 0.18323699375 0.049317943749999996 0.20867052031250002 0.05115425 0.2138728328125 0.059024134375 0.21618497187500002 0.060860440625 0.22716762968749998 0.0658447015625 0.23468208124999998 0.0752885625 0.23583815000000002 0.0826337875 0.23005780312500002 0.084994753125 0.2410404625 0.08289611718749999 0.25144508593750003 0.06689401874999999 0.25780346875000004 0.062172087499999994 0.2797687859375 0.050629590625 0.2855491328125 0.0448583421875 0.2959537578125 0.018100734375 0.2924855484375 0 0.2976878609375 0.0002623296875 0.32485549062499997 0.062696746875 0.31098265937499997 0.090503671875 0.31098265937499997 0.1059811125 0.34739884375 0.113850996875 0.3739884390625 0.11437565624999999 0.40635838125 0.1117523609375 0.41213872812499996 0.11332633750000001 0.4306358375 0.1088667359375 0.4335260109375 0.10414480625 0.428901734375 0.1020461703125 0.41156069375 0.10178384062500001 0.4317919078125 0.0991605453125 0.446820809375 0.0996852046875 0.459537571875 0.10335781718749999 0.4676300578125 0.10807974843749998 0.49421965312499994 0.11306400781249999 0.5017341046875 0.140870934375 0.4924855484375 0.1432319 0.48728323749999997 0.14113326406249999 0.47109826562499996 0.14165792187499998 0.4491329484375 0.1461175234375 0.440462428125 0.201206715625 0.4196531796875 0.21642182656250003 0.41849710937499995 0.2269150046875 0.39768786093749997 0.23583420781250003 0.39768786093749997 0.2395068203125 0.393063584375 0.2463273875 0.4080924859375 0.262591815625 0.4034682078125 0.27308499531249997 0.406936415625 0.27649527812499997 0.41560693593750003 0.2780692546875 0.4317919078125 0.2785939140625 0.5023121390624999 0.28279118593749997 0.5138728328125 0.28384050312500003 0.541618496875 0.28069255000000004 0.554335259375 0.28384050312500003 0.57052023125 0.27885624375 0.5861271671875 0.27413431250000003 0.5803468203125 0.2473767046875 0.582658959375 0.23898216093750002 0.5872832375 0.22665267500000003 0.6028901734375001 0.2256033578125 0.6156069359375 0.2303252890625 0.6468208093750001 0.22822665312499998 0.6768786125 0.23242392500000003 0.7578034687499999 0.236883525 0.7630057796874999 0.26416579218749997 0.7433526015624999 0.27780692500000004 0.7398843937499999 0.28252885625 0.7410404625 0.286726128125 0.7502890171875001 0.2980062953125 0.7323699421875001 0.3008919203125 0.71676300625 0.34024134375 0.6913294796875 0.3449632734375 0.6924855484375 0.353620146875 0.718497109375 0.35414480625 0.7716763 0.344438615625 0.7757225437499999 0.3376180484375 0.7872832375 0.31820566562499997 0.789595375 0.3098111234375 0.7976878609375 0.302465896875 0.79884393125 0.30115425 0.8144508671875 0.3069254984375 0.824855490625 0.3158447015625 0.858381503125 0.324763903125 0.8745664734374999 0.324763903125 0.881502890625 0.3389296953125 0.9138728328125 0.3557187828125 0.9670520234375 0.368572928125 0.9953757218750001 0.9181532000000001 0.9959537578125 0.9299580265625 0.993063584375 0.938090240625 0.9763005781249999
0 0.5839454359375 0.1566473984375 0.5768625390625 0.15260115624999998 0.5731899265625 0.1560693640625 0.57345225625 0.164739884375 0.56977964375 0.1739884390625 0.57345225625 0.176300578125 0.579485834375 0.16069364218749999 0.5839454359375 0.1566473984375
0 0.5928646375 0.1843930640625 0.59207765 0.1768786125 0.5889296953125001 0.1861271671875 0.58368310625 0.181502890625 0.577649528125 0.189017340625 0.579485834375 0.19537572187500002 0.588667365625 0.199421965625 0.589716684375 0.18786127187499999 0.5928646375 0.1843930640625
0 0.5996852046875001 0.1023121390625 0.6038824765624999 0.0872832375 0.60047219375 0.08092485625 0.59470094375 0.0843930640625 0.59207765 0.0947976875 0.5847324234375 0.10057803437499999 0.5768625390625 0.09826589531249999 0.5750262328125 0.10346820781249999 0.5768625390625 0.110982659375 0.5805351515625 0.11329479843750001 0.5847324234375 0.10635838125 0.5928646375 0.1127167625 0.5923399796875 0.1219653171875 0.5954879328125 0.13005780312499998 0.5918153203125 0.1381502890625 0.5928646375 0.146242775 0.5965372515625 0.1393063578125 0.5996852046875001 0.1023121390625
0 0.568730325 0.1728323703125 0.5621720875 0.1676300578125 0.5598111234375 0.15780346875 0.560860440625 0.13005780312499998 0.564533053125 0.1208092484375 0.5548268625 0.10982658906250001 0.5490556140625 0.10982658906250001 0.5419727171875001 0.1208092484375 0.5472193078124999 0.1381502890625 0.5482686250000001 0.152023121875 0.541448059375 0.164739884375 0.5409233999999999 0.1739884390625 0.5477439671875 0.182080925 0.5474816375 0.2 0.557187828125 0.2017341046875 0.5598111234375 0.1901734109375 0.568730325 0.1728323703125