1 0.31953125 0.39609375 0.075 0.09375
1 0.1515625 0.34765625 0.059375 0.0765625
1 0.23671875 0.37109375 0.09921875 0.0765625
1 0.73359375 0.63359375 0.05546875 0.07265625
1 0.66171875 0.640625 0.06796875 0.07421875
1 0.80859375 0.628125 0.046875 0.07265625
1 0.5609375 0.8 0.06484375 0.10546875
1 0.6984375 0.84921875 0.16484375 0.12265625
1 0.43984375 0.465625 0.046875 0.04375
1 0.38203125 0.428125 0.0234375 0.040625
1 0.41953125 0.52890625 0.0390625 0.04375
1 0.2640625 0.9671875 0.05703125 0.065625
1 0.365625 0.9546875 0.0625 0.090625
1 0.19296875 0.96953125 0.04921875 0.0609375
1 0.08984375 0.96484375 0.065625 0.06953125
1 0.0640625 0.55 0.07421875 0.08671875
1 0.109375 0.490625 0.01953125 0.04375
1 0.23984375 0.3046875 0.053125 0.053125
1 0.5828125 0.29296875 0.03203125 0.0359375
1 0.66796875 0.29765625 0.04140625 0.040625
1 0.71484375 0.32890625 0.03359375 0.0578125
1 0.63828125 0.52578125 0.028125 0.0484375
1 0.5796875 0.53984375 0.0296875 0.05390625
1 0.61015625 0.76484375 0.04296875 0.0515625
1 0.6765625 0.75390625 0.05703125 0.05703125
1 0.7421875 0.7375 0.0546875 0.053125
0 0.0055994734375 0 0.0329380765625 0.0085751984375 0 0.0191292875 0.00032938125 0.0725593671875 0.057641634374999993 0.0817941953125 0.0988142296875 0.1009234828125 0.1452569171875 0.08575197812499999 0.1492094859375 0.0897097625 0.1597496703125 0.07651715 0.16963109375000002 0.0817941953125 0.18675889375000002 0.06992084374999999 0.2005928859375 0.06992084374999999 0.235507246875 0.051451187499999995 0.24802371562499997 0.054089709374999996 0.2555994734375 0.0455145125 0.256587615625 0.0145118734375 0.260210803125 0.016490765625 0.26251646875 0.0501319265625 0.27437417656249996 0.03166226875 0.2888669296875 0.03166226875 0.2974308296875 0.04485488125 0.3106060609375 0.0501319265625 0.33366271406250003 0.04485488125 0.336627140625 0.0244063328125 0.33530961718749996 0.016490765625 0.3376152828125 0.011873351562499999 0.34156785312500004 0.0395778359375 0.344861659375 0.0343007921875 0.40019762812500004 0.01846965625 0.416996046875 0.0085751984375 0.3850461140625 0 0.12681159375 0 0.1261528328125 0.022427440625 0.12417654843749999 0 0.0055994734375 0
0 0.916996046875 0.1721635890625 0.9140316203125 0.1675461734375 0.8988801046875 0.1688654359375 0.8942687749999999 0.1622691296875 0.8830698281249999 0.1583113453125 0.875164690625 0.1622691296875 0.8586956515624999 0.15963060625 0.8570487484375 0.17084432656249998 0.8662714093749999 0.189313984375 0.874835309375 0.2170184703125 0.8801054015625001 0.22229551406249998 0.91534914375 0.179419525 0.916996046875 0.1721635890625
0 0.9772727265625001 0.1174142484375 0.9677206843749999 0.1273087078125 0.968379446875 0.1339050125 0.9631093546875 0.147097625 0.908432146875 0.2605540890625 0.8992094859374999 0.292216359375 0.8992094859374999 0.310686015625 0.8998682484374999 0.3542216359375 0.9186429515625001 0.397097625 0.9225955203125 0.4023746703125 0.9268774703125 0.40039577812499993 0.930171278125 0.3383905015625 0.9370882734375 0.336411609375 0.9374176546875 0.42546174218750005 1 0.49934036875 0.99967061875 0.0725593671875 0.9772727265625001 0.1174142484375
0 0.819499340625 0.2605540890625 0.81818181875 0.24340369375 0.8227931484375001 0.22493403750000002 0.8254281953125 0.19195250625 0.8313570484374999 0.1813984171875 0.8320158109375001 0.17348285000000002 0.8027009218750001 0.1662269125 0.794137021875 0.1556728234375 0.7888669296875 0.14116095 0.7783267453125 0.1556728234375 0.773056653125 0.14775725625 0.769104084375 0.1530343015625 0.7651515156250001 0.14907651718749998 0.7618577078125 0.1556728234375 0.735507246875 0.14907651718749998 0.7190382078125 0.1543535625 0.6966403156250001 0.1530343015625 0.6366930171875 0.20580474999999998 0.612318840625 0.20580474999999998 0.6044137015625 0.21108179374999997 0.5945322796875 0.2044854875 0.5925559953125 0.2124010546875 0.58465085625 0.20580474999999998 0.5721343875 0.2137203171875 0.56752305625 0.22955145156249998 0.55533596875 0.2368073875 0.5546772062499999 0.252638521875 0.5642292484375 0.2651715046875 0.6050724640625 0.26253298125 0.612318840625 0.27836411562499996 0.6314229250000001 0.27440633281250004 0.63537549375 0.2823219 0.6445981546875 0.28364116093749997 0.6709486171875 0.2704485484375 0.6913702234375 0.2810026390625 0.6940052703124999 0.2968337734375 0.6996047437499999 0.292216359375 0.700922265625 0.27638522499999996 0.7065217390625 0.259894459375 0.714426878125 0.2585751984375 0.7292490125 0.2737467015625 0.7305665343750001 0.2829815296875 0.7358366265625 0.290897096875 0.7341897234375 0.3073878625 0.7467061921875 0.3087071234375 0.7532938078125 0.291556728125 0.7697628453124999 0.2928759890625 0.7770092234375 0.29815303437499996 0.785573121875 0.3192612140625 0.8000658765625 0.320580475 0.8083003953125001 0.32915567343749996 0.824110671875 0.26846965625 0.819499340625 0.2605540890625
0 0.8247694328125 0.496701846875 0.8171936765625001 0.4894459109375 0.8119235843749999 0.470976253125 0.8013833984375 0.464379946875 0.79611330625 0.45118733437499997 0.7921607374999999 0.45778364062500004 0.7849143609375 0.4498680734375 0.7806324109375 0.503298153125 0.7720685109375001 0.5112137203125 0.777338603125 0.516490765625 0.77997365 0.5296833765625 0.7964426875 0.5626649078125 0.8000658765625 0.58311345625 0.819828721875 0.573878628125 0.824110671875 0.5837730875 0.8280632406249999 0.5349604218749999 0.8247694328125 0.496701846875
0 0.0349143609375 0.9624010546875 0.0395256921875 0.9346965703125001 0.0477602109375 0.9168865437499999 0.0556653484375 0.919525065625 0.05895915625 0.93007915625 0.061594203125000004 0.93007915625 0.0691699609375 0.9149076515625 0.0704874828125 0.887203165625 0.0678524375 0.817282321875 0.06389986875 0.80804749375 0.07015810312500001 0.7862796828125 0.074440053125 0.8067282328125 0.07246376875 0.817282321875 0.073781290625 0.888522428125 0.07971014531250001 0.9030343015625 0.07971014531250001 0.887203165625 0.07509881406249999 0.8740105546875 0.078392621875 0.76978891875 0.069828721875 0.7552770453125001 0.0671936765625 0.7222955140625 0.0635704875 0.7097625328125 0.052042160937500005 0.727572559375 0.0303030296875 0.78166226875 0.027667984375 0.8040897093750001 0.015151515625 0.81992084375 0.0013175234375000001 0.8608179421875001 0 0.9861477578125 0.01251646875 0.9861477578125 0.027338603125 0.977572559375 0.0349143609375 0.9624010546875
0 0.9565217390624999 0.6985488125 0.955204215625 0.644459103125 0.9206192359375001 0.6226912921875 0.9107378125000001 0.6226912921875 0.9081027671875 0.612137203125 0.8975625828125 0.6068601578124999 0.8870223984375001 0.5910290234375 0.883399209375 0.5969656984375 0.8824110671875 0.6094986812500001 0.8784584984375 0.5633245375 0.86396574375 0.5567282328125 0.85606060625 0.5369393140625001 0.8389328062500001 0.5343007921875 0.8356389984374999 0.5277044859375 0.83036890625 0.5356200531249999 0.8316864296875 0.5488126656250001 0.8418972328125 0.5573878624999999 0.8376152828125001 0.560686015625 0.8316864296875 0.5527704484375 0.8293807640624999 0.5626649078125 0.8274044796875 0.606200528125 0.8316864296875 0.6240105546875 0.8359683796875 0.6141160953125 0.837285903125 0.6273087078125 0.8432147562500001 0.6431398421875001 0.83465085625 0.669525065625 0.8333333328125001 0.6998680734375 0.8362977609375 0.70580475 0.8554018453125 0.7137203171875 0.8652832671875 0.70580475 0.8995388671875 0.708443271875 0.911396575 0.7137203171875 0.921277996875 0.7321899734375 0.9262187093750001 0.73153034375 0.9357707515625 0.7097625328125 0.9565217390624999 0.6985488125
0 0.184453228125 0.73021108125 0.1808300390625 0.72427440625 0.158432146875 0.721635884375 0.150856390625 0.69195250625 0.1515151515625 0.6827176781250001 0.157114625 0.670184696875 0.17391304375 0.6602902375 0.155138340625 0.6530343015625 0.1534914359375 0.644459103125 0.154150196875 0.62862796875 0.162714096875 0.5969656984375 0.1706192359375 0.5890501312499999 0.16930171249999998 0.5349604218749999 0.175889328125 0.5178100265625 0.1765480890625 0.4795514515625 0.171936759375 0.4571240109375 0.1722661390625 0.439313984375 0.1785243734375 0.4412928765625 0.1772068515625 0.4795514515625 0.180171278125 0.4868073875 0.1857707515625 0.48746701875 0.1785243734375 0.505936675 0.184782609375 0.5145118734375 0.193017128125 0.4887862796875 0.192358365625 0.4755936671875 0.1874176546875 0.47229551406250003 0.1857707515625 0.4637203171875 0.193017128125 0.451846965625 0.2005928859375 0.42084432656250004 0.20388669375 0.43271767812500006 0.214426878125 0.4353562 0.2243083 0.42348284999999997 0.22891963125 0.42348284999999997 0.235507246875 0.43403693906249996 0.243412384375 0.42084432656250004 0.252635046875 0.4182058046875 0.25889328125 0.426781003125 0.2658102765625 0.4485488125 0.2783267453125 0.45514511874999997 0.29611330625 0.4538258578125 0.29710145 0.4346965703125 0.294137021875 0.42875989375 0.2829380765625 0.42480211093750003 0.281949934375 0.4043535625 0.2750329375 0.397097625 0.24802371562499997 0.406332453125 0.21047430781249998 0.40369393125 0.2005928859375 0.412928759375 0.196640315625 0.40369393125 0.175559946875 0.40105540937499995 0.16897233125 0.3839050125 0.16403162031250001 0.40831134531249996 0.16534914375 0.4531662265625 0.16403162031250001 0.4373350921875 0.16106719375 0.4313984171875 0.14393939375 0.477572559375 0.137351778125 0.4881266484375 0.125494071875 0.496042215625 0.1152832671875 0.5191292875 0.118577075 0.5362796828125 0.11133069843750001 0.5494722953125 0.110013175 0.561345646875 0.10638998749999999 0.5672823218749999 0.092885375 0.5718997359375 0.092885375 0.5811345640625001 0.09848484843750001 0.5963060687499999 0.1136363640625 0.585751978125 0.11660079062499999 0.5969656984375 0.1133069828125 0.612796834375 0.10704874843750001 0.6240105546875 0.0938735171875 0.62137203125 0.084321475 0.6273087078125 0.0856389984375 0.6365435359375 0.1067193671875 0.6774406328125 0.11264822187500001 0.7011873343749999 0.11989459843750001 0.707783640625 0.120553359375 0.7170184703125 0.11660079062499999 0.73153034375 0.11725955156250001 0.7486807390625 0.11989459843750001 0.752638521875 0.1857707515625 0.746042215625 0.184453228125 0.73021108125
0 0.49011857656249996 0.8476253296875 0.48682476875 0.8093667546875001 0.4888010546875 0.8014511875 0.485177865625 0.7862796828125 0.49604743124999995 0.7869393140625001 0.49209486093750004 0.8027704484375 0.498353096875 0.8733509234374999 0.5029644265625001 0.8482849609375 0.52964426875 0.8410290234375 0.5260210796875 0.8324538265625 0.5128458499999999 0.8258575203125 0.5092226609375 0.8106860156250001 0.5085639 0.7618733515625 0.5115283265625 0.753298153125 0.5181159421875 0.7480211078125001 0.5648880109375 0.7414248015625 0.5685111984375 0.7249340375 0.580039525 0.71108179375 0.590579709375 0.7137203171875 0.599802371875 0.7348284953124999 0.6320816859375 0.7348284953124999 0.63537549375 0.7189973609375 0.6370223984375001 0.746042215625 0.639986825 0.75065963125 0.646574440625 0.7255936671875001 0.667654809375 0.7255936671875001 0.6702898546875 0.7176781 0.6828063234374999 0.726912928125 0.7019104078125 0.72427440625 0.7065217390625 0.7137203171875 0.7243083 0.7176781 0.7467061921875 0.7071240109375 0.7598814234375 0.71108179375 0.7651515156250001 0.7071240109375 0.7747035578125 0.73021108125 0.7766798421875001 0.746042215625 0.7803030296875 0.746701846875 0.7845849796875 0.7236147749999999 0.7915019765625 0.71108179375 0.8283926218750001 0.7018469656249999 0.8306982875 0.6932717671875 0.8300395249999999 0.6602902375 0.8257575750000001 0.6543535625 0.803359684375 0.656992084375 0.7835968375 0.6530343015625 0.7611989453125 0.6662269125 0.743412384375 0.6688654359374999 0.7210144921875 0.6662269125 0.705862978125 0.6490765171875 0.6953227937500001 0.670184696875 0.671607378125 0.6754617421875 0.6432806328125 0.6741424796875 0.6370223984375001 0.6906332453124999 0.63537549375 0.7124010546874999 0.6320816859375 0.6846965703125 0.580039525 0.6846965703125 0.578392621875 0.66688654375 0.58036890625 0.6339050125 0.5780632406249999 0.6279683375 0.5727931484375001 0.6279683375 0.5671936765625001 0.6365435359375 0.57180500625 0.662928759375 0.575757575 0.669525065625 0.574110671875 0.7018469656249999 0.510210803125 0.7071240109375 0.5009881421875 0.7005277046875 0.49868247656250003 0.6866754625 0.494071146875 0.6853562 0.49538866875 0.6312664906250001 0.501976284375 0.5969656984375 0.5263504609375 0.5877308703125 0.5270092234375 0.5811345640625001 0.5220685109375001 0.573878628125 0.5171278 0.579815303125 0.5164690375000001 0.561345646875 0.5240447953125 0.5633245375 0.5322793156250001 0.5455145124999999 0.5345849796875 0.5329815296875 0.5464426875 0.53166226875 0.5497364953125 0.4986807390625 0.5517127796875 0.50659630625 0.5688405796875 0.49340369375000004 0.58465085625 0.5013192609375 0.5876152828125 0.4927440640625 0.5836627140624999 0.48746701875 0.588603425 0.4788918203125 0.60177865625 0.49340369375000004 0.6116600796875 0.46174142500000004 0.6314229250000001 0.46174142500000004 0.639986825 0.452506596875 0.64393939375 0.439313984375 0.671277996875 0.43601583125000004 0.6709486171875 0.42216358906250007 0.666996046875 0.42875989375 0.6590909093749999 0.4274406328125 0.654479578125 0.41424802187500004 0.6320816859375 0.41688654375 0.624835309375 0.42480211093750003 0.61890645625 0.42084432656250004 0.612318840625 0.42480211093750003 0.6090250328125 0.43271767812500006 0.5833333328125 0.439313984375 0.57674571875 0.46174142500000004 0.5648880109375 0.46569920781249996 0.560935440625 0.473614775 0.553030303125 0.470976253125 0.5497364953125 0.48416886562499994 0.5464426875 0.4749340375 0.53853755 0.48153034375 0.5260210796875 0.48284960468750004 0.5161396578125 0.4986807390625 0.4667325421875 0.49736147812500003 0.46706192343749997 0.48746701875 0.4647562578125 0.4854881265625 0.451581028125 0.4881266484375 0.42391304375 0.48153034375 0.4120553359375 0.4670184703125 0.4081027671875 0.46833773125 0.404150196875 0.45910290312499996 0.392292490625 0.46174142500000004 0.38833992031250003 0.45778364062500004 0.3843873515625 0.46965699218749996 0.3797760203125 0.45778364062500004 0.349472990625 0.445910290625 0.33300395312500003 0.445910290625 0.323781290625 0.43667546249999994 0.3125823453125 0.43667546249999994 0.30928853749999996 0.44722955156250005 0.303359684375 0.4485488125 0.30599472968749997 0.46833773125 0.315217390625 0.470976253125 0.324440053125 0.48416886562499994 0.33036890625000004 0.48021108124999995 0.33366271406250003 0.470976253125 0.34420289843749996 0.46965699218749996 0.349472990625 0.48021108124999995 0.36528326718750004 0.4868073875 0.37318840625 0.5 0.383728590625 0.496042215625 0.3843873515625 0.4881266484375 0.3863636359375 0.49736147812500003 0.392292490625 0.5013192609375 0.419960475 0.502638521875 0.43511198906250004 0.5145118734375 0.44235836562499997 0.529023746875 0.451251646875 0.5349604218749999 0.451251646875 0.5468337734375 0.4440052703125 0.5653034296875 0.44532279375000006 0.573218996875 0.43181818125 0.580474934375 0.42391304375 0.573878628125 0.4209486171875 0.5943271765625 0.416996046875 0.5969656984375 0.4209486171875 0.6048812671875 0.41600790468750004 0.605540896875 0.413043478125 0.612796834375 0.4146903828125 0.6226912921875 0.42621870937499995 0.6299472296874999 0.42687747031249995 0.6550131921875 0.4235836625 0.669525065625 0.42621870937499995 0.746042215625 0.42028985468749996 0.7552770453125001 0.4235836625 0.76846965625 0.42061923593749995 0.778364115625 0.407114625 0.78166226875 0.407114625 0.835751978125 0.408761528125 0.8390501312499999 0.419960475 0.8337730875 0.42127799687499995 0.8416886546875 0.4357707515625 0.8430079156250001 0.43972332031250005 0.829815303125 0.4436758890625 0.8377308703124999 0.4535573125 0.8430079156250001 0.46936758906250003 0.8430079156250001 0.4743083 0.8502638515625 0.476284584375 0.8726912921875 0.48682476875 0.8792875984374999 0.49011857656249996 0.868733509375 0.49011857656249996 0.8476253296875
0 0.10935441406249999 0.3146438 0.0918972328125 0.3126649078125 0.0668642953125 0.3258575203125 0.03820816875 0.32519788906249997 0.0372200265625 0.34696569843749997 0.084321475 0.3608179421875 0.10968379375 0.33905013125 0.10935441406249999 0.3146438
0 0.5345849796875 0.12137203125 0.5411725953125 0.1279683375 0.5464426875 0.1226912921875 0.5681818187500001 0.118733509375 0.57674571875 0.112137203125 0.582345190625 0.1009234828125 0.5849802375 0.079815303125 0.578722003125 0.07651715 0.5688405796875 0.08311345625 0.5615942031250001 0.0778364109375 0.5431488796874999 0.080474934375 0.53392621875 0.098944590625 0.52536231875 0.0910290234375 0.5128458499999999 0.1042216359375 0.502305665625 0.10554089687499998 0.49868247656250003 0.111477571875 0.4990118578125 0.118733509375 0.49044795781249995 0.12137203125 0.48386034218749996 0.118733509375 0.48254281875 0.10949868125 0.4782608703125 0.118073878125 0.4776021078125 0.1339050125 0.4818840578125 0.143799471875 0.4907773390625 0.14445910312500002 0.502305665625 0.125329815625 0.5345849796875 0.12137203125
0 0.21673254218750002 0.27638522499999996 0.22496706249999998 0.2704485484375 0.2322134390625 0.2572559359375 0.24011857656250002 0.2546174140625 0.25 0.26253298125 0.2618577078125 0.2638522421875 0.2635046109375 0.2579155671875 0.2615283265625 0.252638521875 0.2671278 0.244063325 0.3013833984375 0.2546174140625 0.3376152828125 0.244063325 0.34156785312500004 0.24670184687500002 0.345520421875 0.188654353125 0.358036890625 0.18337730937500002 0.392292490625 0.1912928765625 0.4193017125 0.17810026406249999 0.4357707515625 0.179419525 0.438076415625 0.17348285000000002 0.4374176546875 0.151055409375 0.42720685156249993 0.13720316562499998 0.4186429515625 0.13720316562499998 0.4163372859375 0.14182058125000002 0.421936759375 0.143799471875 0.42391304375 0.150395778125 0.419960475 0.1543535625 0.408761528125 0.1517150390625 0.415678525 0.14182058125000002 0.4077733859375 0.1339050125 0.4077733859375 0.12335092343750001 0.4123847171875 0.118073878125 0.40744400468749997 0.1174142484375 0.404150196875 0.1108179421875 0.3929512515625 0.112137203125 0.38965744375 0.1543535625 0.345520421875 0.1556728234375 0.3422266140625 0.182058046875 0.33366271406250003 0.18073878593749998 0.325757575 0.1912928765625 0.32180500625 0.1899736140625 0.31389986875 0.20580474999999998 0.3106060609375 0.188654353125 0.3020421609375 0.18601583125 0.29677206875 0.20052770468749997 0.265151515625 0.20976253281249999 0.2509881421875 0.234168865625 0.247364953125 0.2546174140625 0.24538866874999998 0.2480211078125 0.22035573125000002 0.25065963125 0.21640316249999997 0.2572559359375 0.205862978125 0.2585751984375 0.1821475625 0.27572559375 0.157114625 0.2810026390625 0.15250329375 0.28759894531249997 0.14393939375 0.28891820625000003 0.137351778125 0.2994722953125 0.1261528328125 0.29815303437499996 0.11989459843750001 0.3067282328125 0.1307641640625 0.311345646875 0.1413043484375 0.3060686015625 0.1452569171875 0.311345646875 0.1531620546875 0.3073878625 0.1663372859375 0.3126649078125 0.188735178125 0.311345646875 0.1940052703125 0.32717678125 0.20092226562499998 0.32915567343749996 0.21080368906250002 0.3225593671875 0.21673254218750002 0.27638522499999996