1 0.2359375 0.56015625 0.128125 0.12578125
1 0.1625 0.86796875 0.225 0.2640625
1 0.36640625 0.51796875 0.10625 0.0828125
1 0.47734375 0.49921875 0.11171875 0.08515625
1 0.5890625 0.44140625 0.034375 0.0484375
1 0.046875 0.61640625 0.09375 0.1890625
1 0.19375 0.43515625 0.11953125 0.09140625
0 1 0.4878197328125 0.9939790578125001 0.49695493281249997 0.987696334375 0.49695493281249997 0.9704188484375 0.47868453125 0.9547120421875 0.481120584375 0.930628271875 0.47015834375 0.9002617796875001 0.4665042625 0.8515706812499999 0.4506699140625 0.8316753921875 0.4543239953125 0.77722513125 0.4421437265625 0.76570680625 0.447015834375 0.7431937171875 0.44336175468750005 0.7196335078125 0.45554202187500004 0.70863874375 0.4665042625 0.6945026171875 0.467722290625 0.6787958109375001 0.47990255781249996 0.6667539265625 0.47990255781249996 0.663612565625 0.484774665625 0.6468586390625 0.4884287453125 0.635863875 0.5030450671875 0.6039267015625 0.52131546875 0.5829842937499999 0.5432399515624999 0.564136125 0.5529841656250001 0.5573298421875 0.565164434375 0.552094240625 0.5676004875 0.5486911 0.58038976875 0.5494764390625 0.587088915625 0.5557591625 0.5883069421875 0.5620418843749999 0.578562728125 0.5688481671875001 0.5834348359375 0.5730366484375 0.595615103125 0.575130890625 0.595615103125 0.5903141359374999 0.5846528625 0.6002617796874999 0.610231425 0.6232984296875 0.6224116937499999 0.6327225125 0.6370280140625 0.6447643984375 0.6467722296875 0.6507853406249999 0.6583434828125 0.65287958125 0.68270401875 0.6460732984375 0.703410475 0.646596859375 0.7277710109375 0.6332460734375001 0.739342265625 0.6232984296875 0.7685749093750001 0.5976439796874999 0.7880633375 0.5730366484375 0.8209500609375 0.57146596875 0.8306942749999999 0.563612565625 0.833130328125 0.5575916234375 0.8617539578125 0.54581151875 0.879415346875 0.5295811515625 0.8952496953125 0.5175392671875 0.89403166875 0.5138743453125 0.904993909375 0.500785340625 0.9110840437500001 0.49554973750000003 0.9403166875 0.47565445000000006 0.9573690625 0.4704188484375 0.976857490625 0.459424084375 0.976857490625 0.45471204218750005 0.9671132765625 0.44136125625 0.9859926921875 0.443717278125 0.9939098656249999 0.473560209375 0.9963459203125 1 0.99573690625 1 0.4878197328125
0 0.272251309375 0.48172959843749996 0.27277486875 0.451278928125 0.2709424078125 0.44336175468750005 0.26256544531250003 0.44092570000000003 0.25863874375 0.44640682031249995 0.256282721875 0.46041412968750006 0.2452879578125 0.46528623593749996 0.24136125625 0.47442143750000004 0.24371727812500002 0.48964677187500005 0.2790575921875 0.5219244828125 0.2801047125 0.49390986562499994 0.272251309375 0.48172959843749996
0 0.48481675468749996 0.5535931796875 0.48193717343750003 0.5395858703124999 0.4238219890625 0.5079171734375 0.4204188484375 0.514616321875 0.4185863875 0.5395858703124999 0.40706806249999994 0.542021925 0.396335078125 0.5584652859375 0.3973821984375 0.5706455546875 0.4018324609375 0.5749086484375 0.422251309375 0.5749086484375 0.44162303593749996 0.5688185140625001 0.47120418906249995 0.574299634375 0.4837696328125 0.5682095 0.48481675468749996 0.5535931796875
0 0 0.540194884375 0.007853403125 0.540194884375 0.059424084375 0.5286236296875 0.0662303671875 0.5115712546875 0.0774869109375 0.5024360531250001 0.078010471875 0.47442143750000004 0.075130890625 0.467722290625 0.0630890046875 0.46285018281249996 0.0573298421875 0.434835565625 0.0473821984375 0.434835565625 0.0431937171875 0.4567600484375 0.0390052359375 0.4567600484375 0.02984293125 0.47442143750000004 0.027486910937499998 0.49573690625 0.012827225000000001 0.51278928125 0 0.5182704015625 0 0.540194884375
0 0.03429319375 0.75883069375 0.0410994765625 0.7637028015625 0.043717278124999995 0.773447015625 0.0704188484375 0.762484775 0.07984293125 0.7369062125 0.0840314140625 0.73325213125 0.095026178125 0.7344701578125 0.106544503125 0.7661388546875 0.1104712046875 0.7557856265625 0.10628272187500001 0.7131546890625 0.10628272187500001 0.692448234375 0.1 0.675395859375 0.10052356093749999 0.666869671875 0.0955497375 0.66504263125 0.096335078125 0.675395859375 0.0945026171875 0.6784409250000001 0.0803664921875 0.6772228984375 0.0589005234375 0.688185140625 0.02277486875 0.6942752734375001 0.013350785937500002 0.7028014609375 0.0002617796875 0.7064555421875001 0 0.7484774671875 0.0081151828125 0.7527405609375 0.01570680625 0.77527405625 0.0204188484375 0.781364190625 0.02434555 0.7661388546875 0.03429319375 0.75883069375
0 0.432198953125 0.4518879421875 0.459424084375 0.45554202187500004 0.4667539265625 0.447015834375 0.4698952875 0.4567600484375 0.47722513125 0.46285018281249996 0.49554973750000003 0.46528623593749996 0.504973821875 0.45310596875 0.5159685859375001 0.4543239953125 0.5259162296875 0.438489646875 0.5405759156250001 0.4336175390625 0.5688481671875001 0.4336175390625 0.5732984296875 0.41961023124999997 0.5732984296875 0.40986601718750004 0.5081151828125 0.421437271875 0.453664921875 0.4031668703125 0.44162303593749996 0.389768575 0.413612565625 0.3976857484375 0.4130890046875 0.413520096875 0.42094240781250003 0.4354445796875 0.41963350781250003 0.447015834375 0.3929319375 0.4506699140625 0.3782722515625 0.4397076734375 0.3552356015625 0.44457978125000003 0.3452879578125 0.423873325 0.337958115625 0.43239951249999997 0.32277486875 0.4372716203125 0.3204188484375 0.44518879375 0.31989528749999996 0.47198538437500004 0.324869109375 0.4835566375 0.3531413609375 0.47015834375 0.3573298421875 0.46285018281249996 0.362041884375 0.47015834375 0.3866492140625 0.47015834375 0.40287958125 0.484774665625 0.41623036718749995 0.48903775937500005 0.417801046875 0.47076735625 0.432198953125 0.4518879421875
0 0.23560209375 0.77527405625 0.23900523593749998 0.7746650421875 0.2476439796875 0.74969549375 0.24554973750000003 0.7216808765625 0.22827225156250003 0.6936662609375001 0.227748690625 0.6851400734374999 0.23298429375000002 0.6583434828125 0.23350785312500003 0.6218026796875 0.23167539218750002 0.6175395859374999 0.2259162296875 0.621193665625 0.227748690625 0.6071863578125 0.21701570625 0.5834348359375 0.206544503125 0.5846528625 0.202094240625 0.6108404390625 0.19607329843750002 0.616321559375 0.187696334375 0.5980511578125001 0.1767015703125 0.5846528625 0.15994764374999998 0.5858708890625001 0.15863874375 0.5730816078125 0.16335078593750002 0.5621193671875 0.16439790625 0.54628501875 0.1685863875 0.5304506703125 0.1685863875 0.5085261875 0.1725130890625 0.4993909859375 0.1767015703125 0.5066991468750001 0.1803664921875 0.4993909859375 0.1976439796875 0.49695493281249997 0.2138743453125 0.4884287453125 0.235863875 0.4920828265625 0.23874345625 0.485383678125 0.23874345625 0.47442143750000004 0.23534031406249997 0.467722290625 0.2238219890625 0.4689403171875 0.22015706875 0.47746650468749996 0.212303665625 0.47015834375 0.17617801093750002 0.47259439687500004 0.17277486875 0.4756394640625 0.1725130890625 0.484774665625 0.16675392656250002 0.47503045000000005 0.1416230359375 0.481120584375 0.1332460734375 0.45797807500000004 0.1212041890625 0.46285018281249996 0.117801046875 0.45736906250000003 0.11701570624999999 0.44823386093749995 0.1102094234375 0.44457978125000003 0.106544503125 0.4506699140625 0.1047120421875 0.45736906250000003 0.107853403125 0.47442143750000004 0.1068062828125 0.4841656515625 0.10209424062500001 0.48903775937500005 0.099214659375 0.5030450671875 0.0897905765625 0.5066991468750001 0.0874345546875 0.5121802671875 0.096335078125 0.5414129109375 0.097905759375 0.565773446875 0.097905759375 0.5755176609375 0.092146596875 0.5925700359375 0.0942408375 0.6534713765625 0.10287958125 0.6516443359374999 0.10628272187500001 0.65712545625 0.1052356015625 0.62302070625 0.1102094234375 0.607795371875 0.11649214687500001 0.610231425 0.12094240781250001 0.620584653125 0.11884816718749999 0.6498172953125 0.1240837703125 0.6644336171874999 0.121989528125 0.6875761265625 0.1287958109375 0.7131546890625 0.1261780109375 0.7472594390625 0.1217277484375 0.739342265625 0.11884816718749999 0.7484774671875 0.1217277484375 0.7563946406250001 0.12434555 0.7490864796875 0.1337696328125 0.7539585875 0.13743455468750002 0.7478684531249999 0.15994764374999998 0.7405602921875001 0.17722513125 0.728380025 0.18586387499999998 0.7387332515625 0.1882198953125 0.7612667484375 0.20078534062500003 0.75883069375 0.204973821875 0.762484775 0.2089005234375 0.7728380031250001 0.2104712046875 0.7911084046875 0.21675392656249998 0.794762484375 0.2337696328125 0.78440925625 0.23560209375 0.77527405625