1 0.1921875 0.44765625 0.14296875 0.2125
1 0.84296875 0.56875 0.1984375 0.1859375
1 0.26796875 0.7859375 0.23125 0.265625
1 0.4984375 0.0828125 0.13359375 0.0875
1 0.034375 0.31875 0.06484375 0.14375
1 0.22109375 0.64765625 0.1515625 0.1640625
1 0.93671875 0.51015625 0.1125 0.159375
1 0.3640625 0.1296875 0.10703125 0.0828125
1 0.06171875 0.94453125 0.11953125 0.10859375
1 0.9171875 0.84765625 0.16484375 0.296875
1 0.1203125 0.28125 0.0890625 0.10390625
1 0.31015625 0.24296875 0.0890625 0.0796875
1 0.95859375 0.2765625 0.08203125 0.11484375
1 0.2796875 0.95078125 0.125 0.0984375
1 0.48359375 0.26875 0.09921875 0.06875
1 0.91640625 0.66640625 0.10859375 0.0921875
1 0.47734375 0.35625 0.13984375 0.1078125
1 0.4578125 0.49296875 0.20625 0.11796875
1 0.07890625 0.6265625 0.15703125 0.21953125
1 0.3421875 0.1859375 0.05390625 0.0703125
1 0.20078125 0.2734375 0.09296875 0.08203125
1 0.2796875 0.14765625 0.06171875 0.0640625
1 0.28046875 0.1953125 0.0703125 0.0515625
1 0.196875 0.10546875 0.0703125 0.08203125
1 0.021875 0.14921875 0.04375 0.078125
1 0.27421875 0.07890625 0.0375 0.05
0 0.8313468421874999 0.9923976609375 0.8313468421874999 0.9853801171875001 0.8235995234375 0.9654970765625001 0.8230035750000001 0.9549707609375 0.8158522046875 0.93508771875 0.8069129921875 0.8941520468749999 0.7997616203125 0.877777778125 0.794994040625 0.85555555625 0.794994040625 0.8309941515625001 0.77890345625 0.7935672515625 0.7663885578125 0.736257309375 0.75148986875 0.7 0.74374255 0.659064328125 0.7407628125 0.6555555562500001 0.7312276515625 0.6157894734375 0.7252681765625 0.6040935671875001 0.7228843859375 0.5853801171875 0.7100715140625 0.5403508765625 0.7056019078125 0.5526315796875 0.7026221687499999 0.540935671875 0.702026221875 0.49298245625000003 0.6921930875 0.4853801171875 0.688319428125 0.461403509375 0.680572109375 0.45087719374999996 0.6793802140625 0.4309941515625 0.683551846875 0.4239766078125 0.6764004765625 0.41578947343749995 0.6787842671875 0.4087719296875 0.67818831875 0.4005847953125 0.6668653156250001 0.3842105265625 0.6668653156250001 0.36783625781249996 0.6641835515625 0.3625731 0.656138259375 0.3619883046875 0.656138259375 0.328070175 0.657926103125 0.32339181250000004 0.656138259375 0.305847953125 0.6492848625 0.3017543859375 0.637961859375 0.2725146203125 0.6308104890624999 0.2678362578125 0.6159118 0.27953216406250003 0.603694875 0.319883040625 0.5956495828125 0.3298245609375 0.5884982125 0.32631578906250003 0.580154946875 0.3099415203125 0.564660309375 0.3017543859375 0.561680571875 0.29473684218749996 0.5491656734375 0.2842105265625 0.54707985625 0.32339181250000004 0.5482717515625 0.3596491234375 0.5494636468749999 0.36783625781249996 0.5536352796874999 0.3701754390625 0.5518474375 0.3935672515625 0.554827175 0.39824561406250003 0.5560190703125001 0.41578947343749995 0.56078665 0.4274853796875 0.5578069125 0.515204678125 0.5589988078125 0.546783625 0.5643623359375 0.6298245609374999 0.5703218109375 0.6625731 0.570917759375 0.687134503125 0.5780691296875 0.7526315796875 0.5780691296875 0.8052631578125 0.5858164484375 0.8625731 0.5864123953125 0.9046783625 0.5917759234375 0.924561403125 0.593563765625 0.9935672515625 0.5962455296875 0.99766081875 0.627234803125 0.9988304093749999 0.6436233609374999 0.9935672515625 0.6328963046875 0.9233918125 0.6275327765625 0.917543859375 0.6251489875 0.8766081874999999 0.6221692484375 0.870760234375 0.62336114375 0.8625731 0.619785459375 0.85555555625 0.61740166875 0.7713450296875 0.619785459375 0.7561403515625 0.622765196875 0.670760234375 0.624255065625 0.6654970765625 0.630214540625 0.6713450296875 0.6346841484375 0.66959064375 0.6314064359375 0.6573099421874999 0.6278307515625 0.6608187140624999 0.6269368296875 0.6578947375 0.6293206203125 0.6309941515624999 0.634982121875 0.622222221875 0.6474970203125 0.622222221875 0.6623957093749999 0.631578946875 0.6710369484375 0.6473684203125 0.677592371875 0.670760234375 0.69070321875 0.69298245625 0.732419546875 0.8005847953125 0.7461263406249999 0.8590643281249999 0.7580452921874999 0.8941520468749999 0.7717520859375 0.9549707609375 0.7741358765624999 0.9690058484374999 0.773539928125 0.9935672515625 0.7780095359375 0.99766081875 0.8170441 0.9982456140625 0.828665078125 0.9964912281249999 0.8313468421874999 0.9923976609375
0 0.9836114421875 0.1625731 0.980929678125 0.14912280625000002 0.9770560187499999 0.14385964843750002 0.9639451734375 0.1426900578125 0.932061978125 0.1233918125 0.9317640046875001 0.11461988281249999 0.9386174015625001 0.11520467812499999 0.936829559375 0.084795321875 0.945768771875 0.070760234375 0.94368295625 0.0538011703125 0.9323599515625001 0.04912280625 0.9115017875 0.0584795328125 0.9055423125000001 0.0573099421875 0.9022646 0.06959064375 0.8960071515625 0.0783625734375 0.8685935640625001 0.07134502968749999 0.8525029796875 0.07602339218750001 0.8471394515625 0.10760233906250001 0.8244934453124999 0.0970760234375 0.8143623359375001 0.0970760234375 0.793504171875 0.10643274843749999 0.790226459375 0.11169590625 0.789034565625 0.13040935625 0.7848629328125 0.14444444375 0.776817640625 0.1368421046875 0.77294398125 0.1514619890625 0.7762216921875 0.1578947375 0.7809892734375 0.159064328125 0.7845649578125 0.154385965625 0.7994636468749999 0.166081871875 0.823897496875 0.16959064375 0.8310488671874999 0.1766081875 0.8465435046875 0.17894736875 0.8709773546875 0.17076023437500001 0.881704409375 0.17076023437500001 0.8906436234375 0.177777778125 0.906138259375 0.16491228125 0.9171632890625 0.1783625734375 0.921334921875 0.19941520468750001 0.92520858125 0.205847953125 0.97407628125 0.21520467812500002 1 0.2251461984375 0.99851013125 0.173099415625 0.9836114421875 0.1625731
0 0.16805721093749998 0.34444444375 0.1650774734375 0.32456140312500004 0.15703218125 0.3321637421875 0.13855780625 0.3321637421875 0.11174016718749999 0.3415204671875 0.1102502984375 0.346783625 0.11620977343750001 0.3538011703125 0.11740166875 0.36783625781249996 0.125744934375 0.3725146203125 0.1665673421875 0.35555555625 0.16805721093749998 0.34444444375
0 0.0819427890625 0.5181286546874999 0.084624553125 0.508187134375 0.0828367109375 0.501169590625 0.084624553125 0.49298245625000003 0.076877234375 0.48596491249999996 0.076877234375 0.4766081875 0.07330155000000001 0.46959064375 0.0750893921875 0.4625731 0.07151370625 0.45672514687500004 0.07151370625 0.4461988296875 0.067938021875 0.43918128593750005 0.0691299171875 0.41695906406249994 0.06555423125 0.4005847953125 0.06078665 0.3935672515625 0.059594756250000006 0.3830409359375 0.050357568750000005 0.380116959375 0.036054826562499996 0.384795321875 0.01996424375 0.38362573125 0.0157926109375 0.38830409375 0.00029797343750000003 0.37894736875 0 0.48947368437499994 0.012216925 0.4912280703125 0.0309892734375 0.48596491249999996 0.030393325 0.477777778125 0.023539928125 0.4771929828125 0.019070321874999997 0.4625731 0.01996424375 0.4573099421875 0.0286054828125 0.45555555625000005 0.0238379015625 0.41461988281249995 0.01966626875 0.4087719296875 0.028307509375 0.40233918125 0.0375446953125 0.4239766078125 0.03218116875 0.4309941515625 0.03218116875 0.43567251406249996 0.0393325390625 0.501169590625 0.0643623359375 0.5280701750000001 0.07538736562500001 0.5251461984375 0.0819427890625 0.5181286546874999
0 0.27592371875 0.41228070156249996 0.278307509375 0.39707602343750004 0.276519665625 0.32339181250000004 0.2711561375 0.308187134375 0.27085816406249996 0.29239766093749997 0.280393325 0.29473684218749996 0.2836710375 0.3 0.2836710375 0.31637426875 0.2800953515625 0.32456140312500004 0.2800953515625 0.331578946875 0.28188319375000004 0.3783625734375 0.28516090625 0.394152046875 0.29737783125 0.3771929828125 0.2967818828125 0.3584795328125 0.289034565625 0.346783625 0.29112038125 0.3438596484375 0.29469606718749997 0.35087719375000004 0.2982717515625 0.3356725140625 0.29976162031250003 0.3771929828125 0.3018474375 0.38128655 0.313170440625 0.37894736875 0.3221096546875 0.389473684375 0.3289630515625 0.37602339218749997 0.3113825984375 0.356725146875 0.3081048875 0.33859649062499997 0.310190703125 0.3321637421875 0.3197258640625 0.3368421046875 0.32568533906249997 0.3450292390625 0.3271752078125 0.3421052625 0.3280691296875 0.29473684218749996 0.33402860625 0.29356725156249996 0.33671036875000004 0.298830409375 0.33373063125 0.310526315625 0.335518475 0.346783625 0.3387961859375 0.353216375 0.353694875 0.35555555625 0.3572705609375 0.3625731 0.36442193125 0.3450292390625 0.37693682968750003 0.3415204671875 0.381704409375 0.35204678437500003 0.392431465625 0.356725146875 0.40375447031249995 0.3345029234375 0.4088200234375 0.331578946875 0.41448152499999996 0.3052631578125 0.4359356375 0.2959064328125 0.4380214546875 0.28362573125 0.4311680578125 0.2678362578125 0.42342073906250005 0.2678362578125 0.41686531562500007 0.2596491234375 0.41299165625 0.261403509375 0.4156734203125 0.2701754390625 0.400178784375 0.2654970765625 0.3974970203125 0.26959064375 0.40226459999999997 0.27426900625 0.4028605484375 0.28128655 0.4028605484375 0.301169590625 0.400178784375 0.3064327484375 0.3969010734375 0.3 0.3960071515625 0.2748538015625 0.3715733015625 0.27953216406250003 0.37127532812499997 0.270760234375 0.3882598328125 0.2619883046875 0.3936233609375 0.2654970765625 0.3960071515625 0.2596491234375 0.4043504171875 0.2549707609375 0.4120977359375 0.25847953281249997 0.41924910625 0.23976608124999998 0.42401668593749997 0.2502923984375 0.43146603125 0.23099415156249997 0.42520858125 0.226900584375 0.4073301546875 0.23040935624999997 0.3876638859375 0.24093567187499998 0.380512515625 0.24093567187499998 0.372765196875 0.233918128125 0.35816448125 0.2485380109375 0.355780690625 0.26023391875 0.35697258593750003 0.26959064375 0.3530989265625 0.2818713453125 0.343563765625 0.27719298281250004 0.3203218109375 0.2853801171875 0.3221096546875 0.27719298281250004 0.30840286093749997 0.2748538015625 0.2976758046875 0.2760233921875 0.29469606718749997 0.2877192984375 0.29052443437500003 0.2760233921875 0.28277711562499996 0.2807017546875 0.2654946359375 0.2748538015625 0.2625148984375 0.2701754390625 0.2595351609375 0.2760233921875 0.25119189531249997 0.2736842109375 0.247616209375 0.2912280703125 0.231525625 0.30409356718749997 0.21603098906249998 0.30409356718749997 0.21275327812499997 0.308187134375 0.21185935625000002 0.3169590640625 0.2082836703125 0.3087719296875 0.2041120375 0.3169590640625 0.20172824843749998 0.3122807015625 0.19636472031250002 0.3122807015625 0.1704410015625 0.32339181250000004 0.1728247921875 0.331578946875 0.17014302812499998 0.3473684203125 0.1772943984375 0.353216375 0.183849821875 0.3450292390625 0.189809296875 0.3461988296875 0.19636472031250002 0.3625731 0.250595946875 0.42339181249999996 0.2550655546875 0.4321637421875 0.255959475 0.440935671875 0.2640047671875 0.44269005781250004 0.276519665625 0.43918128593750005 0.27592371875 0.41228070156249996
0 0.4317640046875 0.030409356250000002 0.433849821875 0.023976607812500002 0.4296781890625 0.0111111109375 0.4293802140625 0 0.25685339687500003 0.0005847953125 0.2595351609375 0.01871345 0.26370679375 0.015204678125000001 0.345351609375 0.0327485375 0.3638259828125 0.029239765625000004 0.3754469609375 0.0321637421875 0.39183551875 0.025730993749999997 0.4317640046875 0.030409356250000002