1 0.8015625 0.1953125 0.07890625 0.0859375
1 0.49140625 0.8734375 0.0828125 0.121875
1 0.75234375 0.246875 0.071875 0.06796875
1 0.54609375 0.10703125 0.071875 0.071875
1 0.6171875 0.08203125 0.053125 0.06171875
1 0.31796875 0.73203125 0.0515625 0.06953125
1 0.4296875 0.259375 0.0296875 0.04609375
1 0.45 0.27421875 0.03359375 0.04765625
1 0.475 0.296875 0.0421875 0.04375
1 0.54140625 0.3265625 0.0359375 0.053125
1 0.5328125 0.475 0.040625 0.06484375
1 0.7765625 0.075 0.05703125 0.06484375
1 0.5046875 0.078125 0.04296875 0.04609375
1 0.06796875 0.515625 0.05234375 0.05078125
1 0.040625 0.49375 0.0484375 0.0546875
1 0.0203125 0.465625 0.03984375 0.0484375
1 0.4328125 0.79765625 0.0484375 0.06953125
1 0.3671875 0.7265625 0.03125 0.04609375
0 0.9783950625 0.9855324078125 0.98271605 0.9207175921875 0.98055555625 0.9108796296874999 0.9697530859375 0.8975694437499999 0.9697530859375 0.890625 0.9833333328125 0.868634259375 0.976543209375 0.84664351875 0.9820987656250001 0.837384259375 0.9833333328125 0.8234953703125001 0.976543209375 0.8072916671874999 0.988580246875 0.7835648140625 0.9981481484374999 0.7737268515625 0.9981481484374999 0.7633101859375 0.9932098765624999 0.7424768515625 0.9882716046875 0.7332175921874999 0.9876543203124999 0.7239583328125 1 0.7019675921874999 0.9996913578125 0.49305555625 0.9768518515625001 0.5023148140625 0.9638888890624999 0.5231481484375 0.9453703703125 0.5358796296875 0.941975309375 0.5711805562500001 0.9283950624999999 0.6070601859375 0.922222221875 0.6429398140625 0.9175925921875001 0.6550925921874999 0.90771605 0.6643518515625 0.9006172843750001 0.6788194437499999 0.8987654328125 0.699652778125 0.9024691359375 0.7077546296875 0.9030864203125001 0.7239583328125 0.8932098765625 0.750578703125 0.8950617281250001 0.787615740625 0.891358025 0.8084490734375 0.890740740625 0.8605324078125 0.8796296296874999 0.9207175921875 0.8833333328125 0.9600694437499999 0.88148148125 0.993634259375 0.8987654328125 0.9959490734375 0.9737654328125 0.9953703703125001 0.9783950625 0.9855324078125
0 0.4546296296875 0 0.447222221875 0.006944443749999999 0.43919753124999994 0.0057870375 0.4280864203125 0.0173611109375 0.420061728125 0.0173611109375 0.4175925921875 0.0231481484375 0.40833333281249995 0.025462962500000002 0.3996913578125 0.0393518515625 0.3854938265625 0.047453703125 0.3688271609375 0.0416666671875 0.35216049374999997 0.025462962500000002 0.338580246875 0.0231481484375 0.3317901234375 0.0034722218749999997 0.2916666671875 0.0011574078125 0.2817901234375 0.03819444375 0.253703703125 0.050347221875 0.2623456796875 0.0665509265625 0.2632716046875 0.077546296875 0.2706790125 0.07638888906249999 0.2802469140625 0.0665509265625 0.2790123453125 0.05729166718749999 0.275 0.059027778125 0.2731481484375 0.05208333281250001 0.283024690625 0.0509259265625 0.28796296250000003 0.040509259375 0.305864196875 0.0300925921875 0.3095679015625 0.0358796296875 0.3138888890625 0.034722221875 0.3246913578125 0.053819443749999994 0.3052469140625 0.07291666718749999 0.305864196875 0.0821759265625 0.29722222187499997 0.0821759265625 0.29228394999999996 0.08680555625 0.29135802499999996 0.09548611093750001 0.28611111093749997 0.10185185156250001 0.27870370312500004 0.10300925937500001 0.26697530937499997 0.0925925921875 0.25679012343749996 0.10358796249999999 0.258024690625 0.11747685156250001 0.24969135781250001 0.1261574078125 0.2354938265625 0.1296296296875 0.225617284375 0.1238425921875 0.21265432031249998 0.134259259375 0.197222221875 0.1307870375 0.194135803125 0.1261574078125 0.179938271875 0.1261574078125 0.172222221875 0.11863425937500001 0.166975309375 0.10069444375 0.15401234531250002 0.0960648140625 0.1524691359375 0.081597221875 0.14567901249999998 0.074652778125 0.1466049375 0.06828703750000001 0.1774691359375 0.06944444375 0.19598765468749998 0.060185185937499996 0.20740740781250003 0.059606481249999996 0.196296296875 0.0584490734375 0.1895061734375 0.037615740625 0.1925925921875 0.0295138890625 0.1854938265625 0.016203703125 0.17438271562500002 0.02430555625 0.166975309375 0.0231481484375 0.170061728125 0 0 0.0017361109374999999 0 0.11516203750000001 0.0070987656250000005 0.11226851874999999 0.0120370375 0.0983796296875 0.01728395 0.1105324078125 0.016358025 0.11921296249999999 0 0.12094907343750001 0 0.2355324078125 0.0095679015625 0.23263888906250002 0.013580246874999998 0.2366898140625 0.013580246874999998 0.24479166718749998 0.0083333328125 0.25694444375000003 0.0040123453125 0.25694444375000003 0 0.250578703125 0 0.4519675921875 0.010802468749999999 0.44097222187499996 0.0274691359375 0.4363425921875 0.0373456796875 0.4456018515625 0.04351851875 0.459490740625 0.0589506171875 0.46296296249999996 0.070061728125 0.48379629687500003 0.078703703125 0.48379629687500003 0.0904320984375 0.49305555625 0.10123456718749999 0.5098379625 0.10061728437499999 0.5179398140625 0.094135803125 0.5300925921874999 0.0916666671875 0.5266203703125 0.0817901234375 0.5289351859375 0.0716049375 0.5445601859375 0.09444444375 0.5734953703125 0.10123456718749999 0.5920138890625 0.1 0.6047453703125 0.1030864203125 0.6105324078125001 0.102777778125 0.6180555562500001 0.09475308593750001 0.61226851875 0.0780864203125 0.6134259265625001 0.0731481484375 0.6296296296875 0.0626543203125 0.6319444437499999 0.0546296296875 0.628472221875 0.047222221875 0.640046296875 0.038580246875 0.6388888890625 0.030864196875 0.625578703125 0.034259259375000004 0.6145833328125 0.0404320984375 0.615740740625 0.0432098765625 0.6116898140625 0.0432098765625 0.6035879625 0.0388888890625 0.59664351875 0.04012345625 0.574652778125 0.0432098765625 0.5665509265625001 0.037037037499999995 0.5572916671875 0.03919753125 0.5509259265625001 0.0469135796875 0.5445601859375 0.031172839062500002 0.51851851875 0.0237654328125 0.51851851875 0.016358025 0.5115740734374999 0.0095679015625 0.4953703703125 0 0.4924768515625 0 0.7459490734374999 0.0074074078125 0.750578703125 0.005864196875 0.7581018515625 0 0.7575231484375 0.00030864218750000004 0.9942129625 0.194135803125 0.996527778125 0.2095679015625 0.9930555562500001 0.21574074062499998 0.9976851859375 0.233641975 0.9942129625 0.2540123453125 0.996527778125 0.28055555625 0.9942129625 0.2824074078125 0.9768518515625001 0.2898148140625 0.9953703703125001 0.294135803125 0.9918981484374999 0.30216049375 0.9953703703125001 0.30648148124999997 0.9895833328125001 0.316358025 0.9976851859375 0.3453703703125 0.9930555562500001 0.348456790625 0.996527778125 0.4145061734375 0.996527778125 0.4354938265625 0.9930555562500001 0.4388888890625 0.9762731484374999 0.447222221875 0.9583333328125001 0.4552469140625 0.965277778125 0.466975309375 0.953703703125 0.475 0.9548611109375 0.4802469140625 0.9635416671874999 0.4824074078125 0.978009259375 0.486419753125 0.953125 0.490740740625 0.953125 0.4932098765625 0.9415509265625 0.4904320984375 0.9351851859375 0.478703703125 0.9398148140625 0.475617284375 0.9351851859375 0.4533950625 0.9363425921875 0.45185185156249996 0.9276620375 0.455864196875 0.9259259265625 0.45895061718749997 0.9305555562500001 0.45987654375 0.9207175921875 0.4533950625 0.9108796296874999 0.44259259218749997 0.9045138890625 0.44506172812499994 0.890625 0.440740740625 0.8836805562500001 0.43981481406249995 0.8726851859375 0.4293209875 0.884259259375 0.41944444374999995 0.9050925921875 0.40833333281249995 0.9085648140625 0.3925925921875 0.9045138890625 0.3956790125 0.899884259375 0.3975308640625 0.8836805562500001 0.3966049375 0.8773148140625 0.392901234375 0.8773148140625 0.38703703749999996 0.9045138890625 0.3746913578125 0.9230324078125 0.37253086406249997 0.9398148140625 0.36080246875 0.9432870375 0.352777778125 0.9375 0.350617284375 0.93460648125 0.353703703125 0.9276620375 0.3524691359375 0.9195601859375 0.35802469062500003 0.9114583328125001 0.3487654328125 0.8964120375 0.350617284375 0.875578703125 0.34444444375 0.8605324078125 0.34444444375 0.8512731484374999 0.351543209375 0.847222221875 0.3524691359375 0.8396990734375 0.3367283953125 0.840277778125 0.32685185156249996 0.8495370375 0.3219135796875 0.847222221875 0.3209876546875 0.824652778125 0.326543209375 0.8165509265625 0.322222221875 0.8015046296874999 0.329938271875 0.7835648140625 0.3373456796875 0.7766203703125 0.34722222187499996 0.7754629625 0.352777778125 0.76851851875 0.357098765625 0.777777778125 0.36080246875 0.76851851875 0.36512345625 0.76851851875 0.367901234375 0.7575231484375 0.3601851859375 0.7557870375 0.3466049375 0.7442129625 0.3416666671875 0.734953703125 0.33919753125 0.7453703703125 0.329938271875 0.75 0.325617284375 0.7581018515625 0.307098765625 0.765046296875 0.30771605 0.7731481484375 0.302777778125 0.76273148125 0.2987654328125 0.765625 0.2996913578125 0.7731481484375 0.2947530859375 0.7731481484375 0.2969135796875 0.7667824078125001 0.295061728125 0.7586805562500001 0.2873456796875 0.7453703703125 0.2824074078125 0.7442129625 0.273456790625 0.7320601859375 0.2740740734375 0.725115740625 0.27870370312500004 0.7175925921874999 0.29722222187499997 0.702546296875 0.305864196875 0.6828703703125 0.31944444375000003 0.6666666671875 0.328703703125 0.6678240734374999 0.3416666671875 0.64351851875 0.3459876546875 0.65625 0.36080246875 0.6666666671875 0.36944444375 0.6944444437499999 0.3839506171875 0.6834490734374999 0.39012345625 0.65335648125 0.39444444375 0.6475694437499999 0.392901234375 0.64351851875 0.3768518515625 0.641203703125 0.36512345625 0.621527778125 0.35771605 0.6168981484375 0.3324074078125 0.61226851875 0.32067901249999997 0.6192129625 0.3138888890625 0.609953703125 0.3101851859375 0.6134259265625001 0.30802469062500004 0.6070601859375 0.308641975 0.594328703125 0.30339506250000003 0.5856481484375 0.2987654328125 0.5885416671875 0.30432098750000003 0.6035879625 0.302777778125 0.60648148125 0.298456790625 0.6018518515625 0.2953703703125 0.6111111109375 0.2898148140625 0.6145833328125 0.2876543203125 0.6116898140625 0.2895061734375 0.6047453703125 0.28796296250000003 0.6006944437499999 0.2796296296875 0.6035879625 0.2845679015625 0.6116898140625 0.2845679015625 0.625578703125 0.2824074078125 0.628472221875 0.274382715625 0.6296296296875 0.273456790625 0.6163194437499999 0.2706790125 0.61226851875 0.2629629625 0.6163194437499999 0.26728395 0.625578703125 0.2604938265625 0.6325231484375 0.2601851859375 0.641203703125 0.24290123437500002 0.6446759265625001 0.23487654375 0.6423611109375 0.2317901234375 0.6238425921874999 0.2246913578125 0.6336805562500001 0.2259259265625 0.640625 0.220061728125 0.6550925921874999 0.21203703749999997 0.659722221875 0.20555555625 0.6545138890625 0.21203703749999997 0.6493055562500001 0.21574074062499998 0.652777778125 0.21728394999999998 0.6325231484375 0.2123456796875 0.6336805562500001 0.2138888890625 0.641203703125 0.2046296296875 0.641203703125 0.21111111093749999 0.6336805562500001 0.20277777812500003 0.628472221875 0.2003086421875 0.6145833328125 0.1873456796875 0.61226851875 0.18055555625 0.597222221875 0.1706790125 0.5995370375 0.170061728125 0.6145833328125 0.15339506249999998 0.6111111109375 0.1373456796875 0.6145833328125 0.1382716046875 0.62789351875 0.14444444375 0.6394675921874999 0.13919753125 0.6481481484375 0.12191357968750001 0.646990740625 0.10987654375 0.6348379625 0.1061728390625 0.6174768515625 0.1148148140625 0.5792824078125001 0.10864197499999999 0.56539351875 0.11388888906250001 0.5636574078125001 0.1182098765625 0.5555555562500001 0.12160493750000001 0.55960648125 0.12191357968750001 0.5671296296875 0.1293209875 0.5601851859375 0.12407407343750002 0.5515046296875 0.1302469140625 0.5457175921874999 0.13333333281249998 0.5214120375 0.1490740734375 0.5069444437499999 0.1626543203125 0.509259259375 0.1632716046875 0.5057870375 0.15617283906249999 0.500578703125 0.16080246874999998 0.49652777812500004 0.16944444375 0.5 0.1762345671875 0.509259259375 0.18117283906249998 0.509259259375 0.18271605 0.500578703125 0.18672839531250002 0.49652777812500004 0.1895061734375 0.49942129687500003 0.1916666671875 0.5138888890625 0.2040123453125 0.5081018515625 0.2101851859375 0.51273148125 0.22253086406249997 0.51273148125 0.23456790156250001 0.537615740625 0.23209876562499998 0.5445601859375 0.2388888890625 0.56539351875 0.24351851875000002 0.5682870375 0.24722222187499998 0.5798611109375 0.25 0.574652778125 0.24814814843750002 0.5584490734374999 0.2459876546875 0.5567129625 0.24351851875000002 0.5625 0.24259259218749998 0.5584490734374999 0.24351851875000002 0.5520833328125 0.248456790625 0.5509259265625001 0.2512345671875 0.5445601859375 0.24660493749999998 0.5324074078125001 0.23333333281250002 0.5225694437499999 0.23333333281250002 0.49710648125 0.238580246875 0.49421296249999996 0.2552469140625 0.4988425921875 0.26512345625 0.49421296249999996 0.2632716046875 0.45023148125 0.2604938265625 0.45659722187499996 0.2617283953125 0.4762731484375 0.2595679015625 0.48148148125 0.24722222187499998 0.4791666671875 0.24259259218749998 0.4670138890625 0.2456790125 0.45659722187499996 0.2395061734375 0.45081018593750005 0.24197530937499998 0.43807870312499997 0.23302469062500003 0.4363425921875 0.23271605 0.42534722187499996 0.2280864203125 0.42476851875 0.2237654328125 0.415509259375 0.21265432031249998 0.4293981484375 0.20771605 0.41898148125 0.2003086421875 0.42245370312499997 0.18827160468749998 0.41608796249999996 0.18580246875 0.40682870312499997 0.1870370375 0.3987268515625 0.19351851874999998 0.3923611109375 0.2012345671875 0.375578703125 0.195061728125 0.3709490734375 0.19475308593750001 0.359953703125 0.18117283906249998 0.36805555624999997 0.175617284375 0.365740740625 0.17314814843749998 0.3761574078125 0.15771605 0.3854166671875 0.1496913578125 0.3831018515625 0.1453703703125 0.3761574078125 0.134259259375 0.3796296296875 0.125617284375 0.37152777812500004 0.12222222187500001 0.359375 0.11728395 0.3535879625 0.1166666671875 0.34664351875 0.1197530859375 0.3396990734375 0.1182098765625 0.3240740734375 0.1101851859375 0.32523148125 0.105864196875 0.31944444375000003 0.091358025 0.3165509265625 0.097222221875 0.29398148125 0.1101851859375 0.2858796296875 0.12222222187500001 0.2945601859375 0.12191357968750001 0.3182870375 0.133641975 0.296296296875 0.14228395 0.3009259265625 0.1496913578125 0.28819444375000003 0.16450617343750001 0.2835648140625 0.171296296875 0.271990740625 0.19228395 0.2673611109375 0.1925925921875 0.256365740625 0.1839506171875 0.243634259375 0.19537037031249999 0.23495370312500002 0.2018518515625 0.2390046296875 0.205864196875 0.2557870375 0.2132716046875 0.2546296296875 0.220061728125 0.266203703125 0.22098765468749998 0.25868055624999997 0.21728394999999998 0.2552083328125 0.2166666671875 0.24826388906250002 0.2253086421875 0.2297453703125 0.223456790625 0.21354166718749998 0.22685185156249998 0.20486111093749998 0.23302469062500003 0.20486111093749998 0.2370370375 0.21585648124999998 0.23086419687499998 0.22858796250000002 0.2354938265625 0.23611111093749998 0.24351851875000002 0.2303240734375 0.2503086421875 0.21064814843750002 0.2595679015625 0.20601851875000002 0.26851851875 0.22858796250000002 0.26944444375 0.2453703703125 0.27870370312500004 0.2384259265625 0.2811728390625 0.2476851859375 0.2904320984375 0.25347222187499996 0.298456790625 0.2476851859375 0.30555555624999997 0.2517361109375 0.30802469062500004 0.265625 0.3067901234375 0.27256944375000003 0.2845679015625 0.3084490734375 0.2851851859375 0.3165509265625 0.279938271875 0.32523148125 0.26419753125 0.3385416671875 0.27870370312500004 0.3553240734375 0.2867283953125 0.3541666671875 0.2947530859375 0.3379629625 0.30648148124999997 0.334490740625 0.3138888890625 0.3229166671875 0.3182098765625 0.3240740734375 0.3219135796875 0.3136574078125 0.3293209875 0.3136574078125 0.3367283953125 0.3043981484375 0.34228395 0.30902777812500004 0.3533950625 0.3009259265625 0.3719135796875 0.3182870375 0.3879629625 0.3229166671875 0.40030864218750006 0.3414351859375 0.40092592656250003 0.3483796296875 0.391358025 0.35243055624999997 0.39228395 0.3645833328125 0.4132716046875 0.375 0.420061728125 0.3854166671875 0.42222222187499997 0.3825231484375 0.4203703703125 0.375578703125 0.4225308640625 0.37152777812500004 0.4317901234375 0.3692129625 0.43333333281249997 0.3767361109375 0.42839506250000003 0.38368055624999997 0.43333333281249997 0.390625 0.42716049375000004 0.41030092656250006 0.430864196875 0.41956018593750005 0.42993827187500006 0.4293981484375 0.4361111109375 0.4270833328125 0.4370370375 0.4114583328125 0.447222221875 0.40277777812500004 0.4509259265625 0.3923611109375 0.4675925921875 0.391203703125 0.4780864203125 0.396990740625 0.4839506171875 0.4045138890625 0.48456790156249996 0.412615740625 0.47716049375 0.42766203750000004 0.48580246875000005 0.43807870312499997 0.48456790156249996 0.45659722187499996 0.4867283953125 0.46527777812500004 0.494135803125 0.45370370312499997 0.4987654328125 0.453125 0.498456790625 0.44444444375 0.4876543203125 0.4427083328125 0.48981481406249994 0.43055555625 0.4947530859375 0.4270833328125 0.498456790625 0.43171296249999996 0.50216049375 0.41898148125 0.5138888890625 0.4108796296875 0.516975309375 0.40393518593750005 0.533641975 0.3981481484375 0.54444444375 0.4045138890625 0.5388888890625 0.41030092656250006 0.533641975 0.4421296296875 0.5453703703125 0.4386574078125 0.548456790625 0.44907407343749994 0.561419753125 0.459490740625 0.563580246875 0.44965277812500004 0.5731481484375001 0.43402777812500004 0.58055555625 0.43402777812500004 0.588580246875 0.4479166671875 0.5978395062499999 0.4479166671875 0.60555555625 0.4577546296875 0.61080246875 0.5046296296875 0.6200617281249999 0.509259259375 0.6274691359375 0.5 0.6385802468749999 0.5 0.651543209375 0.51851851875 0.6632716046875 0.51273148125 0.6947530859375 0.54398148125 0.6947530859375 0.5520833328125 0.6867283953125 0.5520833328125 0.6725308640625001 0.5381944437499999 0.6583333328125 0.5324074078125001 0.6552469140625 0.5254629625 0.6567901234375 0.546875 0.649382715625 0.574652778125 0.6487654328125 0.6105324078125001 0.6398148140625 0.625 0.6367283953125 0.6203703703125 0.6280864203125 0.625 0.615740740625 0.621527778125 0.609259259375 0.6325231484375 0.613580246875 0.6429398140625 0.61419753125 0.6545138890625 0.6209876546875 0.6579861109375 0.6209876546875 0.671875 0.6237654328125 0.67476851875 0.628703703125 0.6608796296875 0.6388888890625 0.6545138890625 0.64351851875 0.6331018515625 0.64783950625 0.6365740734374999 0.6509259265625 0.6296296296875 0.6533950625 0.6307870375 0.6537037031249999 0.640625 0.659259259375 0.655671296875 0.655864196875 0.6736111109375 0.6469135796875001 0.6776620375 0.6438271609374999 0.6927083328125 0.647222221875 0.70023148125 0.652777778125 0.690972221875 0.663580246875 0.68460648125 0.6697530859375 0.6672453703125 0.669135803125 0.6545138890625 0.6746913578125 0.6325231484375 0.6851851859375 0.625578703125 0.6870370375 0.618634259375 0.6790123453125 0.6105324078125001 0.676543209375 0.59664351875 0.676543209375 0.5885416671875 0.6811728390625 0.5798611109375 0.6910493828125001 0.5729166671875 0.6953703703125 0.584490740625 0.7126543203125 0.5868055562500001 0.7129629625 0.62789351875 0.7067901234375 0.6325231484375 0.711419753125 0.6354166671875 0.7132716046875001 0.6307870375 0.7219135796875 0.628472221875 0.7259259265625 0.6336805562500001 0.7259259265625 0.644097221875 0.7219135796875 0.6516203703125 0.716358025 0.6516203703125 0.70648148125 0.64351851875 0.7030864203125 0.6475694437499999 0.70216049375 0.6574074078125001 0.6956790125000001 0.662615740625 0.6947530859375 0.6701388890625 0.683024690625 0.672453703125 0.672222221875 0.69039351875 0.672222221875 0.7008101859375 0.6672839500000001 0.706597221875 0.6709876546875 0.7135416671875 0.6675925921875 0.7291666671875 0.651543209375 0.7303240734374999 0.6398148140625 0.7476851859375 0.6200617281249999 0.7442129625 0.615740740625 0.73148148125 0.60771605 0.73148148125 0.604938271875 0.7355324078125001 0.6067901234375 0.7459490734374999 0.615740740625 0.75 0.6166666671875001 0.7598379625 0.61419753125 0.7725694437499999 0.6046296296875 0.7870370375 0.5962962968750001 0.780671296875 0.59228395 0.7604166671875 0.584259259375 0.765046296875 0.570061728125 0.7581018515625 0.5719135796875 0.734953703125 0.5570987656249999 0.7361111109375 0.5533950625 0.7430555562500001 0.5490740734374999 0.7418981484375 0.5361111109375 0.733796296875 0.5317901234375 0.7210648140625 0.5274691359375 0.7199074078125001 0.526543209375 0.7274305562500001 0.5203703703125 0.7332175921874999 0.5197530859375 0.743634259375 0.5148148140625 0.750578703125 0.5188271609374999 0.7557870375 0.525617284375 0.7453703703125 0.5299382718750001 0.7523148140625 0.5416666671875 0.7557870375 0.5660493828125001 0.7945601859375 0.56851851875 0.8026620375 0.56512345625 0.8078703703125001 0.5512345671875 0.806134259375 0.553703703125 0.8165509265625 0.5518518515624999 0.828125 0.5533950625 0.8368055562500001 0.5632716046875 0.84375 0.5688271609375 0.8368055562500001 0.5731481484375001 0.858796296875 0.5996913578124999 0.8819444437499999 0.605864196875 0.8981481484374999 0.6354938265625 0.9328703703125001 0.63919753125 0.9328703703125001 0.642901234375 0.9432870375 0.6469135796875001 0.9415509265625 0.651543209375 0.9166666671874999 0.6512345671875 0.9508101859375 0.6540123453125 0.959490740625 0.6629629625 0.949652778125 0.6669753093749999 0.934027778125 0.671296296875 0.9293981484374999 0.6824074078125 0.928240740625 0.690740740625 0.9392361109375 0.695061728125 0.953125 0.695061728125 0.9635416671874999 0.6833333328125 0.9774305562500001 0.69351851875 0.9930555562500001 0.7089506171875 0.9976851859375 0.7182098765625 0.9942129625 0.742901234375 0.9976851859375 0.7533950625 0.9918981484374999 0.7660493828125 0.99710648125 0.7703703703125 0.9913194437499999 0.772222221875 0.9728009265625 0.777777778125 0.9635416671874999 0.7759259265625 0.949652778125 0.76851851875 0.938078703125 0.77283950625 0.9265046296874999 0.7716049375 0.9195601859375 0.765740740625 0.9143518515625001 0.7533950625 0.9131944437499999 0.73919753125 0.9016203703125001 0.729938271875 0.9016203703125001 0.725 0.89351851875 0.71512345625 0.8888888890625 0.713580246875 0.8825231484374999 0.7219135796875 0.884259259375 0.7225308640625 0.875 0.7336419750000001 0.8645833328125001 0.7438271609375 0.8709490734375 0.7475308640625 0.8825231484374999 0.746296296875 0.8929398140625 0.7533950625 0.902777778125 0.7567901234375001 0.8975694437499999 0.7543209875 0.8894675921875 0.757098765625 0.8796296296874999 0.761419753125 0.8796296296874999 0.76512345625 0.8865740734375 0.771296296875 0.8807870375 0.773456790625 0.8836805562500001 0.7731481484375 0.891203703125 0.7783950625 0.890625 0.7753086421875001 0.8767361109375 0.776543209375 0.8663194437499999 0.7873456796875 0.858796296875 0.795061728125 0.8385416671874999 0.788580246875 0.8321759265625 0.7768518515625 0.8321759265625 0.776543209375 0.8107638890625 0.7891975312499999 0.79976851875 0.7922839500000001 0.7928240734374999 0.8003086421875001 0.7916666671875 0.8040123453125 0.7858796296875 0.8108024687500001 0.790509259375 0.8160493828125001 0.787615740625 0.8160493828125001 0.77835648125 0.8222222218749999 0.7575231484375 0.8203703703125 0.750578703125 0.82283950625 0.7332175921874999 0.8290123453125 0.7285879625 0.8308641968750001 0.6915509265625001 0.8361111109375001 0.6875 0.8438271609375001 0.6695601859375 0.8444444437499999 0.6417824078125001 0.8530864203125 0.6267361109375 0.8549382718749999 0.6047453703125 0.86728395 0.59664351875 0.8623456796875001 0.5885416671875 0.8629629624999999 0.568865740625 0.870061728125 0.5601851859375 0.8765432093750001 0.563078703125 0.8845679015625001 0.5225694437499999 0.8975308640625 0.5017361109375 0.8975308640625 0.4924768515625 0.8938271609375 0.4855324078125 0.89444444375 0.47164351875 0.886419753125 0.4635416671875 0.88271605 0.4427083328125 0.8947530859375 0.41782407343749994 0.90216049375 0.4293981484375 0.9101851859375 0.4201388890625 0.9145061734375 0.4201388890625 0.9148148140625001 0.41608796249999996 0.9067901234375 0.4045138890625 0.9101851859375 0.39930555624999997 0.9182098765625 0.3981481484375 0.922222221875 0.40567129687500003 0.91851851875 0.412615740625 0.9203703703125001 0.4172453703125 0.91944444375 0.428240740625 0.9274691359375 0.42245370312499997 0.9373456796875 0.4236111109375 0.9456790125 0.41840277812500004 0.9490740734375 0.390046296875 0.9570987656250001 0.384259259375 0.9620370375 0.38773148125 0.9731481484375 0.3773148140625 0.983641975 0.3761574078125 0.9796296296874999 0.368634259375 0.9867283953125 0.3576388890625 0.99228395 0.3668981484375 1 0.3616898140625 1 0.2320601859375 0.9910493828125 0.22916666718749998 0.988580246875 0.23611111093749998 0.9851851859374999 0.2355324078125 0.9876543203124999 0.2297453703125 0.986419753125 0.2146990734375 0.9790123453125 0.206597221875 0.986419753125 0.1984953703125 0.9635802468750001 0.17881944375 0.9623456796875001 0.16840277812499999 0.9685185187500001 0.155671296875 0.9675925921875 0.1504629625 0.9570987656250001 0.146990740625 0.9533950625 0.1678240734375 0.9453703703125 0.165509259375 0.9262345671875 0.172453703125 0.91944444375 0.16898148125 0.9154320984375 0.1614583328125 0.9166666671874999 0.1464120375 0.9064814812499999 0.1354166671875 0.8910493828125 0.15625 0.8888888890625 0.15451388906250002 0.8901234562499999 0.14409722187500001 0.8873456796875001 0.1354166671875 0.8706790124999999 0.1585648140625 0.8645061734375 0.1516203703125 0.8533950625 0.1539351859375 0.8601851859374999 0.16319444375 0.8731481484374999 0.16898148125 0.875 0.1863425921875 0.8873456796875001 0.1770833328125 0.8904320984374999 0.1863425921875 0.894135803125 0.1817129625 0.90771605 0.19097222187500001 0.9148148140625001 0.206597221875 0.9154320984375 0.2146990734375 0.9114197531249999 0.2175925921875 0.901543209375 0.2141203703125 0.898456790625 0.20370370312500002 0.88919753125 0.20486111093749998 0.8888888890625 0.21354166718749998 0.8820987656250001 0.22048611093749998 0.8845679015625001 0.243634259375 0.8682098765624999 0.2754629625 0.8521604937499999 0.27430555624999997 0.8435185187500001 0.26273148125 0.8317901234375 0.2604166671875 0.8259259265625 0.2644675921875 0.8268518515625001 0.2800925921875 0.820061728125 0.2800925921875 0.8160493828125001 0.27256944375000003 0.8148148140625 0.2575231484375 0.8216049375000001 0.250578703125 0.817901234375 0.243634259375 0.8209876546875 0.2355324078125 0.815740740625 0.23263888906250002 0.8120370375 0.23611111093749998 0.8040123453125 0.23379629687499998 0.8086419749999999 0.24131944375 0.8055555562500001 0.256365740625 0.798456790625 0.2615740734375 0.7922839500000001 0.2754629625 0.7774691359375 0.2824074078125 0.7635802468749999 0.2795138890625 0.765740740625 0.32523148125 0.7688271609374999 0.327546296875 0.7824074078125001 0.3148148140625 0.788580246875 0.327546296875 0.79351851875 0.33101851875 0.8009259265625 0.33101851875 0.8083333328125001 0.3229166671875 0.8216049375000001 0.3327546296875 0.8222222218749999 0.34085648125 0.8194444437499999 0.34722222187499996 0.8108024687500001 0.3553240734375 0.795061728125 0.359375 0.80216049375 0.3703703703125 0.8083333328125001 0.365740740625 0.8154320984375 0.3825231484375 0.8163580250000001 0.391203703125 0.8206790125 0.3923611109375 0.8216049375000001 0.3825231484375 0.8271604937499999 0.375578703125 0.8182098765625 0.3692129625 0.8182098765625 0.359953703125 0.8243827156249999 0.3553240734375 0.8354938265625 0.3738425921875 0.8376543203125 0.3478009265625 0.8453703703125001 0.34027777812500004 0.8509259265625 0.3425925921875 0.8574074078124999 0.3535879625 0.8595679015625001 0.36805555624999997 0.878703703125 0.36805555624999997 0.8851851859375 0.3859953703125 0.8845679015625001 0.4045138890625 0.8808641968750001 0.412615740625 0.88271605 0.41956018593750005 0.8731481484374999 0.43518518593750005 0.8638888890624999 0.4375 0.8598765437500001 0.43460648125 0.8617283953125 0.42418981406249995 0.8697530859375 0.41956018593750005 0.8632716046875 0.41782407343749994 0.8589506171875 0.4108796296875 0.8552469140625 0.4143518515625 0.847222221875 0.3981481484375 0.8320987656250001 0.4265046296875 0.8336419749999999 0.43518518593750005 0.8145061734375 0.4363425921875 0.8104938265625 0.43460648125 0.8141975312499999 0.42766203750000004 0.8120370375 0.4201388890625 0.80771605 0.42592592656250006 0.8043209875 0.41956018593750005 0.80771605 0.415509259375 0.8123456796875 0.4172453703125 0.8120370375 0.40393518593750005 0.7996913578125 0.41319444375 0.7966049374999999 0.391203703125 0.7922839500000001 0.3958333328125 0.783641975 0.3946759265625 0.7802469140625 0.3917824078125 0.7805555562500001 0.3807870375 0.76944444375 0.3854166671875 0.765740740625 0.37847222187499996 0.7583333328124999 0.3796296296875 0.7496913578125 0.36805555624999997 0.7364197531250001 0.3640046296875 0.73580246875 0.3547453703125 0.738580246875 0.3483796296875 0.7509259265625 0.3391203703125 0.75987654375 0.32465277812500004 0.73919753125 0.3125 0.7351851859375 0.30381944375000003 0.7367283953125 0.2986111109375 0.7432098765624999 0.2957175921875 0.74444444375 0.2795138890625 0.7518518515625 0.27256944375000003 0.750617284375 0.2667824078125 0.742901234375 0.2615740734375 0.7040123453125 0.2557870375 0.7024691359374999 0.24131944375 0.707098765625 0.228009259375 0.71512345625 0.21875 0.73919753125 0.2071759265625 0.73580246875 0.19965277812499999 0.7416666671875001 0.1932870375 0.7496913578125 0.1956018515625 0.7512345671875 0.19039351875 0.7453703703125 0.1898148140625 0.74444444375 0.18576388906250002 0.7475308640625 0.1765046296875 0.7466049375 0.1678240734375 0.73487654375 0.16898148125 0.7364197531250001 0.18460648125 0.7268518515625 0.1990740734375 0.7200617281249999 0.20138888906250002 0.711419753125 0.2164351859375 0.694135803125 0.23263888906250002 0.678703703125 0.23726851875000002 0.67283950625 0.250578703125 0.6790123453125 0.250578703125 0.6790123453125 0.2575231484375 0.675 0.2604166671875 0.6567901234375 0.25868055624999997 0.6641975312499999 0.2459490734375 0.666358025 0.228009259375 0.6589506171874999 0.22453703749999998 0.6552469140625 0.2303240734375 0.651543209375 0.22916666718749998 0.6521604937500001 0.2199074078125 0.64351851875 0.2210648140625 0.64012345625 0.2077546296875 0.633024690625 0.1979166671875 0.6175925921875 0.196759259375 0.6200617281249999 0.2071759265625 0.6237654328125 0.209490740625 0.6274691359375 0.20370370312500002 0.6370370375000001 0.22048611093749998 0.6388888890625 0.22858796250000002 0.6373456796875 0.23148148124999998 0.627777778125 0.2355324078125 0.6398148140625 0.23726851875000002 0.6432098765625 0.24247685156249998 0.64012345625 0.2737268515625 0.6487654328125 0.2829861109375 0.6518518515625 0.30034722187499996 0.6564814812499999 0.30555555624999997 0.6645061734375 0.303240740625 0.6669753093749999 0.28472222187499996 0.675 0.28472222187499996 0.6790123453125 0.31539351875 0.6839506171874999 0.328125 0.6817901234375 0.34722222187499996 0.665740740625 0.353009259375 0.6632716046875 0.3611111109375 0.6552469140625 0.3645833328125 0.6490740734375 0.3761574078125 0.64228395 0.3807870375 0.6339506171875 0.39756944375000003 0.63580246875 0.40567129687500003 0.6317901234375001 0.43518518593750005 0.63148148125 0.41608796249999996 0.628703703125 0.4074074078125 0.6237654328125 0.4166666671875 0.615740740625 0.4143518515625 0.6145061734375 0.4201388890625 0.60648148125 0.4236111109375 0.602777778125 0.42129629687500003 0.6003086421875 0.41203703750000004 0.5916666671875 0.41319444375 0.5768518515625 0.40393518593750005 0.5716049375 0.390625 0.5725308640625 0.384259259375 0.5768518515625 0.3865740734375 0.5790123453125 0.3825231484375 0.5811728390625001 0.3703703703125 0.59228395 0.375 0.5947530859375 0.365740740625 0.6203703703125 0.3385416671875 0.613580246875 0.3234953703125 0.619135803125 0.30034722187499996 0.6175925921875 0.290509259375 0.60648148125 0.29398148125 0.597222221875 0.3067129625 0.5768518515625 0.30555555624999997 0.5753086421875 0.3107638890625 0.577777778125 0.3327546296875 0.5725308640625 0.34722222187499996 0.524382715625 0.34722222187499996 0.5163580249999999 0.3379629625 0.50216049375 0.3333333328125 0.4904320984375 0.3206018515625 0.48487654375 0.3321759265625 0.4780864203125 0.3333333328125 0.475 0.3206018515625 0.466975309375 0.3182870375 0.45154320937500003 0.3020833328125 0.4432098765625 0.3015046296875 0.448456790625 0.29976851875 0.44907407343749994 0.29398148125 0.43919753124999994 0.297453703125 0.4280864203125 0.2789351859375 0.41882716093749994 0.28125 0.41265432031250004 0.2731481484375 0.39783950625000003 0.266203703125 0.38919753125 0.25 0.3762345671875 0.2511574078125 0.3552469140625 0.24421296250000002 0.33364197500000004 0.2233796296875 0.3219135796875 0.222222221875 0.30771605 0.20138888906250002 0.2910493828125 0.1932870375 0.27098765468749997 0.17534722187500001 0.272222221875 0.162615740625 0.2783950625 0.15451388906250002 0.27777777812500004 0.14756944375 0.28796296250000003 0.13773148125 0.2910493828125 0.125 0.3095679015625 0.11689814843749999 0.33487654375 0.08796296249999999 0.3496913578125 0.0856481484375 0.36080246875 0.06828703750000001 0.3737654328125 0.065972221875 0.38487654375 0.078703703125 0.3904320984375 0.065972221875 0.40030864218750006 0.060185185937499996 0.41203703750000004 0.0671296296875 0.4268518515625 0.055555556250000006 0.4290123453125 0.051504629687500005 0.4302469140625 0.0295138890625 0.44351851875000003 0.009259259374999999 0.448456790625 0.009259259374999999 0.4552469140625 0.0196759265625 0.45895061718749997 0.0196759265625 0.46265432031250003 0 0.4546296296875 0
0 0.4987654328125 0.09664351875 0.48858024687499996 0.097222221875 0.4783950625 0.08854166718749999 0.4888888890625 0.0665509265625 0.48425925937500003 0.055555556250000006 0.47067901250000005 0.057870370312499995 0.466975309375 0.05208333281250001 0.4552469140625 0.053240740625000005 0.449382715625 0.081597221875 0.4552469140625 0.08680555625 0.466975309375 0.0856481484375 0.47654320937500005 0.1082175921875 0.4753086421875 0.12673611093749998 0.477777778125 0.1394675921875 0.48333333281249996 0.1417824078125 0.4987654328125 0.1394675921875 0.4987654328125 0.09664351875
0 0.6595679015625 0.240740740625 0.6675925921875 0.23495370312500002 0.6703703703125 0.22743055625 0.6453703703125 0.21180555625 0.633641975 0.19444444375 0.61080246875 0.1851851859375 0.6003086421875 0.17013888906250002 0.599382715625 0.162615740625 0.5966049375 0.1620370375 0.592901234375 0.1516203703125 0.5867283953125 0.1539351859375 0.5817901234375 0.1504629625 0.5768518515625 0.13194444375 0.5595679015624999 0.1446759265625 0.5459876546875 0.13194444375 0.5138888890625 0.11574074062499999 0.50987654375 0.1197916671875 0.5030864203125 0.1394675921875 0.5030864203125 0.1707175921875 0.500617284375 0.1765046296875 0.502777778125 0.1828703703125 0.5182098765625 0.1851851859375 0.5299382718750001 0.1770833328125 0.5459876546875 0.19444444375 0.55771605 0.196759259375 0.5645061734375 0.1863425921875 0.5731481484375001 0.1817129625 0.5830246906250001 0.1932870375 0.5916666671875 0.196759259375 0.5966049375 0.20601851875000002 0.6120370375 0.20138888906250002 0.6216049375 0.22048611093749998 0.625 0.2384259265625 0.63055555625 0.24305555625 0.642901234375 0.23958333281250002 0.6481481484375 0.24710648124999998 0.651543209375 0.23495370312500002 0.6595679015625 0.240740740625