1 0.27578125 0.64609375 0.06875 0.16328125
1 0.16875 0.65546875 0.0890625 0.1734375
1 0.090625 0.8328125 0.12578125 0.18359375
1 0.06484375 0.93046875 0.0890625 0.071875
1 0.41953125 0.8125 0.0859375 0.165625
1 0.47734375 0.90234375 0.08671875 0.1953125
1 0.640625 0.78125 0.10859375 0.1171875
1 0.67890625 0.87734375 0.07578125 0.1015625
1 0.74296875 0.7875 0.0890625 0.134375
1 0.81796875 0.859375 0.05859375 0.11171875
1 0.8296875 0.76015625 0.08828125 0.10390625
1 0.88671875 0.64765625 0.11796875 0.08125
1 0.78671875 0.63046875 0.0703125 0.09921875
1 0.0671875 0.6796875 0.07578125 0.1296875
1 0.5234375 0.675 0.0640625 0.0875
1 0.26015625 0.4703125 0.1859375 0.14609375
1 0.67265625 0.64296875 0.09140625 0.11171875
1 0.73828125 0.365625 0.1015625 0.0640625
1 0.47890625 0.42265625 0.103125 0.06171875
1 0.2859375 0.89609375 0.0484375 0.071875
1 0.25 0.79296875 0.08203125 0.09609375
1 0.42578125 0.5859375 0.06015625 0.03671875
1 0.34375 0.59296875 0.0484375 0.06484375
1 0.896875 0.49296875 0.05546875 0.06171875
1 0.96796875 0.5515625 0.06328125 0.08359375
1 0.91015625 0.8265625 0.0421875 0.05234375
1 0.98515625 0.93359375 0.0296875 0.1328125
1 0.503125 0.60390625 0.05703125 0.059375
1 0.85546875 0.4828125 0.02578125 0.08046875
1 0.42578125 0.3171875 0.1015625 0.0671875
1 0.64609375 0.31171875 0.0609375 0.03125
1 0.878125 0.38515625 0.04375 0.034375
0 0.8985310125 0.2972067046875 0.9058759515625001 0.32234636875 0.9099564750000001 0.324022346875 0.9140369968750001 0.32122905 0.9200217625 0.3 0.9257344937499999 0.289385475 0.93335146875 0.2826815640625 0.946409140625 0.2849162015625 0.9534820453125 0.277094971875 0.9649075078125 0.2871508375 0.9877584328125 0.279329609375 0.9997279656250001 0.2837988828125 1 0.2385474859375 0.81909684375 0.2379888265625 0.7679542984375 0.24357541875000002 0.7135473343750001 0.2402234640625 0.6928726875 0.24357541875000002 0.63520130625 0.2413407828125 0.6319368875 0.2446927375 0.6025571265624999 0.2391061453125 0.5541349296875 0.2480446921875 0.507344940625 0.2446927375 0.4782372140625 0.2486033515625 0.4809575625 0.25418994375000004 0.48286180625 0.27486033593750003 0.48667029375000004 0.26703910625 0.50190424375 0.26703910625 0.5100652890624999 0.275977653125 0.5334602828125 0.280446928125 0.5655603921875 0.277094971875 0.5680087046875 0.27430167656250004 0.568824809375 0.25474860312500003 0.579706203125 0.278212290625 0.5982045703125001 0.27486033593750003 0.6079978234375 0.2860335203125 0.6188792171874999 0.280446928125 0.6689336234375001 0.28826815625 0.6776387374999999 0.2826815640625 0.702665940625 0.2860335203125 0.7086507078125 0.2815642453125 0.711915125 0.2703910609375 0.7195321 0.26815642500000003 0.7255168656250001 0.2849162015625 0.7494559296875 0.29050279375 0.7548966265625 0.2826815640625 0.789717084375 0.2837988828125 0.7962459187500001 0.29162011250000003 0.8180087046875 0.299441340625 0.824537540625 0.320670390625 0.8835690968750001 0.332402234375 0.8952665937500001 0.2972067046875 0.8985310125 0.2972067046875
0 0.839227421875 0.37765363125 0.8544613703125 0.3620111734375 0.8631664859375 0.367597765625 0.8762241562499999 0.3631284921875 0.8789445046875001 0.35642458125 0.8822089234374999 0.35642458125 0.8841131671875001 0.34692737500000004 0.8724156687500001 0.34078212343750003 0.8664309031249999 0.343016759375 0.8604461375 0.3363128484375 0.82671381875 0.331843575 0.8237214359375 0.335754190625 0.8226332968750001 0.3513966484375 0.8182807406249999 0.36703910624999997 0.8196409140625001 0.3731843578125 0.8324265499999999 0.379329609375 0.835418934375 0.3720670390625 0.839227421875 0.37765363125
0 0.1101741015625 0.435754190625 0.1270402609375 0.4256983234375 0.14880304687499998 0.3810055859375 0.1651251359375 0.37541899375 0.16947769375 0.366480446875 0.1841675734375 0.3575419 0.1928726875 0.344134078125 0.20103373281249998 0.341899440625 0.20429814999999998 0.345251396875 0.20810663749999997 0.33966480468750004 0.2162676828125 0.34078212343750003 0.22007617031249999 0.3340782125 0.2315016328125 0.33296089375000004 0.23286180625 0.3234636875 0.1482589765625 0.3162011171875 0.0769858546875 0.324022346875 0.000272034375 0.32625698281250004 0 0.5290502796875 0.0144178453125 0.5284916203125001 0.0198585421875 0.5351955312500001 0.025027203125 0.534636871875 0.0846028296875 0.475977653125 0.1101741015625 0.435754190625
0 0.07807399375 0.612290503125 0.0794341671875 0.6039106140625 0.0756256796875 0.5960893859375 0.0756256796875 0.580446928125 0.05848748593749999 0.57765363125 0.043797606249999996 0.589944134375 0.030195865625000002 0.5921787703125 0.028835690625 0.6027932953125 0.0315560390625 0.619553071875 0.044069640625 0.6296089390625 0.0622959734375 0.613407821875 0.07807399375 0.612290503125
0 0.1634929265625 0.5273743015625 0.1670293796875 0.508938546875 0.1670293796875 0.48994413437500006 0.1942328625 0.4363128484375 0.19613710625 0.42346368749999996 0.20946681250000002 0.410614525 0.20756256875 0.3743016765625 0.1994015234375 0.368715084375 0.1806311203125 0.379329609375 0.1844396078125 0.38379888281249996 0.185527746875 0.3949720671875 0.1822633296875 0.401675978125 0.17954298125 0.41955307187499996 0.186887921875 0.42234636875 0.188792165625 0.4363128484375 0.166213275 0.4402234640625 0.1634929265625 0.454748603125 0.1539717078125 0.46424580937500004 0.1534276390625 0.4921787703125 0.14880304687499998 0.5027932953125 0.11371055468749999 0.5078212296875 0.125952121875 0.5173184359375 0.13193688750000002 0.5385474859375 0.14145810625 0.5446927374999999 0.1455386296875 0.5374301671875 0.1634929265625 0.5273743015625
0 0.07807399375 0.386592178125 0.08188248125 0.39217877031250004 0.0851468984375 0.386592178125 0.091131665625 0.39217877031250004 0.0943960828125 0.38435754218749996 0.09820457031249999 0.39106145312499996 0.10038084843749999 0.3854748609375 0.1063656140625 0.389944134375 0.1101741015625 0.38435754218749996 0.1139825890625 0.389944134375 0.1167029375 0.3854748609375 0.13900979375 0.386592178125 0.144994559375 0.38324022343749997 0.14880304687499998 0.3709497203125 0.152611534375 0.37988826875 0.15642002187499998 0.37541899375 0.1651251359375 0.37988826875 0.1727421109375 0.3586592171875 0.1765505984375 0.3608938546875 0.1841675734375 0.3553072625 0.18852013125 0.343016759375 0.19232861875 0.343016759375 0.19613710625 0.33296089375000004 0.2032100109375 0.3385474859375 0.2157236125 0.33966480468750004 0.22007617031249999 0.3251396640625 0.22524483125 0.32234636875 0.20103373281249998 0.320670390625 0.19668117499999999 0.3273743015625 0.1939608265625 0.320670390625 0.14771490781250002 0.31843575468749996 0.11779107656250001 0.324022346875 0 0.3290502796875 0.000272034375 0.3955307265625 0.0636561484375 0.3949720671875 0.075897715625 0.3944134078125 0.07807399375 0.386592178125
0 0.8014145812500001 0.9681564249999999 0.8054951031250001 0.9608938546875001 0.8348748640625001 0.9486033515625 0.84956474375 0.9508379890624999 0.8667029375 0.9424581 0.8637105546875 0.9262569828125 0.8441240484374999 0.9050279328125 0.8158324265625 0.901675978125 0.7995103375 0.8849162015625 0.78998911875 0.8608938546875 0.7889009796875001 0.8217877093749999 0.799782371875 0.8061452515624999 0.7853645265625 0.786592178125 0.784004353125 0.8162011171874999 0.7867246999999999 0.8284916203125 0.7829162125 0.8374301671875 0.7829162125 0.844134078125 0.7853645265625 0.8469273749999999 0.7570729046875 0.8435754187500001 0.736398259375 0.8502793296875 0.7315016328125 0.8547486031249999 0.7304134921875 0.8625698328125001 0.7162676828125 0.86480446875 0.71137105625 0.8983240218749999 0.694504896875 0.9027932953125 0.683079434375 0.9117318437499999 0.6700217625 0.9150837984375 0.6575081609375 0.9117318437499999 0.650979325 0.9039106140625 0.6433623500000001 0.901675978125 0.6430903156250001 0.9268156421875 0.6395538625 0.944134078125 0.635473340625 0.9290502796875 0.63384113125 0.9033519546875001 0.62758433125 0.88826815625 0.6041893359375 0.8759776531250001 0.5965723609375 0.8837988828125001 0.580250271875 0.8837988828125001 0.5769858546875 0.8782122906250001 0.5731773671875 0.8826815640625 0.5642002171875 0.8586592171874999 0.555495103125 0.844134078125 0.5533188250000001 0.8296089390624999 0.5544069640625 0.81173184375 0.556855278125 0.8067039109374999 0.561207834375 0.8156424578125 0.5650163218750001 0.8 0.5737214359375 0.7977653625000001 0.5799782375 0.7815642453125 0.58052230625 0.7737430171875 0.5848748640625 0.7748603359375 0.5960282921875 0.7407821234374999 0.6112622421875 0.73072625625 0.6292165390625 0.7396648046875 0.6629488578125 0.7396648046875 0.667845484375 0.746368715625 0.6852557125 0.741899440625 0.691240478125 0.7363128484375 0.717355821875 0.7340782124999999 0.721708378125 0.7262569828125 0.7298694234374999 0.724022346875 0.7494559296875 0.73072625625 0.7603373234374999 0.741899440625 0.782100109375 0.7407821234374999 0.8125680093750001 0.710614525 0.8174646359375 0.70949720625 0.847388465625 0.7396648046875 0.8522850921874999 0.7407821234374999 0.8593579984374999 0.7519553078125 0.8601741015625001 0.7469273750000001 0.8563656140625 0.7290502796875 0.862622415625 0.7173184359375 0.8745919484375 0.7184357546875 0.8952665937500001 0.73519553125 0.9036996734375 0.710055865625 0.9012513609375 0.7039106140625 0.8805767140625 0.698324021875 0.847388465625 0.698324021875 0.8441240484374999 0.68826815625 0.8299782375 0.6748603359375 0.8136561484374999 0.6804469281250001 0.8122959734374999 0.6944134078124999 0.8044069640625 0.7027932953125 0.7831882484375 0.7027932953125 0.7559847656249999 0.6748603359375 0.750272034375 0.6843575421875 0.7494559296875 0.70949720625 0.7486398265624999 0.6743016765625 0.7451033734375 0.66480446875 0.7374863984375 0.66927374375 0.7339499453125 0.6497206703125 0.7285092484375 0.645251396875 0.731229596875 0.6385474859375 0.730685528125 0.6162011171875 0.7323177359375 0.6128491625 0.727149075 0.611173184375 0.7203482046875 0.6128491625 0.719260065625 0.6396648046875 0.7241566921875 0.6698324015625 0.7334058765625 0.67988826875 0.735038084375 0.6932960890625 0.7336779109375 0.7039106140625 0.7053862890625 0.7072625703125001 0.698857453125 0.721787709375 0.6950489656250001 0.724022346875 0.6803590859375 0.722905028125 0.67383025 0.71173184375 0.65043525625 0.71173184375 0.6444504890625 0.7027932953125 0.63139281875 0.7027932953125 0.6243199125000001 0.6927374296875 0.61996735625 0.6927374296875 0.6118063109375 0.7039106140625 0.603101196875 0.7039106140625 0.5965723609375 0.699441340625 0.5911316656250001 0.6837988828125 0.5639281828125 0.646927375 0.5527747546875 0.6262569828125 0.5470620234375 0.6089385468749999 0.542165396875 0.6033519546874999 0.538084875 0.6061452515625 0.5369967359375 0.620670390625 0.5432535359374999 0.6368715078125 0.5508705109375 0.6379888265625 0.5538628937500001 0.643016759375 0.5565832421875 0.6720670390625 0.5658324265625 0.708938546875 0.5650163218750001 0.7184357546875 0.556855278125 0.7184357546875 0.5503264421875 0.7061452515625 0.534004353125 0.71173184375 0.514961915625 0.71173184375 0.5119695328125 0.7167597765625 0.5130576718750001 0.7335195531250001 0.5106093578124999 0.7363128484375 0.48667029375000004 0.7385474859375 0.47850924843750003 0.7340782124999999 0.4719804140625 0.7396648046875 0.45783460312499996 0.741899440625 0.443144721875 0.741899440625 0.4379760609375 0.7335195531250001 0.4415125140625 0.7251396640625 0.44994559375 0.7178770953125 0.4510337328125 0.7044692734375 0.45457018437499996 0.6972067046875 0.45783460312499996 0.7139664796875 0.47143634375000004 0.719553071875 0.47850924843750003 0.73072625625 0.4929270953125 0.708938546875 0.48639825937500003 0.6921787703125 0.48313384062500003 0.6743016765625 0.4670837875 0.6391061453125 0.4548422203125 0.6385474859375 0.452121871875 0.6519553078125 0.4513057671875 0.6860335203125 0.4510337328125 0.6486033515625 0.44804135 0.6391061453125 0.44205658281250004 0.6391061453125 0.4344396078125 0.6525139671875 0.42029379687499996 0.6536312843750001 0.41213275312500003 0.646927375 0.40778019531250004 0.6513966484375 0.40750816093750003 0.631843575 0.4050598484375 0.6256983234375 0.3767682265625 0.612290503125 0.3732317734375 0.6162011171875 0.3653427640625 0.655865921875 0.36099020625 0.6525139671875 0.35718171875000004 0.6625698328125 0.34956474375 0.6636871515625 0.3332426546875 0.6636871515625 0.32943416718749996 0.658100559375 0.32671381875 0.66927374375 0.3218171921875 0.66927374375 0.318280740625 0.7256983234375001 0.31528835625 0.73072625625 0.28101197031249997 0.73072625625 0.2761153421875 0.722905028125 0.2429270953125 0.722905028125 0.2391186078125 0.73072625625 0.23667029374999998 0.72234636875 0.23667029374999998 0.708938546875 0.2410228515625 0.7022346374999999 0.2393906421875 0.6932960890625 0.24374319843749997 0.6687150843749999 0.24156692031250002 0.6508379890625 0.235038084375 0.644134078125 0.242383025 0.64357541875 0.24700761718750003 0.6374301671875 0.2486398265625 0.60949720625 0.22823721406250003 0.6067039109375 0.21898802968750003 0.6156424578124999 0.2070184984375 0.613407821875 0.204570184375 0.621787709375 0.20946681250000002 0.6508379890625 0.20783460312500002 0.6743016765625 0.19640914062499998 0.6854748609375 0.1920565828125 0.7178770953125 0.183623503125 0.731843575 0.1689336234375 0.7273743015624999 0.1531556046875 0.731843575 0.1436343859375 0.7458100562500001 0.1420021765625 0.7659217875000001 0.1479869421875 0.7748603359375 0.1539717078125 0.8072625703125 0.14145810625 0.841899440625 0.1381936890625 0.8620111734375 0.1292165390625 0.8715083796875 0.11425462500000001 0.910055865625 0.1060935796875 0.92122905 0.1017410234375 0.9424581 0.090043525 0.9687150843750001 0.0710010875 0.9698324015625 0.05767138125 0.989385475 0.06284004374999999 0.9988826812499999 0.1232317734375 0.9977653625 0.1311207828125 0.9748603359375 0.1305767140625 0.96703910625 0.12568008749999998 0.9636871515625 0.12568008749999998 0.9525139671874999 0.144994559375 0.9262569828125 0.1485310125 0.9279329609375001 0.14907508125 0.9402234640625 0.14417845468749999 0.96703910625 0.1360174109375 0.9905027937499999 0.13846572343750002 0.9944134078125 0.14771490781250002 0.9988826812499999 0.1819912953125 0.9966480453125 0.1866158875 0.9916201125 0.18852013125 0.97877095 0.19994559375 0.97541899375 0.20076169687499998 0.9592178765625 0.20429814999999998 0.9508379890624999 0.2165397171875 0.9446927374999999 0.2222524484375 0.9005586593749999 0.20429814999999998 0.8972067046875001 0.19668117499999999 0.920670390625 0.1901523390625 0.9251396640625 0.166213275 0.9296089390625 0.1520674640625 0.9273743015625 0.15179542968749998 0.9089385468750001 0.1550598484375 0.891061453125 0.1512513609375 0.886592178125 0.1624047875 0.8815642453124999 0.183623503125 0.8379888265625001 0.1890642 0.8424581 0.1994015234375 0.8402234640625 0.21381936875 0.789385475 0.2143634390625 0.7737430171875 0.232589771875 0.7474860328124999 0.23639825937499997 0.73296089375 0.24727965156249998 0.73519553125 0.2581610453125 0.7497206703125 0.29243743125 0.7731843578125 0.29325353593750003 0.7815642453125 0.28998911875 0.80949720625 0.2913492921875 0.8368715078125 0.3142002171875 0.8379888265625001 0.3171926 0.8284916203125 0.32154515781250004 0.789385475 0.3250816109375 0.80111731875 0.330250271875 0.7927374296874999 0.330250271875 0.8150837984375 0.322633296875 0.8284916203125 0.325897715625 0.8385474859375 0.32208922812499996 0.8463687156249999 0.3269858546875 0.8709497203125001 0.3133841125 0.8932960890625001 0.3155603921875 0.9022346375 0.3139281828125 0.9592178765625 0.30114254687500003 0.9698324015625 0.29760609374999997 0.9659217874999999 0.29406964062499996 0.9519553078125 0.2856365609375 0.9703910609375 0.284004353125 0.9916201125 0.286452665625 0.9966480453125 0.3065832421875 0.9944134078125 0.3101196953125 0.98826815625 0.31202393906250003 0.9709497203125 0.3256256796875 0.97541899375 0.3375952125 0.945251396875 0.34249183906249997 0.943016759375 0.3452121875 0.9363128484375001 0.36724700781249997 0.9234636875 0.36615886875000003 0.9055865921875 0.36099020625 0.8916201125000001 0.35718171875000004 0.8972067046875001 0.3555495109375 0.8916201125000001 0.349020675 0.89050279375 0.345484221875 0.8832402234375 0.3422198046875 0.7960893859375 0.36099020625 0.77877095 0.3713275296875 0.7765363125 0.3767682265625 0.765363128125 0.3811207828125 0.765363128125 0.3865614796875 0.7586592171875 0.38275299218750003 0.7519553078125 0.36697497343749996 0.7486033515625 0.36398258906250003 0.7402234640625001 0.37241566875 0.7251396640625 0.3903699671875 0.719553071875 0.39254624531250004 0.7039106140625 0.39281828124999996 0.7178770953125 0.4017954296875 0.7363128484375 0.41213275312500003 0.7296089390625 0.4208378671875 0.7340782124999999 0.4442328625 0.7541899437499999 0.45783460312499996 0.7709497203125 0.49211099062499997 0.7731843578125 0.498367790625 0.789385475 0.49945592968749997 0.8005586593749999 0.5027203484375 0.8050279328125001 0.503536453125 0.8156424578125 0.4967355828125 0.8050279328125001 0.497823721875 0.7972067046875 0.495919478125 0.791061453125 0.4855821546875 0.77988826875 0.4627312296875 0.77877095 0.45756256874999995 0.7826815640625 0.45701849843750003 0.7916201125 0.4627312296875 0.8033519546875001 0.4899347109375 0.82122905 0.5024483140625 0.8603351953124999 0.5144178453125 0.86480446875 0.5146898796875 0.85418994375 0.509793253125 0.8463687156249999 0.507616975 0.8351955312499999 0.507616975 0.8284916203125 0.5100652890624999 0.8268156421875 0.5141458109375 0.8363128484375 0.5157780203125 0.8486033515625 0.5299238296875 0.8854748609374999 0.5299238296875 0.8944134078125 0.54570185 0.9335195531249999 0.547334059375 0.953631284375 0.5505984765624999 0.96480446875 0.5533188250000001 0.96703910625 0.5603917296875001 0.989385475 0.56664853125 0.9977653625 0.6052774750000001 0.9977653625 0.6099020671875001 0.9916201125 0.61289445 0.97541899375 0.6319368875 0.965363128125 0.6395538625 0.9553072625000001 0.6417301421875 0.9608938546875001 0.6520674640624999 0.9586592171874999 0.6727421109375 0.9631284921875001 0.679815015625 0.9743016765625001 0.6917845484375 0.9810055859375 0.698857453125 0.9944134078125 0.70429815 0.9977653625 0.7965179546875001 0.998324021875 0.799782371875 0.9938547484375 0.8014145812500001 0.9681564249999999
0 0.9706202390625001 0.9815642453125 0.9725244828124999 0.9921787703125 0.981229596875 0.9944134078125 0.98476605 0.9905027937499999 0.9744287265624999 0.9793296093749999 0.973068553125 0.9642458093749999 0.9670837875 0.9664804468750001 0.9649075078125 0.9731843578125 0.9632753 0.9664804468750001 0.95239390625 0.9664804468750001 0.9499455937500001 0.9770949718749999 0.9534820453125 0.9798882687500001 0.9572905328125 0.9698324015625 0.9608269859374999 0.9770949718749999 0.955930359375 0.9837988828125 0.9630032640625 0.989385475 0.9610990203125 0.9955307265625001 0.9532100109374999 0.998324021875 0.9657236125 0.998324021875 0.96762785625 0.97877095 0.9706202390625001 0.9815642453125
0 0.9156692062499999 0.9916201125 0.92192600625 0.9832402234375 0.9246463546875001 0.9944134078125 0.93715995625 0.9988826812499999 0.9357997828125001 0.9837988828125 0.9480413499999999 0.9810055859375 0.9477693140625 0.96703910625 0.9077801953125 0.9743016765625001 0.906420021875 0.9793296093749999 0.9085962999999999 0.9927374296875 0.9061479875 0.9966480453125 0.9036996734375 0.9927374296875 0.9058759515625001 0.9826815640625 0.9034276390624999 0.97877095 0.8920021765625 0.9821229046875001 0.8903699671874999 0.9966480453125 0.8887377578125 0.9821229046875001 0.8808487484375 0.9837988828125 0.8827529921874999 0.9988826812499999 0.918389553125 0.999441340625 0.9216539718750001 0.998324021875 0.9156692062499999 0.9916201125
0 0.9257344937499999 0.7039106140625 0.9281828078125001 0.69888268125 0.9257344937499999 0.6938547484375001 0.8463003265625 0.698324021875 0.8430359093750001 0.6916201125 0.8386833515625 0.69050279375 0.8384113171875001 0.6955307265624999 0.847388465625 0.7083798875 0.8525571265625 0.708938546875 0.8484766046875001 0.719553071875 0.8403155609375 0.721787709375 0.8375952124999999 0.721787709375 0.8294341671875 0.7061452515625 0.8133841125 0.7067039109375 0.8278019593750001 0.7184357546875 0.8332426546875 0.7184357546875 0.843579978125 0.7340782124999999 0.8511969531249999 0.7363128484375 0.8560935796875 0.719553071875 0.8691512515625 0.7150837984375 0.8784004359375001 0.7206703906249999 0.8892818281249999 0.7340782124999999 0.8955386296875 0.735754190625 0.9023395000000001 0.7139664796875 0.9257344937499999 0.7039106140625
0 0.988846571875 0.612290503125 0.980685528125 0.6167597765624999 0.9733405875000001 0.60949720625 0.97143634375 0.589944134375 0.9534820453125 0.589944134375 0.946953209375 0.5765363125 0.9423286187500001 0.577094971875 0.9439608265625001 0.5972067046875 0.93852013125 0.60949720625 0.9374319906249999 0.6251396640625 0.9404243749999999 0.6402234640625 0.950217628125 0.6502793296875 0.9670837875 0.658100559375 0.9790533187499999 0.658100559375 0.980685528125 0.6536312843750001 0.9877584328125 0.6826815640625 1 0.686592178125 0.9991838953125001 0.6156424578124999 0.988846571875 0.612290503125
0 0.8789445046875001 0.612290503125 0.8832970625 0.6044692734375 0.8903699671874999 0.6044692734375 0.8974428734375 0.5955307265625 0.9034276390624999 0.5977653625 0.9061479875 0.6078212296875 0.9099564750000001 0.6067039109375 0.9047878125000001 0.589385475 0.9047878125000001 0.5726256984375 0.9094124046875001 0.565363128125 0.9279107718749999 0.5597765359375 0.9298150156249999 0.532402234375 0.9246463546875001 0.5251396640625 0.9181175187499999 0.5251396640625 0.9137649624999999 0.5296089390625001 0.8707834609375 0.5351955312500001 0.8577257890625001 0.53296089375 0.843579978125 0.5251396640625 0.839771490625 0.5173184359375 0.8310663765624999 0.5162011171875001 0.8278019593750001 0.5061452515625 0.82290533125 0.5083798875000001 0.8196409140625001 0.4815642453125 0.81664853125 0.48435754218750005 0.8161044609375001 0.5 0.8182807406249999 0.5078212296875 0.816920565625 0.5094972062500001 0.81284004375 0.5078212296875 0.8125680093750001 0.49944134062499995 0.7842763875000001 0.5039106140625 0.7799238296875 0.500558659375 0.77856365625 0.4921787703125 0.7804679 0.48603352031249997 0.789717084375 0.4837988828125 0.7962459187500001 0.45810055937499994 0.763601740625 0.454748603125 0.7584330796875001 0.4597765359375 0.757616975 0.5094972062500001 0.7848204562500001 0.5094972062500001 0.8000544062499999 0.5385474859375 0.82290533125 0.5396648046875 0.839227421875 0.564245809375 0.847388465625 0.565363128125 0.8498367796874999 0.580446928125 0.855277475 0.5882681562500001 0.8563656140625 0.6128491625 0.8634385203124999 0.6150837984375 0.8707834609375 0.6089385468749999 0.8789445046875001 0.612290503125
0 0.1036452671875 0.7005586593750001 0.1210554953125 0.6849162015625 0.12622415625 0.6854748609375 0.12894450468750002 0.6608938546875 0.13384113125 0.644134078125 0.1324809578125 0.633519553125 0.12540805156249998 0.6301675984374999 0.0979325359375 0.6363128484375 0.099020675 0.6854748609375 0.1017410234375 0.710055865625 0.10663765 0.7189944140625 0.10718171875 0.708938546875 0.1036452671875 0.7005586593750001
0 0.7149075078125 0.4508379890625 0.710282915625 0.4402234640625 0.706474428125 0.44357541874999995 0.6966811749999999 0.4402234640625 0.6917845484375 0.42234636875 0.667845484375 0.42122905 0.652611534375 0.41675977656249996 0.6482589765625 0.41005586562499996 0.6425462453125 0.4184357546875 0.64662676875 0.434636871875 0.6553318828125 0.43687150781249995 0.6591403703125 0.43128491562500004 0.6624047875 0.4402234640625 0.6727421109375 0.44245809999999997 0.669749728125 0.4508379890625 0.671653971875 0.453631284375 0.702665940625 0.4737430171875 0.711643090625 0.4743016765625 0.7170837875 0.46424580937500004 0.7149075078125 0.4508379890625
0 0.276387378125 0.9748603359375 0.275027203125 0.9709497203125 0.269314471875 0.9726256984375 0.268770403125 0.96480446875 0.2714907515625 0.9592178765625 0.26713819375000003 0.955865921875 0.26224156718749997 0.9312849156249999 0.261697496875 0.9 0.257616975 0.8949720671874999 0.25054407031250003 0.8960893859375 0.24673558281250002 0.90949720625 0.2412948859375 0.9117318437499999 0.23721436406250002 0.9189944140625 0.2475516859375 0.9279329609375001 0.254080521875 0.9502793296875 0.255440696875 0.97877095 0.257616975 0.9743016765625001 0.263601740625 0.9776536312499999 0.266866159375 0.9966480453125 0.270674646875 0.9899441343750001 0.272850925 0.9966480453125 0.2758433078125 0.9972067046875001 0.27856365625 0.9916201125 0.276387378125 0.9748603359375