1 0.1140625 0.596875 0.08203125 0.1140625
1 0.115625 0.396875 0.16953125 0.1171875
1 0.578125 0.165625 0.12265625 0.10078125
1 0.040625 0.2890625 0.08046875 0.1234375
1 0.73125 0.4234375 0.2703125 0.22734375
1 0.40234375 0.64609375 0.1421875 0.221875
1 0.8765625 0.61484375 0.246875 0.2390625
1 0.44765625 0.3171875 0.3890625 0.23515625
1 0.20625 0.559375 0.04921875 0.0796875
1 0.8828125 0.475 0.09921875 0.1171875
1 0.90625 0.26171875 0.18671875 0.171875
1 0.40078125 0.13671875 0.0875 0.096875
1 0.49296875 0.14296875 0.0875 0.09296875
1 0.09453125 0.146875 0.07890625 0.05078125
1 0.271875 0.17265625 0.1203125 0.0671875
0 0.44718749999999996 0.52822580625 0.445625 0.542338709375 0.448125 0.54502688125 0.45062499999999994 0.531586021875 0.44718749999999996 0.52822580625
0 0.46375 0.46438172031249997 0.46218750000000003 0.45430107499999994 0.45375 0.45497311875 0.45187499999999997 0.49932795625 0.45499999999999996 0.5060483875 0.456875 0.485887096875 0.46375 0.46438172031249997
0 0.1496875 0.9529569890625 0.166875 0.9388440859375 0.166875 0.9200268812499999 0.175625 0.8850806453125 0.1696875 0.8682795703125 0.1534375 0.8629032265625 0.1525 0.8702956984375 0.15625 0.8850806453125 0.1546875 0.895161290625 0.1403125 0.9005376343749999 0.1296875 0.8924731187500001 0.1221875 0.9072580640625001 0.100625 0.9280913984374999 0.10187500000000001 0.9509408609375001 0.1078125 0.9663978500000001 0.1290625 0.9556451609375 0.141875 0.9778225812500001 0.145625 0.973790321875 0.1496875 0.9529569890625
0 0.1965625 0.8709677421875 0.20406249999999998 0.8629032265625 0.2084375 0.8682795703125 0.2246875 0.8655913984374999 0.2359375 0.8481182796875 0.24718749999999998 0.84677419375 0.256875 0.8098118281250001 0.265 0.79502688125 0.25968749999999996 0.7849462359375 0.2515625 0.7822580640625 0.2478125 0.7715053765625 0.2340625 0.7688172046874999 0.231875 0.7493279562499999 0.22781250000000003 0.741935484375 0.21218750000000003 0.73252688125 0.20406249999999998 0.735215053125 0.18843749999999998 0.7271505375 0.185 0.718413978125 0.18656250000000002 0.7083333328125 0.1940625 0.706989246875 0.20406249999999998 0.6922043015625 0.2328125 0.6720430109375 0.23531249999999998 0.639784946875 0.24312499999999998 0.6982526874999999 0.2459375 0.7029569890625 0.25656249999999997 0.69892473125 0.2628125 0.6935483875 0.265625 0.6834677421875 0.26375000000000004 0.6404569890625 0.2725 0.6297043015625 0.27468750000000003 0.6142473125000001 0.2784375 0.625 0.2828125 0.625 0.2946875 0.6182795703124999 0.3021875 0.6021505375 0.32218749999999996 0.6034946234375 0.3296875 0.59677419375 0.3334375 0.6034946234375 0.3415625 0.6008064515625 0.3453125 0.604838709375 0.3571875 0.5981182796875 0.3615625 0.57392473125 0.3721875 0.5672043015625 0.39468749999999997 0.5389784953125 0.40406250000000005 0.5389784953125 0.4203125 0.55107526875 0.42406249999999995 0.5362903218749999 0.42718749999999994 0.5349462359375 0.43093750000000003 0.5228494625 0.43531250000000005 0.525537634375 0.43624999999999997 0.519489246875 0.43499999999999994 0.5073924734374999 0.43 0.4979838703125 0.428125 0.4536290328125 0.4184375 0.44354838750000003 0.4078125 0.44354838750000003 0.405625 0.44825268749999997 0.4059375 0.47311827968750003 0.3940625 0.46908602187500004 0.37906249999999997 0.47177419374999996 0.375625 0.4818548390625 0.37875000000000003 0.4979838703125 0.3715625 0.5107526874999999 0.3421875 0.5322580640625 0.3140625 0.5416666671875 0.3021875 0.55107526875 0.2828125 0.5564516125 0.2671875 0.5443548390624999 0.265625 0.5490591390625 0.26937500000000003 0.56787634375 0.2659375 0.57392473125 0.2403125 0.5887096781250001 0.2203125 0.5900537640625 0.1721875 0.6209677421875 0.1690625 0.6344086015625 0.15531250000000002 0.633064515625 0.1328125 0.639784946875 0.10718749999999999 0.668010753125 0.0615625 0.6854838703125 0.06 0.6740591390625 0.068125 0.65927419375 0.071875 0.6418010749999999 0.0665625 0.63037634375 0.0328125 0.633064515625 0 0.6498655906249999 0.0003125 0.8266129031249999 0.043437500000000004 0.8306451609375 0.0803125 0.815860215625 0.11281250000000001 0.79032258125 0.12593749999999998 0.7862903218749999 0.1484375 0.79032258125 0.155 0.8004032265625 0.153125 0.8353494625 0.1428125 0.837365590625 0.1371875 0.831989246875 0.12468749999999999 0.838709678125 0.12250000000000001 0.8447580640625001 0.12437499999999999 0.8676075265625001 0.12593749999999998 0.8709677421875 0.13968750000000002 0.8534946234375 0.1528125 0.8561827953125001 0.1578125 0.8427419359374999 0.1765625 0.838709678125 0.18156250000000002 0.8427419359374999 0.181875 0.848790321875 0.171875 0.86357526875 0.185 0.8823924734374999 0.1928125 0.8696236562499999 0.1965625 0.8709677421875
0 0.8534375000000001 0.9959677421875 0.9178124999999999 0.991935484375 0.9253125000000001 0.9959677421875 0.9846875 0.9959677421875 0.9881249999999999 0.9872311828125 0.9846875 0.9677419359374999 0.9724999999999999 0.9711021499999999 0.971875 0.9267473125000001 0.9675 0.917338709375 0.9650000000000001 0.8931451609375 0.9712500000000001 0.8702956984375 0.97 0.8608870968750001 0.971875 0.8528225812500001 0.9928125 0.8360215046875 1 0.8165322578125 0.999375 0.8030913984374999 0.9578125 0.7688172046874999 0.9453125 0.752688171875 0.9396875 0.729838709375 0.9178124999999999 0.7150537640625 0.909375 0.7170698921875001 0.9059375 0.75 0.8965624999999999 0.752688171875 0.8949999999999999 0.7412634406249999 0.89875 0.7170698921875001 0.8978125 0.706989246875 0.8528125 0.6747311828125 0.8315625000000001 0.668010753125 0.8065625000000001 0.645161290625 0.7846875 0.6384408609375 0.7765625 0.6438172046874999 0.7721875 0.6545698921875001 0.7578125 0.65860215 0.7296875 0.64247311875 0.7275 0.621639784375 0.7240624999999999 0.6142473125000001 0.7078125 0.610215053125 0.7003125 0.616935484375 0.6896875 0.616935484375 0.6865625 0.6115591390625 0.6849999999999999 0.6256720437500001 0.69625 0.661962365625 0.6946875 0.6706989250000001 0.6825 0.6754032265625 0.686875 0.713037634375 0.696875 0.7170698921875001 0.690625 0.7331989250000001 0.6915625000000001 0.7365591390625 0.7171875 0.7405913984375 0.7209375 0.752688171875 0.7359375 0.7661290328125 0.7484375 0.7741935484375 0.7653125000000001 0.775537634375 0.7690625 0.79032258125 0.8003125000000001 0.8118279562499999 0.798125 0.7829301078124999 0.7875 0.7681451609375001 0.7893749999999999 0.7412634406249999 0.8078125 0.7083333328125 0.8265625 0.71639785 0.8387499999999999 0.7520161296875 0.8387499999999999 0.7681451609375001 0.8265625 0.8064516125000001 0.81375 0.8111559140625 0.81375 0.8299731187500001 0.8234375 0.8400537640625 0.8434375 0.8427419359374999 0.8553124999999999 0.8682795703125 0.860625 0.8313172046874999 0.8631249999999999 0.7856182796875 0.8665625 0.7862903218749999 0.868125 0.8098118281250001 0.8643750000000001 0.8689516125000001 0.8740625 0.8803763437500001 0.88375 0.9025537640625 0.8753125 0.911290321875 0.8671875 0.912634409375 0.7996875 0.8790322578125 0.796875 0.8756720437500001 0.796875 0.8528225812500001 0.8018750000000001 0.8353494625 0.7965625000000001 0.8252688171875 0.6909375 0.74462365625 0.6865625 0.752688171875 0.6849999999999999 0.7426075265625001 0.6803125 0.7365591390625 0.6734375 0.7379032265625 0.67125 0.7587365593750001 0.6671875 0.7634408609375 0.6640625 0.73252688125 0.63625 0.70497311875 0.635625 0.6995967734375 0.6428125 0.6895161296875 0.6584375 0.7056451609375001 0.6675 0.702284946875 0.6637500000000001 0.672715053125 0.6575 0.6525537640625 0.656875 0.63642473125 0.6603125000000001 0.6290322578125 0.6671875 0.6290322578125 0.6796875 0.616935484375 0.6796875 0.60752688125 0.5971875 0.5604838703125 0.5915625 0.55107526875 0.5734375 0.54032258125 0.5496875 0.5362903218749999 0.5415625000000001 0.525537634375 0.5371875 0.530913978125 0.5321875 0.5295698921875001 0.51875 0.4979838703125 0.52125 0.4818548390625 0.5171875 0.474462365625 0.4921875 0.46639785 0.49031250000000004 0.44623655937500006 0.48218750000000005 0.4556451609375 0.47375 0.45497311875 0.47531249999999997 0.45967741875 0.4828125 0.456989246875 0.491875 0.48857526875 0.491875 0.5154569890625 0.485 0.531586021875 0.48656249999999995 0.5672043015625 0.49031250000000004 0.5497311828125 0.49124999999999996 0.5665322578125 0.4984375 0.5725806453125 0.5028125 0.5860215046875 0.5140625 0.58467741875 0.5215625 0.6008064515625 0.5371875 0.6034946234375 0.540625 0.5786290328125 0.5475 0.5638440859375 0.5496875 0.55107526875 0.5609375 0.5537634406249999 0.569375 0.59072580625 0.563125 0.6229838703125 0.564375 0.6310483875 0.5965625 0.655913978125 0.6115625 0.6599462359375 0.614375 0.69287634375 0.6212500000000001 0.7009408609375 0.5965625 0.71639785 0.5896874999999999 0.735215053125 0.5671875 0.74462365625 0.5378125 0.7768817203125 0.5209374999999999 0.79032258125 0.5103125000000001 0.793010753125 0.48656249999999995 0.8185483874999999 0.4828125 0.831989246875 0.47843749999999996 0.8279569890625 0.45218749999999996 0.8521505375 0.448125 0.8689516125000001 0.459375 0.9159946234375 0.459375 0.9375 0.46218750000000003 0.9448924734374999 0.47406249999999994 0.9475806453125 0.5015625 0.9220430109375 0.5221875 0.9193548390625 0.5390625 0.9274193546875 0.545625 0.9428763437500001 0.548125 0.9643817203125 0.5515625 0.97177419375 0.5634375 0.9784946234375 0.5765625 0.9946236562499999 0.7734375 0.9973118281250001 0.776875 0.9616935484375 0.780625 0.9549731187500001 0.783125 0.9375 0.780625 0.9200268812499999 0.7834375 0.9139784953125 0.7909375 0.911290321875 0.7996875 0.920698925 0.8121875 0.9233870968750001 0.8228125000000001 0.940860215625 0.8284375 0.9435483874999999 0.8315625000000001 0.9663978500000001 0.8353125 0.956989246875 0.8415625 0.9610215046875 0.8309374999999999 0.9731182796875 0.828125 0.9872311828125 0.8353125 0.9973118281250001 0.844375 0.996639784375 0.8509375 0.9892473125000001 0.8534375000000001 0.9959677421875
0 0.41875 0.4818548390625 0.421875 0.480510753125 0.42312500000000003 0.4469086015625 0.42093749999999996 0.44354838750000003 0.405625 0.44825268749999997 0.41 0.45766129062500005 0.40374999999999994 0.46438172031249997 0.406875 0.4724462359375 0.4025 0.4818548390625 0.4125 0.49126344062499994 0.41593749999999996 0.462365590625 0.41875 0.4818548390625
0 0.429375 0.4818548390625 0.42781250000000004 0.45967741875 0.425625 0.4818548390625 0.418125 0.4979838703125 0.42437500000000006 0.5060483875 0.42000000000000004 0.5262096781250001 0.41624999999999995 0.531586021875 0.418125 0.542338709375 0.415625 0.547715053125 0.4215625 0.55107526875 0.4303125 0.5672043015625 0.43562500000000004 0.5665322578125 0.4375 0.519489246875 0.429375 0.4818548390625
0 0.446875 0.55712365625 0.45093750000000005 0.54032258125 0.4546875 0.5456989250000001 0.4575 0.5409946234375 0.460625 0.5235215046875 0.456875 0.5047043015625 0.46312499999999995 0.46572580625000004 0.4546875 0.4677419359375 0.45375 0.463037634375 0.458125 0.4563172046875 0.4515625 0.44623655937500006 0.44749999999999995 0.44825268749999997 0.44875 0.473790321875 0.44625000000000004 0.49395161249999997 0.441875 0.5060483875 0.441875 0.565188171875 0.44437499999999996 0.56787634375 0.45187499999999997 0.565188171875 0.446875 0.55712365625