1 0.6078125 0.78671875 0.1 0.1984375
1 0.553125 0.7015625 0.05234375 0.06953125
1 0.303125 0.575 0.31953125 0.14453125
1 0.56953125 0.5375 0.06796875 0.07421875
1 0.034375 0.52890625 0.06875 0.09765625
1 0.0546875 0.690625 0.109375 0.20625
1 0.24453125 0.39609375 0.1671875 0.0953125
1 0.36328125 0.39453125 0.0953125 0.090625
1 0.05859375 0.384375 0.1171875 0.0859375
1 0.553125 0.39375 0.09453125 0.1296875
1 0.59453125 0.3109375 0.05546875 0.0671875
1 0.89921875 0.340625 0.20078125 0.20625
1 0.5921875 0.2125 0.0859375 0.0515625
1 0.03359375 0.23046875 0.0671875 0.1171875
1 0.15625 0.04921875 0.0265625 0.05859375
1 0.75390625 0.184375 0.06328125 0.06328125
0 0.1886842109375 0.4988235296875 0.19605263125 0.49764705937500003 0.255526315625 0.5011764703125 0.275 0.49529411718749994 0.3002631578125 0.5011764703125 0.424473684375 0.5047058828125001 0.42894736875 0.5005882359375 0.42789473750000007 0.44529411718749995 0.429473684375 0.42882352968750004 0.42605263125 0.422352940625 0.40815789531249996 0.4129411765625 0.4073684203125 0.4205882359375 0.40342105312500004 0.425882353125 0.3897368421875 0.43294117656250003 0.344473684375 0.4352941171875 0.3097368421875 0.42941176406250003 0.3063157890625 0.44764705937500004 0.303421053125 0.45058823593749997 0.300526315625 0.4464705875 0.29815789531250003 0.43294117656250003 0.2786842109375 0.43294117656250003 0.2763157890625 0.43823529375000003 0.2763157890625 0.44882352968749994 0.273421053125 0.454117646875 0.2676315796875 0.45294117656250005 0.26578947343750003 0.44764705937500004 0.2663157890625 0.43823529375000003 0.26394736875 0.4352941171875 0.246578946875 0.43176470624999996 0.24526315781250002 0.4394117640625 0.2473684203125 0.44882352968749994 0.243421053125 0.4552941171875 0.23894736875000003 0.45 0.236578946875 0.43176470624999996 0.2028947375 0.43294117656250003 0.1997368421875 0.42823529374999997 0.1923684203125 0.442352940625 0.185 0.43176470624999996 0.16499999999999998 0.43176470624999996 0.1497368421875 0.422352940625 0.0981578953125 0.422352940625 0.09105263125 0.41352941249999997 0.09184210468750001 0.4035294125 0.08657894687499999 0.4035294125 0.07921052656250001 0.4152941171875 0.0692105265625 0.4188235296875 0.06289473749999999 0.43058823593750006 0.0592105265625 0.42941176406250003 0.057631579687500004 0.4352941171875 0.0523684203125 0.4388235296875 0.0323684203125 0.44117647031249996 0.0081578953125 0.4364705875 0 0.44176470625 0.0002631578125 0.477647059375 0.0602631578125 0.477647059375 0.0686842109375 0.4894117640625 0.08657894687499999 0.4894117640625 0.09 0.4829411765625 0.08894736875 0.4629411765625 0.09184210468750001 0.45176470625 0.106578946875 0.44352941250000005 0.11605263125000001 0.44352941250000005 0.12684210468749998 0.455882353125 0.13105263125 0.472352940625 0.129473684375 0.484117646875 0.131578946875 0.5005882359375 0.1371052625 0.5152941171875 0.1418421046875 0.5117647062499999 0.16999999999999998 0.5158823531250001 0.1771052625 0.5129411765625 0.1886842109375 0.4988235296875
0 0.195 0.3435294125 0.20605263125 0.3505882359375 0.2576315796875 0.3505882359375 0.27289473750000004 0.33999999999999997 0.2897368421875 0.3505882359375 0.324473684375 0.3505882359375 0.3376315796875 0.3447058828125 0.33894736875000003 0.31705882343749997 0.3407894734375 0.314117646875 0.34500000000000003 0.34588235312500004 0.3571052625 0.34588235312500004 0.363421053125 0.3294117640625 0.374473684375 0.325882353125 0.383421053125 0.3164705875 0.3923684203125 0.317647059375 0.40026315781250005 0.3305882359375 0.41552631562500003 0.3294117640625 0.42394736875000005 0.314117646875 0.43499999999999994 0.3094117640625 0.43921052656250004 0.3152941171875 0.465 0.3164705875 0.48236842031249993 0.3364705875 0.4826315796875 0.324117646875 0.48631578906249995 0.307647059375 0.4857894734375 0.292352940625 0.48894736875 0.28176470625 0.49342105312499995 0.27647058750000003 0.4997368421875 0.27647058750000003 0.5107894734375 0.285882353125 0.52105263125 0.26529411718749996 0.5221052625 0.2464705875 0.5173684203125 0.23352941249999998 0.5147368421875 0.21588235312499998 0.5013157890625 0.1988235296875 0.4397368421875 0.1952941171875 0.43421052656250003 0.184117646875 0.4331578953125 0.1570588234375 0.4276315796875 0.15058823593749998 0.145 0.15411764687500001 0.06105263125 0.175882353125 0.0723684203125 0.22352941249999997 0.0823684203125 0.225882353125 0.0892105265625 0.234117646875 0.094473684375 0.23176470624999998 0.0976315796875 0.22352941249999997 0.1023684203125 0.22352941249999997 0.10605263125 0.22941176406250002 0.11447368437500001 0.22823529374999998 0.12184210468750001 0.234117646875 0.1471052625 0.23176470624999998 0.15394736874999998 0.2388235296875 0.1607894734375 0.2094117640625 0.1692105265625 0.2094117640625 0.184473684375 0.2188235296875 0.19 0.22999999999999998 0.189473684375 0.24882352968750002 0.18394736875 0.257647059375 0.173421053125 0.2611764703125 0.16394736875 0.28823529375 0.1571052625 0.2905882359375 0.1492105265625 0.282352940625 0.1402631578125 0.29176470625 0.136578946875 0.2905882359375 0.12973684218749998 0.27647058750000003 0.12842105312500002 0.2805882359375 0.12842105312500002 0.307647059375 0.1371052625 0.3211764703125 0.145 0.342352940625 0.1497368421875 0.3270588234375 0.1613157890625 0.3188235296875 0.1731578953125 0.3547058828125 0.1881578953125 0.3505882359375 0.195 0.3435294125
0 0.8300000000000001 0.9417647062500001 0.82894736875 0.93 0.8252631578124999 0.9205882359374999 0.8268421046875 0.9111764703125 0.8257894734375 0.8829411765625 0.8178947375 0.864117646875 0.8121052625 0.8311764703125 0.8031578953125 0.815882353125 0.8047368421875 0.79 0.7978947375 0.7805882359375 0.799473684375 0.75823529375 0.7978947375 0.744117646875 0.8021052624999999 0.7288235296875001 0.798421053125 0.7205882359375 0.7968421046875 0.69823529375 0.7928947375 0.694117646875 0.790526315625 0.684117646875 0.796578946875 0.6647058828125 0.8092105265624999 0.6635294125 0.8157894734375001 0.6911764703125 0.8197368421875 0.6929411765625 0.81894736875 0.6852941171875 0.8221052625 0.6664705875 0.8276315796875 0.6611764703125 0.8326315796875001 0.6747058828125 0.829473684375 0.692352940625 0.8376315796875 0.7011764703125001 0.8397368421875001 0.71176470625 0.8423684203124999 0.7105882359375 0.8478947375000001 0.6711764703124999 0.8473684203125 0.6570588234375 0.8531578953125001 0.592352940625 0.8552631578125001 0.5264705875 0.851578946875 0.5194117640625 0.851578946875 0.5111764703125 0.8671052625 0.5070588234375 0.870526315625 0.5147058828125 0.8692105265625001 0.522352940625 0.8626315796874999 0.53 0.8628947374999999 0.6 0.869473684375 0.5864705875 0.8710526312500001 0.552352940625 0.86894736875 0.544117646875 0.874473684375 0.54 0.8784210531250001 0.544117646875 0.8786842109374999 0.5835294125 0.8902631578125 0.5788235296875001 0.9118421046874999 0.582352940625 0.9110526312499999 0.555882353125 0.8928947375 0.5447058828125 0.89105263125 0.53823529375 0.8921052625 0.5229411765624999 0.9018421046875 0.5164705875 0.9181578953124999 0.517647059375 0.921578946875 0.46764705937500006 0.9265789468750001 0.46235294062500004 0.92894736875 0.46529411718749997 0.929473684375 0.4735294125 0.9247368421875001 0.5205882359375 0.9297368421875 0.537647059375 0.936578946875 0.5364705875 0.9373684203125 0.5252941171875001 0.94105263125 0.51823529375 0.9421052624999999 0.5005882359375 0.9400000000000001 0.4747058828125 0.954473684375 0.457647059375 0.953421053125 0.45176470625 0.8981578953125 0.442352940625 0.8707894734374999 0.43058823593750006 0.8626315796874999 0.4205882359375 0.8644736843749999 0.414117646875 0.870526315625 0.41235294062500005 0.8692105265625001 0.4 0.8586842109375 0.39058823593750003 0.8550000000000001 0.38 0.8471052625000001 0.38 0.83605263125 0.37176470625 0.8310526312500001 0.3605882359375 0.8318421046875001 0.3411764703125 0.8281578953125001 0.3470588234375 0.8197368421875 0.3435294125 0.8173684203124999 0.39470588281249996 0.8276315796875 0.40470588281250003 0.8300000000000001 0.42176470625 0.82605263125 0.4270588234375 0.8155263156249999 0.4270588234375 0.8118421046875 0.43294117656250003 0.8073684203125 0.4147058828125 0.810526315625 0.39823529375 0.8081578953124999 0.3835294125 0.8036842109375 0.39823529375 0.8 0.4311764703125 0.7957894734375001 0.44764705937500004 0.8123684203125 0.44941176406250005 0.8202631578125 0.4552941171875 0.8252631578124999 0.47000000000000003 0.8278947375 0.5005882359375 0.8197368421875 0.5164705875 0.81605263125 0.517647059375 0.8139473687500001 0.5270588234375 0.8081578953124999 0.5247058828125 0.804473684375 0.5329411765625001 0.7855263156250001 0.52 0.7831578953125 0.5147058828125 0.78105263125 0.49000000000000005 0.7757894734375 0.4829411765625 0.7763157890625 0.44764705937500004 0.778421053125 0.43823529375000003 0.7813157890625 0.4352941171875 0.7831578953125 0.43823529375000003 0.7826315796875 0.44764705937500004 0.7868421046875 0.44764705937500004 0.7852631578125 0.43823529375000003 0.7863157890625 0.39470588281249996 0.7821052625 0.387647059375 0.7857894734374999 0.35352941250000003 0.7857894734374999 0.304117646875 0.7878947375 0.29 0.7852631578125 0.27117647031250003 0.7831578953125 0.272352940625 0.7821052625 0.324117646875 0.7802631578125 0.3270588234375 0.7723684203125 0.31176470625 0.7647368421875 0.307647059375 0.7642105265625 0.27823529375 0.761578946875 0.2629411765625 0.7652631578125 0.2547058828125 0.765 0.234117646875 0.735526315625 0.234117646875 0.72605263125 0.2388235296875 0.7163157890625 0.2547058828125 0.715526315625 0.2647058828125 0.706578946875 0.2647058828125 0.70894736875 0.2547058828125 0.7047368421875 0.244117646875 0.7057894734375 0.22764705937500002 0.701578946875 0.2088235296875 0.689473684375 0.1970588234375 0.6878947375 0.175882353125 0.6797368421875001 0.1529411765625 0.675526315625 0.145882353125 0.6628947375 0.14235294062499998 0.6578947375 0.147647059375 0.6578947375 0.167647059375 0.6542105265625 0.19 0.659473684375 0.2288235296875 0.668421053125 0.24764705937499998 0.668421053125 0.25588235312499996 0.6647368421875 0.264117646875 0.6642105265625 0.3005882359375 0.6586842109375 0.3129411765625 0.6313157890625 0.314117646875 0.6268421046875 0.3747058828125 0.62394736875 0.3835294125 0.6197368421875 0.342352940625 0.61605263125 0.34823529375 0.6113157890625 0.3447058828125 0.6021052625000001 0.3511764703125 0.6021052625000001 0.4335294125 0.5981578953125 0.45058823593749997 0.5602631578125 0.45058823593749997 0.5492105265625 0.445882353125 0.545526315625 0.45058823593749997 0.5102631578125 0.44941176406250005 0.501578946875 0.43 0.5073684203125 0.424117646875 0.5068421046875 0.37823529375 0.5028947375 0.36705882343749996 0.48868421093750003 0.36823529375 0.4831578953125 0.39588235312500003 0.47868421093749997 0.4 0.47447368437500004 0.397647059375 0.47105263124999996 0.38176470625 0.46605263125 0.3764705875 0.43552631562500005 0.377647059375 0.43157894687500004 0.3852941171875 0.43 0.42176470625 0.43631578906249996 0.41941176406249997 0.4347368421875 0.4429411765625 0.43578947343749996 0.48647058750000005 0.43921052656250004 0.5035294125 0.45921052656250005 0.505882353125 0.4628947375 0.5164705875 0.46710526249999995 0.52 0.52605263125 0.522352940625 0.5323684203125 0.517647059375 0.5418421046875 0.49529411718749994 0.5681578953125 0.49294117656249997 0.5928947375 0.4964705875 0.6002631578125001 0.5011764703125 0.6031578953125 0.51 0.6078947375 0.5335294125 0.6081578953125 0.5529411765625001 0.6086842109374999 0.54823529375 0.6123684203125 0.5470588234375 0.6323684203125 0.554117646875 0.6376315796875 0.534117646875 0.6418421046875 0.534117646875 0.643421053125 0.5764705875 0.6473684203125 0.5629411765625 0.6436842109375001 0.5535294125 0.6452631578125 0.5088235296875 0.6486842109375 0.502352940625 0.665 0.4988235296875 0.6828947375000001 0.4964705875 0.686578946875 0.5011764703125 0.6868421046875001 0.475882353125 0.683421053125 0.48823529375 0.6786842109375 0.4894117640625 0.6731578953125 0.47705882343750006 0.6726315796875 0.46764705937500006 0.6802631578125 0.45999999999999996 0.68394736875 0.4611764703125 0.686578946875 0.4705882359375 0.6902631578125 0.4670588234375 0.694473684375 0.434117646875 0.6973684203125 0.4464705875 0.6947368421875 0.535882353125 0.691578946875 0.544117646875 0.6902631578125 0.557647059375 0.673421053125 0.5599999999999999 0.67105263125 0.564117646875 0.670526315625 0.60176470625 0.6776315796875 0.6070588234375001 0.6950000000000001 0.6035294125 0.7007894734375 0.6070588234375001 0.705526315625 0.62 0.71394736875 0.6176470593750001 0.7181578953125001 0.6235294125 0.7231578953125 0.612352940625 0.7257894734375 0.59823529375 0.7263157890625 0.56176470625 0.728421053125 0.5464705875 0.7297368421875 0.5423529406250001 0.7328947375 0.5435294125000001 0.7342105265625001 0.5747058828125 0.731578946875 0.6935294125 0.7394736843749999 0.704117646875 0.745 0.72823529375 0.7494736843750001 0.7264705874999999 0.7568421046875 0.6147058828125 0.7607894734375 0.6070588234375001 0.7631578953125 0.612352940625 0.7631578953125 0.66176470625 0.76105263125 0.6688235296875 0.7636842109375 0.675882353125 0.7605263156250001 0.684117646875 0.759473684375 0.727647059375 0.7573684203125 0.7370588234375 0.75894736875 0.7629411765625 0.7636842109375 0.772352940625 0.7686842109375001 0.8 0.7771052625 0.8082352937499999 0.7815789468750001 0.8064705875 0.7826315796875 0.8347058828125 0.79 0.8429411765625 0.79105263125 0.8523529406250001 0.8057894734375 0.887647059375 0.8068421046875001 0.90176470625 0.8131578953125 0.9194117640625 0.8152631578125 0.9370588234375001 0.8152631578125 0.9547058828124999 0.811578946875 0.9735294124999999 0.8247368421875001 0.9747058828125 0.8268421046875 0.9711764703125001 0.8300000000000001 0.9417647062500001