1 0.51875 0.55703125 0.1015625 0.13359375
1 0.47734375 0.3796875 0.06796875 0.09453125
1 0.2984375 0.78828125 0.0734375 0.06328125
1 0.4265625 0.778125 0.0953125 0.10625
1 0.52421875 0.7421875 0.0625 0.053125
1 0.68046875 0.2734375 0.053125 0.046875
1 0.65 0.09375 0.0609375 0.0484375
1 0.640625 0.13984375 0.0734375 0.053125
1 0.453125 0.27890625 0.02578125 0.1015625
1 0.51171875 0.2203125 0.0453125 0.05
1 0.659375 0.03515625 0.034375 0.046875
1 0.7015625 0.1515625 0.0328125 0.0359375
1 0.38671875 0.5828125 0.0640625 0.08046875
1 0.4140625 0.5265625 0.0609375 0.06328125
1 0.53359375 0.4546875 0.0859375 0.053125
1 0.5296875 0.940625 0.096875 0.0921875
1 0.2640625 0.67734375 0.07109375 0.08046875
1 0.24609375 0.5828125 0.03203125 0.0953125
1 0.6796875 0.1859375 0.0453125 0.0421875
1 0.55234375 0.3015625 0.02734375 0.0921875
1 0.4015625 0.934375 0.05546875 0.0859375
0 1 0.0005296609375 0.9255485890624999 0 0.9258098218749999 0.0174788140625 0.9200626953125 0.032309321875000005 0.9184952984375 0.055614406250000005 0.91431556875 0.0651483046875 0.906478578125 0.10222457656249999 0.8894984328125 0.106991525 0.868599790625 0.1197033890625 0.86259143125 0.1287076265625 0.85971786875 0.1398305078125 0.843521421875 0.1588983046875 0.842737721875 0.17002118593749999 0.8445663531250001 0.18326271249999998 0.8571055375000001 0.1938559328125 0.8591954015625 0.1991525421875 0.8599791015625 0.1912076265625 0.8670323921875 0.186440678125 0.872257053125 0.1726694921875 0.898902821875 0.16313559375 0.906478578125 0.175317796875 0.90778474375 0.184322034375 0.9297283171874999 0.186440678125 0.9365203765624999 0.1938559328125 0.9409613374999999 0.2060381359375 0.9409613374999999 0.21663135625000002 0.9446186000000001 0.2261652546875 0.9456635312499999 0.23887711875 0.9467084640625 0.2939618640625 0.9440961343750001 0.31091101718749997 0.9540229890624999 0.3299788140625 0.9550679203125 0.37658898281250003 0.9615987453124999 0.3813559328125 0.9691745031250001 0.3977754234375 0.968129571875 0.40625 0.9571577843749999 0.42637711874999995 0.9566353187500001 0.43802966093749995 0.9652560078124999 0.4491525421875 0.9840647859375 0.4597457625 0.992163009375 0.47722457656249995 0.9932079421875001 0.48463983125 0.9937304078125001 0.5015889828125 0.9853709515625001 0.5248940671875 0.984848484375 0.53336864375 0.979623825 0.5407838984375 0.984848484375 0.5651483046875 0.9817136890624999 0.5789194921874999 0.976489028125 0.5884533890625 0.976489028125 0.5969279656250001 0.9712643671875 0.612817796875 0.9634273765625 0.6212923734375 0.9613375124999999 0.638241525 0.9723093 0.6710805078125001 0.983803553125 0.6837923734375 0.9832810875 0.700741525 0.9858934171874999 0.7240466109375 0.9723093 0.7462923734375 0.9702194359374999 0.764300846875 0.9712643671875 0.7717161015625 0.9804075234375 0.789194915625 0.9864158828124999 0.7950211859375 0.99164054375 0.822563559375 0.9960815046875 0.83262711875 1 0.8331567796874999 1 0.0005296609375
0 0 0.9952330515625001 0.00835945625 0.9962923734375 0.015151515625 0.9931144062499999 0.019331243749999998 0.9698093218749999 0.0248171375 0.958686440625 0.0459770109375 0.9316737281249999 0.0517241375 0.8924788140625 0.0679205859375 0.84163135625 0.0684430515625 0.8352754234375 0.0606060609375 0.8172669484374999 0.059038662500000005 0.7950211859375 0.046238243750000005 0.7881355937500001 0.035005225 0.76536016875 0.033960292187500005 0.7547669484374999 0.0381400203125 0.7409957625 0.0376175546875 0.7261652546875 0.035005225 0.7155720343749999 0.02298850625 0.6922669484374999 0.0172413796875 0.6689618640624999 0.0167189125 0.6520127125 0.018808778125 0.63612288125 0.028735632812500002 0.6212923734375 0.0381400203125 0.5884533890625 0.039184953125 0.5640889828125 0.0459770109375 0.53336864375 0.04702194375 0.5090042375 0.051201671875 0.492055084375 0.051201671875 0.46557203437499994 0.054858934375 0.4465042375 0.054858934375 0.38612288125 0.0721003140625 0.36175847499999997 0.07419017812499999 0.326800846875 0.07836990625 0.3119703390625 0.08620689687500001 0.29713983125 0.08620689687500001 0.2706567796875 0.08881922656249999 0.24735169531249998 0.0940438875 0.221927965625 0.10188087812499999 0.20180084687500002 0.105538140625 0.16578389843750002 0.1238244515625 0.10010593281249999 0.1280041796875 0.072563559375 0.1363636359375 0.0386652546875 0.145245559375 0.016419492187500002 0.145768025 0.007944915625 0.14289446249999999 0 0 0.0015889828125 0 0.9952330515625001
0 0.4075235109375 0.2452330515625 0.40203761718750003 0.24364406718749998 0.40020898593750004 0.24735169531249998 0.4033437828125 0.25476694843750003 0.4033437828125 0.264300846875 0.40856844375 0.26536016875 0.40491118125 0.25688559375 0.4075235109375 0.2452330515625
0 0.383228840625 0.188559321875 0.38061650937499997 0.1875 0.3751306171875 0.19862288125 0.37722048125 0.2102754234375 0.3845350046875 0.1912076265625 0.383228840625 0.188559321875
0 0.41144200625 0.20550847499999997 0.4148380359375 0.20180084687500002 0.4122257046875 0.1901483046875 0.4190177640625 0.17849576250000002 0.4200626953125 0.1647245765625 0.4161442 0.150423728125 0.40412748125000003 0.1355932203125 0.3994252875 0.13453389843750002 0.3986415890625 0.1445974578125 0.3955067921875 0.15201271249999998 0.40438871406250004 0.17213983125 0.405433646875 0.181673728125 0.409090909375 0.1837923734375 0.40412748125000003 0.18326271249999998 0.40203761718750003 0.18961864374999998 0.3986415890625 0.1912076265625 0.4033437828125 0.195444915625 0.40438871406250004 0.199682203125 0.40125391875 0.20921610156249998 0.40229885000000004 0.215572034375 0.40491118125 0.21663135625000002 0.4067398125 0.20127118593749999 0.41144200625 0.20550847499999997
0 0.367554859375 0.371822034375 0.3855799375 0.360699153125 0.38375130625 0.3442796609375 0.37643678125 0.3400423734375 0.368599790625 0.34851694843750003 0.3623301984375 0.3463983046875 0.3568443046875 0.3543432203125 0.35318704218749997 0.40625 0.357366771875 0.41366525468750004 0.3636363640625 0.3977754234375 0.367554859375 0.371822034375