1 0.3140625 0.43359375 0.2203125 0.19921875
1 0.5984375 0.22890625 0.08046875 0.0765625
1 0.10625 0.22890625 0.2125 0.2046875
1 0.72265625 0.8890625 0.07265625 0.1390625
1 0.85 0.79296875 0.10859375 0.159375
1 0.9203125 0.74296875 0.03984375 0.09375
1 0.97734375 0.58984375 0.04453125 0.096875
1 0.69921875 0.52109375 0.03671875 0.0671875
1 0.41328125 0.66875 0.08515625 0.0796875
1 0.79375 0.478125 0.03671875 0.0640625
1 0.68828125 0.1703125 0.028125 0.034375
1 0.090625 0.96484375 0.05546875 0.0703125
1 0.1390625 0.93046875 0.05234375 0.07734375
1 0.16484375 0.95859375 0.03671875 0.06875
1 0.47109375 0.94453125 0.0640625 0.0765625
1 0.35546875 0.88203125 0.04921875 0.0765625
1 0.975 0.9578125 0.04921875 0.084375
1 0.90859375 0.40859375 0.03515625 0.04765625
1 0.97265625 0.3515625 0.02421875 0.053125
1 0.73828125 0.34296875 0.03671875 0.04765625
1 0.8671875 0.29609375 0.05078125 0.05234375
1 0.93515625 0.0875 0.02578125 0.03671875
1 0.97109375 0.084375 0.02265625 0.03515625
1 0.65625 0.19609375 0.06796875 0.05234375
1 0.61953125 0.628125 0.040625 0.0625
0 0 0.8982254703124999 0.01484375 0.8945720250000001 0.0208333328125 0.897181628125 0.017447917187500002 0.922755740625 0.01171875 0.9206680578125 0 0.9358037578125 0.003125 0.965031315625 0.0005208328124999999 0.9827766171875 0.006510417187500001 0.99164926875 0.0135416671875 0.9911273484375 0.008854167187500001 0.983820459375 0.0109375 0.975469728125 0.0098958328125 0.9671189984374999 0.0135416671875 0.9598121078125 0.0080729171875 0.9561586640625 0.0067708328125 0.9504175359374999 0.0158854171875 0.9384133609375 0.021614582812499998 0.94050104375 0.0236979171875 0.9248434234375 0.0276041671875 0.9274530265625 0.028125 0.9117954078125001 0.0307291671875 0.90135699375 0.025520832812499998 0.8888308984375 0.025520832812499998 0.8815240078125001 0.0299479171875 0.866388309375 0.0388020828125 0.8611691015625 0.0434895828125 0.8643006265625001 0.054947917187499994 0.840292275 0.06015625 0.8434238000000001 0.06328125 0.8319415453125 0.07421875 0.8277661796875 0.0765625 0.801148225 0.09036458281250001 0.7651357 0.10703125 0.7630480171875 0.11796875 0.7766179546875 0.12265625 0.7776617953125 0.1377604171875 0.7484342374999999 0.14140625 0.752609603125 0.14921875 0.74321503125 0.1580729171875 0.7421711906249999 0.16328125 0.755741128125 0.1658854171875 0.755741128125 0.1703125 0.7406054281250001 0.1682291671875 0.72807933125 0.1697916671875 0.7030271406249999 0.18359375 0.6711899796874999 0.1875 0.6685803765625 0.1888020828125 0.6586638828125 0.1934895828125 0.655532359375 0.19453125 0.660751565625 0.1994791671875 0.6602296453125 0.1934895828125 0.650313153125 0.1888020828125 0.6492693109375 0.18697916718750002 0.6320459296875 0.18046875 0.62734864375 0.1708333328125 0.65292275625 0.1744791671875 0.6612734859375 0.1572916671875 0.67693110625 0.1578125 0.69050104375 0.1598958328125 0.6925887265624999 0.1598958328125 0.699895615625 0.15625 0.708246346875 0.1572916671875 0.7155532359375 0.1390625 0.699895615625 0.1364583328125 0.69050104375 0.13203125 0.68893528125 0.1291666671875 0.6821503124999999 0.1302083328125 0.6925887265624999 0.1265625 0.699895615625 0.128125 0.7103340296875 0.12578125 0.7171189984375 0.125 0.699895615625 0.115625 0.6852818375 0.1166666671875 0.67693110625 0.11015625 0.6701461375 0.10651041718750001 0.6732776625 0.1013020828125 0.6711899796874999 0.0953125 0.67693110625 0.10234375 0.68893528125 0.10729166718750001 0.6852818375 0.10833333281249999 0.699895615625 0.10651041718750001 0.7045929015625 0.0763020828125 0.7004175359375 0.0734375 0.6925887265624999 0.0744791671875 0.6873695203125 0.07890625 0.6920668062499999 0.08671875 0.6816283921874999 0.0908854171875 0.660751565625 0.09817708281250001 0.6586638828125 0.10234375 0.66492693125 0.1098958328125 0.6560542796875 0.1088541671875 0.643528184375 0.1138020828125 0.6252609609374999 0.1208333328125 0.6216075156249999 0.130005328125 0.625676 0.145064246875 0.623750084375 0.15820075312499998 0.6064167921875 0.16460880625000002 0.6077007437499999 0.1671720390625 0.5993550671875 0.148588671875 0.591651403125 0.13929701249999998 0.59999705625 0.12551968593750001 0.6006390203125 0.12167486406250001 0.5884415359374999 0.1059895828125 0.6033402921875 0.09609375 0.61064718125 0.0778645828125 0.6148225468749999 0.0627604171875 0.6085594984375 0.054427082812500006 0.5981210859375 0.0515625 0.589248434375 0.05625 0.566283925 0.06119791718749999 0.55427975 0.07265625 0.5438413359375 0.07578125 0.5344467640625 0.0841145828125 0.522964509375 0.09114583281250001 0.5182672234375 0.0958333328125 0.48799582499999994 0.10234375 0.47703549062499995 0.1138020828125 0.47599165 0.14140625 0.5031315234375 0.15546875 0.5052192062499999 0.1643229171875 0.5135699375 0.16875 0.5203549062499999 0.17239583281249998 0.543319415625 0.1809895828125 0.5678496875000001 0.1846354171875 0.5668058453125 0.1893229171875 0.5584551140625 0.1955729171875 0.5626304796875 0.2091145828125 0.5584551140625 0.21744791718749998 0.5657620046875 0.2231770828125 0.5532359078125 0.22786458281250002 0.5574112734375001 0.2296875 0.543319415625 0.2244791671875 0.5360125265625 0.22109375 0.52400835 0.20572916718749998 0.4994780796875 0.2010416671875 0.45668058437500003 0.20208333281250002 0.446242171875 0.2049479171875 0.4425887265625 0.27109375 0.4018789140625 0.2747395828125 0.3924843421875 0.28671875 0.3841336109375 0.29140625 0.376826721875 0.30026041718749996 0.37578288125000003 0.3127604171875 0.366388309375 0.3252604171875 0.3695198328125 0.3309895828125 0.36012526093749997 0.3497395828125 0.35699373749999996 0.38359375 0.33507306875 0.40807291718750005 0.339248434375 0.41692708281249996 0.3455114828125 0.42291666718750004 0.3627348640625 0.42552083281249997 0.39509394531250003 0.43151041718750005 0.4008350734375 0.44921875 0.3684759921875 0.45598958281249996 0.36743215 0.46171875 0.3736951984375 0.4653645828125 0.37265135625 0.48463541718750003 0.35490605468749997 0.49765625 0.33507306875 0.5028645828125 0.334029228125 0.5138020828125 0.3413361171875 0.5216145828125 0.3298538625 0.53203125 0.3058455109375 0.5377604171875 0.3058455109375 0.5419270828125 0.2995824640625 0.5513020828124999 0.2954070984375 0.5700520828125 0.2995824640625 0.58203125 0.2912317328125 0.5854166671875001 0.281315240625 0.5846354171875 0.2672233828125 0.5768229171875 0.2693110640625 0.5575520828125 0.260960334375 0.5515625 0.2520876828125 0.5505208328125 0.2437369515625 0.5606770828125 0.21607515624999998 0.5690104171875 0.21398747343750002 0.5880208328125 0.1978079328125 0.5875 0.1779749484375 0.5833333328125 0.16649269375 0.58515625 0.16075156562499998 0.5986979171875 0.1534446765625 0.60859375 0.1534446765625 0.6174479171875 0.174321503125 0.6203125 0.1717119 0.6223958328125 0.1581419625 0.62890625 0.1398747390625 0.6466145828125 0.147181628125 0.6596354171875001 0.1461377875 0.6690104171875 0.1544885171875 0.67890625 0.1398747390625 0.7001169578125 0.1535756109375 0.722545146875 0.17668665156250002 0.7347204359374999 0.1638471796875 0.700757753125 0.1375262703125 0.696875 0.12578288124999998 0.7059895828125 0.10751565781250001 0.72109375 0.11064718124999999 0.738244884375 0.123402846875 0.74657535 0.1356003546875 0.7455729171875001 0.11377870625 0.7473958328125 0.1111691015625 0.7432291671875 0.10594989531250001 0.7421875 0.094467640625 0.7484375 0.0861169109375 0.75 0.0631524015625 0.7572916671875001 0.0464509390625 0.7598958328125 0.0318371609375 0.7684895828125 0.02192066875 0.7739583328124999 0.03079331875 0.7765625 0.0495824640625 0.7683627203125 0.077180740625 0.769003540625 0.10221770937500001 0.7792564171875 0.11890902656249999 0.7846354171875001 0.0897703546875 0.7854166671875 0.07150313124999999 0.78203125 0.06263047968749999 0.8044270828125001 0.05636743281249999 0.81484375 0.04592901875 0.828125 0.0412317328125 0.8220084515625 0.0241388859375 0.82841650625 0.0010278328125 0.8325817515624999 0.012583365625 0.8415529875000001 0.0112994140625 0.847320246875 0 0.7356770828125 0.001043840625 0.7184895828125 0.015657620312500002 0.71015625 0.0104384140625 0.70234375 0.0198329859375 0.6940104171875 0.01878914375 0.68359375 0.02400835 0.6674479171875001 0.02192066875 0.6580729171875 0.027139875 0.6533854171875 0.0490605421875 0.6424479171875 0.046972859374999995 0.6361979171875001 0.055323590624999995 0.6184895828125 0.05949895625 0.6075520828125 0.068893528125 0.5955729171875 0.0668058453125 0.5658854171875001 0.0751565765625 0.5622395828125 0.0782881 0.55703125 0.0929018796875 0.55078125 0.0918580375 0.5346354171875001 0.1022964515625 0.5216145828125 0.101252609375 0.51328125 0.096033403125 0.5028645828125 0.10855949843749998 0.4986979171875 0.104384134375 0.49635416718750003 0.0955114828125 0.49583333281249997 0.0777661796875 0.50234375 0.0647181625 0.5111979171875001 0.0668058453125 0.5138020828125 0.06263047968749999 0.5028645828125 0.060542796875000006 0.48828125 0.046972859374999995 0.47421875 0.0490605421875 0.47057291718750005 0.04592901875 0.4682291671875 0.048538621875 0.4692708328125 0.052713987500000004 0.4752604171875 0.05949895625 0.48072916718750003 0.0725469734375 0.48125 0.1184759921875 0.47734375 0.1304801671875 0.45807291718750004 0.1346555328125 0.45494791718750005 0.1346555328125 0.45130208281249995 0.12630480156249999 0.44713541718750005 0.129436325 0.43984375 0.12734864375 0.43854166718750004 0.10803757812499999 0.44348958281249995 0.096033403125 0.4486979171875 0.09394572031250001 0.45390625 0.082463465625 0.46640625 0.0720250515625 0.46692708281249995 0.05949895625 0.45494791718750005 0.060542796875000006 0.45130208281249995 0.068893528125 0.44296875 0.063674321875 0.43671875 0.07620041718750001 0.42786458281249995 0.0814196234375 0.4223958328125 0.090292275 0.41979166718750005 0.10803757812499999 0.41510416718750004 0.113256784375 0.4125 0.12578288124999998 0.4049479171875 0.1346555328125 0.3653645828125 0.1346555328125 0.3565104171875 0.129436325 0.3533854171875 0.1356993734375 0.3455729171875 0.1356993734375 0.3424479171875 0.12421711875000001 0.3346354171875 0.12317327812500001 0.32578125 0.114822546875 0.31328125 0.114822546875 0.3065104171875 0.12317327812500001 0.2825520828125 0.1221294359375 0.27682291718749996 0.1116910234375 0.2674479171875 0.104384134375 0.26223958281250004 0.0918580375 0.24921875 0.090814196875 0.24739583281250002 0.097599165625 0.25 0.14979123125 0.26171875 0.1576200421875 0.27265625 0.1722338203125 0.2770833328125 0.186325678125 0.27421875 0.1951983296875 0.2653645828125 0.201461378125 0.2513020828125 0.1951983296875 0.2510416671875 0.205114821875 0.24765625 0.21398747343750002 0.23203125 0.2098121078125 0.2283854171875 0.21503131562500002 0.21901041718749997 0.21398747343750002 0.2182291671875 0.221816284375 0.2270833328125 0.23643006249999998 0.22630208281250003 0.2400835078125 0.22369791718749998 0.2411273484375 0.21171875 0.22964509375 0.20807291718749998 0.25156576249999996 0.20442708281250002 0.2536534453125 0.20026041718749998 0.24634655468750002 0.1783854171875 0.25156576249999996 0.16848958281249998 0.2588726515625 0.1677083328125 0.2635699375 0.1697916671875 0.267745303125 0.1653645828125 0.2755741125 0.1627604171875 0.266179540625 0.15234375 0.2651357 0.0919270828125 0.2870563671875 0.0856770828125 0.2860125265625 0.08125 0.2927974953125 0.0752604171875 0.32150313124999996 0.06692708281250001 0.31419624218750003 0.05390625 0.31419624218750003 0.050520832812500006 0.3178496875 0.0479166671875 0.33350730624999997 0.0434895828125 0.33507306875 0.0393229171875 0.31941544843749997 0.0314492875 0.3152017828125 0 0.329967121875 0 0.6101252609375 0.00546875 0.6116910234375 0.0109375 0.6216075156249999 0 0.6372651359375 0 0.8982254703124999
0 0.1963541671875 0.0318371609375 0.20052083281250002 0.024530271875000002 0.20546875 0 0.021875 0.0005219203125 0.025 0.024530271875000002 0.0322916671875 0.055845510937499995 0.0322916671875 0.07150313124999999 0.0356770828125 0.08037578281249999 0.051302082812500004 0.07620041718750001 0.05390625 0.0657620046875 0.058072917187499996 0.063674321875 0.07109375 0.077244259375 0.08984375 0.0521920671875 0.09453125 0.05636743281249999 0.1049479171875 0.0427974953125 0.12578125 0.053235907812500004 0.1346354171875 0.035490604687499996 0.1549479171875 0.028183715625 0.1614583328125 0.03392484375 0.1692708328125 0.055845510937499995 0.17135416718750002 0.0694154484375 0.1833333328125 0.094467640625 0.1885416671875 0.09655532343749999 0.1901041671875 0.055845510937499995 0.1963541671875 0.0318371609375
0 0.3059895828125 0.9906054281250001 0.31640625 0.9968684765625 0.3377604171875 0.9968684765625 0.35494791718749996 0.9770354906250001 0.35859375 0.9645093953125 0.375 0.93893528125 0.3796875 0.9274530265625 0.3765625 0.9211899796875 0.3768229171875 0.9112734859374999 0.3895833328125 0.9044885171875 0.3763020828125 0.8987473906250001 0.3736979171875 0.9060542796875 0.3596354171875 0.909185803125 0.35625 0.9201461375 0.3583333328125 0.93893528125 0.353125 0.943110646875 0.35703125 0.944676409375 0.3583333328125 0.9493736953124999 0.3578125 0.9629436328125 0.3408854171875 0.9801670140625 0.32890625 0.9707724421874999 0.3166666671875 0.9514613781250001 0.315625 0.9399791234375 0.32083333281250004 0.9201461375 0.3200520828125 0.9112734859374999 0.31328125 0.9123173281250001 0.30703125 0.903966596875 0.2986979171875 0.9008350734375 0.29739583281250004 0.8888308984375 0.2901041671875 0.8804801671875 0.28984375 0.8726513562499999 0.28203125 0.870563675 0.26901041718749996 0.8778705640625001 0.2666666671875 0.8804801671875 0.2677083328125 0.9044885171875 0.2640625 0.9149269312499999 0.2640625 0.9337160750000001 0.2703125 0.9441544890625 0.2765625 0.9629436328125 0.2776041671875 0.9775574109375 0.2760416671875 0.9911273484375 0.2791666671875 0.997390396875 0.3033854171875 0.995824634375 0.3059895828125 0.9906054281250001
0 0.04921875 0.9728601250000001 0.051302082812500004 0.9707724421874999 0.059114582812500004 0.98121085625 0.062239582812500006 0.9718162843749999 0.0752604171875 0.9592901875000001 0.09036458281250001 0.9342379953125001 0.09453125 0.9342379953125001 0.0973958328125 0.9284968687499999 0.09427083281250001 0.9117954078125001 0.08541666718749999 0.90135699375 0.08671875 0.885177453125 0.0940104171875 0.8789144046875 0.10390625 0.8789144046875 0.1096354171875 0.8747390390625001 0.1184895828125 0.8768267218749999 0.1208333328125 0.8731732781250001 0.11015625 0.858037578125 0.10833333281249999 0.8512526093749999 0.11015625 0.8423799578125 0.1127604171875 0.8465553234375 0.11510416718750001 0.8429018796875001 0.1138020828125 0.82463465625 0.11015625 0.8319415453125 0.1059895828125 0.8288100203125 0.09453125 0.8382045921874999 0.06692708281250001 0.8455114828125 0.054947917187499994 0.8601252609375001 0.04765625 0.8643006265625001 0.0411458328125 0.8888308984375 0.0364583328125 0.8961377875000001 0.0411458328125 0.9326722343749999 0.0411458328125 0.9514613781250001 0.0393229171875 0.9540709812499999 0.0328125 0.9284968687499999 0.03125 0.897181628125 0.0268229171875 0.885177453125 0.0223958328125 0.8888308984375 0.0192708328125 0.9034446765625 0.01171875 0.9185803765625 0 0.9295407093750001 0.0002604171875 0.995824634375 0.0473958328125 0.997390396875 0.0494791671875 0.9911273484375 0.04921875 0.9728601250000001
0 0.6557291671875001 0.9274530265625 0.6627604171875 0.9196242171875 0.6700520828125 0.922755740625 0.6747395828125 0.9185803765625 0.6783854171875 0.9217119 0.68359375 0.9185803765625 0.6869791671875001 0.9117954078125001 0.6885416671875 0.8804801671875 0.6791666671875001 0.8721294359374999 0.67890625 0.8465553234375 0.6627604171875 0.8350730687500001 0.65859375 0.8225469734375 0.6552083328125 0.8418580375 0.640625 0.879436325 0.6395833328125 0.8909185796875001 0.6427083328125 0.9044885171875 0.6401041671875001 0.9159707718749999 0.63671875 0.9164926937500001 0.628125 0.9044885171875 0.628125 0.897181628125 0.6244791671875001 0.8898747390624999 0.6270833328125 0.870041753125 0.6432291671875 0.82306889375 0.653125 0.8178496875000001 0.6440104171875001 0.81106471875 0.6364583328125 0.794885178125 0.6354166671875 0.7760960328125 0.6395833328125 0.7562630484375 0.6434895828125 0.7494780796875 0.6549479171875 0.74321503125 0.6669270828125 0.752609603125 0.667097840625 0.80058506875 0.6721105078125 0.8112982703125 0.6807349546875 0.7625118390625001 0.6808431296874999 0.7630296125 0.6734866921875 0.8129807343750001 0.6934895828125 0.8173277656250001 0.6963541671875 0.8262004171875 0.6942708328125 0.8512526093749999 0.6981770828125 0.8590814203124999 0.70390625 0.8423799578125 0.7286458328125 0.8032359078125 0.7270833328124999 0.794885178125 0.7286458328125 0.7552192062499999 0.734375 0.7552192062499999 0.7348958328124999 0.7792275578125001 0.7377604171875001 0.7818371609375 0.75 0.7625260953125 0.7572916671875001 0.74164926875 0.7583333328124999 0.7291231734375 0.7565104171875 0.7223382046875 0.7377604171875001 0.7045929015625 0.73359375 0.68893528125 0.7221354171875001 0.6847599171875001 0.7203125 0.6654488515625 0.71640625 0.6565762 0.7046875 0.65292275625 0.7049479171875 0.6283924843750001 0.7299479171875001 0.6252609609374999 0.7338541671875001 0.616388309375 0.7369791671875 0.5965553234375001 0.7341145828125 0.5929018796875 0.70390625 0.590814196875 0.6901041671875 0.566283925 0.6869791671875001 0.54749478125 0.67578125 0.5250521921875 0.67265625 0.528183715625 0.6580729171875 0.527139875 0.64921875 0.52192066875 0.6471354171875 0.5156576203125 0.6408854171875 0.5198329859374999 0.6278645828125 0.5156576203125 0.6260416671875 0.4994780796875 0.6270833328125 0.4712943625 0.6309895828125 0.46659707656249994 0.6393229171875 0.46764091875 0.6411458328124999 0.46398747343749996 0.640625 0.451461378125 0.63671875 0.4436325671875 0.6268229171875 0.44676409218749996 0.625 0.448329853125 0.6247395828125 0.46764091875 0.6122395828125 0.468684759375 0.6098958328124999 0.415970771875 0.6080729171875 0.409185803125 0.5903645828124999 0.4018789140625 0.5738047703125 0.376646140625 0.5774493359374999 0.348479540625 0.564953621875 0.3411770828125 0.50247509375 0.3829053671875 0.5035164265625001 0.3975102828125 0.4816489171875 0.4068991640625 0.420211721875 0.4663619375 0.438955271875 0.48305327656249997 0.46811191093750004 0.46531874687499997 0.46967389062500003 0.4361089546875 0.480086978125 0.4298496890625 0.49154135937500004 0.4486274484375 0.5055990515625 0.4204608484375 0.5139295140625 0.38916463437500004 0.5253838953125001 0.3787325625 0.5363176296875001 0.3818621765625 0.5373589625 0.43506572343750005 0.54464813125 0.44654102656249994 0.5519372625 0.40794235468749995 0.569118953125 0.41628800312500003 0.5802083328125 0.432672234375 0.57578125 0.4645093953125 0.5533854171875 0.471816284375 0.5333333328125 0.49530271406250004 0.5401041671875 0.5036534453125 0.5447916671875 0.5266179546875 0.5471354171875 0.5292275578125001 0.5528645828125 0.527139875 0.55703125 0.5135699375 0.5622395828125 0.5167014609375 0.57265625 0.5125260953125 0.58046875 0.531315240625 0.5880208328125 0.5360125265625 0.590625 0.5579331937500001 0.5841145828125 0.5751565765625 0.56953125 0.5803757828125 0.5645833328125 0.589248434375 0.5669270828124999 0.5991649265625 0.57578125 0.6022964515625 0.58046875 0.609603340625 0.58828125 0.6022964515625 0.6002604171875 0.6148225468749999 0.6075520828125 0.6085594984375 0.6122395828125 0.5960334031250001 0.6247395828125 0.5939457203125 0.6401041671875001 0.59864300625 0.6390625 0.62265135625 0.6434895828125 0.6315240078125 0.6515625 0.6383089765625 0.6526041671875 0.644572025 0.6505208328125 0.65292275625 0.6434895828125 0.6628392484375001 0.6315104171875 0.6565762 0.6252604171875 0.6576200421875 0.61953125 0.669102296875 0.6127604171875001 0.67536534375 0.5966145828125 0.711899790625 0.59296875 0.6951983296875001 0.56640625 0.6816283921874999 0.5611979171875 0.6628392484375001 0.5510416671875 0.65292275625 0.5510416671875 0.643528184375 0.5455729171875 0.623173278125 0.54140625 0.6242171187500001 0.5338541671875 0.6372651359375 0.5302083328125 0.6612734859375 0.52578125 0.6680584546875 0.5216145828125 0.6638830890625 0.51796875 0.665970771875 0.5158854171875 0.659707725 0.5044270828124999 0.6534446765624999 0.49973958281249997 0.6440501046875 0.48828125 0.6388308984375 0.48333333281249996 0.629958246875 0.48619791718750005 0.59707724375 0.5177083328125 0.589248434375 0.5177083328125 0.5558455109375 0.52578125 0.5521920671875 0.5294270828125 0.5584551140625 0.53125 0.5527139875 0.5317708328124999 0.53392484375 0.5338541671875 0.5266179546875 0.52890625 0.5198329859374999 0.51796875 0.5187891437500001 0.5166666671875 0.5422755734375 0.5138020828125 0.54592901875 0.5044270828124999 0.5438413359375 0.49036458281249995 0.53235908125 0.48255208281249995 0.5469728593750001 0.47630208281249997 0.550104384375 0.47109375 0.5668058453125 0.44713541718750005 0.5678496875000001 0.43932291718750005 0.5929018796875 0.42682291718750004 0.5981210859375 0.4244791671875 0.5913361171875 0.4252604171875 0.5709812109375 0.43932291718750005 0.5615866390625001 0.44557291718750003 0.5480167015624999 0.45286458281249997 0.5427974953125 0.45494791718750005 0.5344467640625 0.46692708281249995 0.531315240625 0.47473958281249995 0.5156576203125 0.48255208281249995 0.514613778125 0.4838541671875 0.48799582499999994 0.47109375 0.47599165 0.46875 0.4806889359375 0.4671875 0.4963465546875 0.4622395828125 0.5052192062499999 0.45286458281249997 0.50835073125 0.44296875 0.504175365625 0.42942708281249997 0.5093945718749999 0.4223958328125 0.5036534453125 0.421875 0.46920668125000004 0.41223958281249995 0.4655532359375 0.40807291718750005 0.46659707656249994 0.40130208281249996 0.48643006250000004 0.38359375 0.504175365625 0.3763020828125 0.504175365625 0.36484375 0.482254696875 0.3611979171875 0.4801670140625 0.35390625 0.4926931109375 0.3283854171875 0.5073068890625 0.3252604171875 0.5167014609375 0.31484375 0.528183715625 0.3075520828125 0.5469728593750001 0.2825520828125 0.54592901875 0.24348958281250002 0.574112734375 0.22421875 0.5751565765625 0.21979166718749998 0.580897703125 0.2171875 0.5923799578125 0.2171875 0.6111691015625 0.21484375 0.6221294359375 0.20859375 0.629436325 0.20026041718749998 0.63256785 0.1846354171875 0.6189979125 0.18046875 0.6221294359375 0.17265625 0.6315240078125 0.16640625 0.6482254703125 0.1419270828125 0.6617954078125 0.1375 0.6790187890625 0.13333333281249998 0.6842379953125 0.1380208328125 0.6884133609374999 0.1385416671875 0.7155532359375 0.1403645828125 0.71920668125 0.17135416718750002 0.7165970765624999 0.17135416718750002 0.6915448859375 0.1799479171875 0.6847599171875001 0.18828125 0.6628392484375001 0.2013020828125 0.6617954078125 0.2075520828125 0.665970771875 0.2143229171875 0.6732776625 0.22005208281250002 0.6899791234375 0.22786458281250002 0.6941544890625 0.2338541671875 0.6873695203125 0.23567708281250002 0.6576200421875 0.25390625 0.659707725 0.2588541671875 0.667536534375 0.2578125 0.6821503124999999 0.25546875 0.6868475984375 0.24296875 0.693110646875 0.23932291718749998 0.7035490609374999 0.23463541718749997 0.7045929015625 0.23151041718749998 0.6993736953125 0.23072916718749997 0.7155532359375 0.21953125 0.7296450937500001 0.21588541718749998 0.744258871875 0.1934895828125 0.7536534453125 0.1783854171875 0.7797494781250001 0.16796875 0.7755741125 0.15963541718750002 0.7797494781250001 0.14921875 0.7766179546875 0.1419270828125 0.78079331875 0.1247395828125 0.8048016703125 0.1223958328125 0.810542796875 0.1252604171875 0.8162839249999999 0.15625 0.8178496875000001 0.1536458328125 0.8418580375 0.14609375 0.8465553234375 0.1356770828125 0.8684759921874999 0.1286458328125 0.8731732781250001 0.13359375 0.8966597078125 0.14140625 0.89979123125 0.14505208281249998 0.8914405015625 0.15078125 0.8893528187499999 0.1552083328125 0.8721294359374999 0.15572916718750002 0.8491649265625 0.1614583328125 0.8387265140625001 0.1630208328125 0.8303757828125 0.1690104171875 0.8173277656250001 0.1794270828125 0.81106471875 0.19192708281249998 0.788100209375 0.21171875 0.7901878921875001 0.2231770828125 0.8131524015625 0.22734375 0.8173277656250001 0.2377604171875 0.8173277656250001 0.25703125 0.8131524015625 0.25833333281250004 0.8084551140625 0.2567708328125 0.7969728593750001 0.25859375 0.78914405 0.2627604171875 0.803757828125 0.26640625 0.7860125265625 0.2747395828125 0.78914405 0.27890625 0.7860125265625 0.2799479171875 0.79436325625 0.2861979171875 0.7964509390625001 0.29348958281250004 0.8100208765625 0.3096354171875 0.8194154484375 0.31197916718749996 0.8262004171875 0.31328125 0.8455114828125 0.3270833328125 0.8491649265625 0.3260416671875 0.8575156578125 0.31588541718749996 0.8716075156249999 0.3135416671875 0.879436325 0.31875 0.897181628125 0.32265625 0.9018789140625 0.3294270828125 0.8841336109375 0.3419270828125 0.8736951984375001 0.35234375 0.8549060546874999 0.35703125 0.852818371875 0.35885416718749996 0.8355949890625001 0.3575520828125 0.8319415453125 0.34713541718749996 0.8319415453125 0.3408854171875 0.8194154484375 0.3302083328125 0.80949895625 0.3328125 0.7886221296875 0.328125 0.778183715625 0.3265625 0.7552192062499999 0.32265625 0.7515657625000001 0.3203125 0.7552192062499999 0.32083333281250004 0.8032359078125 0.3174479171875 0.80793319375 0.3140625 0.79592901875 0.3135416671875 0.7573068890625 0.31015625 0.7369519828125 0.3036458328125 0.7395615859375 0.30416666718749996 0.7635699375 0.30026041718749996 0.774530271875 0.2940104171875 0.7818371609375 0.2825520828125 0.7787056375 0.27682291718749996 0.7672233828125 0.2669270828125 0.7724425890625 0.26510416718749996 0.75835073125 0.25833333281250004 0.7468684765625 0.26510416718749996 0.7312108562499999 0.2674479171875 0.71920668125 0.2760416671875 0.7155532359375 0.271875 0.70407098125 0.271875 0.6925887265624999 0.2796875 0.681106471875 0.2830729171875 0.659707725 0.2950520828125 0.659707725 0.2981770828125 0.6670146140625001 0.31015625 0.6732776625 0.31328125 0.659707725 0.3455729171875 0.6628392484375001 0.3497209109375 0.6621464734375 0.387228221875 0.68848825 0.3932291671875 0.7145093953125 0.39010416718749996 0.7332985390625 0.37389945 0.733554746875 0.3476584859375 0.6993375328125 0.32766534531249997 0.706014053125 0.3859375 0.7635699375 0.3888020828125 0.7734864296875 0.3924479171875 0.774530271875 0.39765625 0.7672233828125 0.40546875 0.766179540625 0.41223958281249995 0.7588726515625 0.41953125 0.7588726515625 0.42265625 0.7536534453125 0.43567708281249995 0.7515657625000001 0.43932291718750005 0.7599164921875 0.44296875 0.760960334375 0.44765625 0.752609603125 0.46067708281249997 0.7484342374999999 0.46666666718750005 0.7552192062499999 0.47161458281249996 0.7776617953125 0.48229166718750005 0.786534446875 0.48333333281249996 0.80949895625 0.4947916671875 0.8335073062499999 0.4934895828125 0.8413361171875 0.48828125 0.8413361171875 0.4721354171875 0.8141962421875 0.45338541718750003 0.8141962421875 0.45130208281249995 0.8006263046875001 0.4458333328125 0.8115866390625 0.4518229171875 0.8152400828124999 0.45625 0.8335073062499999 0.4625 0.8429018796875001 0.46510416718750003 0.8710855953125 0.44921875 0.9050104390625 0.46692708281249995 0.9102296453125 0.47057291718750005 0.9196242171875 0.4799479171875 0.9248434234375 0.48619791718750005 0.936325678125 0.49609375 0.939457203125 0.4986979171875 0.93006263125 0.50234375 0.9478079328125 0.5059895828125 0.9425887265625 0.51328125 0.9467640921875 0.5177083328125 0.9587682671875 0.51796875 0.9686847593750001 0.5221354171875 0.9665970765624999 0.5260416671875 0.9712943624999999 0.5270833328125 0.975469728125 0.5239583328124999 0.9911273484375 0.5299479171875 0.9979123171875001 0.5455729171875 0.995824634375 0.5497395828125 0.9864300625 0.56171875 0.9832985390625 0.56640625 0.9749478078125 0.58515625 0.9728601250000001 0.5924479171875 0.9739039671875 0.5958333328125 0.9921711906249999 0.5997395828125 0.9979123171875001 0.6356770828125 0.998956159375 0.6369791671875 0.9817327765625 0.63984375 0.97807933125 0.6442708328125 0.9827766171875 0.6421875 0.9900835078125001 0.6434895828125 0.995824634375 0.659375 0.9984342375 0.67109375 0.99164926875 0.67890625 0.9801670140625 0.6833333328125 0.9671189984374999 0.6580729171875 0.94050104375 0.6557291671875001 0.9358037578125 0.6557291671875001 0.9274530265625
0 0.58671875 0.316283925 0.59296875 0.31837160781249996 0.59765625 0.31210855937500004 0.6096354171875 0.30793319375 0.6088541671875001 0.286534446875 0.5966145828125 0.3006263046875 0.58828125 0.3006263046875 0.58515625 0.2954070984375 0.5768229171875 0.298538621875 0.5692708328125 0.33141962343750003 0.5716145828125 0.339248434375 0.5770833328125 0.3418580375 0.5830729171875 0.31941544843749997 0.58671875 0.316283925
0 0.72421875 0.317327765625 0.73359375 0.31524008281250004 0.7450520828125 0.3235908140625 0.7528645828125 0.3235908140625 0.7588541671875 0.30949895625 0.7604166671875 0.296972859375 0.7640625 0.2907098125 0.7690104171875001 0.27035490625 0.7778645828124999 0.2682672234375 0.78515625 0.274530271875 0.7966145828125 0.2599164921875 0.8096354171875 0.2588726515625 0.8200520828125001 0.2505219203125 0.8213541671875 0.24164926874999998 0.8145833328125001 0.22912317343750002 0.8158854171875 0.22233820468749999 0.8283854171874999 0.21920668124999998 0.828125 0.22807933125000002 0.83203125 0.228601253125 0.8359375 0.2207724421875 0.8302083328125001 0.2155532359375 0.8286458328125 0.186325678125 0.8158854171875 0.18789144062500002 0.8122395828125001 0.1972860125 0.7966145828125 0.21085595000000001 0.76953125 0.206680584375 0.7609375 0.189457203125 0.7651041671875001 0.1821503125 0.7640625 0.16336116875 0.76015625 0.1576200421875 0.7533854171875001 0.155532359375 0.7450520828125 0.1670146140625 0.7260416671875001 0.1821503125 0.7283854171875 0.1899791234375 0.73671875 0.19206680625 0.7442708328125 0.205114821875 0.7453125 0.2124217125 0.73888568125 0.23147588125000002 0.727030790625 0.240463509375 0.7167778890625 0.24238944999999998 0.7114583328124999 0.22599165000000002 0.7130208328125 0.21033402968749998 0.7111979171875 0.206680584375 0.7059895828125 0.206680584375 0.68671875 0.22755741093749998 0.67109375 0.2317327765625 0.6643229171875 0.237995825 0.6544270828125 0.2599164921875 0.6440104171875001 0.260960334375 0.63046875 0.28392484375000004 0.61953125 0.284968684375 0.615625 0.281315240625 0.6135416671875 0.30741127343749997 0.6216145828124999 0.3058455109375 0.6325520828125 0.3131524015625 0.6434895828125 0.34968684687499996 0.6518229171875001 0.3517745296875 0.66015625 0.339248434375 0.6716145828125 0.344467640625 0.6752604171875001 0.352818371875 0.6893229171875 0.34968684687499996 0.69453125 0.344467640625 0.6981770828125 0.3517745296875 0.7096354171875 0.3507306890625 0.7182291671875001 0.355427975 0.7197916671875 0.33141962343750003 0.72421875 0.317327765625
0 0.6687174828125 0.47071741874999995 0.6778645828125 0.44050104375 0.6908854171875001 0.4373695203125 0.6984375 0.41701461406250007 0.6877604171875 0.41336116875 0.6822916671875 0.40031315312500004 0.68125 0.3888308984375 0.6848958328125 0.36899791249999997 0.68359375 0.3653444671875 0.6752604171875001 0.35490605468749997 0.6684895828124999 0.3559498953125 0.65390625 0.34864300625 0.6479166671875001 0.355427975 0.6453125 0.3752609609375 0.6533854171875 0.37578288125000003 0.6572916671875 0.3815240078125 0.6578125 0.38778705625 0.6544270828125 0.3914405015625 0.64453125 0.3872651359375 0.64453125 0.37578288125000003 0.6369791671875 0.386743215625 0.63984375 0.398747390625 0.65703125 0.412317328125 0.6578125 0.4222338203125 0.6408854171875 0.41962421718750004 0.6359375 0.432672234375 0.6471354171875 0.4436325671875 0.6598958328125 0.446242171875 0.6664746734375 0.43284096562499996 0.6687174828125 0.47071741874999995
0 1 0.7406054281250001 0.97109375 0.71920668125 0.9697916671875 0.713465553125 0.971875 0.6842379953125 0.9674479171874999 0.67849686875 0.9424479171875 0.665970771875 0.9390625 0.6508350734375 0.9385416671875 0.6341336109375 0.9333333328125001 0.6289144046875 0.93671875 0.6210855953125 0.94140625 0.6189979125 0.9528645828125001 0.6252609609374999 0.9578125 0.6236951984375 0.9549479171874999 0.5793319421875001 0.93046875 0.5668058453125 0.9138020828125001 0.5657620046875 0.9059895828125001 0.5521920671875 0.8981770828125001 0.551148225 0.8963541671874999 0.5589770359374999 0.9 0.5683716078125001 0.9005208328125001 0.5819415453125 0.896875 0.5913361171875 0.8994791671875 0.6049060546875 0.8942708328125001 0.61221294375 0.8942708328125001 0.629958246875 0.88671875 0.6482254703125 0.8825520828125001 0.6524008343750001 0.86328125 0.6409185796875 0.8557291671874999 0.6278705640625 0.8552083328125001 0.620563675 0.859375 0.6132567843750001 0.8619791671874999 0.594467640625 0.8619791671874999 0.5871607515624999 0.85625 0.5683716078125001 0.8591145828125001 0.5563674328125 0.86328125 0.551148225 0.8716145828125 0.551148225 0.87890625 0.563674321875 0.8903645828125001 0.55949895625 0.8927083328125001 0.534968684375 0.8981770828125001 0.531315240625 0.90234375 0.536534446875 0.9059895828125001 0.5354906046875 0.9145833328125 0.5036534453125 0.91953125 0.49686847656250005 0.9346354171875 0.4895615859375 0.94453125 0.49686847656250005 0.94921875 0.490605428125 0.9533854171874999 0.490605428125 0.959375 0.49530271406250004 0.9557291671874999 0.510960334375 0.95859375 0.514613778125 0.9846354171874999 0.5250521921875 0.9888020828125 0.5250521921875 0.990625 0.5203549062499999 0.9875 0.49425887187499995 0.9809895828125 0.4801670140625 0.9669270828125001 0.4707724421875 0.9575520828125 0.4572025046875 0.9497395828125 0.4645093953125 0.9403645828125 0.4645093953125 0.9372395828125001 0.45824634687500004 0.91796875 0.463465553125 0.9083333328125001 0.448329853125 0.9122395828125001 0.43215031249999997 0.8919270828125001 0.42797494843750006 0.890625 0.432672234375 0.896875 0.43893528125000003 0.9015625 0.45668058437500003 0.8924479171874999 0.47807933125 0.88203125 0.47807933125 0.8770833328125001 0.4712943625 0.8786458328125001 0.4545929015625 0.8729166671874999 0.4410229640625 0.8794270828125 0.41649269375 0.8893229171874999 0.4144050109375 0.89765625 0.3924843421875 0.9096354171875 0.3820459296875 0.92265625 0.4018789140625 0.9380208328125 0.4117954078125 0.9380208328125 0.4201461375 0.93359375 0.422755740625 0.9315104171874999 0.4290187890625 0.9200520828125001 0.43423799531249996 0.9325520828125 0.43945720312500003 0.9377604171874999 0.43945720312500003 0.9419270828125 0.43423799531249996 0.9622395828125001 0.44467640937499997 0.9908854171874999 0.43423799531249996 0.9989583328125 0.4399791234375 0.9994791671875 0.45354906093749997 0.9953125 0.46398747343749996 0.9997395828125001 0.4655532359375 0.9997395828125001 0.36221294375 0.9919270828125001 0.363256784375 0.9888020828125 0.358037578125 0.9815104171875 0.371607515625 0.9565104171875 0.36221294375 0.9455729171874999 0.3778705640625 0.92578125 0.37578288125000003 0.9166666671874999 0.3575156578125 0.9140625 0.34603340312499997 0.9161458328125001 0.3303757828125 0.9104166671874999 0.31993736875 0.9067708328125 0.301148225 0.90390625 0.2995824640625 0.8979166671875 0.3084551140625 0.8908854171874999 0.34029227500000003 0.878125 0.3449895609375 0.8796875 0.3679540703125 0.8729166671874999 0.40135699375 0.8705729171875 0.4050104390625 0.8528645828125001 0.40605427968749996 0.8411458328125001 0.4441544890625 0.8359375 0.4712943625 0.83203125 0.47599165 0.8236979171875 0.47599165 0.8200520828125001 0.48747390468749996 0.81171875 0.48538622187499997 0.8015625 0.50678496875 0.8002604171875 0.52192066875 0.7966145828125 0.5167014609375 0.7877604171875 0.5167014609375 0.77734375 0.49686847656250005 0.7690104171875001 0.49164926875 0.7651041671875001 0.48382045937499996 0.76484375 0.4707724421875 0.7684895828125 0.46764091875 0.77265625 0.4707724421875 0.78125 0.46398747343749996 0.78125 0.4504175359375 0.77734375 0.44572025000000004 0.76328125 0.46033402968750003 0.76015625 0.4697286015625 0.7528645828125 0.4707724421875 0.7489583328125 0.46398747343749996 0.7489583328125 0.45668058437500003 0.7520833328125 0.448329853125 0.7502604171875 0.43632567812499995 0.74296875 0.4436325671875 0.73671875 0.4415448859375 0.7333333328125 0.44728601250000005 0.7286458328125 0.4723382046875 0.7182291671875001 0.4869519828125 0.7074862046875 0.47718007343749996 0.70556379375 0.45856284062499997 0.697233328125 0.46498257656249997 0.6885824656249999 0.47718007343749996 0.6799315765625 0.47076033749999996 0.66006661875 0.46172977812499993 0.6443668812500001 0.508593846875 0.6539789625 0.504742015625 0.6619890296875 0.5118037156249999 0.6808927953125 0.5272110921875 0.6905048765624999 0.5002911265625001 0.705243396875 0.48937757031249995 0.7145350796875001 0.511846646875 0.7182291671875001 0.5266179546875 0.715625 0.534968684375 0.7182291671875001 0.5401878921875001 0.7203125 0.556889353125 0.71875 0.594467640625 0.7197916671875 0.6289144046875 0.7216145828125 0.63256785 0.72890625 0.6283924843750001 0.7369791671875 0.599686846875 0.746875 0.590292275 0.7510416671875 0.567327765625 0.7690104171875001 0.528183715625 0.7752604171875 0.528183715625 0.7791666671875 0.5360125265625 0.7692708328125 0.5652400828124999 0.7723958328125 0.5735908140625 0.7729166671875001 0.5829853859374999 0.7666666671875 0.6007306890625 0.771875 0.620563675 0.76875 0.6466597078125 0.7731770828125 0.6534446765624999 0.7794270828125 0.655532359375 0.7846354171875001 0.674321503125 0.7880208328125 0.6602296453125 0.7846354171875001 0.6524008343750001 0.7763020828125 0.65135699375 0.7755208328125 0.644572025 0.77734375 0.63778705625 0.7828125 0.6330897703125 0.796875 0.584029228125 0.8013020828125 0.577244259375 0.81171875 0.5751565765625 0.8205729171874999 0.5897703546875 0.8330729171875 0.5762004171874999 0.8369791671875 0.5882045921875 0.8364583328125 0.6017745296875 0.82734375 0.6221294359375 0.8169270828125 0.6263048015625 0.8119791671875 0.6466597078125 0.8067708328125001 0.65292275625 0.8174479171875 0.669102296875 0.8247395828125 0.669102296875 0.8385416671874999 0.68006263125 0.8385416671874999 0.69050104375 0.8291666671875 0.708246346875 0.8315104171875 0.7129436328125001 0.8622395828125 0.733820459375 0.8955729171875 0.7494780796875 0.9020833328125001 0.7395615859375 0.8989583328125 0.7197286015625 0.8927083328125001 0.7155532359375 0.8921875 0.708246346875 0.89453125 0.6993736953125 0.9033854171875 0.6993736953125 0.91015625 0.6868475984375 0.9221354171874999 0.687891440625 0.9268229171875 0.6951983296875001 0.9408854171875 0.7045929015625 0.9432291671874999 0.708246346875 0.9432291671874999 0.7395615859375 0.9255208328125001 0.7927974953125 0.9229166671875 0.80949895625 0.925 0.8209812109374999 0.9372395828125001 0.8434238000000001 0.9455729171874999 0.8371607515624999 0.95390625 0.8392484343750001 0.9596354171874999 0.8455114828125 0.9799479171875 0.84864300625 0.9888020828125 0.8611691015625 0.9963541671874999 0.86377870625 1 0.8627348640625 1 0.7406054281250001
0 0.79140625 0.395615865625 0.8013020828125 0.3914405015625 0.809375 0.37421711874999997 0.8088541671874999 0.3585594984375 0.7919270828125 0.34968684687499996 0.7888020828125 0.3517745296875 0.78515625 0.36221294375 0.7763020828125 0.363256784375 0.7684895828125 0.3507306890625 0.7625 0.36169102343750004 0.759391459375 0.3700339078125 0.775 0.38778705625 0.77421875 0.394572025 0.76953125 0.3977035484375 0.75703125 0.3977035484375 0.7536458328125 0.39300626250000004 0.7536458328125 0.3856993734375 0.759375 0.370041753125 0.7575520828125 0.3611691015625 0.75546875 0.36743215 0.7380208328125 0.3763048015625 0.740625 0.3846555328125 0.7380208328125 0.40135699375 0.73984375 0.4112734859375 0.7497395828125 0.4112734859375 0.7565104171875 0.4237995828125 0.7684895828125 0.41962421718750004 0.7734375 0.4232776625 0.78359375 0.41962421718750004 0.79140625 0.395615865625
0 0.8419270828125001 0.1993736953125 0.8546875 0.1821503125 0.8463541671874999 0.17275574062500001 0.8471354171875 0.155532359375 0.8591145828125001 0.1544885171875 0.8653645828125001 0.1409185796875 0.8864583328125001 0.14144050156250002 0.8861979171875 0.1252609609375 0.8825520828125001 0.1210855953125 0.87505685625 0.1278966546875 0.8689691765625 0.11762508593750001 0.8837077203125 0.09387208281250001 0.8635223390625001 0.0900202140625 0.8625 0.07150313124999999 0.86015625 0.0647181625 0.8549479171875 0.0647181625 0.8341145828125001 0.08350730625 0.8205729171874999 0.0887265140625 0.8153645828125 0.10647181562500001 0.7986979171875 0.12004175312500001 0.7924479171875001 0.13256785 0.78828125 0.1304801671875 0.7833333328125 0.14144050156250002 0.7924479171875001 0.16075156562499998 0.7971354171875 0.16075156562499998 0.7973958328124999 0.145615865625 0.8036458328125 0.1341336109375 0.8059895828125001 0.1221294359375 0.8236979171875 0.1179540703125 0.8315104171875 0.11064718124999999 0.83828125 0.09812108593749999 0.84296875 0.101252609375 0.8458333328125001 0.1101252609375 0.8393229171875 0.1315240078125 0.82109375 0.1409185796875 0.8182291671874999 0.1550104390625 0.8138020828125001 0.1638830890625 0.7979166671875 0.162317328125 0.7994791671875 0.17275574062500001 0.80625 0.181106471875 0.81171875 0.198329853125 0.8236979171875 0.21398747343750002 0.8294270828125001 0.21607515624999998 0.8322916671874999 0.2239039671875 0.8369791671875 0.21972860156250001 0.8419270828125001 0.1993736953125
0 1 0.038100209375 0.9924479171874999 0.035490604687499996 0.9888020828125 0.0427974953125 0.9723958328125001 0.03914405 0.971875 0.021398746875 0.9739583328125001 0.012004175 0.98359375 0.0073068890624999995 0.9872395828125 0 0.9424479171875 0.0062630484375 0.9395833328125001 0.0140918578125 0.940625 0.03914405 0.9315104171874999 0.043841335937499996 0.9263020828125 0.0427974953125 0.9234375 0.0318371609375 0.9252604171875 0.00835073125 0.90390625 0.0073068890624999995 0.9072916671875 0.02035490625 0.9083333328125001 0.03914405 0.9065104171874999 0.0427974953125 0.8903645828125001 0.0407098125 0.8864583328125001 0.04749478125 0.8878553390624999 0.0792032171875 0.8728604671875001 0.10590929375 0.8832735546875 0.1125858453125 0.882746503125 0.1349583671875 0.890625 0.12160751562500001 0.89453125 0.11377870625 0.90546875 0.11064718124999999 0.9096354171875 0.09707724375 0.921875 0.09655532343749999 0.9229166671875 0.0767223375 0.91796875 0.07306889375 0.915625 0.0652400828125 0.91953125 0.0521920671875 0.9247395828125 0.053235907812500004 0.9278645828125001 0.0657620046875 0.9419270828125 0.0668058453125 0.9591145828125001 0.05636743281249999 0.9794270828125 0.05949895625 0.9838541671875 0.0683716078125 0.9807291671874999 0.1049060546875 0.9825520828125001 0.10855949843749998 0.98828125 0.10855949843749998 0.9924479171874999 0.096033403125 1 0.0871607515625 1 0.038100209375
0 0.9760416671875 0.1482254703125 0.975 0.1586638828125 0.9645833328125001 0.183716075 0.9645833328125001 0.1951983296875 0.9692708328125 0.1951983296875 0.9760416671875 0.18789144062500002 0.9864583328125001 0.1722338203125 0.9890625 0.159707725 0.99375 0.155532359375 0.9942708328125001 0.1461377875 0.9890625 0.136743215625 0.9848958328125 0.1356993734375 0.9760416671875 0.1482254703125
0 1 0.25678496875 0.9916666671875 0.284968684375 0.9770833328125 0.28288100156249996 0.9630208328125001 0.2912317328125 0.9520833328125 0.28810020937499997 0.9442708328125 0.27035490625 0.9432291671874999 0.2588726515625 0.9489583328125001 0.244258871875 0.9635416671874999 0.242171190625 0.9645833328125001 0.2317327765625 0.9619791671875 0.22442588749999998 0.9463541671875 0.21085595000000001 0.94375 0.19206680625 0.9338541671874999 0.1910229640625 0.9317708328125001 0.1941544890625 0.9333333328125001 0.20563674375000002 0.94375 0.21920668124999998 0.9453125 0.225469728125 0.9453125 0.23695198281250002 0.9421875 0.242171190625 0.9260008687499999 0.24152600156249998 0.92151525 0.2556494015625 0.9411458328125001 0.2818371609375 0.942021003125 0.3204887515625 0.9520833328125 0.3329853859375 0.9578125 0.33507306875 0.9583333328125001 0.3267223375 0.9484375 0.320459290625 0.9479166671874999 0.3027139875 0.9723958328125001 0.2922755734375 0.990625 0.29331941562499997 0.9916666671875 0.31106471875 0.9880208328125001 0.3298538625 0.9885416671874999 0.344467640625 0.9932291671875 0.34968684687499996 1 0.34968684687499996 1 0.25678496875
0 0.8611979171874999 0.24321503125000002 0.85234375 0.2359081421875 0.8466145828125 0.2359081421875 0.8416666671874999 0.2520876828125 0.8559895828125 0.255741128125 0.8674479171874999 0.266179540625 0.8796875 0.26670146093749997 0.8815104171874999 0.2505219203125 0.8611979171874999 0.24321503125000002
0 0.93515625 0.13883089843750002 0.93046875 0.1346555328125 0.9195928140625 0.1407712640625 0.9128643375 0.13563549218749998 0.9052083328125 0.1424843421875 0.91796875 0.1576200421875 0.9276041671874999 0.1581419625 0.9390625 0.14979123125 0.93515625 0.13883089843750002
0 0.80625 0.722860125 0.7830729171875 0.6899791234375 0.7611979171875001 0.6847599171875001 0.7572916671875001 0.69572025 0.7588541671875 0.7165970765624999 0.7611979171875001 0.7212943625 0.7705729171875 0.715031315625 0.7768229171875001 0.71607515625 0.7817708328124999 0.7374739046875 0.7901041671875 0.748956159375 0.7981770828125 0.7453027140625 0.80625 0.722860125
0 0.803125 0.9827766171875 0.7994791671875 0.9702505218749999 0.8002604171875 0.9645093953125 0.81484375 0.9707724421874999 0.8205729171874999 0.9874739046875 0.8278645828125001 0.9906054281250001 0.8315104171875 0.9979123171875001 0.8369791671875 0.975469728125 0.8359375 0.9671189984374999 0.8390625 0.9347599171875001 0.84609375 0.9331941546875001 0.8606770828125001 0.939457203125 0.8625 0.9326722343749999 0.8588541671875 0.902400834375 0.8604166671875 0.8606471812500001 0.8424479171874999 0.8507306890624999 0.8309895828125 0.8298538625 0.8231770828125 0.8235908140625 0.8080729171875 0.8162839249999999 0.8002604171875 0.8204592906249999 0.8002604171875 0.8162839249999999 0.8046875 0.8126304796875001 0.8041666671875 0.805323590625 0.7942708328125 0.786534446875 0.7947916671875 0.778183715625 0.790625 0.7562630484375 0.78359375 0.744258871875 0.7802083328125 0.748956159375 0.771875 0.778183715625 0.7807291671875001 0.7875782874999999 0.7822916671875 0.8021920671875 0.7802083328125 0.8220250515625 0.7713541671875 0.8418580375 0.7690104171875001 0.8590814203124999 0.76484375 0.858037578125 0.73984375 0.801670146875 0.7341145828125 0.7995824640625 0.7333333328125 0.810542796875 0.7359375 0.8262004171875 0.7515625 0.8533402921875 0.7552083328125 0.8658663890625 0.75625 0.8742171187500001 0.7526041671875 0.8961377875000001 0.7604166671875 0.9044885171875 0.7510416671875 0.9545929015624999 0.74453125 0.9572025046875 0.7408854171875 0.9530271406249999 0.7369791671875 0.9577244265625 0.7375 0.9639874734375 0.7416666671875001 0.9671189984374999 0.7395833328125 0.9806889359375001 0.740625 0.9953027140625 0.7528645828125 1 0.7645833328125 0.9984342375 0.75703125 0.995824634375 0.753125 0.9827766171875 0.75625 0.965031315625 0.7619791671875 0.9514613781250001 0.7583333328124999 0.9441544890625 0.7588541671875 0.9337160750000001 0.7708333328125 0.8846555328125 0.78515625 0.8716075156249999 0.7903645828125 0.8757828812499999 0.7984375 0.8950939453125001 0.8 0.9211899796875 0.7924479171875001 0.958246346875 0.7846354171875001 0.9540709812499999 0.7770833328125 0.9556367437500001 0.7708333328125 0.9984342375 0.7869791671875 0.9994780796875 0.8015625 0.997390396875 0.803125 0.9827766171875
0 0.8745265984374999 0.1988340203125 0.8482856046875 0.1871500875 0.8391221 0.2005031421875 0.8628639281250001 0.2105179375 0.8678621968750001 0.2046759703125 0.8828570687499999 0.2088488 0.8878553390624999 0.206345109375 0.8949362265625 0.2088488 0.9007675296875 0.21719445624999997 0.9036832453124999 0.22303642343750002 0.9111806187499999 0.22554011406250002 0.9178450203124999 0.2088488 0.89701884375 0.20217227968749998 0.9042708234375001 0.188100209375 0.8849396875 0.17880443125 0.8745265984374999 0.1988340203125
0 0.007291667187500001 0.03914405 0.003125 0.027661795312499998 0.0026041671875 0.0026096031249999998 0.0002604171875 0 0 0.075678496875 0.0046875 0.0777661796875 0.010416667187500001 0.07150313124999999 0.007291667187500001 0.03914405