1 0.64375 0.91875 0.146875 0.1625
1 0.478125 0.8328125 0.19140625 0.25078125
1 0.19453125 0.6828125 0.346875 0.3015625
1 0.43984375 0.53046875 0.11796875 0.14921875
1 0.5921875 0.6015625 0.18828125 0.19140625
1 0.7953125 0.72734375 0.1375 0.228125
1 0.878125 0.59140625 0.24296875 0.21953125
1 0.73125 0.4875 0.0484375 0.0828125
1 0.79765625 0.39140625 0.0625 0.10859375
1 0.9203125 0.3703125 0.134375 0.084375
1 0.9546875 0.16015625 0.090625 0.0796875
1 0.9203125 0.2484375 0.05234375 0.0578125
1 0.6578125 0.3515625 0.11484375 0.14453125
1 0.740625 0.3625 0.07890625 0.15859375
1 0.496875 0.3328125 0.05546875 0.0734375
1 0.35234375 0.23984375 0.07109375 0.06015625
1 0.17890625 0.3546875 0.090625 0.0796875
1 0.115625 0.40234375 0.084375 0.0796875
1 0.06015625 0.321875 0.1203125 0.10625
1 0.17890625 0.23671875 0.09609375 0.0734375
1 0.4953125 0.23984375 0.1140625 0.13515625
1 0.365625 0.38984375 0.0875 0.096875
1 0.3015625 0.47734375 0.09453125 0.1328125
1 0.01953125 0.05078125 0.0390625 0.0765625
1 0.9546875 0.1609375 0.090625 0.0875
1 0.83671875 0.14453125 0.1046875 0.07890625
1 0.65859375 0.13515625 0.17109375 0.10078125
1 0.4484375 0.4359375 0.06953125 0.06171875
0 0.673368146875 0.4593175859375 0.6798955609374999 0.44685039375 0.6822454312499999 0.4291338578125 0.6840731078125 0.43372703437500004 0.6856396859375 0.46259842500000004 0.68798955625 0.4645669296875 0.69660574375 0.43372703437500004 0.69660574375 0.42454068281249996 0.6890339421875 0.41076115468749996 0.66971279375 0.4055118109375 0.654569190625 0.412073490625 0.6300261093749999 0.40288713906250007 0.624281984375 0.3950131234375 0.6127937343750001 0.3897637796875 0.609660575 0.3923884515625 0.608355090625 0.42454068281249996 0.6237597906250001 0.43307086562499997 0.62454308125 0.46522309687499996 0.6281984328125 0.47178477656249995 0.643080940625 0.4514435703125 0.673368146875 0.4593175859375
0 0.2493472578125 0.3766404203125 0.25926892968750004 0.3661417328125 0.27859007812500003 0.3661417328125 0.284334203125 0.3727034125 0.291122715625 0.37139107656250003 0.3015665796875 0.37795275625 0.32349869375 0.3661417328125 0.3292428203125 0.354330709375 0.34177545625 0.34645669218749997 0.3441253265625 0.3234908140625 0.3412532640625 0.31364829375 0.3135770234375 0.31364829375 0.3099216703125 0.347769028125 0.2984334203125 0.347769028125 0.294516971875 0.31955380624999996 0.291122715625 0.3123359578125 0.28590078281250003 0.3123359578125 0.27859007812500003 0.33595800468750003 0.267101828125 0.3149606296875 0.26344647499999996 0.31627296562499996 0.25926892968750004 0.3307086609375 0.25248041718750003 0.33464566875 0.2472584859375 0.30839895 0.24255874687499998 0.3123359578125 0.23785900781249997 0.30708661406250004 0.2355091390625 0.2959317578125 0.23942558749999998 0.28083989531250003 0.243080940625 0.28740157499999996 0.2501305484375 0.2670603671875 0.243080940625 0.25853018437499997 0.23159268906250002 0.25459317656249997 0.22741514375 0.2598425203125 0.2232375984375 0.25459317656249997 0.22193211562499998 0.2670603671875 0.23498694531250003 0.28674540625 0.2342036546875 0.2939632546875 0.2297650125 0.29724409375 0.22715404687500002 0.316929134375 0.23028720625000001 0.3444881890625 0.24177545625 0.3549868765625 0.239686684375 0.3772965875 0.2352480421875 0.375328084375 0.232898171875 0.3838582671875 0.2342036546875 0.391076115625 0.2375979109375 0.390419946875 0.2451697125 0.3871391078125 0.2493472578125 0.3766404203125
0 0.9895561359375 0.5229658796875001 0.9856396859375 0.51574803125 0.94177545625 0.50524934375 0.9375979109375001 0.4934383203125 0.927154046875 0.4908136484375 0.9187989562500001 0.481627296875 0.8947780671875 0.479002625 0.8900783296875 0.4698162734375 0.8827676234374999 0.46587926562500004 0.8248041781250001 0.46719160156250006 0.7955613578125 0.4540682421875 0.7890339421875 0.4691601046875 0.7853785906249999 0.49278215156250005 0.7856396859375 0.5039370078125 0.800261096875 0.5118110234375 0.8112271546875001 0.5118110234375 0.8232375984375 0.507874015625 0.8279373375000001 0.4895013125 0.83315926875 0.4895013125 0.8370757187500001 0.49409448749999996 0.8394255875000001 0.507874015625 0.843080940625 0.507874015625 0.8472584859375001 0.51574803125 0.8582245437499999 0.5183727031250001 0.86292428125 0.5275590546875 0.88224543125 0.528871390625 0.8895561359374999 0.534120734375 0.8984334203125 0.5301837265625 0.9041775453125 0.53674540625 0.90626631875 0.53674540625 0.9099216703125 0.5249343828125 0.9140992171875 0.5275590546875 0.9172323765625 0.523622046875 0.9174934718750001 0.5137795281249999 0.921932115625 0.5104986874999999 0.9232375984375001 0.540026246875 0.9255874671875001 0.5459317578125 0.9375979109375001 0.544619421875 0.9532637078124999 0.5616797906250001 0.9569190593749999 0.5498687656250001 0.969973890625 0.5498687656250001 0.9725848562499999 0.5643044625 0.9827676234375 0.56364829375 0.9895561359375 0.545275590625 0.9895561359375 0.5229658796875001
0 0.1467362921875 0.5137795281249999 0.14856396875 0.507874015625 0.160835509375 0.503280840625 0.15665796406250002 0.49146981562500003 0.1548302875 0.4724409453125 0.10678851250000002 0.46325459375 0.07859007812499999 0.43963254531249996 0.0624020890625 0.4133858265625 0.047780678124999997 0.41076115468749996 0.042558746875 0.39895013125 0.028459529687500002 0.391076115625 0 0.38254593125 0.000261096875 0.43175852968750006 0.012271540625 0.4448818890625 0.0159268921875 0.4540682421875 0.023759790625 0.4514435703125 0.025848564062500003 0.4645669296875 0.0472584859375 0.492125984375 0.067101828125 0.50524934375 0.08224543125 0.5 0.091644909375 0.502624671875 0.10939947812499999 0.520997375 0.115665796875 0.513123359375 0.1261096609375 0.5091863515624999 0.13864229687500002 0.53674540625 0.1446475203125 0.5387139109375 0.154046996875 0.5334645671875 0.1467362921875 0.5137795281249999
0 0.7255874671875 0.6876640421875 0.733420365625 0.68635170625 0.7467362921875 0.6318897640625 0.7530026109375 0.6213910765625 0.751958225 0.5964566921875 0.7490861625 0.5853018375000001 0.745430809375 0.5853018375000001 0.742558746875 0.5728346453125 0.7467362921875 0.56364829375 0.7462140984375 0.545275590625 0.7493472578125 0.5334645671875 0.748041775 0.5275590546875 0.745430809375 0.5249343828125 0.7412532640625 0.5314960625 0.7234986937500001 0.523622046875 0.706005221875 0.5045931765625 0.7091383812500001 0.4744094484375 0.724281984375 0.43503937031250006 0.7182767625 0.4291338578125 0.70234986875 0.428477690625 0.7013054828125 0.43372703437500004 0.7039164484375 0.45866141718750003 0.699738903125 0.50065616875 0.6856396859375 0.5465879265625 0.681984334375 0.5518372703125001 0.6866840734374999 0.56364829375 0.6877284593749999 0.5859580046875 0.696344646875 0.5918635171875 0.699738903125 0.6017060375 0.6887728453124999 0.6371391078124999 0.6845953 0.6607611546875 0.694255875 0.68635170625 0.6992167109375 0.6922572171875 0.720887728125 0.6784776906250001 0.7255874671875 0.6876640421875
0 0.502610965625 0.5918635171875 0.5138381203125 0.576771653125 0.512793734375 0.550524934375 0.5193211484375 0.528871390625 0.532898171875 0.51574803125 0.5402088765624999 0.5144356953125 0.545430809375 0.5196850390625001 0.548825065625 0.5124671921874999 0.539686684375 0.507874015625 0.5261096609375 0.4908136484375 0.5195822453125001 0.4901574796875 0.5169712796875 0.47309711249999997 0.5169712796875 0.45341207343749995 0.5203655359375 0.4343832015625 0.5438642296875 0.406824146875 0.5616187984375001 0.406824146875 0.5757180156249999 0.412073490625 0.5809399484375 0.41994750625000005 0.588250653125 0.417322834375 0.5913838124999999 0.422572178125 0.5979112265625 0.41535433125 0.597389034375 0.4009186359375 0.5950391640625 0.3937007875 0.581462140625 0.3937007875 0.5767624015624999 0.38845144375 0.5689295046875 0.3937007875 0.564229765625 0.391076115625 0.5597911234375 0.3654855640625 0.5597911234375 0.3576115484375 0.5676240203125 0.3353018375 0.5676240203125 0.32480315000000004 0.5704960828125001 0.31627296562499996 0.5887728453125 0.30314960625 0.591122715625 0.29724409375 0.5947780671875 0.2801837265625 0.5919060046875 0.2664042 0.575195821875 0.26246719218750003 0.5652741515625 0.2703412078125 0.56292428125 0.278871390625 0.56109660625 0.31364829375 0.54856396875 0.3149606296875 0.5443864234375 0.3228346453125 0.5292428203124999 0.3188976375 0.524804178125 0.3261154859375 0.521409921875 0.342519684375 0.5151436031250001 0.3503937015625 0.494255875 0.3556430453125 0.47023498750000003 0.3490813640625 0.46605744062500004 0.3412073484375 0.4472584859375 0.347769028125 0.41122715468750004 0.342519684375 0.406527415625 0.34645669218749997 0.4046997390625 0.35367454062500003 0.40678851250000003 0.395669290625 0.4041775453125 0.407480315625 0.39608355156249997 0.4133858265625 0.3924281984375 0.4291338578125 0.387728459375 0.4265091859375 0.3744125328125 0.43503937031250006 0.375718015625 0.46587926562500004 0.3924281984375 0.4698162734375 0.400261096875 0.4803149609375 0.405744125 0.46784776875 0.4086161875 0.43175852968750006 0.43107049531249997 0.4055118109375 0.4441253265625 0.40157480312500005 0.4592689296875 0.406824146875 0.48276762343749996 0.4265091859375 0.48407310781249996 0.46391076093750006 0.4921671015625 0.471128609375 0.49765013125 0.48359579999999996 0.4992167109375 0.503280840625 0.5028720625 0.5124671921874999 0.4950391640625 0.545275590625 0.48511749374999996 0.566272965625 0.4830287203125 0.5780839890625 0.490339425 0.614829396875 0.4950391640625 0.620078740625 0.4986945171875 0.6161417328125001 0.502610965625 0.5918635171875
0 0.967362925 0.9947506562499999 0.999738903125 0.9934383203125 1 0.8799212593749999 0.967362925 0.8845144359375 0.9245430812500001 0.875328084375 0.915665796875 0.8687664046875 0.9073107046875 0.8412073484375 0.9020887734375 0.8359580046874999 0.872323759375 0.8280839890625 0.869973890625 0.8313648296875 0.8684073109374999 0.85104986875 0.8624020890624999 0.85695538125 0.8483028718750001 0.8412073484375 0.8315926890625001 0.837270340625 0.8054830281250001 0.8215223093749999 0.7861618796875 0.8188976374999999 0.748041775 0.7926509187499999 0.73707571875 0.790026246875 0.7310704953125 0.7998687656250001 0.7310704953125 0.8156167984374999 0.7349869453125 0.8333333328125001 0.7375979109374999 0.8359580046874999 0.7412532640625 0.8280839890625 0.7490861625 0.832020996875 0.754569190625 0.8444881890625 0.75822454375 0.8641732281250001 0.7624020890625001 0.8681102359375 0.76396866875 0.8772965875000001 0.7624020890625001 0.8969816265624999 0.766579634375 0.9074803156250001 0.7676240203125 0.92585301875 0.767101828125 0.9324146984375 0.7634464750000001 0.93635170625 0.7691906000000001 0.938976378125 0.772845953125 0.9849081359375 0.7751958218749999 0.9908136484375 0.9451697125 0.9954068234375001 0.9610966062499999 0.9855643046875 0.967362925 0.9947506562499999
0 0.5689295046875 0.896325459375 0.5767624015624999 0.8832020999999999 0.5798955609374999 0.8674540687500001 0.5971279375 0.8359580046874999 0.6101827671875 0.826771653125 0.6221932109375 0.82414698125 0.661357703125 0.8438320203125 0.6869451703125 0.8438320203125 0.6911227156249999 0.826771653125 0.6986945171875 0.8195538062500001 0.7018276765625 0.7854330703125 0.6898172328125 0.7604986874999999 0.688250653125 0.7224409453125 0.6707571796875 0.704724409375 0.6493472578125 0.7020997375 0.6422976499999999 0.7093175859375 0.645953003125 0.7171916015625001 0.6472584859375 0.7335958 0.6493472578125 0.720472440625 0.655091384375 0.7139107609375 0.6592689296875001 0.7165354328125 0.6616187984375 0.726377953125 0.6597911234375 0.7427821515625 0.6509138375 0.7427821515625 0.6451697125 0.7362204718750001 0.636292428125 0.7440944875 0.6289817234374999 0.7401574796875 0.6276762406249999 0.7250656171875 0.6323759796874999 0.71325459375 0.63707571875 0.68044619375 0.6133159265625 0.6666666671875 0.5960835515625 0.6666666671875 0.5926892953125 0.6843832015625 0.588250653125 0.688976378125 0.58511749375 0.7007874015625 0.5772845953125 0.7020997375 0.5532637078125 0.6981627296874999 0.532898171875 0.6824146984375 0.5020887734375 0.6692913390624999 0.4947780671875 0.6469816265625 0.48328981718749997 0.6561679796875 0.46657963437500005 0.65485564375 0.464229765625 0.6594488187499999 0.46292428125 0.67585301875 0.4563968671875 0.6227034125 0.4597911234375 0.5905511812500001 0.454569190625 0.5905511812500001 0.448825065625 0.6049868765624999 0.43994778125 0.6128608921875001 0.41227154062500004 0.5971128609374999 0.38407310781250004 0.60104986875 0.36109660625 0.593175853125 0.3584856390625 0.5944881890625 0.35718015625 0.6017060375 0.36083550937500003 0.6135170609375 0.36083550937500003 0.6213910765625 0.3506527421875 0.6272965875 0.342558746875 0.641076115625 0.34490861562499997 0.65485564375 0.357441253125 0.6640419953125 0.37310705 0.68635170625 0.3767624015625 0.6981627296874999 0.381984334375 0.6797900265625 0.3887728453125 0.670603675 0.3992167109375 0.670603675 0.4046997390625 0.68044619375 0.403133159375 0.7395013125000001 0.39086161875 0.7598425203125 0.38511749375000004 0.7769028875 0.3809399484375 0.7769028875 0.378067884375 0.78674540625 0.378590078125 0.8313648296875 0.3804177546875 0.8412073484375 0.3864229765625 0.8287401578125 0.38511749375000004 0.8175853015625 0.38825065312499996 0.8162729656250001 0.3929503921875 0.8018372703125 0.40443864218750003 0.784776903125 0.42219321093750006 0.7480314953125 0.4451697125 0.712598425 0.4561357703125 0.709973753125 0.46292428125 0.7007874015625 0.47023498750000003 0.715223096875 0.491122715625 0.7283464562499999 0.5 0.741469815625 0.5407310703125 0.7637795281249999 0.5584856390625 0.7677165359375 0.5704960828125001 0.7834645671875 0.5749347265625 0.7998687656250001 0.5770234984375 0.8195538062500001 0.573368146875 0.8418635171875 0.5655352484375 0.8576115484375 0.5681462140625 0.8681102359375 0.5655352484375 0.8812335953125 0.5626631859375 0.8832020999999999 0.560835509375 0.8786089234375 0.5592689296875 0.8996062984375 0.561357703125 0.9035433078124999 0.5647519578125 0.8923884515625 0.5689295046875 0.896325459375
0 0.4281984328125 0.9849081359375 0.42140992187500004 0.949475065625 0.41227154062500004 0.9396325453125 0.40234986875 0.938320209375 0.3989556140625 0.9560367453125 0.3929503921875 0.9645669296875001 0.375718015625 0.9593175859375 0.36109660625 0.96325459375 0.34177545625 0.9540682421875 0.33629242812500004 0.938976378125 0.336814621875 0.9101049874999999 0.32062663125 0.887795275 0.32167101875 0.8681102359375 0.3198433421875 0.8661417328125 0.3099216703125 0.864829396875 0.2979112265625 0.88845144375 0.2827676234375 0.891076115625 0.267101828125 0.8818897640625 0.2618798953125 0.8713910765625 0.2493472578125 0.862204725 0.2352480421875 0.8582677171875 0.23159268906250002 0.8425196843749999 0.22062663124999998 0.8280839890625 0.20443864218750002 0.8280839890625 0.187728459375 0.8202099734375 0.16997389062499998 0.7992125984375 0.1532637078125 0.787401575 0.094255875 0.7782152234375 0.08981723281250001 0.75524934375 0.08276762343750001 0.7401574796875 0.06292428125 0.730971128125 0.047780678124999997 0.7165354328125 0.0159268921875 0.7060367453125 0.0049608359375 0.6902887140625 0 0.6896325453125 0.000261096875 0.9921259843750001 0.4125326375 0.9927821515625 0.423759790625 0.9921259843750001 0.4281984328125 0.9849081359375
0 0.20992167031250003 0.2828083984375 0.21775456875 0.2644356953125 0.2080939953125 0.236220471875 0.2052219328125 0.2395013125 0.2046997390625 0.2460629921875 0.21148825000000002 0.2565616796875 0.2080939953125 0.2598425203125 0.203133159375 0.27624671875 0.205744125 0.28674540625 0.202610965625 0.2959317578125 0.20887728437500003 0.30905511875 0.21305482968749997 0.306430446875 0.20992167031250003 0.2828083984375
0 0.2475195828125 0.32480315000000004 0.2501305484375 0.3156167984375 0.2472584859375 0.30839895 0.23916449062499998 0.31299212656250003 0.2375979109375 0.306430446875 0.238642296875 0.2854330703125 0.2407310703125 0.29855642968749996 0.24360313281249998 0.30183727031249996 0.25143603125 0.2664042 0.254046996875 0.27690288750000003 0.2597911234375 0.279527559375 0.2710182765625 0.2604986875 0.27650130625 0.23490813593749998 0.266579634375 0.23490813593749998 0.267362925 0.24737532812500002 0.26292428125 0.2572178484375 0.25770235 0.24540682343750003 0.25248041718750003 0.25459317656249997 0.2352480421875 0.24934383124999998 0.2292428203125 0.257874015625 0.2292428203125 0.26574803125 0.2255874671875 0.27624671875 0.23394255937500003 0.28674540625 0.23159268906250002 0.2939632546875 0.22715404687500002 0.294619421875 0.2292428203125 0.31299212656250003 0.2323759796875 0.316929134375 0.2308094 0.34580052499999997 0.23942558749999998 0.3438320203125 0.2475195828125 0.3497375328125 0.24908616249999999 0.34580052499999997 0.2475195828125 0.32480315000000004
0 0.31488250624999997 0.24737532812500002 0.318015665625 0.2381889765625 0.3154047 0.22769028906250002 0.31775456874999997 0.220472440625 0.3292428203125 0.2112860890625 0.34229765 0.2112860890625 0.3441253265625 0.20800524999999997 0.343080940625 0.1922572171875 0.33759791093749997 0.188976378125 0.333420365625 0.1771653546875 0.3182767625 0.18635170625 0.28590078281250003 0.183727034375 0.2827676234375 0.1902887140625 0.27859007812500003 0.1824146984375 0.2707571796875 0.19291338593750001 0.25926892968750004 0.194225721875 0.242036553125 0.188976378125 0.2352480421875 0.1955380578125 0.2321148828125 0.1771653546875 0.2287206265625 0.18438320156250002 0.2310704953125 0.2086614171875 0.23577023437500003 0.2020997375 0.23733681406249998 0.2086614171875 0.2472584859375 0.2139107609375 0.251958225 0.20997375312500002 0.2749347265625 0.220472440625 0.2827676234375 0.20472440937499997 0.28590078281250003 0.2375328078125 0.30626631875 0.241469815625 0.309660575 0.26312335937500003 0.312793734375 0.26312335937500003 0.324804178125 0.2565616796875 0.31488250624999997 0.24737532812500002