1 0.353125 0.4671875 0.1 0.14921875
1 0.16640625 0.725 0.10703125 0.10703125
1 0.87890625 0.60546875 0.11796875 0.2359375
1 0.44140625 0.36640625 0.08203125 0.11015625
1 0.51015625 0.246875 0.05703125 0.07265625
1 0.0390625 0.046875 0.075 0.09375
1 0.2421875 0.4046875 0.05625 0.06640625
1 0.2984375 0.4125 0.0484375 0.053125
1 0.85390625 0.4046875 0.0296875 0.046875
1 0.184375 0.45546875 0.0546875 0.059375
0 0.7470173531250001 0 0.7377982640625 0.0012345671875000001 0.7299349234375 0.0154320984375 0.7304772234375 0.0376543203125 0.726681128125 0.0574074078125 0.729121475 0.06913580312499999 0.7529826468749999 0.07283950624999999 0.76518438125 0.09567901250000001 0.7768438171875001 0.130864196875 0.7958242953125 0.13703703750000001 0.8039587859375 0.14691357968750002 0.80775488125 0.1481481484375 0.81751626875 0.1395061734375 0.825650759375 0.12098765468749999 0.8375813453125 0.11851851875 0.8457158343750001 0.1111111109375 0.8652386109375 0.11851851875 0.8744577 0.1382716046875 0.8896420828125 0.150617284375 0.8945227765625001 0.1481481484375 0.9053687640625 0.130864196875 0.9254338390625 0.12222222187500001 0.9438720171874999 0.12098765468749999 0.9547180046875001 0.1296296296875 0.9617678953125001 0.141975309375 0.9726138828125 0.14444444375 0.9829175703124999 0.1604938265625 1 0.172222221875 0.99972885 0 0.7470173531250001 0
0 0.15319956562499998 0.1975308640625 0.1550976140625 0.18827160468749998 0.154284165625 0.1753086421875 0.14099783125 0.1697530859375 0.1447939265625 0.1611111109375 0.1420824296875 0.1524691359375 0.1445227765625 0.140740740625 0.1499457703125 0.1543209875 0.1569956609375 0.1604938265625 0.159164859375 0.1604938265625 0.16187635625000002 0.149382715625 0.16106290625 0.1611111109375 0.1656724515625 0.1617283953125 0.169468546875 0.1432098765625 0.1754338390625 0.1382716046875 0.1857375265625 0.1382716046875 0.187635575 0.1623456796875 0.19224511875 0.16790123437499999 0.195227765625 0.1648148140625 0.19685466406250002 0.1475308640625 0.19224511875 0.1382716046875 0.187093275 0.13641975312500002 0.1892624734375 0.1166666671875 0.1881778734375 0.10679012343750001 0.19224511875 0.1061728390625 0.1941431671875 0.0981481484375 0.19224511875 0.086419753125 0.17814533593749998 0.0802469140625 0.16675705000000002 0.0802469140625 0.1651301515625 0.08395061718749999 0.16187635625000002 0.0790123453125 0.11740780937499999 0.0790123453125 0.1076464203125 0.0753086421875 0.10222342656250001 0.0629629625 0.0978850328125 0.0629629625 0.0946312359375 0.067901234375 0.086496746875 0.06913580312499999 0.0794468546875 0.0790123453125 0.0745661609375 0.0740740734375 0.0561279828125 0.09012345625 0.0349783078125 0.086419753125 0.0246746203125 0.1024691359375 0.0111171359375 0.104938271875 0.0040672453125 0.0987654328125 0 0.1030864203125 0.00027115 0.177777778125 0.00515184375 0.176543209375 0.008405640624999999 0.18148148125000002 0.0197939265625 0.1666666671875 0.023590021875 0.1740740734375 0.028470715624999997 0.17283950625 0.030911062500000003 0.17839506249999998 0.032809110937500004 0.1975308640625 0.05775488125 0.1975308640625 0.0631778734375 0.20246913593750002 0.065075921875 0.1981481484375 0.0631778734375 0.1888888890625 0.057212581250000005 0.196296296875 0.04690889375 0.195061728125 0.04229935 0.17962962968750001 0.0455531453125 0.172222221875 0.048535792187499996 0.141975309375 0.0531453359375 0.1438271609375 0.055314534375 0.163580246875 0.05938177812499999 0.16790123437499999 0.061279826562499994 0.1524691359375 0.059652928125000004 0.1425925921875 0.06697397031249999 0.13703703750000001 0.070770065625 0.1432098765625 0.075650759375 0.1395061734375 0.07809110625 0.1438271609375 0.0770065078125 0.1611111109375 0.07890455468749999 0.1654320984375 0.081344903125 0.1611111109375 0.08080260312500001 0.1438271609375 0.08324295000000001 0.141975309375 0.086496746875 0.1617283953125 0.09896963125 0.1617283953125 0.10927331874999999 0.169135803125 0.11415401249999999 0.1654320984375 0.11550976093750001 0.1697530859375 0.09842733125 0.1753086421875 0.085954446875 0.17283950625 0.08270065 0.177777778125 0.0799891546875 0.17283950625 0.0745661609375 0.1753086421875 0.0737527109375 0.199382715625 0.07890455468749999 0.2123456796875 0.086496746875 0.1987654328125 0.095715834375 0.204938271875 0.106561821875 0.1975308640625 0.10981561875000001 0.2061728390625 0.11415401249999999 0.2012345671875 0.121746203125 0.208641975 0.1241865515625 0.199382715625 0.12472885 0.1759259265625 0.12988069375 0.1654320984375 0.1336767890625 0.16419753125 0.13665943593750002 0.172222221875 0.14045553125000002 0.208024690625 0.142624728125 0.21296296250000002 0.1494034703125 0.196296296875 0.15319956562499998 0.1975308640625
0 0 0.53271605 0.0111171359375 0.5456790125000001 0.01599783125 0.54444444375 0.0317245125 0.51728395 0.0414859 0.5135802468749999 0.062364425 0.536419753125 0.0634490234375 0.554938271875 0.06832971875 0.5697530859375 0.06778741875 0.609259259375 0.0664316703125 0.6123456796875 0.0631778734375 0.6061728390625001 0.0531453359375 0.6413580249999999 0.056399132812499995 0.6524691359375 0.058839479687499995 0.6777777781250001 0.07022776562500001 0.67283950625 0.075921909375 0.6623456796875 0.07809110625 0.645061728125 0.075379609375 0.5981481484375 0.07836225625 0.591358025 0.085412146875 0.59012345625 0.091377440625 0.58148148125 0.0946312359375 0.5567901234375 0.12066160468750001 0.549382715625 0.1266268984375 0.5543209874999999 0.12988069375 0.5666666671875 0.13584598750000001 0.5679012343750001 0.1494034703125 0.5654320984375001 0.1607917578125 0.5469135796875 0.17434924062499998 0.5802469140625 0.1808568328125 0.586419753125 0.184652928125 0.5962962968750001 0.1860086765625 0.5845679015624999 0.18275488125 0.5722222218749999 0.195498915625 0.5654320984375001 0.20037960937500002 0.5555555562500001 0.2041757046875 0.5703703703125 0.21610629062500003 0.5666666671875 0.2220715828125 0.5827160499999999 0.232104121875 0.5969135796875 0.23373101875 0.6166666671875001 0.232104121875 0.6549382718750001 0.21854663749999997 0.6932098765625 0.21963123593749997 0.7018518515625 0.22478307968750003 0.7111111109375 0.242678959375 0.7197530859375 0.26545553125 0.7197530859375 0.270336225 0.713580246875 0.2871475046875 0.7123456796875 0.294197396875 0.7246913578124999 0.3240238609375 0.7185185187500001 0.341377440625 0.7209876546875 0.3451735359375 0.7296296296875 0.3576464203125 0.7283950625 0.3684924078125 0.7530864203125 0.377169196875 0.7543209875 0.3844902390625 0.76728395 0.38042299375 0.78271605 0.372830803125 0.7851851859375001 0.37039045625 0.7969135796875 0.3657809109375 0.803703703125 0.3549349234375 0.8098765437500001 0.340835140625 0.8098765437500001 0.331073753125 0.8 0.325650759375 0.7888888890625 0.3213123640625 0.8061728390624999 0.31100867656250003 0.8135802468750001 0.2898590015625 0.8086419749999999 0.270878525 0.795061728125 0.262744034375 0.8012345671875 0.258134490625 0.7956790125000001 0.25515184375 0.77283950625 0.25027115 0.777777778125 0.247559653125 0.767901234375 0.23834056406249998 0.769135803125 0.23698481562499998 0.8166666671874999 0.231832971875 0.8333333328125001 0.22125813437500003 0.8388888890624999 0.22451193125 0.9203703703125001 0.21963123593749997 0.9290123453125 0.2147505421875 0.9475308640625 0.21854663749999997 0.9648148140625 0.2117678953125 0.9925925921875001 0.2177331890625 0.995061728125 0.2226138828125 0.991358025 0.22396963125 0.9820987656250001 0.22071583437500003 0.9697530859375 0.22071583437500003 0.9598765437500001 0.231290671875 0.9481481484375 0.23291757031250002 0.967901234375 0.247017353125 0.96419753125 0.262744034375 0.9703703703125001 0.2697939265625 0.996296296875 0.382592190625 0.996296296875 0.41024945781250005 0.9753086421875 0.4281453359375 0.976543209375 0.4460412140625 0.9629629625 0.481832971875 0.9703703703125001 0.4894251625 0.9802469140625 0.49430585625 0.996296296875 0.52657266875 0.9956790124999999 0.6702819953125 0.991975309375 0.6076464203125 0.9629629625 0.560466378125 0.950617284375 0.5458242953125 0.940740740625 0.5300976140625 0.9382716046875 0.5271149671875001 0.95 0.5241323203125 0.9518518515625001 0.51599783125 0.9246913578125 0.50569414375 0.9123456796875 0.47885032499999997 0.9104938265625 0.48671366562499996 0.896296296875 0.502440346875 0.8925925921875001 0.5043383953125 0.8870370375000001 0.50542299375 0.8598765437500001 0.50542299375 0.8438271609375001 0.50027115 0.823456790625 0.49810195156250003 0.8222222218749999 0.49484815624999995 0.8320987656250001 0.4894251625 0.8308641968750001 0.4804772234375 0.8129629625 0.48237527187499996 0.78271605 0.5035249453125 0.7839506171874999 0.517624728125 0.7790123453125 0.5238611718749999 0.746296296875 0.5260303687500001 0.7117283953125 0.5309110625 0.6932098765625 0.5376898046874999 0.6839506171874999 0.5691431671875 0.68148148125 0.5772776578125 0.6975308640625 0.5851409984375 0.6845679015624999 0.5921908890625 0.6611111109375 0.5938177875 0.645061728125 0.5924620390625 0.6395061734375 0.5729392625 0.61728395 0.56832971875 0.6166666671875001 0.5737527109375 0.609259259375 0.56832971875 0.599382715625 0.5726681124999999 0.590740740625 0.5688720171874999 0.5796296296875 0.5742950109375 0.56728395 0.580260303125 0.5203703703125 0.5848698484375 0.508641975 0.6005965296875 0.49506172812499993 0.6136117140625 0.49506172812499993 0.6212039046875 0.49012345625 0.63015184375 0.45617283906250006 0.627711496875 0.4432098765625 0.6155097609375 0.43395061718749994 0.6155097609375 0.42283950625 0.6236442515625 0.4117283953125 0.6171366593750001 0.40432098749999995 0.6160520609375 0.3932098765625 0.6057483734375 0.36728394999999997 0.6068329718750001 0.3487654328125 0.604392625 0.34444444375 0.5981561828124999 0.3574074078125 0.585683296875 0.4018518515625 0.5875813453125 0.4148148140625 0.5949023859375 0.4203703703125 0.585954446875 0.42469135781249995 0.5848698484375 0.41728395 0.5851409984375 0.4290123453125 0.57863340625 0.43395061718749994 0.5742950109375 0.490740740625 0.5677874187499999 0.500617284375 0.564533621875 0.52283950625 0.559652928125 0.5314814812499999 0.5558568328125 0.5611111109375 0.5509761390625 0.5722222218749999 0.5466377437500001 0.6018518515625 0.5363340562500001 0.6413580249999999 0.5195227765625 0.680864196875 0.5173535796875 0.6981481484375001 0.5086767890624999 0.7154320984375 0.5070498921875 0.741358025 0.48291757031250004 0.741975309375 0.47722342656250005 0.7339506171875 0.47180043437499997 0.7154320984375 0.47505422968750005 0.6882716046875 0.48318872031250004 0.6709876546875 0.486442515625 0.6549382718750001 0.4983731015625 0.6339506171875 0.5040672453124999 0.6111111109375 0.51518438125 0.5981481484375 0.51518438125 0.44259259218749997 0.517624728125 0.43827160468750004 0.518438178125 0.441358025 0.5189804765625 0.527777778125 0.5219631234375 0.558024690625 0.5249457703125 0.54012345625 0.53687635625 0.50555555625 0.5512472890625 0.4876543203125 0.5558568328125 0.47592592656250005 0.559652928125 0.45617283906250006 0.559652928125 0.4290123453125 0.5791757046875 0.40308642031249997 0.606290671875 0.3129629625 0.606290671875 0.21419753125000002 0.6081887203125 0.20987654375 0.6100867671875 0.21419753125000002 0.60954446875 0.26358024687500003 0.611713665625 0.29444444375 0.6220173531250001 0.2783950625 0.6236442515625 0.16604938281249998 0.62527115 0.17839506249999998 0.62472885 0.2783950625 0.627711496875 0.286419753125 0.654284165625 0.296296296875 0.6561822125 0.3203703703125 0.6629609546874999 0.3296296296875 0.70254880625 0.33703703749999997 0.7253253796875 0.3469135796875 0.7909436015625 0.35555555625 0.8164316703125 0.35555555625 0.8278199562499999 0.350617284375 0.8240238609375 0.3395061734375 0.8164316703125 0.33703703749999997 0.8085683296875 0.32160493749999997 0.809652928125 0.2932098765625 0.80694143125 0.28209876562499997 0.80694143125 0.26728395 0.814804771875 0.24444444375000002 0.8267353578125001 0.23827160468750003 0.8327006499999999 0.24197530937499998 0.83866594375 0.23333333281250002 0.83812364375 0.22098765468749998 0.8327006499999999 0.2148148140625 0.8017895875000001 0.208641975 0.729663775 0.204938271875 0.6992950109375 0.195061728125 0.643438178125 0.19382716093750002 0.6361171359375 0.17962962968750001 0.64045553125 0.172222221875 0.642624728125 0.1524691359375 0.6415401296875001 0.12530864218749999 0.6390997828125 0.11604938281249999 0.627711496875 0.12345679062499999 0.6241865515625 0.1376543203125 0.616865509375 0.1481481484375 0.601681128125 0.150617284375 0.6024945765624999 0.1611111109375 0.6000542296875 0.1666666671875 0.596258134375 0.1666666671875 0.5943600874999999 0.1623456796875 0.5954446859375 0.14876543281250001 0.604663775 0.1339506171875 0.6060195234375 0.11604938281249999 0.5908351406250001 0.10987654375 0.559381778125 0.10987654375 0.45200650781249996 0.0925925921875 0.439533621875 0.0975308640625 0.435195228125 0.104938271875 0.4270607375 0.104938271875 0.4257049890625 0.108024690625 0.43112798281250003 0.13148148125 0.4389913234375 0.1432098765625 0.4595986984375 0.1382716046875 0.4758676796875 0.14567901249999998 0.4986442515625 0.14444444375 0.502440346875 0.1530864203125 0.5062364421875001 0.14691357968750002 0.5138286328125 0.14691357968750002 0.517624728125 0.1654320984375 0.52575921875 0.16790123437499999 0.5328091109375 0.1432098765625 0.5452819953125 0.1395061734375 0.5563991328125 0.1574074078125 0.560195228125 0.1697530859375 0.560195228125 0.1845679015625 0.5534164859375 0.21728394999999998 0.5425704984374999 0.21358024687500002 0.5401301515625 0.2166666671875 0.5379609546874999 0.2512345671875 0.5295553140625 0.28148148125 0.48454446874999996 0.276543209375 0.4799349234375 0.26851851875 0.4859002171875 0.21419753125000002 0.4802060734375 0.20987654375 0.46556399062500003 0.21358024687500002 0.439533621875 0.21111111093749999 0.435195228125 0.20370370312500002 0.4270607375 0.20740740781250003 0.424078090625 0.2154320984375 0.42434924062499996 0.2604938265625 0.42055314531250004 0.25555555625 0.414587853125 0.259259259375 0.4099783078125 0.2512345671875 0.40943600937499997 0.24259259218749998 0.4064533625 0.240740740625 0.403470715625 0.25 0.4072668109375 0.253703703125 0.41241865468750005 0.2753086421875 0.42136659375 0.2833333328125 0.424891540625 0.30987654375 0.4362798265625 0.3148148140625 0.4514642078125 0.3024691359375 0.460683296875 0.313580246875 0.48400216875 0.3246913578125 0.4861713671875 0.33209876562499996 0.4758676796875 0.3382716046875 0.4644793921875 0.3703703703125 0.4571583515625 0.3783950625 0.45444685468749996 0.3932098765625 0.4549891546875 0.4117283953125 0.47424078124999997 0.42469135781249995 0.49810195156250003 0.42716049375000004 0.49945769999999995 0.4388888890625 0.46936008749999997 0.4395061734375 0.4644793921875 0.43333333281249997 0.450921909375 0.43456790156249997 0.43194143125 0.42592592656250006 0.40699566093749995 0.42222222187499997 0.40455531406249995 0.43271604999999996 0.4050976140625 0.45617283906250006 0.4002169203125 0.48703703750000005 0.37472885 0.5290123453125 0.37472885 0.546296296875 0.372830803125 0.550617284375 0.354392625 0.54444444375 0.33866594375000003 0.5456790125000001 0.32619305781249996 0.5333333328125 0.31860086718749997 0.5382716046875 0.30667028125 0.5370370375 0.30178958749999996 0.532098765625 0.2811822125 0.5283950625 0.279013015625 0.523456790625 0.2752169203125 0.5296296296875 0.2700650765625 0.526543209375 0.2640997828125 0.4882716046875 0.26545553125 0.4617283953125 0.2752169203125 0.459259259375 0.27928416562499997 0.46481481406249997 0.28091106250000003 0.48456790156249996 0.278199565625 0.500617284375 0.279013015625 0.5160493828125 0.2871475046875 0.5160493828125 0.2904013015625 0.5209876546875 0.294739696875 0.5148148140625 0.30178958749999996 0.523456790625 0.3061279828125 0.5111111109375 0.3107375265625 0.509259259375 0.3061279828125 0.5074074078125 0.3036876359375 0.500617284375 0.315075921875 0.47345679062499996 0.3091106296875 0.46481481406249997 0.325108459375 0.4604938265625 0.34327548750000003 0.4290123453125 0.32781995625000004 0.4209876546875 0.3218546640625 0.42345679062499997 0.31751626875 0.43333333281249997 0.31100867656250003 0.43827160468750004 0.2828091109375 0.43827160468750004 0.2746746203125 0.4197530859375 0.25081344843750003 0.42839506250000003 0.2494577 0.4388888890625 0.2513557484375 0.44197530937499996 0.257863340625 0.43333333281249997 0.2638286328125 0.43333333281249997 0.26518438125 0.4376543203125 0.26518438125 0.45 0.2603036875 0.463580246875 0.2603036875 0.482098765625 0.2540672453125 0.48148148125 0.2513557484375 0.4753086421875 0.2437635578125 0.491358025 0.23888286406249998 0.491358025 0.23291757031250002 0.4987654328125 0.21610629062500003 0.4987654328125 0.20580260312499998 0.491358025 0.184652928125 0.5061728390625 0.1683839484375 0.5049382718750001 0.15319956562499998 0.51728395 0.148861171875 0.503703703125 0.14099783125 0.49691357968750005 0.1418112796875 0.47654320937500005 0.15103036875 0.4753086421875 0.1553687640625 0.46296296249999996 0.164045553125 0.45185185156249996 0.1982104125 0.42222222187499997 0.210683296875 0.4012345671875 0.22885032500000002 0.3845679015625 0.2128524953125 0.37654320937499997 0.21447939218749998 0.3703703703125 0.263286334375 0.3703703703125 0.2692516265625 0.37654320937499997 0.2746746203125 0.39382716093750003 0.2806399125 0.38148148125 0.29148589999999996 0.3790123453125 0.29690889375 0.35802469062500003 0.30775488125 0.349382715625 0.31643167031249997 0.3333333328125 0.3218546640625 0.330864196875 0.34571583437500003 0.2987654328125 0.35330802656250004 0.2987654328125 0.36306941406250004 0.2876543203125 0.3690347078125 0.2938271609375 0.37662689843749997 0.2938271609375 0.387744034375 0.258641975 0.3809652921875 0.258024690625 0.372830803125 0.2395061734375 0.36957700625 0.24444444375000002 0.3603579171875 0.2432098765625 0.3554772234375 0.21728394999999998 0.3451735359375 0.2160493828125 0.341377440625 0.223456790625 0.320770065625 0.2246913578125 0.309381778125 0.20740740781250003 0.2958242953125 0.2246913578125 0.271420825 0.2456790125 0.2589479390625 0.24444444375000002 0.25081344843750003 0.2629629625 0.24430585625 0.2617283953125 0.23942516249999998 0.24814814843750002 0.220986984375 0.2469135796875 0.2180043390625 0.24012345625 0.2169197390625 0.22407407343750002 0.21393709374999997 0.22098765468749998 0.2120390453125 0.22283950625 0.2120390453125 0.24135802499999998 0.215835140625 0.2512345671875 0.21366594375 0.26851851875 0.215835140625 0.28209876562499997 0.2199023859375 0.28395061718750003 0.2226138828125 0.276543209375 0.229663775 0.2716049375 0.23237527187499998 0.2716049375 0.23373101875 0.27716049374999996 0.22369848124999997 0.2888888890625 0.2177331890625 0.2876543203125 0.2169197390625 0.2956790125 0.210683296875 0.308641975 0.1808568328125 0.3283950625 0.1765184375 0.3382716046875 0.1651301515625 0.340740740625 0.1607917578125 0.330864196875 0.1569956609375 0.33703703749999997 0.15319956562499998 0.3283950625 0.1494034703125 0.3333333328125 0.146149675 0.32592592656249997 0.1418112796875 0.3296296296875 0.1130694140625 0.32592592656249997 0.10222342656250001 0.3296296296875 0.09842733125 0.322222221875 0.0940889375 0.3246913578125 0.090835140625 0.31851851875000003 0.0870390453125 0.322222221875 0.062635575 0.3197530859375 0.05938177812499999 0.308641975 0.056670281249999996 0.31851851875000003 0.0376898046875 0.3148148140625 0.0317245125 0.30740740781250003 0.029013015625 0.31234567968750004 0.023590021875 0.3111111109375 0.0200650765625 0.28086419687499997 0.014642082812500002 0.27716049374999996 0.0097613890625 0.25246913593750003 0.00515184375 0.249382715625 0.002711496875 0.253703703125 0.002169196875 0.27716049374999996 0.012472884375 0.2969135796875 0.0094902390625 0.3061728390625 0 0.3104938265625 0.00027115 0.49629629687500004 0.033893709375 0.46296296249999996 0.03606290625 0.4469135796875 0.0460954453125 0.4376543203125 0.047451193749999995 0.42345679062499997 0.0517895875 0.42716049375000004 0.05477223437499999 0.4216049375 0.055043384375000004 0.4024691359375 0.0558568328125 0.4203703703125 0.059924078125 0.42345679062499997 0.0713123640625 0.41234567968749997 0.075379609375 0.4018518515625 0.075108459375 0.391358025 0.07836225625 0.395061728125 0.0821583515625 0.39012345625 0.085954446875 0.39382716093750003 0.091377440625 0.391358025 0.0946312359375 0.396296296875 0.10222342656250001 0.3851851859375 0.11035791718750002 0.3839506171875 0.12283080312500001 0.3703703703125 0.12472885 0.3660493828125 0.1209327546875 0.3574074078125 0.1244577 0.3543209875 0.138015184375 0.35308642031250004 0.145607375 0.3432098765625 0.1529284171875 0.3574074078125 0.14316702812499998 0.3697530859375 0.1420824296875 0.3845679015625 0.13638828593750002 0.403703703125 0.1136117140625 0.4074074078125 0.103850325 0.4209876546875 0.0902928421875 0.42222222187499997 0.086225596875 0.427777778125 0.0829718 0.44753086406250003 0.075108459375 0.4604938265625 0.055043384375000004 0.4703703703125 0.0425704984375 0.46790123437500003 0.028470715624999997 0.477777778125 0.007321040625 0.5012345671875 0 0.5030864203125 0 0.53271605
0 1 0.23765432031249997 0.9943058562499999 0.23333333281250002 0.965563990625 0.2395061734375 0.9647505421875 0.2438271609375 0.9685466375 0.25 0.9669197390625 0.258641975 0.9690889374999999 0.2759259265625 0.9685466375 0.29444444375 0.9539045546875 0.31172839531249996 0.9533622562499999 0.34012345625 0.944956615625 0.340740740625 0.937364425 0.3333333328125 0.9248915406249999 0.3481481484375 0.9232646421874999 0.35802469062500003 0.9183839484374999 0.35925925937500003 0.9148590015625 0.3660493828125 0.91621475 0.3703703703125 0.930314534375 0.367901234375 0.9406182218750001 0.38148148125 0.9482104124999999 0.3802469140625 0.95363340625 0.3703703703125 0.960683296875 0.3802469140625 0.9859002171875 0.3882716046875 0.9896963124999999 0.3845679015625 0.9886117140625 0.37345679062500003 0.9918655093750001 0.345061728125 1 0.326543209375 1 0.23765432031249997
0 0.9067245125 0.36234567968750003 0.898590021875 0.34012345625 0.8991323203125001 0.3302469140625 0.8945227765625001 0.3024691359375 0.8901843812499999 0.303703703125 0.8855748374999999 0.3129629625 0.882863340625 0.32283950625 0.8855748374999999 0.3302469140625 0.8787960953124999 0.3345679015625 0.877440346875 0.3512345671875 0.8706616046875 0.3604938265625 0.8579175703124999 0.32160493749999997 0.8524945765625 0.3129629625 0.8470715828125 0.28209876562499997 0.8454446859375 0.33148148125 0.8508676796874999 0.33888888906250003 0.851138828125 0.3617283953125 0.8630694140624999 0.35802469062500003 0.8706616046875 0.3703703703125 0.90075921875 0.3709876546875 0.9059110625000001 0.3703703703125 0.9067245125 0.36234567968750003
0 0.6171366593750001 0.40308642031249997 0.6149674625 0.39074074062499997 0.6057483734375 0.36728394999999997 0.607375271875 0.3475308640625 0.604392625 0.3456790125 0.59924078125 0.3574074078125 0.5867678953125 0.40555555625000006 0.5924620390625 0.41234567968749997 0.59842733125 0.40493827187500003 0.6011388281250001 0.41234567968749997 0.6138828640625 0.41543209843750006 0.62472885 0.4117283953125 0.6171366593750001 0.40308642031249997
0 0.819956615625 0.64012345625 0.810195228125 0.6351851859375001 0.812093275 0.6296296296875 0.81751626875 0.632098765625 0.819956615625 0.6240740734375 0.8183297187499999 0.6117283953125 0.814533621875 0.608024690625 0.805314534375 0.5722222218749999 0.80694143125 0.536419753125 0.8112798265625001 0.509259259375 0.80775488125 0.5061728390625 0.8039587859375 0.51728395 0.8007049890625 0.5135802468749999 0.7982646421874999 0.4981481484375 0.8036876359375 0.482098765625 0.8007049890625 0.477777778125 0.7909436015625 0.477777778125 0.789045553125 0.48333333281249996 0.793926246875 0.491975309375 0.794197396875 0.5012345671875 0.7800976140625 0.4975308640625 0.7697939265625 0.50987654375 0.7649132328125 0.50987654375 0.7608459875 0.5203703703125 0.7613882859375 0.563580246875 0.7716919734375 0.5956790125 0.7744034703125 0.6240740734375 0.7768438171875001 0.6283950625 0.779284165625 0.599382715625 0.7874186546875 0.573456790625 0.788503253125 0.55987654375 0.7931127984375 0.558024690625 0.7950108453125 0.5623456796874999 0.79718004375 0.57716049375 0.7960954453125 0.6129629624999999 0.8036876359375 0.6475308640625 0.8015184375000001 0.6709876546875 0.8047722343749999 0.67716049375 0.8215835140625 0.6697530859375 0.819956615625 0.64012345625
0 0.8213123640625 0.3802469140625 0.6602494578125 0.3481481484375 0.6556399125000001 0.38333333281250004 0.658351409375 0.40432098749999995 0.6553687640625 0.40987654375 0.6466919734375 0.41111111093749997 0.642624728125 0.4203703703125 0.7150216921875 0.4370370375 0.7177331890625 0.43580246875000006 0.7239696312499999 0.419135803125 0.726409978125 0.4012345671875 0.736713665625 0.396296296875 0.7410520609375 0.38148148125 0.7483731015624999 0.38580246875 0.74972885 0.4074074078125 0.75515184375 0.403703703125 0.7611171359375 0.4061728390625 0.7643709328125 0.3851851859375 0.773590021875 0.3851851859375 0.7809110625 0.4018518515625 0.7874186546875 0.43148148124999997 0.7855206078125 0.449382715625 0.7887744031249999 0.45308642031249996 0.8039587859375 0.4432098765625 0.805314534375 0.4524691359375 0.8085683296875 0.45617283906250006 0.8291757046875 0.4302469140625 0.8213123640625 0.3802469140625
0 0.7196312359375 0.5981481484375 0.726952278125 0.5802469140625 0.7377982640625 0.577777778125 0.747288503125 0.554938271875 0.75 0.5376543203125 0.7494577 0.5216049375 0.7410520609375 0.5074074078125 0.7396963125 0.536419753125 0.737255965625 0.5395061734375 0.7220715828125 0.5160493828125 0.7196312359375 0.509259259375 0.7228850328124999 0.480864196875 0.716106290625 0.4617283953125 0.674349240625 0.45679012343750003 0.648318871875 0.4481481484375 0.64045553125 0.44012345625 0.6396420828125 0.42592592656250006 0.6372017359375 0.45617283906250006 0.6388286328125 0.4709876546875 0.6529284171875 0.508024690625 0.6545553140625 0.5376543203125 0.6502169203125 0.5709876546875 0.6523861171875 0.5833333328125 0.674891540625 0.61851851875 0.6813991328125 0.6012345671875 0.690075921875 0.5962962968750001 0.7011930578125 0.5722222218749999 0.7039045546875 0.553703703125 0.7068872015625 0.5518518515624999 0.7147505421875 0.5796296296875 0.71312364375 0.600617284375 0.7180043390625 0.619135803125 0.720715834375 0.6104938265625 0.7196312359375 0.5981481484375
0 0.021149675 0.2697530859375 0.018438178125 0.254938271875 0.0197939265625 0.2432098765625 0.0244034703125 0.2623456796875 0.0279284171875 0.30123456718749997 0.034436009375 0.296296296875 0.055043384375000004 0.3 0.05938177812499999 0.2938271609375 0.075108459375 0.2925925921875 0.0794468546875 0.2925925921875 0.08270065 0.30123456718749997 0.086496746875 0.28395061718750003 0.0902928421875 0.2938271609375 0.0951735359375 0.29753086406249996 0.0954446859375 0.28580246875 0.09842733125 0.2802469140625 0.0997830796875 0.29444444375 0.106561821875 0.303703703125 0.11090021718750001 0.2938271609375 0.127711496875 0.28148148125 0.145607375 0.2790123453125 0.1575379609375 0.267901234375 0.16160520625000002 0.25740740781250004 0.15319956562499998 0.22716049374999997 0.1418112796875 0.2259259265625 0.137472884375 0.240740740625 0.1336767890625 0.223456790625 0.12011930625 0.2259259265625 0.07890455468749999 0.2148148140625 0.07022776562500001 0.21851851875 0.0637201734375 0.208641975 0.00027115 0.20987654375 0 0.2932098765625 0.01599783125 0.296296296875 0.0200650765625 0.30555555624999997 0.0216919734375 0.29444444375 0.021149675 0.2697530859375
0 0.025216920312500002 0 0.02657266875 0.0117283953125 0.031995660937499996 0.0166666671875 0.0401301515625 0.0006172843750000001 0.025216920312500002 0
0 0.1450650765625 0.0333333328125 0.1475054234375 0.026543209374999998 0.1469631234375 0.006790123437499999 0.154013015625 0.0006172843750000001 0.05748373125 0.0006172843750000001 0.0734815625 0.0259259265625 0.0919197390625 0.0296296296875 0.0946312359375 0.03580246875 0.10249457656250001 0.0351851859375 0.10927331874999999 0.028395062500000002 0.1450650765625 0.0333333328125
0 0.6786876359375 0 0.6762472890625 0.027777778125000003 0.6710954453125 0.037037037499999995 0.668655096875 0.017901234375 0.664316703125 0.009259259374999999 0.669197396875 0.0006172843750000001 0.6602494578125 0 0.65157266875 0.0148148140625 0.645607375 0.0074074078125 0.6396420828125 0.0074074078125 0.6315075921875 0.0148148140625 0.627711496875 0.0259259265625 0.606290671875 0.04012345625 0.6081887203125 0.05308642031250001 0.625 0.04444444375 0.6320498921875 0.05308642031250001 0.6445227765625 0.055555556250000006 0.648318871875 0.04444444375 0.6523861171875 0.045061728125 0.645336225 0.0574074078125 0.6420824296875 0.0697530859375 0.6388286328125 0.108024690625 0.6350325375 0.1166666671875 0.643709328125 0.1302469140625 0.6466919734375 0.1197530859375 0.6559110625 0.1111111109375 0.6599783078125 0.10185185156250001 0.664316703125 0.082098765625 0.67245119375 0.0648148140625 0.6767895875 0.04012345625 0.685195228125 0.0259259265625 0.6892624734374999 0.008024690625 0.6944143171875 0 0.6786876359375 0