1 0.3015625 0.71953125 0.1640625 0.32265625
1 0.35546875 0.45859375 0.08046875 0.13359375
1 0.41171875 0.3203125 0.06484375 0.1
1 0.86171875 0.53828125 0.10234375 0.165625
1 0.690625 0.3828125 0.08515625 0.10390625
1 0.95546875 0.4984375 0.07890625 0.17109375
1 0.2921875 0.92421875 0.12734375 0.1515625
1 0.16328125 0.4046875 0.07890625 0.0875
1 0.4984375 0.421875 0.1328125 0.1390625
1 0.26640625 0.36015625 0.08515625 0.1078125
1 0.60390625 0.9296875 0.146875 0.1359375
1 0.715625 0.54140625 0.14296875 0.21171875
1 0.45234375 0.68984375 0.0671875 0.15703125
1 0.059375 0.1984375 0.06875 0.08359375
1 0.9171875 0.3390625 0.10390625 0.10546875
1 0.63203125 0.30078125 0.0703125 0.08359375
1 0.28125 0.47421875 0.08515625 0.125
1 0.77734375 0.96328125 0.32734375 0.071875
1 0.1828125 0.496875 0.08828125 0.12109375
1 0.79609375 0.55625 0.11015625 0.22265625
1 0.9546875 0.2015625 0.08984375 0.09609375
1 0.09375 0.39296875 0.0671875 0.1140625
1 0.5984375 0.61796875 0.13671875 0.1796875
1 0.9453125 0.909375 0.109375 0.18125
1 0.21015625 0.31953125 0.05 0.08125
1 0.13828125 0.31015625 0.04609375 0.0640625
1 0.60546875 0.325 0.08125 0.0734375
1 0.203125 0.246875 0.05 0.0515625
1 0.178125 0.1734375 0.0484375 0.05546875
1 0.371875 0.2359375 0.04296875 0.04140625
1 0.609375 0.165625 0.02265625 0.034375
1 0.778125 0.228125 0.03671875 0.0421875
1 0.3140625 0.21171875 0.03046875 0.034375
1 0.6234375 0.228125 0.034375 0.04765625
0 0.43180369687500003 0.593830334375 0.4356277890625 0.5822622109375 0.440407903125 0.5777634968750001 0.434671765625 0.56233933125 0.43530911406249995 0.5482005140624999 0.4515615046875 0.52956298125 0.46239643125 0.5385604109375 0.466857871875 0.52956298125 0.47833014687500003 0.5359897171875 0.47737412343749996 0.563624678125 0.48279158750000006 0.569408740625 0.48502230781250005 0.509640103125 0.4831102609375 0.4942159390625 0.47833014687500003 0.4845758359375 0.4713193109375 0.48071979374999996 0.4471000640625 0.44601542343749995 0.4292543015625 0.430591259375 0.4235181640625 0.41516709531249996 0.420331421875 0.41902313593749996 0.4165073296875 0.41002570625 0.4123645640625 0.4530848328125 0.411089865625 0.5237789203125 0.41363926093750003 0.586760925 0.4149139578125 0.602185090625 0.41746335312499994 0.6034704375 0.4235181640625 0.5912596406249999 0.43180369687500003 0.593830334375
0 0.6558317406249999 0.5494858609375 0.6370299546875 0.547557840625 0.632249840625 0.5302056562499999 0.6328871890625 0.5212082265625 0.63639260625 0.5141388171875 0.6548757171874999 0.503856040625 0.655194390625 0.48264781562500003 0.6593371578125 0.474293059375 0.6711281078125 0.465938303125 0.6724028046875 0.44922879218749995 0.6768642453125 0.435089975 0.6688973875 0.42673521875000003 0.6593371578125 0.4215938296875 0.6564690890625 0.4286632390625 0.6571064375 0.444087403125 0.652963671875 0.45501285312500006 0.6223709375 0.457583546875 0.6128107078125 0.4691516703125 0.5968769921875 0.4640102828125 0.585404715625 0.44087403593749996 0.5803059265625 0.43701799531249996 0.5736137671875 0.44537275000000004 0.57010835 0.47557840625000003 0.5401529640625 0.4781491 0.4904397703125 0.4922879171875 0.48820905000000003 0.4993573265625 0.48820905000000003 0.5520565546875 0.4904397703125 0.56812339375 0.4980879546875 0.569408740625 0.504461440625 0.5488431874999999 0.511472275 0.5437018 0.5274059906249999 0.54627249375 0.533779478125 0.5552699234375 0.5713830468750001 0.528277634375 0.604525175 0.5449871468749999 0.6459528359375 0.5886889453124999 0.65391969375 0.5919023140624999 0.6558317406249999 0.586760925 0.6558317406249999 0.5494858609375
0 0 0.63303341875 0.0184831109375 0.634318765625 0.030592734375000003 0.77956298125 0.042065009375000004 0.792416453125 0.04971319375 0.8309768640625 0.0484384953125 0.84511568125 0.040152964062500004 0.863110540625 0.039515615625 0.8862467859375001 0.0414276609375 0.9093830328125 0.051625239062499995 0.9505141390625 0.05481198281250001 0.98907455 0.069789675 0.9974293062499999 0.2014021671875 0.9967866328125 0.20331421249999998 0.9723650390625 0.20076481875000002 0.960796915625 0.18610580000000002 0.94280205625 0.184831103125 0.9145244218749999 0.1803696625 0.9183804625 0.1835564046875 0.87210796875 0.1822817078125 0.843830334375 0.17718291875 0.8206940875000001 0.1720841296875 0.8116966578125 0.170172084375 0.7911311046875 0.15678776249999998 0.7667095109375001 0.152326321875 0.75 0.146590184375 0.72043701875 0.14212874375 0.6574550125 0.14499681250000002 0.6542416453125 0.15391969375 0.67095115625 0.1685787125 0.6812339328125 0.17813894218749998 0.715938303125 0.19279796093749998 0.715938303125 0.1956660296875 0.7101542421875 0.196303378125 0.697300771875 0.19120458906249999 0.680591259375 0.19120458906249999 0.6535989718749999 0.1943913328125 0.626606684375 0.19789675 0.61696658125 0.2055449328125 0.6105398453124999 0.21701720781249997 0.6105398453124999 0.239961759375 0.6259640109375 0.2699171453125 0.56812339375 0.2769279796875 0.5604113109375 0.28648820937499997 0.566838046875 0.29732313593750004 0.5861182515625 0.31771829218750003 0.6092544984375 0.3291905671875 0.6015424171875 0.34576163125 0.6015424171875 0.3495857234375 0.6066838046874999 0.3546845125 0.6015424171875 0.364882090625 0.6182519281250001 0.40439770625 0.6053984578125 0.40854047187500003 0.5739074546875 0.4059910765625 0.4299485859375 0.40854047187500003 0.40295629843749997 0.4005736140625 0.37789203125 0.3871892921875 0.3676092546875 0.3789037609375 0.354755784375 0.364563415625 0.346401028125 0.3639260671875 0.40552699218750005 0.3776290625 0.43187660625 0.39260675625 0.441516709375 0.397068196875 0.48393316249999996 0.3957934984375 0.5019280203125 0.39228808125 0.5064267359375 0.367431484375 0.5128534703125001 0.36042065 0.5102827765625 0.3304652640625 0.520565553125 0.3275971953125 0.5250642671875 0.3263224984375 0.5469151671875 0.3202676859375 0.5539845765625 0.2915869984375 0.5629820046875 0.2826641171875 0.5488431874999999 0.2667304015625 0.547557840625 0.26449968125 0.53277635 0.2565328234375 0.525706940625 0.24187380468750003 0.4871465296875 0.2189292546875 0.48971722343749996 0.21414913906250002 0.49807197968750005 0.216698534375 0.5212082265625 0.2128744421875 0.531491003125 0.213511790625 0.561053984375 0.2071383046875 0.5661953734375 0.20427023593750002 0.5886889453124999 0.19471000624999998 0.593830334375 0.16539196875 0.59511568125 0.1618865515625 0.5893316203125 0.1609305296875 0.569408740625 0.1507329515625 0.5706940875 0.1472275328125 0.56233933125 0.1344805609375 0.492930590625 0.13065646875 0.4505141390625 0.12205226250000001 0.4447300765625 0.108986615625 0.4569408734375 0.10994263906249999 0.471722365625 0.11822817031249999 0.47557840625000003 0.12364563437500001 0.48393316249999996 0.12364563437500001 0.5083547562499999 0.12205226250000001 0.5154241640625 0.11185468437499999 0.5167095109375001 0.1070745703125 0.5224935734375 0.106437221875 0.5302056562499999 0.11153601093750001 0.5494858609375 0.106118546875 0.5835475578125 0.092734225 0.5874035984375 0.083173996875 0.598971721875 0.0672402796875 0.593830334375 0.0589547484375 0.59511568125 0.051306564062500004 0.6028277640625 0.044933078125 0.598971721875 0.0239005734375 0.6066838046874999 0.013384321874999999 0.5713367609375 0 0.558483290625 0 0.63303341875
0 0.2970044609375 0.2615681234375 0.283301465625 0.2455012859375 0.2794773734375 0.23521850937500002 0.26481835625 0.2210796921875 0.2625876359375 0.22557840625 0.2625876359375 0.25257069374999996 0.2638623328125 0.270565553125 0.267686425 0.2769922875 0.2915869984375 0.2686375328125 0.2970044609375 0.2615681234375
0 0.3499043984375 0.324550128125 0.3393881453125 0.314910025 0.312619503125 0.2776349609375 0.30943275937500003 0.2686375328125 0.3043339703125 0.2686375328125 0.3033779484375 0.32326478125 0.31230082812500004 0.33611825156249997 0.31230082812500004 0.35411311093750003 0.325366475 0.3753213375 0.3374761 0.3856041125 0.350223071875 0.384318765625 0.35755258125 0.39267352187500004 0.3556405359375 0.3425449875 0.3499043984375 0.324550128125
0 0.77055449375 0.463367609375 0.7724665390625 0.4235218515625 0.7708731671875 0.4125964015625 0.7670490765625 0.4113110546875 0.7625876359375 0.4293059125 0.7447418734375 0.4383033421875 0.7141491390625 0.43958868906250004 0.7112810703125 0.44537275000000004 0.710643721875 0.4517994859375 0.7186105796875 0.4601542421875 0.737093690625 0.474293059375 0.7495219890625 0.4775064265625 0.7581261953125 0.4652956296875 0.77055449375 0.463367609375
0 1 0.38881748125 0.969725940625 0.3727506421875 0.9652645 0.3727506421875 0.9582536640624999 0.38303341875 0.9416826 0.3894601546875 0.9130019125000001 0.3933161953125 0.870936903125 0.380462725 0.8556405359375001 0.3984575828125 0.8123008281249999 0.402313625 0.80528999375 0.41902313593749996 0.7957297640625 0.41388174843750003 0.7880815812499999 0.425449871875 0.780433396875 0.4164524421875 0.7756532828125 0.44023136249999995 0.77629063125 0.46465295624999997 0.7925430203125 0.4730077125 0.8072020390624999 0.4910025703125 0.8126195031250001 0.490359896875 0.8180369656250001 0.482005140625 0.853091140625 0.457583546875 0.8734862968750001 0.45886889531249997 0.88081580625 0.42095115625 0.8900573609375 0.402313625 0.9015296359375 0.4293059125 0.90981516875 0.41902313593749996 0.9181007015624999 0.4421593828125 0.9340344171874999 0.44601542343749995 0.937858509375 0.4203084828125 0.942957296875 0.4344473 0.957616315625 0.4344473 0.9652645 0.44087403593749996 0.9786488203125 0.43958868906250004 0.9952198859375001 0.42673521875000003 1 0.42095115625 1 0.38881748125
0 0.72402804375 0.697300771875 0.7300828546875 0.6825192796875 0.73550031875 0.6793059125 0.7348629703125 0.6625964015625 0.6708094328125 0.59511568125 0.6618865515625 0.59511568125 0.65965583125 0.602185090625 0.6660293187499999 0.6137532140624999 0.6685787125 0.630462725 0.669853409375 0.67673521875 0.681644359375 0.691516709375 0.6899298921875 0.6838046265625 0.6988527718750001 0.6838046265625 0.7068196296875 0.6960154234375 0.713830465625 0.721722365625 0.71829190625 0.7230077125000001 0.722115996875 0.7152956296874999 0.72402804375 0.697300771875
0 0.63671128125 0.846401028125 0.6513703 0.7911311046875 0.63957935 0.786632390625 0.577119184375 0.69537275 0.547801146875 0.6683804624999999 0.546207775 0.68187660625 0.5678776296875 0.726863753125 0.5678776296875 0.7602827765625 0.5592734218750001 0.7724935734375 0.5369662203125001 0.7802056562499999 0.5340981515625 0.7834190234375 0.5340981515625 0.7898457578125 0.559592096875 0.8104113109375 0.562141490625 0.8206940875000001 0.562141490625 0.846401028125 0.5650095609375 0.8534704375000001 0.60771191875 0.8650385609375 0.6198215421875 0.8804627249999999 0.6335245375 0.890102828125 0.639898025 0.8798200515625 0.63671128125 0.846401028125
0 0.9012109625000001 0.9029562984374999 0.8932441046875 0.8958868890625 0.8868706187500001 0.88303341875 0.87476099375 0.8727506421875001 0.870936903125 0.8740359890624999 0.8556405359375001 0.857326478125 0.8362014015625 0.821979434375 0.8311026125 0.800128534375 0.8234544296875 0.7911311046875 0.8250478015624999 0.7853470437500001 0.829827915625 0.7834190234375 0.8314212875000001 0.7737789203125 0.8362014015625 0.770565553125 0.8387507968750001 0.7448586125000001 0.8438495859374999 0.746143959375 0.8451242828125001 0.72557840625 0.8358827281250001 0.7120822625 0.8193116640625 0.7056555265625 0.8170809437500001 0.75257069375 0.8132568515624999 0.767994859375 0.818355640625 0.7769922874999999 0.8177182921874999 0.8129820046875 0.8084767375 0.8290488437500001 0.7842574890625 0.8419023140625 0.7813894203125 0.848971721875 0.7788400249999999 0.88881748125 0.81676226875 0.9344473000000001 0.8486297 0.9357326484374999 0.8986615671875 0.9466580984374999 0.9012109625000001 0.9312339328125001 0.9012109625000001 0.9029562984374999