1 0.77109375 0.09609375 0.09765625 0.11875
1 0.94921875 0.09296875 0.10078125 0.14765625
1 0.53203125 0.1328125 0.15234375 0.21328125
1 0.78984375 0.346875 0.15 0.1875
1 0.9234375 0.16484375 0.09453125 0.1109375
1 0.83984375 0.1359375 0.09140625 0.12734375
1 0.6953125 0.03984375 0.0640625 0.07890625
1 0.8546875 0.028125 0.05625 0.05625
1 0.41015625 0.1234375 0.08515625 0.153125
1 0.73515625 0.2328125 0.0796875 0.140625
0 0.8161945812500001 0.993834771875 0.8171182265624999 0.9858199750000001 0.8152709359375001 0.9771886562500001 0.8038793109375 0.9580764484375001 0.7934113296875 0.950678175 0.77616995 0.9543773124999999 0.7657019703125 0.9482120843749999 0.7635467984375001 0.934032059375 0.7660098515625 0.92786683125 0.7660098515625 0.9118372375 0.7607758625 0.9025893953124999 0.721982759375 0.9001233046875001 0.707820196875 0.886559803125 0.65116995 0.8803945750000001 0.6480911328125 0.8729963015625 0.6437807875 0.8717632546875 0.6314655171875 0.84340320625 0.6228448281250001 0.837237978125 0.61791871875 0.8273736125 0.597598521875 0.8175092484375 0.5911330046875001 0.8008631312500001 0.5877463046875 0.781750925 0.575431034375 0.7805178796875001 0.5655788171875 0.7879161531250001 0.5615763546875 0.8033292234375 0.5489532015624999 0.8261405671875 0.5267857140625 0.8273736125 0.5138546796875 0.8199753390625 0.487376846875 0.7829839703125 0.465209359375 0.759556103125 0.452278325 0.76572133125 0.43626847343749997 0.759556103125 0.422721675 0.7607891484375 0.4141009859375 0.7546239203125 0.39809113281249997 0.7324290999999999 0.358066503125 0.7188655984375 0.3479064046875 0.7009864359375 0.34113300468749996 0.6602959312500001 0.3346674875 0.652281134375 0.3245073890625 0.6282367453125 0.3263546796875 0.604808878125 0.3205049265625 0.586929715625 0.3063423640625 0.5733662140625 0.2971059109375 0.5733662140625 0.2817118234375 0.5893958078125 0.270628078125 0.594327990625 0.2641625609375 0.5838471015625 0.2635467984375 0.55795314375 0.25892857187499996 0.5302096171875 0.2506157640625 0.53329223125 0.24630541875 0.55795314375 0.2616995078125 0.5949445124999999 0.2641625609375 0.6183723796875 0.2604679796875 0.6368680640625 0.2466133 0.6646115906250001 0.231834975 0.683107275 0.2182881765625 0.685573365625 0.20412561562499998 0.6695437734375 0.19858374375 0.6720098640625001 0.1958128078125 0.6775585703125 0.193349753125 0.699753390625 0.1868842359375 0.7065351421875 0.17949507343749999 0.7250308265625 0.1604064046875 0.734895190625 0.15270935937500002 0.724414303125 0.1465517234375 0.691122071875 0.15086206875 0.6602959312500001 0.145628078125 0.6448828609375 0.1333128078125 0.64241676875 0.11853448281250001 0.62145499375 0.0908251234375 0.6263871765625 0.0785098515625 0.602959309375 0.0705049265625 0.59679408125 0.062192118750000004 0.5813810109374999 0.0523399015625 0.5456226875 0.051108375 0.5246609125 0.0323275859375 0.50184956875 0.018165025 0.49815043125 0 0.51602959375 0.00030788125 0.9963008625 0.446428571875 0.99815043125 0.788485221875 0.997533909375 0.8161945812500001 0.993834771875
0 0.44735221718749996 0.49321824843749995 0.45535714218749995 0.4747225640625 0.46798029531249996 0.4642416765625 0.46736453125 0.4556103578125 0.45935960624999994 0.44697903749999995 0.461822659375 0.440813809375 0.461206896875 0.43218249062499997 0.472290640625 0.40135635000000003 0.47105911406249995 0.39272503125 0.46582512343750004 0.387176325 0.45043103437500004 0.384710234375 0.44304187187500005 0.37484586875 0.44057881718749997 0.376078915625 0.43719211874999997 0.411220715625 0.439039409375 0.440813809375 0.43565270937499995 0.44389642343749997 0.4334975375 0.440813809375 0.4334975375 0.41738594375 0.4310344828125 0.4087546234375 0.428571428125 0.3692971640625 0.41717980312499997 0.3427866828125 0.40855911406249995 0.33538840937500003 0.395012315625 0.33292231875 0.3928571421875 0.3754623921875 0.3891625609375 0.3840937109375 0.3940886703125 0.40135635000000003 0.3885467984375 0.4161528984375 0.387931034375 0.440813809375 0.37807881718749997 0.4642416765625 0.3774630546875 0.47163995 0.37192118281250003 0.48027127031249994 0.3759236453125 0.4870530203125 0.393165025 0.495684340625 0.3983990140625 0.48890258906249995 0.40055418749999994 0.4747225640625 0.40486453125 0.47348951875 0.42333743906250004 0.4944512953125 0.428571428125 0.49506781718750004 0.4368842359375 0.4895191125 0.44735221718749996 0.49321824843749995
0 0.15640394062500002 0.2916152890625 0.163177340625 0.271886559375 0.1539408859375 0.217632553125 0.1533251234375 0.189272503125 0.1471674875 0.164611590625 0.1483990140625 0.14241676875 0.14347290625 0.127620221875 0.1440886703125 0.11652281093750001 0.141933496875 0.11097410625 0.1366995078125 0.11159062812500001 0.1373152703125 0.102959309375 0.1333128078125 0.09124537656250001 0.1056034484375 0.0900123296875 0.09020935937499999 0.09617755781250001 0.075431034375 0.1097410609375 0.07635467968750001 0.127620221875 0.0726600984375 0.1473489515625 0.047721675000000005 0.1800246609375 0.0391009859375 0.1824907515625 0.031096059375000002 0.1800246609375 0.0283251234375 0.17447595625 0.027093595312500003 0.1572133171875 0.03325123125 0.14981504375000002 0.031711823437499995 0.1442663375 0.0175492609375 0.1528976578125 0 0.1535141796875 0.00030788125 0.2971639953125 0.015086206250000001 0.298397040625 0.024938423437500003 0.316892725 0.0335591140625 0.3181257703125 0.0283251234375 0.29408138125 0.02955665 0.26572133125 0.0335591140625 0.249075215625 0.0526477828125 0.2441430328125 0.057266009375 0.24969173906250003 0.059421182812499994 0.261405671875 0.0637315265625 0.2601726265625 0.0692733984375 0.24167694218750002 0.079433496875 0.23736128281250002 0.08128078749999999 0.22009864375000002 0.0871305421875 0.20715166406250002 0.096982759375 0.203452528125 0.11668719218750001 0.218249075 0.1299261078125 0.2570900125 0.130541871875 0.2743526515625 0.12253694531249999 0.3027127 0.12130541875 0.3224414296875 0.1502463046875 0.3286066578125 0.1539408859375 0.31997533906250003 0.15640394062500002 0.2916152890625
0 0.0255541875 0.054254007812500005 0.036022167187499995 0.061652281249999996 0.041871921875 0.0487053015625 0.034790640625 0.03329223125 0.026169949999999997 0.0246609125 0.0193965515625 0.0258939578125 0.0120073890625 0.034525278124999996 0.00769704375 0.0246609125 0.00030788125 0.0246609125 0.0012315265625 0.09556103593750001 0.018165025 0.057953143750000005 0.0255541875 0.054254007812500005