1 0.74375 0.21953125 0.2125 0.40703125
1 0.490625 0.23046875 0.13671875 0.18203125
1 0.16796875 0.36328125 0.20546875 0.43046875
1 0.33515625 0.4859375 0.17890625 0.35703125
1 0.70390625 0.6171875 0.2 0.4515625
1 0.490625 0.5578125 0.2015625 0.396875
1 0.946875 0.590625 0.10546875 0.47109375
1 0.26640625 0.0640625 0.2796875 0.12734375
1 0.05703125 0.16875 0.11328125 0.33359375
0 0.878590078125 0.9865879828124999 0.890339425 0.8631974250000001 0.894255875 0.839592275 0.9014360312499999 0.831008584375 0.9040469968749999 0.8192060078125 0.8955613578125 0.8074034328125 0.8949086156250001 0.78594420625 0.8988250656250001 0.7537553640625 0.8975195828125001 0.740879828125 0.9046997390625 0.7043991421875 0.9014360312499999 0.69581545 0.9073107046875 0.6829399140625 0.9053524796874999 0.657188840625 0.9092689296875 0.645386265625 0.907963446875 0.63143776875 0.9112271546875 0.61963519375 0.9092689296875 0.5810085843749999 0.922323759375 0.539163090625 0.92167101875 0.52306866875 0.9281984328125 0.4951716734375 0.9308094 0.45654506406250006 0.92689295 0.4297210296875 0.9321148828125001 0.41362660937499995 0.9386422968750001 0.40718884062500005 0.9432114875 0.3707081546875 0.949738903125 0.341738196875 0.9549608359375 0.329935621875 0.96148825 0.2752145921875 0.9634464749999999 0.23015021406249997 0.953655353125 0.21405579375 0.951697128125 0.20547210312500003 0.95626631875 0.17435622343749999 0.9520234984375 0.16094420625 0.9383159265625001 0.15450643749999998 0.9337467359374999 0.1587982828125 0.925261096875 0.151287553125 0.9102480421875001 0.14914163125 0.9069843343749999 0.1416309015625 0.9024151437500001 0.1416309015625 0.8971932109375 0.15665236093749998 0.8919712796875 0.157725321875 0.88707571875 0.1507510734375 0.885770234375 0.1357296140625 0.8828328984375 0.1298283265625 0.846932115625 0.115879828125 0.8404047 0.1190987125 0.83126631875 0.115879828125 0.8152741515624999 0.2043991421875 0.8100522187499999 0.25160944218750003 0.8067885125 0.2580472109375 0.8054830281250001 0.27736051562499997 0.800261096875 0.2966738203125 0.782637075 0.420064378125 0.7868798953125 0.42918455 0.798302871875 0.4383047203125 0.7924281984375 0.5037553640625 0.8051566578125 0.5075107296875 0.81396866875 0.5166309015625 0.8270234984375 0.542381975 0.8309399484375 0.5616952796875 0.8371409921874999 0.5675965671875 0.8433420359375001 0.5820815453125 0.8479112265625 0.60783261875 0.843994778125 0.6228540765624999 0.835835509375 0.6330472109375 0.8234334203125 0.63626609375 0.8159268921875 0.6325107296875 0.83224543125 0.684012875 0.8289817234375001 0.70225321875 0.8175587468750001 0.716738196875 0.8045039171875 0.7188841203125 0.801240209375 0.7156652359375 0.7819843343749999 0.6689914156250001 0.7725195828125 0.6545064375 0.7689295046875 0.6539699578125 0.747389034375 0.7966738203125 0.7532637078125 0.8127682406250001 0.7506527421875 0.8406652359375 0.745430809375 0.8642703859375 0.743472584375 0.8943133046874999 0.736292428125 0.9275751078125 0.7310704953125 0.973712446875 0.72650130625 0.984442059375 0.730744125 0.9957081546875 0.74379895625 0.9978540765625 0.867493471875 0.9973175968750001 0.875 0.9957081546875 0.878590078125 0.9865879828124999
0 0 0.9908832828125 0.041442935937499994 0.9946386484374999 0.080604078125 0.5362342625000001 0.0392673171875 0.5130017390625 0.0425307453125 0.4558139875 0.0196867453125 0.45402686875000003 0.1186774125 0.21276604062499999 0.13934579375 0.16272675781249998 0.1730678875 0.146642703125 0.2503023640625 0.1877464 0.2731463640625 0.23242433125 0.16110198281250002 0.5862735453125001 0.080604078125 0.55231831875 0.0453655359375 0.9828360734375 0.06690600468749999 0.9935656875 0.0750652734375 0.9930292062499999 0.587793734375 0.992492725 0.59562663125 0.990346803125 0.600195821875 0.9817631125 0.6080287203125 0.992492725 0.61390339375 0.98712791875 0.6191253265625 0.990346803125 0.631527415625 0.98712791875 0.6393603140625 0.9914197640625 0.6948433421875 0.9914197640625 0.6968015671875001 0.98712791875 0.6759138375 0.9742523828125 0.6511096609375 0.9688875749999999 0.6432767625 0.9624498078125001 0.6354438640625 0.9613768453124999 0.631527415625 0.9688875749999999 0.622389034375 0.9603038843749999 0.6165143609375 0.9667416531249999 0.6073759796875 0.9645957296875001 0.6018276765625 0.95762148125 0.5953002609375 0.9383081765625001 0.5835509140624999 0.9232867171875 0.584856396875 0.9039734125000001 0.605091384375 0.7891665453125001 0.6044386421875 0.781655815625 0.5972584859375 0.775218046875 0.601174934375 0.751612896875 0.5998694515625 0.74302920625 0.6161879890625 0.6850892921875 0.61390339375 0.67811504375 0.6047650124999999 0.6759691203125 0.6024804171875 0.6636300640624999 0.6047650124999999 0.6588017390625 0.6152088765625 0.656655815625 0.6207571796875 0.650754528125 0.6364229765625 0.5692094640625001 0.6354438640625 0.5654540984375 0.6259791124999999 0.5627716953124999 0.6236945171875 0.5407759875 0.6197780671875 0.5386300640624999 0.6132506531249999 0.5450678328125 0.6090078328125 0.5423854296874999 0.608355090625 0.525218046875 0.612271540625 0.49302920625 0.609334203125 0.483909034375 0.5988903390625 0.48069015000000004 0.595953003125 0.48444551562499993 0.592036553125 0.5155613953125 0.58028720625 0.5627716953124999 0.58126631875 0.57081890625 0.5936684078125001 0.5643811375000001 0.5992167109375 0.5724283484375 0.5992167109375 0.579939078125 0.588446475 0.5987159015625 0.576697128125 0.591205171875 0.57832898125 0.6046171890625 0.572780678125 0.6019347859375 0.5698433421875 0.6099819953125001 0.5424281984375 0.7441021671875 0.52937336875 0.787020621875 0.5261096609375 0.81384465625 0.50815926875 0.8905613953125 0.504569190625 0.8878789921875001 0.5052219328125 0.8750034546875 0.5306788515624999 0.749466975 0.5257832890625 0.7435656875000001 0.49836814687500003 0.7360549578125 0.427219321875 0.6995742703125 0.40763707499999996 0.6963553859375 0.399804178125 0.6802609656249999 0.389686684375 0.6732867171875 0.39229765 0.6518274890625 0.44255874687499996 0.4651322109375 0.46148825000000004 0.382514184375 0.467036553125 0.36695624531250004 0.4813968671875 0.3637373609375 0.4859660578125 0.3422781328125 0.48890339374999997 0.3449605359375 0.4905352484375 0.3626644 0.49967362968750006 0.364810321875 0.5140339421875 0.36051847656249997 0.5179503921874999 0.3658832828125 0.5257832890625 0.36695624531250004 0.5336161875000001 0.37875882031249997 0.5421018281250001 0.3809047421875 0.56494778125 0.40129100937500006 0.5845300265625 0.412020621875 0.5900783296875 0.4200678328125 0.5900783296875 0.44796482812500005 0.5933420359375 0.45225667343750003 0.6259791124999999 0.30633392656249997 0.6279373374999999 0.27843693125 0.635770234375 0.2591236265625 0.6409921671875 0.234445515625 0.641644909375 0.21727813281250002 0.6383812015625 0.204402596875 0.648825065625 0.18723521406250002 0.65339425625 0.1668489484375 0.6527415140625 0.156119334375 0.647845953125 0.1491450859375 0.6210835515625 0.1469991625 0.6119451703125 0.14163435625 0.608355090625 0.1303682625 0.6037859015625 0.1282223390625 0.60052219375 0.1067631125 0.5907310703124999 0.093887575 0.5855091390625 0.0745742703125 0.5789817234375 0.067063540625 0.5763707578124999 0.04023950625 0.5688642296875 0.030046373437500003 0.5633159265625001 0.052042081250000004 0.56201044375 0.091741653125 0.5535248046875 0.0981794203125 0.54765013125 0.1303682625 0.548302871875 0.144316759375 0.5688642296875 0.174896159375 0.5770234984375 0.17757856249999998 0.5789817234375 0.1936729828125 0.584856396875 0.20762148125 0.5855091390625 0.22049701718749998 0.5763707578124999 0.22908070781249998 0.572780678125 0.2467845703125 0.564621409375 0.24946697499999998 0.5626631859375 0.2719991625 0.5515665796875 0.2795098921875 0.552219321875 0.29882319687500003 0.5486292421875001 0.3122352140625 0.5355744125 0.3154540984375 0.50620104375 0.3015056015625 0.45528720624999997 0.2864841421875 0.443537859375 0.2768274890625 0.4265665796875 0.2714626828125 0.40372062656249996 0.2510764171875 0.3462793734375 0.2349819953125 0.341057440625 0.2446386484375 0.33779373437500004 0.2382008796875 0.3381201046875 0.25483178125 0.33289817187500004 0.2719991625 0.328655353125 0.275754528125 0.326697128125 0.269316759375 0.3250652734375 0.27092620156249997 0.3260443859375 0.29614079375 0.3652088765625 0.3036515234375 0.4193864234375 0.3422781328125 0.42232375937500005 0.3513983046875 0.41449086093750004 0.40611933437500003 0.36488250624999996 0.585303884375 0.35770235 0.608909034375 0.3498694515625 0.6228575328125 0.345953003125 0.6539734125 0.33648825000000004 0.656655815625 0.23531331562500002 0.6040807078125 0.2274804171875 0.6040807078125 0.2232375984375 0.6078360734375 0.2049608359375 0.67221375625 0.1990861625 0.6840163312499999 0.1938642296875 0.7086944421875 0.1876631859375 0.7199605359375 0.1827676234375 0.716205171875 0.1801566578125 0.704402596875 0.21475195781249998 0.5949605359375 0.21344647499999997 0.5831579609374999 0.2186684078125 0.5606257734375 0.29765013125 0.3159905796875 0.3028720625 0.3009691203125 0.31396866874999996 0.2848747 0.33224543125 0.228007746875 0.3315926890625 0.21942405625 0.323759790625 0.2011837125 0.33224543125 0.1292953 0.326697128125 0.12232105156249999 0.306462140625 0.11802920624999999 0.282963446875 0.1051536703125 0.26207571875 0.084767403125 0.23139686718750002 0.06974594375 0.207898171875 0.06652706093750001 0.162206265625 0.042921909375 0.140665796875 0.0407759875 0.13413838125 0.043994871875 0.12010443906249998 0.0724283484375 0.11422976562500001 0.091741653125 0.0548302875 0.2269347859375 0 0.3610549578125 0 0.9908832828125
0 0.501958225 0.134656653125 0.50913838125 0.0842274671875 0.513707571875 0.0734978546875 0.5143603140625 0.0552575109375 0.5212140984375 0.0525751078125 0.524804178125 0.0434549359375 0.52349869375 0.020922746875000002 0.515665796875 0.0134120171875 0.5176240203125 0.0048283265625000005 0.5094647515624999 0 0.501958225 0.0080472109375 0.5058746734375 0.05418455 0.49575717968750005 0.0697424890625 0.487271540625 0.07081545 0.4768276765625 0.06545064375000001 0.470953003125 0.07081545 0.45985639687499996 0.0718884125 0.45430809375000003 0.068133046875 0.444516971875 0.03594420625 0.4438642296875 0.0187768234375 0.447780678125 0.0069742484374999995 0.4454960828125 0 0.41220626562499996 0.0010729609375000001 0.3975195828125 0.0520386265625 0.39947780625 0.079935621875 0.3955613578125 0.1056866953125 0.399804178125 0.110515021875 0.443537859375 0.12446351874999999 0.4631201046875 0.13626609375 0.495430809375 0.1475321890625 0.4986945171875 0.145386265625 0.501958225 0.134656653125
0 0.7336814625 0.8771459234375 0.7382506531249999 0.8642703859375 0.7304177546874999 0.85783261875 0.7310704953125 0.8513948499999999 0.67265013125 0.825107296875 0.66351175 0.8315450640625001 0.6347911234375 0.8133047203125001 0.6243472578125 0.7993562234375 0.6099869453125 0.7939914156250001 0.6037859015625 0.818133046875 0.5855091390625 0.9286480687499999 0.61586161875 0.9570815453125 0.6217362921875 0.9517167375 0.6354438640625 0.95815450625 0.6400130546875 0.956008584375 0.6432767625 0.9613733906249999 0.661553525 0.9656652359375 0.698759790625 0.9871244640624999 0.7137728453125 0.99356223125 0.72258485625 0.9930257515625 0.7415143609375 0.883583690625 0.7336814625 0.8771459234375