1 0.196875 0.7265625 0.39375 0.53671875
1 0.909375 0.5859375 0.11875 0.17890625
1 0.7203125 0.725 0.23046875 0.30078125
1 0.6421875 0.8703125 0.16015625 0.21640625
1 0.60078125 0.41171875 0.10390625 0.13359375
1 0.7015625 0.33671875 0.090625 0.121875
1 0.89609375 0.3921875 0.06484375 0.08515625
1 0.82578125 0.47734375 0.06328125 0.0984375
1 0.77734375 0.521875 0.09453125 0.115625
1 0.6109375 0.271875 0.0734375 0.11640625
1 0.51796875 0.36640625 0.0765625 0.12265625
1 0.1921875 0.15625 0.04375 0.06640625
1 0.33125 0.21015625 0.1203125 0.1046875
1 0.13515625 0.4625 0.0734375 0.1078125
1 0.05234375 0.37265625 0.1046875 0.15
1 0.04609375 0.15703125 0.05234375 0.06171875
1 0.4078125 0.33671875 0.04140625 0.0703125
1 0.4546875 0.3484375 0.03984375 0.06328125
1 0.9625 0.49921875 0.075 0.11953125
1 0.94140625 0.059375 0.04921875 0.0640625
1 0.5015625 0.63671875 0.18828125 0.2625
1 0.75859375 0.22421875 0.03984375 0.05234375
1 0.79921875 0.203125 0.03515625 0.05546875
1 0.9859375 0.078125 0.028125 0.0484375
1 0.9375 0.21875 0.0359375 0.05234375
1 0.8859375 0.2671875 0.0453125 0.06015625
1 0.825 0.353125 0.059375 0.0671875
1 0.8515625 0.3203125 0.046875 0.06171875
1 0.88984375 0.0421875 0.0421875 0.05234375
1 0.14765625 0.1359375 0.03671875 0.05546875
1 0.22734375 0.1546875 0.02578125 0.0453125
1 0.2890625 0.1453125 0.04375 0.04296875
0 0.6580459765625 0.086134453125 0.6778996859374999 0.08298319374999999 0.6799895499999999 0.0787815125 0.7061128531249999 0.06932773125 0.7484326015625 0.0609243703125 0.75548589375 0.056197479687499996 0.721786834375 0.032563025 0.6909613375 0.0241596640625 0.687304075 0.0189075625 0.674764890625 0.0168067234375 0.6413270640625 0.0010504203125 0.45297805625 0.000525209375 0.4514106578125 0.0162815125 0.4548066875 0.0283613453125 0.46682340624999996 0.0241596640625 0.47257053281249994 0.030462184375 0.48249738750000004 0.025210084375000004 0.48876697968749994 0.030462184375 0.49869383437500003 0.027310925000000003 0.514367815625 0.033613445312500004 0.5195924765625 0.0462184875 0.5248171375 0.0472689078125 0.5310867296875 0.05567226875 0.530825496875 0.0635504203125 0.5336990593750001 0.06932773125 0.5436259140625 0.059873949999999995 0.5582549640625001 0.063025209375 0.5611285265625 0.0677521015625 0.561389759375 0.07773109218749999 0.5723615468750001 0.0787815125 0.5807210031250001 0.0934873953125 0.605538140625 0.097163865625 0.6549111812499999 0.090336134375 0.6580459765625 0.086134453125
0 0.565047021875 0.2720588234375 0.5736677109375 0.2578781515625 0.5762800421875001 0.222163865625 0.5843782656250001 0.21218487343749998 0.5969174500000001 0.215336134375 0.603709509375 0.21008403437499998 0.605538140625 0.189600840625 0.6078892375 0.18487395 0.612068965625 0.1838235296875 0.6159874609375 0.189600840625 0.61337513125 0.21376050468750002 0.6178160921875 0.222689075 0.62356321875 0.22689075625 0.627742946875 0.219537815625 0.6376698015625 0.215336134375 0.643416928125 0.2069327734375 0.6528213171874999 0.201680671875 0.66797283125 0.19957983125 0.674764890625 0.20378151249999998 0.6805120171875 0.1890756296875 0.6935736671875 0.1796218484375 0.71394984375 0.1743697484375 0.733803553125 0.1817226890625 0.74529780625 0.164915965625 0.7489550671874999 0.164915965625 0.7526123296875 0.15546218437499998 0.7646290484375 0.150210084375 0.777168234375 0.1376050421875 0.8100835953125 0.1355042015625 0.8153082546875 0.125 0.8283699062500001 0.1186974796875 0.8346394984375 0.1060924375 0.8419540234375 0.10294117656249999 0.8466562171875 0.094537815625 0.8654649953125 0.08823529375 0.865726228125 0.0793067234375 0.855538140625 0.06512605 0.8450888187500001 0.0640756296875 0.8382967609374999 0.0567226890625 0.8158307203125 0.0567226890625 0.7985893421875 0.0640756296875 0.7839602921875 0.06512605 0.7719435734375 0.0735294125 0.753134796875 0.07247899218750001 0.74164054375 0.0871848734375 0.737460815625 0.0840336140625 0.7003657265625 0.092436975 0.620428421875 0.1197478984375 0.5937826546875 0.127100840625 0.5807210031250001 0.1260504203125 0.5713166140625 0.1355042015625 0.553030303125 0.1376050421875 0.5378787875000001 0.1449579828125 0.532654128125 0.15546218437499998 0.5195924765625 0.15546218437499998 0.50835945625 0.1496848734375 0.5020898640625 0.116071428125 0.50470219375 0.10136554687499999 0.4997387671875 0.0913865546875 0.47675026093749995 0.0819327734375 0.469174503125 0.07195378125 0.467345871875 0.061974790625 0.455329153125 0.059873949999999995 0.44644723124999997 0.053571428125 0.4393939390625 0.042542017187499996 0.436781609375 0.023634453125 0.439655171875 0.012605042187500002 0.4446186 0.0162815125 0.4448798328125 0 0.4263322890625 0.000525209375 0.429467084375 0.006827731250000001 0.42894461875 0.0162815125 0.4310344828125 0.022584034375 0.4310344828125 0.032037815625 0.42816092031249997 0.034663865625 0.4093521421875 0.0378151265625 0.39890282187500004 0.032563025 0.396290490625 0.027310925000000003 0.3717345875 0.027310925000000003 0.35919540156249996 0.0315126046875 0.35710553749999996 0.05567226875 0.2876175546875 0.0609243703125 0.2630616515625 0.057773109375 0.256530825 0.0635504203125 0.263322884375 0.0940126046875 0.263322884375 0.11817226875 0.265151515625 0.1239495796875 0.2923197484375 0.12079831875 0.31008359531249996 0.1418067234375 0.31426332343749996 0.132352940625 0.321577846875 0.12920168125 0.325757575 0.1355042015625 0.333594565625 0.1376050421875 0.33881922656249996 0.1470588234375 0.3539707421875 0.14600840312500002 0.3654649953125 0.1565126046875 0.37277951875 0.157563025 0.38270637343749997 0.188025209375 0.4198014625 0.2258403359375 0.43077325 0.2216386546875 0.43913270625 0.22689075625 0.45376175625000004 0.19957983125 0.458986415625 0.1953781515625 0.47884012499999995 0.1985294125 0.483803553125 0.212710084375 0.4919017765625 0.2258403359375 0.509665621875 0.22689075625 0.5190700109375 0.2363445375 0.5292580984375 0.273634453125 0.534482759375 0.273634453125 0.5451933125 0.2678571421875 0.565047021875 0.2720588234375
0 0.4438349 0.5378151265625 0.451149425 0.538865546875 0.458986415625 0.5640756296875 0.467345871875 0.5609243703125 0.47021943593750004 0.5540966390625 0.47074190156249995 0.5435924375 0.4670846390625 0.52048319375 0.4636886109375 0.515756303125 0.455329153125 0.5147058828125 0.443312434375 0.5031512609375 0.4255485890625 0.49474789843750006 0.42163009375 0.4826680671875 0.421107628125 0.46586134531249995 0.427638453125 0.4548319328125 0.439655171875 0.45063025156250003 0.446969696875 0.4663865546875 0.46316614375 0.469537815625 0.467345871875 0.47689075625 0.46865203749999995 0.47321428593750003 0.46421107656249994 0.46323529375000005 0.45454545468749996 0.458508403125 0.45872518281249997 0.44065126093749996 0.45977011562500003 0.4248949578125 0.46447230937499995 0.41754201718750006 0.4670846390625 0.40283613437500004 0.4592476484375 0.3944327734375 0.45977011562500003 0.3849789921875 0.46499477499999997 0.37867647031249996 0.4292058515625 0.37920168125 0.4218913265625 0.3739495796875 0.4171891328125 0.363445378125 0.4088296765625 0.3644957984375 0.392633228125 0.3571428578125 0.38740856875 0.34453781562499997 0.3607628 0.3371848734375 0.3654649953125 0.359243696875 0.37643678125 0.363445378125 0.3863636359375 0.382352940625 0.40412748125000003 0.3949579828125 0.411964471875 0.402310925 0.413793103125 0.4080882359375 0.411964471875 0.414915965625 0.40778474375 0.41806722656249995 0.384273771875 0.428571428125 0.37460815 0.4375 0.3761755484375 0.44905462187499995 0.3887147328125 0.47426470624999995 0.3881922671875 0.49527310937499996 0.3829676078125 0.5215336140625 0.396290490625 0.534663865625 0.4088296765625 0.5315126046875001 0.4177115984375 0.53676470625 0.4213688609375 0.5567226890625 0.4346917453125 0.5688025203125 0.4357366765625 0.5824579828124999 0.44043887187499997 0.546743696875 0.4438349 0.5378151265625
0 0.86337513125 0.9873949578125 0.8706896546875 0.9873949578125 0.8790491125000001 0.99579831875 0.9271159875 0.99579831875 0.938087775 0.9852941171875 0.9440961343750001 0.970063025 0.9440961343750001 0.9227941171875 0.9540229890624999 0.9154411765624999 0.9571577843749999 0.879726890625 0.9730929984375001 0.8508403359375001 0.9819749218749999 0.844537815625 0.988505746875 0.8219537812500001 0.9960815046875 0.811974790625 0.999477534375 0.800945378125 1 0.7694327734375 0.9775339609374999 0.749474790625 0.9827586203124999 0.7137605046875 0.9809299890625001 0.7037815125 0.974660396875 0.69957983125 0.9707419015625 0.7022058828125 0.9712643671875 0.72951680625 0.9694357359374999 0.7363445375000001 0.9548066875 0.7373949578125 0.9485370953125001 0.734243696875 0.9425287359375 0.7253151265625 0.9409613374999999 0.7179621843749999 0.9420062703125 0.7022058828125 0.93913270625 0.6974789921875 0.9339080453124999 0.6985294125 0.9297283171874999 0.7069327734375 0.92241379375 0.70798319375 0.9093521421874999 0.688025209375 0.892633228125 0.688025209375 0.867554859375 0.6628151265625 0.836206896875 0.6554621843749999 0.8296760703125001 0.647584034375 0.83202716875 0.62920168125 0.8450888187500001 0.62079831875 0.853709509375 0.6087184875 0.8521421109375 0.5961134453125 0.854754440625 0.58560924375 0.854754440625 0.5698529406249999 0.8599791015625 0.5614495796875001 0.8605015671875 0.5519957984375 0.86337513125 0.5451680671875 0.8931556953124999 0.50420168125 0.90308255 0.497899159375 0.9140543359375 0.497899159375 0.9190177640625 0.47426470624999995 0.9365203765624999 0.451680671875 0.9401776390625001 0.43382352968750004 0.931295715625 0.43382352968750004 0.9213688609374999 0.4453781515625 0.89472309375 0.43487394999999995 0.8905433640625 0.42542016875 0.8847962375 0.4264705875 0.8808777421875 0.439600840625 0.8808777421875 0.4501050421875 0.8908045984375 0.476365546875 0.89028213125 0.4826680671875 0.8816614421875 0.5031512609375 0.867554859375 0.50945378125 0.8429989546875 0.5430672265625 0.8241901781250001 0.5430672265625 0.8218390796874999 0.5519957984375 0.8228840125 0.560399159375 0.8200104500000001 0.5661764703125 0.8153082546875 0.55987395 0.796499478125 0.580882353125 0.785527690625 0.5798319328125 0.777168234375 0.5682773109375 0.7682863109375 0.56512605 0.7264890281249999 0.5262605046875 0.7123824453125 0.53676470625 0.70846395 0.5446428578125 0.7087251828125 0.5525210078125 0.721786834375 0.56512605 0.733803553125 0.567226890625 0.7411180765625 0.5756302515625 0.753134796875 0.5819327734375 0.757314525 0.597689075 0.77298850625 0.5987394953125 0.7748171375 0.606617646875 0.77298850625 0.6102941171875 0.757314525 0.599789915625 0.749477534375 0.599789915625 0.7369383484375 0.592436975 0.7238766984375 0.5787815125 0.7061128531249999 0.5703781515624999 0.68260188125 0.5493697484375 0.64393939375 0.5241596640624999 0.643416928125 0.5136554624999999 0.6512539187499999 0.5052521015625 0.6549111812499999 0.5084033609375 0.6598746078125 0.49737394999999995 0.6598746078125 0.4837184875 0.6575235109374999 0.478991596875 0.6512539187499999 0.48109243749999997 0.64028213125 0.4936974796875 0.6266980140625 0.49474789843750006 0.624085684375 0.5084033609375 0.597439915625 0.49474789843750006 0.5909090906250001 0.481617646875 0.5885579937500001 0.455882353125 0.55355276875 0.4296218484375 0.5467607109375 0.41176470624999995 0.518025078125 0.43277310937499996 0.4919017765625 0.42542016875 0.495820271875 0.43855042031249997 0.4979101359375 0.464810925 0.49294670781249994 0.47373949531250004 0.48301985312499995 0.469537815625 0.47779519375 0.4779411765625 0.47021943593750004 0.481617646875 0.47466039687499995 0.484243696875 0.48223615468750003 0.5057773109375 0.48223615468750003 0.5320378156250001 0.485632184375 0.53676470625 0.49817136875 0.5283613453125 0.5039184953125 0.5178571421875 0.509665621875 0.5136554624999999 0.5112330203125001 0.50420168125 0.5175026125 0.49894957968750003 0.5305642640625 0.5126050421875 0.553030303125 0.49264705937500003 0.556687565625 0.497899159375 0.5723615468750001 0.502100840625 0.58124346875 0.5126050421875 0.6533437828124999 0.5661764703125 0.6575235109374999 0.590336134375 0.6893939390625 0.6081932765625 0.69932079375 0.60189075625 0.710815046875 0.60189075625 0.7275339609375 0.613445378125 0.7348484843749999 0.6239495796875001 0.75 0.62920168125 0.7949320796875 0.66176470625 0.7936259140625 0.6801470593750001 0.7959770109375001 0.686974790625 0.8317659359375 0.7190126046875001 0.830721003125 0.768382353125 0.8330721000000001 0.77310924375 0.839864159375 0.77310924375 0.8432601875 0.7788865546875 0.8463949843749999 0.78939075625 0.84691745 0.8030462187499999 0.843521421875 0.8056722687500001 0.8382967609374999 0.80042016875 0.8252351093750001 0.8214285718750001 0.8163531875000001 0.817226890625 0.8121734593750001 0.8193277312499999 0.8082549640625001 0.842962184375 0.8012016718750001 0.8602941171875 0.7923197484375 0.8718487390625 0.77664576875 0.8686974796875001 0.7442528734375 0.8371848734375 0.737460815625 0.8350840343750001 0.7351097171875 0.845063025 0.743991640625 0.874474790625 0.7502612328125 0.8828781515624999 0.7544409609375 0.9017857140625001 0.7549634281250001 0.9080882359375 0.7492163015625 0.9143907562500001 0.750522465625 0.9201680671875 0.7609717875 0.9212184875 0.7651515156250001 0.9401260499999999 0.8001567390625001 0.9716386546875 0.80355276875 0.970063025 0.8045977015625001 0.9543067234375 0.8116509921875 0.936974790625 0.8173981187500001 0.9348739500000001 0.8241901781250001 0.9390756296875 0.8315047015625 0.91701680625 0.839864159375 0.9138655468750001 0.8437826546875 0.907037815625 0.8463949843749999 0.8912815125 0.8443051203125 0.8681722687500001 0.84770115 0.8581932765625 0.8521421109375 0.85451680625 0.8563218390625 0.8366596640624999 0.8568443046875001 0.8125 0.850052246875 0.8040966390625 0.8544932078125 0.7951680671875 0.8701671890625 0.78676470625 0.887931034375 0.7573529406249999 0.8942006265625 0.752100840625 0.9015151515625 0.752100840625 0.9051724140624999 0.7626050421875 0.9161442 0.771008403125 0.9271159875 0.78676470625 0.935997909375 0.7857142859375 0.9412225703124999 0.7951680671875 0.9634273765625 0.8051470593750001 0.96394984375 0.8135504203125 0.9610762796874999 0.8235294124999999 0.9532392890624999 0.8319327734374999 0.9474921625 0.83298319375 0.9435736671875 0.828256303125 0.938610240625 0.8046218484375001 0.9250261234374999 0.7951680671875 0.9184952984375 0.8040966390625 0.9177115984374999 0.8235294124999999 0.9117032390625001 0.8209033609375 0.913793103125 0.8356092437499999 0.9124869390624999 0.83823529375 0.9093521421874999 0.840336134375 0.9020376171875 0.8340336140625 0.8968129578124999 0.8434873953125 0.8785266453125 0.8602941171875 0.874085684375 0.874474790625 0.874085684375 0.89548319375 0.857366771875 0.93329831875 0.8508359453125 0.942226890625 0.840386625 0.9443277312499999 0.8359456640625 0.9522058828125 0.8328108671875001 0.97426470625 0.8333333328125001 0.9942226890624999 0.8437826546875 0.9984243703125 0.8508359453125 0.9978991593750001 0.86337513125 0.9873949578125
0 0.9751828625 0.4201680671875 0.9811912218750001 0.410189075 0.983803553125 0.3923319328125 0.988505746875 0.38707983125 0.9835423203125 0.38445378125 0.9804075234375 0.3760504203125 0.9767502609375001 0.382352940625 0.9725705328125 0.3802521015625 0.9615987453124999 0.3949579828125 0.9490595609374999 0.3928571421875 0.9461859984375 0.416491596875 0.9425287359375 0.42594537812500005 0.9461859984375 0.43644957968750003 0.9647335421875001 0.4201680671875 0.9751828625 0.4201680671875
0 0.785527690625 0.3466386546875 0.8184430515625 0.317226890625 0.83490073125 0.291491596875 0.8359456640625 0.2809873953125 0.8315047015625 0.277310925 0.8241901781250001 0.282563025 0.8200104500000001 0.2962184875 0.8168756531250001 0.289915965625 0.8090386625000001 0.2909663859375 0.8048589343750001 0.29726890781250004 0.797544409375 0.30042016875 0.7897074187500001 0.31617647031249996 0.7787356328125 0.31932773124999997 0.7580982234375 0.3461134453125 0.76201671875 0.3581932765625 0.7654127484375 0.35976890781250004 0.7803030296875 0.35609243749999997 0.785527690625 0.3466386546875
0 0.281870428125 0.472689075 0.304075234375 0.4522058828125 0.3051201671875 0.41859243749999997 0.31191222500000004 0.40283613437500004 0.3027690703125 0.396008403125 0.2876175546875 0.372899159375 0.2787356328125 0.3739495796875 0.2677638453125 0.38445378125 0.2510449328125 0.3834033609375 0.24451410624999997 0.37132352968750004 0.243991640625 0.3618697484375 0.2567920578125 0.3487394953125 0.2776907 0.347689075 0.2949320796875 0.3413865546875 0.2967607109375 0.3387605046875 0.2991118078125 0.3067226890625 0.3064263328125 0.30567226875000003 0.31739811875 0.288865546875 0.325235109375 0.28571428593750003 0.3299373046875 0.284663865625 0.3322884015625 0.28939075625 0.3322884015625 0.2956932765625 0.326018809375 0.305147059375 0.3299373046875 0.31407562968749997 0.35710553749999996 0.32142857187499996 0.3599791015625 0.2977941171875 0.35527690624999997 0.279936975 0.34508881874999997 0.277310925 0.3456112859375 0.2678571421875 0.33254963437499996 0.2552521015625 0.325757575 0.2394957984375 0.30067920625 0.238445378125 0.3001567390625 0.24579831875 0.3079937296875 0.2489495796875 0.31034482812499997 0.25367647031249996 0.3092998953125 0.279936975 0.3032915359375 0.284663865625 0.2829153609375 0.2783613453125 0.2672413796875 0.25945378125 0.2635841171875 0.2510504203125 0.257314525 0.25420168125 0.24843260156250002 0.2468487390625 0.23537095156249999 0.247899159375 0.2335423203125 0.25262605 0.2345872515625 0.27678571406249997 0.233019853125 0.2925420171875 0.2395506796875 0.3025210078125 0.24451410624999997 0.2746848734375 0.2515673984375 0.2668067234375 0.2580982234375 0.2746848734375 0.2612330203125 0.291491596875 0.260710553125 0.2998949578125 0.2552246609375 0.31617647031249996 0.24869383437499998 0.3209033609375 0.24738767031250003 0.33298319374999996 0.234848484375 0.335084034375 0.214994775 0.3487394953125 0.20924764843750002 0.347689075 0.20036572656249999 0.335084034375 0.1883490078125 0.326680671875 0.1690177640625 0.289915965625 0.1570010453125 0.277310925 0.1387147328125 0.28046218437500003 0.1384535 0.3072478984375 0.15047021875 0.3188025203125 0.153605015625 0.35451680625000004 0.157262278125 0.3692226890625 0.1567398125 0.38182773124999997 0.1494252875 0.38707983125 0.1486415890625 0.40126050468749996 0.1449843265625 0.402310925 0.1413270640625 0.39390756250000003 0.1311389765625 0.3828781515625 0.1311389765625 0.3387605046875 0.13375130625 0.33140756250000003 0.1334900734375 0.31932773124999997 0.108411703125 0.3256302515625 0.106583071875 0.33140756250000003 0.10579937343750001 0.3739495796875 0.0781086734375 0.382352940625 0.0689655171875 0.3944327734375 0.0679205859375 0.42594537812500005 0.0822884015625 0.45063025156250003 0.0869905953125 0.451680671875 0.0940438875 0.435399159375 0.094566353125 0.42384453750000006 0.0979623828125 0.419117646875 0.1256530828125 0.4086134453125 0.1371473359375 0.40756302499999997 0.1423719953125 0.419117646875 0.15177638437500002 0.4275210078125 0.160135840625 0.44222689062500004 0.166405434375 0.43592437031250003 0.1967084640625 0.4222689078125 0.20036572656249999 0.423319328125 0.20532915312500002 0.43434873906250004 0.21029258125 0.46743697500000003 0.214472309375 0.46743697500000003 0.22021943593749999 0.4548319328125 0.228840125 0.4501050421875 0.2243991640625 0.436974790625 0.21943573593750001 0.43434873906250004 0.21969697031250002 0.4296218484375 0.24320794218750003 0.4548319328125 0.2515673984375 0.47163865468750005 0.2630616515625 0.484243696875 0.266196446875 0.49684873906250004 0.271159875 0.49842437031250003 0.2784743984375 0.4889705875 0.281870428125 0.472689075
0 0.11807732500000001 0.19695378125000002 0.11964472343749999 0.1738445375 0.116771159375 0.1680672265625 0.10945663593749999 0.163865546875 0.1071055375 0.16649159687499998 0.1071055375 0.1738445375 0.10971786875 0.180147059375 0.11076280000000001 0.199054621875 0.1076280046875 0.2053571421875 0.1071055375 0.21376050468750002 0.10971786875 0.23371848750000002 0.1136363640625 0.24579831875 0.12225705312499999 0.24842437031250003 0.1233019859375 0.23897058750000003 0.11807732500000001 0.19695378125000002
0 0.0924764890625 0.199054621875 0.0919540234375 0.1822478984375 0.0940438875 0.171743696875 0.1013584109375 0.162289915625 0.10188087812499999 0.139180671875 0.09900731406249999 0.1355042015625 0.088035528125 0.1355042015625 0.0629571578125 0.117647059375 0.0606060609375 0.11081932812499999 0.061128526562499994 0.10136554687499999 0.0517241375 0.087710084375 0.059038662500000005 0.07300420156250001 0.0556426328125 0.0640756296875 0.0316091953125 0.059873949999999995 0.025339603125 0.054621848437499995 0.035788923437499995 0.0472689078125 0.1920062703125 0.0084033609375 0.2040229890625 0.0084033609375 0.22204806718749998 0.000525209375 0.00026123281250000003 0.002100840625 0 0.11502100781249999 0.016457679687499997 0.1165966390625 0.0237722046875 0.1123949578125 0.0316091953125 0.1313025203125 0.0545977015625 0.1239495796875 0.0629571578125 0.12920168125 0.066875653125 0.13707983125 0.070532915625 0.1696428578125 0.0762800421875 0.1738445375 0.065047021875 0.1764705875 0.0551201671875 0.188025209375 0.047805642187500004 0.182773109375 0.0316091953125 0.18487395 0.0237722046875 0.1817226890625 0.0007836984375 0.1911764703125 0 0.2305672265625 0.01854754375 0.2310924375 0.026907001562499998 0.2205882359375 0.0436259140625 0.2184873953125 0.054075234375 0.20798319375 0.062434692187499995 0.20798319375 0.06922675 0.21638655468749998 0.07079414843750001 0.22373949531249998 0.0731452453125 0.2232142859375 0.0749738765625 0.21323529375 0.0791536046875 0.21323529375 0.0754963421875 0.22373949531249998 0.0731452453125 0.22426470625 0.0731452453125 0.22951680625 0.0754963421875 0.2373949578125 0.08307210000000001 0.24527310937500002 0.0851619640625 0.2169117640625 0.0924764890625 0.199054621875