1 0.66484375 0.51484375 0.19375 0.06328125
1 0.89765625 0.496875 0.140625 0.0546875
1 0.35859375 0.82421875 0.071875 0.06796875
1 0.4546875 0.8296875 0.09765625 0.0875
1 0.571875 0.82578125 0.06875 0.07734375
1 0.54609375 0.9453125 0.09765625 0.06640625
1 0.6671875 0.95859375 0.0890625 0.06796875
1 0.80078125 0.84296875 0.0671875 0.07265625
1 0.75625 0.96484375 0.0703125 0.06796875
1 0.20625 0.6984375 0.06640625 0.05859375
1 0.24609375 0.59921875 0.07421875 0.0859375
1 0.26875 0.5421875 0.0734375 0.0546875
1 0.51875 0.51015625 0.0625 0.05625
1 0.04453125 0.5875 0.0828125 0.07265625
1 0.27109375 0.8234375 0.065625 0.08125
1 0.43515625 0.9375 0.09140625 0.0828125
1 0.328125 0.93046875 0.10234375 0.08125
1 0.22578125 0.915625 0.08828125 0.06953125
1 0.63671875 0.7296875 0.08828125 0.096875
1 0.325 0.6234375 0.04296875 0.0546875
0 0.4175769609375 0.4305135953125 0.4314796421875 0.422960725 0.4473684203125 0.4305135953125 0.4592850046875 0.41540785468749997 0.4712015890625 0.41540785468749997 0.47715988125 0.4003021140625 0.49106256249999997 0.4063444109375 0.49503475625000004 0.41540785468749997 0.5407149953125 0.4108761328125 0.5615690171875001 0.3927492453125 0.56951340625 0.39425981875 0.5764647468749999 0.4108761328125 0.5983118171874999 0.41389728124999997 0.7328699109375 0.399546828125 0.706554121875 0.389728096875 0.622144984375 0.3882175234375 0.608242303125 0.3776435046875 0.5168818265625 0.37613293125 0.49106256249999997 0.361027190625 0.38480635625000004 0.361027190625 0.37835153906249996 0.34365558906250004 0.372889771875 0.341389728125 0.2974180734375 0.34441087656249997 0.06901688125 0.323262840625 0 0.3255287015625 0.0014895734375 0.39123867031250004 0.012413107812500001 0.39123867031250004 0.020357496875 0.38066465312500003 0.0292949359375 0.3927492453125 0.039225421875 0.3867069484375 0.25173783437499997 0.3776435046875 0.2576961265625 0.3716012078125 0.27656405156249997 0.37613293125 0.2835153921875 0.3625377640625 0.29145978125 0.370090634375 0.3023833171875 0.35649546875000004 0.31529295 0.35649546875000004 0.3182720953125 0.37613293125 0.37388282031250003 0.38368579999999997 0.38033763593750003 0.388972809375 0.3758689171875 0.39425981875 0.367924528125 0.3927492453125 0.36593843125 0.4018126890625 0.2775571 0.4003021140625 0.25819265156250004 0.40709969843750005 0.340119165625 0.43202416875000005 0.3897715984375 0.429003021875 0.4011916578125 0.4342900296875 0.41161866874999997 0.4259818734375 0.4175769609375 0.4305135953125
0 0.2348560078125 0.8867069484375 0.2462760671875 0.8783987921874999 0.2348560078125 0.8716012078125001 0.22790466718750002 0.85649546875 0.21797418125 0.85498489375 0.18619662343750001 0.8700906343750001 0.15590863906250002 0.8723564953125 0.1613704078125 0.8731117828125001 0.17080436875 0.890483384375 0.1722939421875 0.9063444109375001 0.1817279046875 0.908610271875 0.2020854015625 0.8912386703124999 0.2348560078125 0.8867069484375
0 0.11668321718750001 0.610271903125 0.1261171796875 0.5974320234375 0.0908639515625 0.5740181265625 0.0829195625 0.5830815703125001 0.0779543203125 0.5543806640625 0.048162859375 0.5362537765625001 0.039721946875000004 0.5385196375 0.0387288984375 0.5506042296875 0.043694140625 0.553625378125 0.0471698109375 0.56797583125 0.076961271875 0.5891238671875 0.085402184375 0.6170694859375 0.099304865625 0.62613293125 0.1027805359375 0.614803625 0.11668321718750001 0.610271903125
0 0.2120158890625 0.638972809375 0.20804369375 0.6465256796875 0.2000993046875 0.64501510625 0.196623634375 0.6382175234374999 0.203574975 0.6321752265625 0.201092353125 0.62386706875 0.1573982125 0.6117824765625001 0.145481628125 0.610271903125 0.141012909375 0.6155589124999999 0.14001986093750002 0.6321752265625 0.145481628125 0.638972809375 0.1583912609375 0.64350453125 0.1683217484375 0.658610271875 0.19016881875 0.6570996984375 0.1961271109375 0.6752265859375 0.2135054625 0.6790030218750001 0.2135054625 0.6427492453125 0.2120158890625 0.638972809375
0 0.3421052625 0.7039274921875001 0.2994041703125 0.6888217515624999 0.280536246875 0.667673715625 0.27507447812499997 0.668429003125 0.2745779546875 0.74018126875 0.307348559375 0.7326283984375 0.33366435 0.7394259812499999 0.3435948359375 0.725830815625 0.3421052625 0.7039274921875001
0 0.2701092359375 0.7484894265625 0.2681231375 0.6699395765625 0.2626613703125 0.66465256875 0.22393247343749997 0.658610271875 0.21946375312500002 0.6669184296874999 0.2214498515625 0.686555890625 0.2562065546875 0.716767371875 0.252730884375 0.7235649546875 0.23386295937499998 0.731117825 0.23237338593749998 0.7454682781249999 0.22244290000000003 0.7575528703125001 0.2318768625 0.7673716015625 0.2591857 0.7681268875 0.2681231375 0.7605740187500001 0.2701092359375 0.7484894265625
0 0 0.888972809375 0.008937437500000001 0.898036253125 0.0382323734375 0.8867069484375 0.085898709375 0.8867069484375 0.0978152921875 0.8791540781249999 0.1102284015625 0.860271903125 0.1032770609375 0.851208459375 0.1032770609375 0.8406344406249999 0.10973187656250001 0.8323262843749999 0.159384309375 0.8051359515625001 0.1812313796875 0.77039275 0.19513406093750002 0.77039275 0.20804369375 0.77945619375 0.21549155937500003 0.763595165625 0.1822244296875 0.7432024171875 0.1757696125 0.75 0.1722939421875 0.7658610265625 0.15541211562499999 0.773413896875 0.1196623640625 0.7719033234375 0.11519364375 0.78776435 0.1017874875 0.79909365625 0.09285004999999999 0.7960725078124999 0.085898709375 0.8051359515625001 0.062065540625000006 0.7945619328125 0.053128103125000006 0.812688821875 0 0.8436555890624999 0 0.888972809375
0 0.3088381328125 0.888972809375 0.3063555109375 0.8821752265624999 0.2904667328125 0.8791540781249999 0.27060575937500003 0.8851963749999999 0.2507447859375 0.8791540781249999 0.23584905625000002 0.8716012078125001 0.23088381406249997 0.85498489375 0.214995034375 0.85498489375 0.18619662343750001 0.8700906343750001 0.14796425 0.8738670687500001 0.1494538234375 0.8791540781249999 0.1613704078125 0.8761329312499999 0.16981132031249999 0.888972809375 0.173286990625 0.91389728125 0.20407150000000002 0.889728096875 0.22095332656250002 0.8836858 0.2646474671875 0.889728096875 0.2720953328125 0.8965256796875 0.2740814296875 0.9252265859375 0.28003972187500004 0.9252265859375 0.29543197656250003 0.8927492453125 0.3088381328125 0.888972809375
0 0.46921549218749997 0.9018126890625 0.469712015625 0.8829305140624999 0.42552135 0.880664653125 0.4220456796875 0.8587613296875001 0.41261171875 0.84592145 0.4036742796875 0.84592145 0.3992055609375 0.8648036250000001 0.38877855 0.8791540781249999 0.3272095328125 0.880664653125 0.3118172796875 0.888972809375 0.34905660312500003 0.8927492453125 0.3689175765625 0.8867069484375 0.38430983125 0.908610271875 0.3853028796875 0.9267371593749999 0.382323734375 0.9312688828125 0.386295928125 0.9342900296875 0.400695134375 0.9003021140625 0.46921549218749997 0.9018126890625
0 0.9354518374999999 0.591389728125 0.9458788484375 0.5513595171875 0.9538232375 0.54833836875 0.9597815296875 0.56797583125 0.970208540625 0.5611782484375001 0.9682224421875001 0.5506042296875 0.9612711015625001 0.5445619328125 0.9577954312499999 0.524169184375 0.93992055625 0.5226586109375 0.8664349546875 0.539274925 0.84756703125 0.5362537765625001 0.8277060578125001 0.524169184375 0.816782521875 0.52870090625 0.8138033765625 0.524169184375 0.7830188671875 0.5271903328125 0.7601787484375 0.5226586109375 0.7557100296875 0.52945619375 0.75471698125 0.54758308125 0.7601787484375 0.5558912390625 0.7790466734375 0.5558912390625 0.7999006953125 0.56797583125 0.8068520359375 0.5453172203125 0.816782521875 0.543806646875 0.8277060578125001 0.54833836875 0.8396226421874999 0.5709969781249999 0.8460774578124999 0.573262840625 0.844587884375 0.592145015625 0.8565044687500001 0.592145015625 0.8599801390625 0.5762839875 0.8674280046874999 0.5740181265625 0.8843098312500001 0.5845921453125 0.8972194640625 0.610271903125 0.923535253125 0.6170694859375 0.92552135 0.5974320234375 0.9354518374999999 0.591389728125
0 0.7393247265625 0.9335347437499999 0.7691161859375 0.9244712984375001 0.79195630625 0.9274924468749999 0.796425025 0.9206948640625001 0.7899702078125 0.9063444109375001 0.7800397218749999 0.9018126890625 0.7686196625 0.8859516609375 0.7636544187500001 0.860271903125 0.752730884375 0.8542296078125 0.7537239328124999 0.842145015625 0.7666335656250001 0.8255287015624999 0.7676266140625 0.78776435 0.7502482625 0.7824773406250001 0.7467725921875 0.7771903328125 0.7477656406250001 0.763595165625 0.75422045625 0.744712990625 0.77358490625 0.7379154078125 0.780536246875 0.7228096671875 0.784508440625 0.6895770390625 0.7974180734375 0.686555890625 0.7959285 0.669184290625 0.784508440625 0.6759818734375 0.7815292953124999 0.6563444109375001 0.77308838125 0.640483384375 0.7676266140625 0.639728096875 0.7651439921875001 0.6223564953125 0.7532274078125 0.62537764375 0.7492552140625001 0.620845921875 0.738331678125 0.6283987921875 0.7447864953125001 0.6518126890625 0.72691161875 0.6790030218750001 0.7288977156249999 0.70166163125 0.724925521875 0.7046827796875 0.729394240625 0.7114803625 0.7323733859375 0.70241691875 0.7348560078124999 0.7046827796875 0.73584905625 0.7348942593750001 0.7348560078124999 0.7469788515625 0.729394240625 0.7477341390625 0.7199602781250001 0.7651057406249999 0.7199602781250001 0.783232628125 0.7259185703125001 0.7907854984375 0.7199602781250001 0.8089123859375 0.7209533265625 0.9267371593749999 0.7199602781250001 0.9448640484374999 0.7144985109374999 0.9441087609375 0.7130089374999999 0.9493957703125 0.7169811328125 0.9554380671875 0.7333664343749999 0.9486404828125 0.7393247265625 0.9335347437499999
0 0.6256206546875 0.937311178125 0.6300893750000001 0.9335347437499999 0.6956305859375 0.9335347437499999 0.7070506453125 0.9252265859375 0.706057596875 0.9025679765625 0.7135054625 0.9108761328125 0.714995034375 0.9070996984375 0.7135054625 0.7628398796875 0.7115193640624999 0.7870090640625 0.6906653421875 0.7854984890625001 0.687189671875 0.7484894265625 0.6747765640625001 0.7477341390625 0.6658391265625 0.7809667671875 0.6395233359375 0.792296071875 0.6405163859375 0.8043806640625 0.65243296875 0.813444109375 0.63406156875 0.8202416921875001 0.6281032765625 0.8323262843749999 0.6122144984375 0.8323262843749999 0.608738828125 0.8376132937499999 0.6057596828125 0.8708459218750001 0.6002979140625 0.880664653125 0.5963257203125 0.8791540781249999 0.5933465734375 0.889728096875 0.5893743796875001 0.8836858 0.5804369421875 0.8836858 0.5754716984375 0.8912386703124999 0.5655412109375 0.889728096875 0.5635551140625 0.8821752265624999 0.5496524328125 0.8821752265624999 0.5446871890625 0.8670694859375001 0.5307845078125 0.85649546875 0.5168818265625 0.85498489375 0.5129096328125 0.8444108765625 0.5079443890625 0.8444108765625 0.4985104265625 0.8617824765625001 0.49652432968750004 0.8753776437499999 0.48311817343749996 0.889728096875 0.47715988125 0.8882175234374999 0.47467725937500005 0.89501510625 0.47765640468750004 0.9267371593749999 0.48311817343749996 0.9320241687499999 0.5 0.9335347437499999 0.525819265625 0.9154078546875001 0.543694140625 0.9169184296875 0.5923535249999999 0.9320241687499999 0.599304865625 0.9592145015625 0.6127110234375001 0.9614803625 0.622641509375 0.95241691875 0.6256206546875 0.937311178125