1 0.35546875 0.509375 0.11015625 0.16015625
1 0.55078125 0.6015625 0.1078125 0.2484375
1 0.10703125 0.42578125 0.2140625 0.384375
1 0.034375 0.73828125 0.06875 0.2640625
1 0.709375 0.81015625 0.0921875 0.08515625
1 0.7265625 0.73984375 0.17109375 0.0671875
1 0.96953125 0.65859375 0.0609375 0.053125
1 0.76484375 0.625 0.22734375 0.115625
1 0.8828125 0.3453125 0.05703125 0.07890625
1 0.796875 0.05859375 0.0671875 0.09140625
1 0.41484375 0.20859375 0.11953125 0.15
1 0.53671875 0.31328125 0.11328125 0.10703125
1 0.540625 0.4265625 0.10234375 0.184375
1 0.73359375 0.35234375 0.065625 0.128125
1 0.27890625 0.18828125 0.08671875 0.16328125
1 0.23671875 0.33515625 0.05859375 0.1453125
1 0.66796875 0.25234375 0.08515625 0.1015625
1 0.58828125 0.24609375 0.0578125 0.1015625
1 0.55859375 0.1171875 0.0453125 0.18671875
1 0.6421875 0.0765625 0.06953125 0.07421875
1 0.8046875 0.33671875 0.04140625 0.0421875
1 0.0390625 0.1375 0.078125 0.07421875
0 0.3846354171875 0.973460721875 0.3924479171875 0.9766454359375001 0.3947916671875 0.9442675156250001 0.3921875 0.9294055203125 0.3927083328125 0.9177282375000001 0.3958333328125 0.9039278124999999 0.4057291671875 0.8858811046874999 0.4078125 0.8752653921875 0.4078125 0.8540339703125 0.4046875 0.8402335453124999 0.4057291671875 0.815817409375 0.39765625 0.8057324843749999 0.3916666671875 0.8083864125 0.39010416718749996 0.8402335453124999 0.3927083328125 0.8561571125 0.3885416671875 0.8731422500000001 0.3721354171875 0.8991507437499999 0.36484375 0.9002123140625 0.3609375 0.89543524375 0.3494791671875 0.8593418265625001 0.3494791671875 0.839171975 0.35208333281250004 0.8200636937500001 0.3515625 0.7701698515625 0.3494791671875 0.7595541406249999 0.34453125 0.766454353125 0.31796875 0.7675159234375 0.3122395828125 0.747346071875 0.3020833328125 0.7436305734374999 0.3109375 0.7383227171875 0.3104166671875 0.7160297234375 0.3036458328125 0.7043524421875 0.3083333328125 0.695859871875 0.3044270828125 0.6868365187500001 0.28671875 0.668789809375 0.2830729171875 0.685774946875 0.2799479171875 0.6730360937500001 0.27109375 0.671974521875 0.2677083328125 0.6778131640625 0.2713541671875 0.709660296875 0.27005208281250004 0.7144373671875 0.2640625 0.7043524421875 0.2635416671875 0.6905520171874999 0.2591145828125 0.6921443734375 0.25729166718749996 0.6884288749999999 0.2609375 0.67993630625 0.2546875 0.6725053078125 0.2510416671875 0.6555201703125 0.2580729171875 0.6507431 0.2588541671875 0.63853503125 0.26640625 0.6295116765625 0.2830729171875 0.6305732484375 0.2859375 0.6364118890625 0.28828125 0.6539278125 0.2966145828125 0.6539278125 0.3010416671875 0.6480891718749999 0.3046875 0.63535031875 0.3065104171875 0.615711253125 0.3098958328125 0.6406581734375 0.3122395828125 0.6454352437499999 0.3153645828125 0.6454352437499999 0.31796875 0.6390658171875 0.3299479171875 0.638004246875 0.3296875 0.6587048828125 0.33151041718749996 0.663481953125 0.3450520828125 0.6613588109374999 0.3533854171875 0.6698513796875 0.3614583328125 0.661889596875 0.36666666718749996 0.639596603125 0.37421875 0.62314225 0.3981770828125 0.627388534375 0.40260416718750003 0.6470276015625 0.3994791671875 0.6555201703125 0.4 0.6629511671875 0.41171875 0.6571125265625 0.41588541718750005 0.65923566875 0.4213541671875 0.67993630625 0.4140625 0.7032908703125 0.4125 0.7436305734374999 0.40807291718750005 0.7547770703125 0.40390625 0.7547770703125 0.39114583281250004 0.7733545640624999 0.3880208328125 0.7839702765625 0.39296875 0.7898089171875 0.39791666718749996 0.7839702765625 0.39921875 0.7760084921875 0.40651041718750003 0.7707006375 0.41171875 0.7717622078125 0.4231770828125 0.7303609343749999 0.43515625 0.7324840765625 0.43932291718750005 0.72611465 0.44348958281249995 0.73460721875 0.45 0.7192144375 0.45208333281249996 0.706475584375 0.4505208328125 0.6905520171874999 0.44322916718750005 0.6735668796875001 0.434375 0.6406581734375 0.4359375 0.6013800421875 0.42369791718750005 0.60084925625 0.40807291718750005 0.5923566874999999 0.40442708281249995 0.60084925625 0.403125 0.5918259015625 0.3966145828125 0.584925690625 0.3721354171875 0.58386411875 0.3690104171875 0.5870488328125 0.31015625 0.584925690625 0.2955729171875 0.5944798296875 0.2903645828125 0.5923566874999999 0.28671875 0.5955414015625 0.28359375 0.589171975 0.2627604171875 0.588110403125 0.2598958328125 0.5918259015625 0.2614583328125 0.600318471875 0.2591145828125 0.6040339703125001 0.2559895828125 0.60084925625 0.2513020828125 0.6040339703125001 0.24765625 0.589171975 0.24296875 0.589171975 0.23151041718749998 0.5721868359375 0.23072916718749997 0.5843949046875 0.2265625 0.5928874734375 0.23177083281250002 0.6045647562500001 0.234375 0.6236730359375 0.234375 0.6778131640625 0.2338541671875 0.687367303125 0.2260416671875 0.701167728125 0.22395833281250002 0.7139065812500001 0.22630208281250003 0.7186836515625 0.2403645828125 0.721868365625 0.24348958281250002 0.7303609343749999 0.24739583281250002 0.7308917203124999 0.24583333281250003 0.7701698515625 0.24895833281250002 0.7914012734375 0.2513020828125 0.7983014859375 0.2606770828125 0.8036093421875 0.2645833328125 0.81687898125 0.2598958328125 0.8561571125 0.27890625 0.863057325 0.2869791671875 0.8752653921875 0.28958333281250004 0.9283439484375 0.2841145828125 0.9437367296874999 0.27682291718749996 0.9522293 0.26484375 0.9564755843749999 0.24453125 0.9522293 0.23515625 0.894904459375 0.21354166718749998 0.9899150750000001 0.21614583281250002 0.99840764375 0.3747395828125 0.9968152859374999 0.3846354171875 0.973460721875
0 0.24088541718749998 0.725053078125 0.21953125 0.721868365625 0.21458333281250003 0.7298301484375 0.21197916718749998 0.7436305734374999 0.20859375 0.7494692140625 0.19088541718750002 0.747346071875 0.1890625 0.751061571875 0.1921875 0.776539278125 0.1950520828125 0.7802547765625001 0.2361979171875 0.7845010609374999 0.24296875 0.7983014859375 0.2494791671875 0.7998938421874999 0.24375 0.7330148624999999 0.24088541718749998 0.725053078125
0 1 0.8848195328124999 0.99609375 0.8598726109375001 0.9916666671875 0.8699575375 0.9927083328125 0.886942675 0.98046875 0.906581740625 0.9747395828125001 0.910828025 0.9549479171874999 0.9097664546875001 0.9442708328125 0.8943736734375 0.9421875 0.8784501062500001 0.89453125 0.76539278125 0.87421875 0.774946921875 0.8638020828125 0.7675159234375 0.8596354171874999 0.747346071875 0.85078125 0.7452229296875 0.8453125 0.7521231421875 0.8380208328125001 0.776539278125 0.8369791671875 0.7871549890625 0.8328125 0.7924628453125 0.8317708328125001 0.7998938421874999 0.8356770828125001 0.8131634812499999 0.83984375 0.7951167734375 0.84296875 0.7961783437500001 0.84765625 0.7845010609374999 0.85859375 0.778131634375 0.875 0.7956475578125 0.8796875 0.807324840625 0.8796875 0.839171975 0.871875 0.8635881109374999 0.8708333328125001 0.8763269640625 0.865625 0.8795116765625 0.8755208328125 0.896496815625 0.8825520828125001 0.9246284499999999 0.8924479171874999 0.9299363062499999 0.9184895828125 0.9278131640625 0.9236979171874999 0.9405520171875 0.9299479171874999 0.942675159375 0.9375 0.9591295109375 0.9348958328125001 0.9761146500000001 0.9385416671875 0.9888535031250001 0.94453125 0.995753715625 1 0.9973460718749999 1 0.8848195328124999
0 0.8416666671874999 0.975053078125 0.84375 0.96762208125 0.8390625 0.9559447984375 0.84375 0.94002123125 0.8416666671874999 0.9262208062499999 0.8315104171875 0.9097664546875001 0.8200520828125001 0.9140127390625 0.8153645828125 0.910828025 0.8059895828125001 0.91613588125 0.79609375 0.9097664546875001 0.7796875 0.8519108281250001 0.77265625 0.835456475 0.7682291671875 0.8317409765624999 0.7666666671875 0.815817409375 0.7697916671875 0.8009554140624999 0.7830729171875 0.7887473453125 0.7971354171875 0.7855626328125 0.7994791671875 0.77547770625 0.79765625 0.7707006375 0.7471354171875 0.7675159234375 0.7453125 0.77547770625 0.759375 0.8243099781250001 0.75859375 0.8322717624999999 0.7497395828125 0.8428874734375 0.69140625 0.8481953296875 0.67890625 0.8460721875000001 0.6760416671875 0.8402335453124999 0.6703125 0.802016984375 0.6627604171875 0.774946921875 0.6440104171875001 0.783439490625 0.6401041671875001 0.7786624203125 0.6395833328125 0.7340764328125 0.6419270828125 0.7186836515625 0.74921875 0.7112526546875 0.7614583328125 0.7032908703125 0.7625 0.6863057328125 0.7677083328125 0.67993630625 0.7677083328125 0.6725053078125 0.7606770828125 0.6677282375 0.74296875 0.6666666671875 0.7059895828125 0.6666666671875 0.6981770828125 0.6709129515625001 0.6591145828125 0.6677282375 0.6505208328125 0.6173036093750001 0.6546875 0.5663481953125 0.6471354171875 0.548832271875 0.6354166671875 0.5345010609374999 0.6322916671875001 0.5196390656250001 0.6354166671875 0.49840764374999996 0.6479166671875001 0.480360934375 0.6315104171875 0.47770700625 0.6229166671875 0.42303609375000006 0.6205729171875001 0.41932059375 0.6127604171875001 0.42250530781249995 0.6080729171875 0.4087048828125 0.6044270828125 0.410828025 0.6020833328124999 0.4156050953125 0.6046875 0.4240976640625 0.6041666671875 0.4421443734375 0.6067708328125 0.4548832265625 0.6119791671875 0.46231422499999997 0.6145833328125 0.47823779218749995 0.6145833328125 0.5313163484375 0.6158854171875 0.5360934187499999 0.6270833328125 0.5440552015625 0.6286458328125 0.5705944796875 0.6354166671875 0.5928874734375 0.6359375 0.634288746875 0.6299479171875 0.664543525 0.6236979171875 0.6677282375 0.6153645828125 0.663481953125 0.6104166671875 0.6735668796875001 0.6104166671875 0.695859871875 0.60390625 0.6985138 0.6005208328125 0.7054140125 0.5989583328125 0.745753715625 0.603125 0.75530785625 0.6075520828125 0.7770700640625 0.62421875 0.778131634375 0.6356770828125 0.7866242031249999 0.64375 0.8009554140624999 0.646875 0.815817409375 0.6552083328125 0.8317409765624999 0.6572916671875 0.8423566875 0.671875 0.8667728234375 0.6755208328125 0.886942675 0.6838541671875 0.9920382171875 0.6888020828125 0.9978768578125001 0.72578125 0.9978768578125001 0.73203125 0.99469214375 0.8401041671874999 0.9973460718749999 0.8421875 0.9920382171875 0.8416666671874999 0.975053078125
0 0.978125 0.2022293 0.9791666671874999 0.17462845 0.9776041671875 0.16719745156250002 0.9731770828125 0.16135881093749999 0.9661458328125001 0.16719745156250002 0.9614583328125 0.201167728125 0.9572916671874999 0.214968153125 0.9528645828125001 0.20700636874999997 0.95078125 0.2144373671875 0.9473958328125001 0.21709129531250002 0.94921875 0.23354564687499998 0.95234375 0.23460721874999999 0.95703125 0.2462845015625 0.965625 0.25 0.9697916671875 0.24150743125 0.978125 0.2022293
0 0.9997395828125001 0.3184713375 0.9591145828125001 0.319532909375 0.94921875 0.31528662343749997 0.94140625 0.2898089171875 0.9372395828125001 0.2908704890625 0.9190104171875 0.2802547765625 0.9125 0.2659235671875 0.9122395828125001 0.25477707031249996 0.9018229171875 0.2452229296875 0.89453125 0.23142250468749997 0.8908854171874999 0.23142250468749997 0.8846354171874999 0.2197452234375 0.8778645828125 0.2186836515625 0.8755208328125 0.223460721875 0.8747395828125001 0.2356687890625 0.8729166671874999 0.22452229375 0.8653645828125001 0.21125265468749999 0.8596354171874999 0.202760084375 0.8552083328125001 0.20435244218749998 0.8614583328125001 0.22239915 0.8627604171875 0.2377919328125 0.8705729171875 0.238853503125 0.8747395828125001 0.24946921406250003 0.8940104171875 0.2707006375 0.9010416671874999 0.28290870468749996 0.9036458328125001 0.2914012734375 0.9052083328125 0.311571125 0.9026041671874999 0.3285562625 0.9059895828125001 0.34076433125 0.9263020828125 0.3481953296875 0.9377604171874999 0.3322717625 0.94453125 0.3343949046875 0.9484375 0.34341825937500003 0.9479166671874999 0.360403396875 0.9497395828125 0.36411889531249997 0.9606770828125001 0.3662420375 0.9690104171874999 0.37791932031250003 0.9723958328125001 0.39225053125 0.9763020828125001 0.39808917187500004 0.9885416671874999 0.4018046703125 1 0.39331210156249996 0.9997395828125001 0.3184713375
0 0.8390625 0.1820594484375 0.8356770828125001 0.1751592359375 0.8278645828125001 0.16242038281249999 0.8236979171875 0.1656050953125 0.8221354171874999 0.160297240625 0.8080729171875 0.14543524375 0.79609375 0.115711253125 0.7888020828125 0.1093418265625 0.7830729171875 0.09766454375 0.7606770828125 0.0817409765625 0.7578125 0.064225053125 0.7536458328125 0.0567940546875 0.7526041671875 0.0440552015625 0.73828125 0.02547770625 0.73203125 0.0021231421875 0.6927083328125 0.0005307859374999999 0.6932291671875 0.024946921875 0.6981770828125 0.0329087046875 0.7049479171875 0.031847134375 0.7078125 0.0387473453125 0.71015625 0.057324840625 0.7190104171875 0.0636942671875 0.7221354171875001 0.074309978125 0.73984375 0.0944798296875 0.7401041671875 0.1056263265625 0.7455729171875001 0.1220806796875 0.75703125 0.1220806796875 0.7630208328125 0.131104034375 0.7671875 0.15233545625 0.7729166671875001 0.1597664546875 0.7723958328125 0.165074309375 0.7666666671875 0.1735668796875 0.7716145828125 0.18683651875 0.7768229171875001 0.1921443734375 0.7825520828125 0.17622080625 0.7924479171875001 0.1794055203125 0.79609375 0.17303609375 0.81171875 0.1847133765625 0.82109375 0.1794055203125 0.8322916671874999 0.195859871875 0.8395833328125001 0.19055201718749998 0.8390625 0.1820594484375
0 0.9544270828125001 0.4798301484375 0.9611979171874999 0.48195329062500003 0.9690104171874999 0.49469214375000004 0.9799479171875 0.49256900156250005 0.9877604171875 0.48832271718750003 0.9979166671874999 0.47186836562499995 0.9846354171874999 0.4437367296875 0.97265625 0.4405520171875 0.9674479171874999 0.43205944843750005 0.9533854171874999 0.42781316406250003 0.9486979171875 0.4416135875 0.9408854171875 0.4437367296875 0.91328125 0.42781316406250003 0.9109375 0.42303609375000006 0.9109375 0.4081740984375 0.9192708328125001 0.3901273890625 0.9174479171875 0.38004246249999996 0.9018229171875 0.384288746875 0.89921875 0.392781315625 0.8919270828125001 0.3959660296875 0.8841145828125001 0.4087048828125 0.87890625 0.4087048828125 0.8799479171875 0.39808917187500004 0.87421875 0.3938428875 0.86953125 0.384288746875 0.8627604171875 0.3832271765625 0.8565104171875 0.37685775 0.8549479171875 0.37154989375 0.8513020828125001 0.37685775 0.8505208328125 0.3678343953125 0.846875 0.365711253125 0.8390625 0.4007431 0.8463541671874999 0.4166666671875 0.8484375 0.43259023281250003 0.85234375 0.4437367296875 0.8684895828125001 0.44585987187500004 0.8736979171874999 0.451167728125 0.88203125 0.4713375796875 0.8877604171875 0.4702760078125 0.8903645828125001 0.4575371546875 0.8916666671875 0.4686836515625 0.89453125 0.47239915000000005 0.9278645828125001 0.47770700625 0.9380208328125 0.49840764374999996 0.9455729171874999 0.486199575 0.9544270828125001 0.4798301484375
0 0.93203125 0.6730360937500001 0.9395833328125001 0.6682590234375 0.94140625 0.6305732484375 0.9747395828125001 0.624203821875 0.9828125 0.6162420375 0.9802083328125001 0.6066878984375 0.9830729171874999 0.6061571125 0.9833333328125 0.600318471875 0.9690104171874999 0.5785562625 0.9510416671874999 0.54299363125 0.9450520828125001 0.52547770625 0.9330729171875 0.5212314218749999 0.9263020828125 0.52760085 0.9216145828125001 0.5552016984375 0.90546875 0.55307855625 0.9041666671874999 0.5514862 0.9088541671874999 0.5440552015625 0.9018229171875 0.540339703125 0.89453125 0.5424628453125 0.8973958328125 0.5514862 0.89140625 0.55307855625 0.8747395828125001 0.526539278125 0.86328125 0.526539278125 0.8596354171874999 0.5095541406249999 0.8151041671874999 0.5122080671875 0.8145833328125001 0.5355626328125 0.8052083328125 0.5514862 0.80390625 0.5690021234375 0.8502604171874999 0.5721868359375 0.8549479171875 0.5785562625 0.8591145828125001 0.57006369375 0.8609375 0.5748407640625001 0.8609375 0.600318471875 0.86875 0.611995753125 0.8739583328125 0.6311040343750001 0.8927083328125001 0.670382165625 0.8966145828125001 0.6836518046875 0.9067708328125 0.687367303125 0.9268229171875 0.6847133765625 0.93203125 0.6730360937500001
0 0.80234375 0 0.8010416671874999 0.0079617828125 0.7963541671875001 0.0143312109375 0.80078125 0.026539278125 0.8080729171875 0.03609341875 0.81171875 0.0297239921875 0.8125 0.041932059375000004 0.828125 0.0652866234375 0.8286458328125 0.1056263265625 0.8309895828125 0.110403396875 0.8466145828125 0.11252653906250001 0.85234375 0.1390658171875 0.8630208328125001 0.14490445937500002 0.865625 0.16082802499999999 0.8614583328125001 0.1852441609375 0.8705729171875 0.19851380000000002 0.8747395828125001 0.1963906578125 0.8783854171875 0.20488322656250002 0.8817708328125 0.20329087031249998 0.8828125 0.192675159375 0.8924479171874999 0.1740976640625 0.9065104171874999 0.16772823750000002 0.9177083328125001 0.16825902343750002 0.9213541671875 0.1204883234375 0.9171875 0.11199575312500001 0.9244791671874999 0.09607218749999999 0.9255208328125001 0.0716560515625 0.9299479171874999 0.07006369375 0.9317708328125001 0.07696390625 0.93125 0.10031847187500001 0.9341145828125 0.10403397031249999 0.9377604171874999 0.09872611406250001 0.9385416671875 0.10456475624999999 0.9372395828125001 0.1082802546875 0.93359375 0.1061571125 0.9265625 0.1194267515625 0.9229166671875 0.15233545625 0.9229166671875 0.175690021875 0.9307291671875 0.192675159375 0.9307291671875 0.21284501093750002 0.9328125 0.223460721875 0.9416666671874999 0.22770700625 0.9473958328125001 0.21284501093750002 0.9479166671874999 0.2001061578125 0.95625 0.1640127390625 0.95625 0.13535031875 0.95 0.10350318437499999 0.9567708328125001 0.078025478125 0.9619791671875 0.06847133749999999 0.9666666671874999 0.0440552015625 0.9661458328125001 0.0132696390625 0.96328125 0 0.9252604171875 0 0.9221354171874999 0.0031847140625 0.9065104171874999 0 0.9059895828125001 0.009554140625 0.90546875 0 0.8971354171874999 0 0.8911458328125 0.0313163484375 0.8927083328125001 0.0514862 0.8903645828125001 0.054140128125 0.88671875 0.049893842187499995 0.8739583328125 0.0886411890625 0.8674479171874999 0.09872611406250001 0.8640625 0.081210190625 0.8671875 0.061040339062500004 0.86328125 0.065817409375 0.86328125 0.05307855625 0.8549479171875 0.065817409375 0.8513020828125001 0.0382165609375 0.84296875 0.0467091296875 0.8395833328125001 0.0398089171875 0.8369791671875 0.0217622078125 0.83125 0.019639065625 0.8309895828125 0 0.80234375 0
0 0.5041666671875 0.7160297234375 0.5041666671875 0.670382165625 0.5010416671875 0.634288746875 0.49921875 0.6284501062500001 0.49609375 0.627388534375 0.4916666671875 0.634288746875 0.4895833328125 0.6544585984375 0.4890625 0.6640127390624999 0.4916666671875 0.6735668796875001 0.48854166718750003 0.6852441609375 0.490625 0.695859871875 0.48854166718750003 0.7213375796875 0.49036458281249995 0.725053078125 0.4994791671875 0.72452229375 0.50234375 0.7229299359375 0.5041666671875 0.7160297234375
0 0.45104166718750005 0.5769639062499999 0.4622395828125 0.557324840625 0.46953125 0.5498938421874999 0.4809895828125 0.55307855625 0.48671875 0.5636942671875 0.49973958281249997 0.5636942671875 0.50234375 0.57006369375 0.5046875 0.5621019109375001 0.5067708328125 0.533439490625 0.49036458281249995 0.5244161359375 0.48333333281249996 0.5143312109375 0.4796875 0.48991507500000003 0.48125 0.45382165625 0.47734375 0.4437367296875 0.47421875 0.44267515937499996 0.4713541671875 0.4474522296875 0.47083333281249995 0.4867303609375 0.4625 0.5196390656250001 0.4596354171875 0.5233545640624999 0.45234375 0.5201698515625 0.44947916718750003 0.5132696390625 0.4479166671875 0.4962845015625 0.44895833281249997 0.4644373671875 0.44505208281249997 0.46602972343750004 0.4427083328125 0.4739915078125 0.44375 0.5918259015625 0.44921875 0.5859872609375001 0.45104166718750005 0.5769639062499999