1 0.221875 0.759375 0.09921875 0.10546875
1 0.16328125 0.8921875 0.10390625 0.1390625
1 0.3234375 0.76640625 0.090625 0.14765625
1 0.15546875 0.2484375 0.053125 0.04921875
1 0.25625 0.20859375 0.0640625 0.053125
1 0.646875 0.5890625 0.11796875 0.1234375
1 0.440625 0.715625 0.0640625 0.08828125
1 0.7703125 0.47578125 0.03984375 0.053125
1 0.50703125 0.16015625 0.06015625 0.071875
1 0.26796875 0.678125 0.0890625 0.07734375
1 0.2828125 0.44140625 0.0453125 0.053125
1 0.52890625 0.696875 0.0671875 0.09375
1 0.20625 0.65078125 0.0703125 0.10234375
1 0.16171875 0.5453125 0.0703125 0.07578125
1 0.50078125 0.4390625 0.04453125 0.09140625
1 0.7015625 0.4015625 0.05625 0.053125
1 0.75234375 0.2640625 0.0453125 0.04765625
1 0.3953125 0.13984375 0.065625 0.0578125
1 0.40703125 0.43359375 0.096875 0.0796875
1 0.59296875 0.4171875 0.0390625 0.0453125
1 0.38671875 0.27421875 0.05234375 0.0578125
0 0.5551855375 1 0.5599429109375 0.9901685390624999 0.572312084375 1 0.6170313984375 0.99859550625 0.6184586109375 0.9768258421875 0.6117982875 0.9473314609375001 0.6117982875 0.8911516859375 0.6160799234375001 0.880617978125 0.623691721875 0.87640449375 0.63558515625 0.8869382015625 0.6441484296875 0.9206460671875 0.64224548125 0.9557584265625 0.6327307328125 0.9894662921874999 0.6360608937500001 0.9971910109375001 0.8411037109375 0.999297753125 0.845861084375 0.9950842703125 0.8529971453125 0.9705056187500001 0.8791627015625 0.9698033703125001 0.875356803125 0.9445224718749999 0.8848715515625001 0.8925561796875 0.8939105609375 0.8834269656249999 0.9072312078125 0.8834269656249999 0.9115128453124999 0.8771067421875 0.9348239765624999 0.8075842703125 0.9643196953125001 0.8146067421875 0.9676498578125001 0.81109550625 0.9728829687499999 0.77668539375 1 0.7675561796875 0.9995242624999999 0.491573034375 0.9947668890625 0.5393258421875 0.983349190625 0.5393258421875 0.9728829687499999 0.5449438203125 0.9595623218749999 0.563202246875 0.929590865625 0.5737359546875 0.9372026640625 0.6144662921874999 0.9276879156250001 0.652387640625 0.91531874375 0.667837078125 0.91627021875 0.695926965625 0.9100856328125 0.7078651687499999 0.8882017125000001 0.6994382015625 0.8710751671875 0.6502808984375 0.8510941953125 0.681179775 0.8430066609375 0.6580056187500001 0.8420551859375 0.6200842703125 0.8358706 0.61095505625 0.8139866796874999 0.633426965625 0.7892483343750001 0.6376404499999999 0.760704090625 0.6081460671875 0.734062796875 0.6418539328125 0.7178877265625 0.644662921875 0.6617507140625001 0.6896067421875001 0.6294005703125001 0.7064606734375001 0.5913415796875 0.741573034375 0.5608943859375 0.74859550625 0.52473834375 0.7752808984375 0.52664129375 0.7808988765625 0.5504281640625 0.7949438203125 0.5637488109375 0.7682584265625 0.5742150328125 0.76404494375 0.58277830625 0.7668539328125 0.5918173171875 0.7830056187500001 0.5918173171875 0.792837078125 0.5842055187499999 0.81109550625 0.5751665078125 0.8202247187499999 0.5580399625 0.8202247187499999 0.5547098 0.83918539375 0.5466222640625 0.853932584375 0.5076117984375 0.8651685390624999 0.487630828125 0.852528090625 0.483349190625 0.8448033703125001 0.4909609890625 0.8223314609375001 0.48953377812500004 0.799157303125 0.482873453125 0.8033707859374999 0.4781160796875 0.799157303125 0.4666983828125 0.8103932578125 0.4643196953125 0.8223314609375001 0.4766888671875 0.8448033703125001 0.4785918171875 0.8630617984375 0.4643196953125 0.9080056187500001 0.45052331093750003 0.9227528093749999 0.42007611875000006 0.931179775 0.3972407234375 0.9213483140625 0.3977164609375 0.903792134375 0.39010466250000003 0.8869382015625 0.39010466250000003 0.8644662921874999 0.400570884375 0.8405898875 0.3943862984375 0.83286516875 0.376308278125 0.83286516875 0.3648905796875 0.839887640625 0.35823025625 0.852528090625 0.3306374875 0.8679775281250001 0.3258801140625 0.87640449375 0.3144624171875 0.8778089890624999 0.30589914375 0.8876404499999999 0.2982873453125 0.8890449437499999 0.2954329203125 0.8988764046875 0.27545195 0.9002808984374999 0.25166508125 0.9115168546874999 0.24785918125 0.9213483140625 0.235490009375 0.9227528093749999 0.2316841109375 0.931179775 0.2202664125 0.9353932578125 0.2164605140625 0.9452247187499999 0.205042815625 0.9466292140625001 0.1874405328125 0.9655898875 0.19647954375 0.9747191015625001 0.2002854421875 0.9719101125 0.2145575640625 1 0.5551855375 1
0 0.8482397718750001 0.5365168546875 0.8534728828125001 0.5301966296875 0.8506184593749999 0.5091292140625 0.8334919125000001 0.486657303125 0.8258801140625 0.46137640468749996 0.8249286390625 0.42205056250000006 0.8306374875 0.39396067343749996 0.8358706 0.383426965625 0.8525214078125 0.3700842703125 0.849666984375 0.3490168546875 0.844433871875 0.3426966296875 0.8263558515625 0.3651685390625 0.8092293046875 0.369382021875 0.8058991437499999 0.3771067421875 0.8125594671874999 0.38974719062499996 0.8135109421875001 0.41221910156249997 0.8192197906249999 0.4192415734375 0.8192197906249999 0.4276685390625 0.80494766875 0.45154494375 0.80304471875 0.4810393265625 0.8082778312500001 0.48595505625 0.8120837296875001 0.4831460671875 0.8154138921874999 0.4978932578125 0.8111322546874999 0.5070224718749999 0.7892483343750001 0.51404494375 0.7840152234375 0.5203651687499999 0.7840152234375 0.5344101125 0.774500475 0.5456460671875 0.7963843953125 0.5512640453125 0.8130352046875 0.5407303375 0.8482397718750001 0.5365168546875
0 0.9847764031249999 0.4346910109375 0.9766888671875 0.4143258421875 0.961465271875 0.40028089843750003 0.956707896875 0.4030898875 0.9538534734375 0.3918539328125 0.9486203609375 0.415028090625 0.933396765625 0.4276685390625 0.9343482390625001 0.43890449374999996 0.9419600375 0.45154494375 0.9419600375 0.46418539374999995 0.9533777359375 0.46980337031249997 0.9557564218750001 0.450842696875 0.9847764031249999 0.4346910109375
0 0.848715509375 0.5330056187500001 0.8468125593750001 0.5049157296875 0.8358706 0.491573034375 0.8315889625 0.49227528125 0.8235014265625 0.4283707859375 0.8206470031249999 0.4269662921875 0.80494766875 0.45154494375 0.792578496875 0.5105337078125001 0.7830637484375 0.5175561796875 0.7830637484375 0.53581460625 0.77545195 0.5456460671875 0.793529971875 0.5512640453125 0.8120837296875001 0.5407303375 0.848715509375 0.5330056187500001
0 0.9952426265625001 0.2521067421875 0.9961941015625 0.2310393265625 0.984300665625 0.216292134375 0.9676498578125001 0.22401685468750002 0.9676498578125001 0.2478932578125 0.956232159375 0.2661516859375 0.9514747859374999 0.2844101125 0.9538534734375 0.2949438203125 0.9771646046875 0.29845505625 0.983824928125 0.2675561796875 0.9952426265625001 0.2521067421875
0 0.844909609375 0.26474719062499996 0.8468125593750001 0.2816011234375 0.8411037109375 0.2956460671875 0.8525214078125 0.3012640453125 0.8587059937499999 0.2598314609375 0.844909609375 0.26474719062499996
0 0.9348239765624999 0 0.9314938156249999 0.0049157296875 0.9329210281250001 0.022471909374999998 0.9519505234375 0.012640450000000001 0.9619410078125 0.0245786515625 0.9652711703125 0.0365168546875 0.9728829687499999 0.0379213484375 0.9781160796874999 0.0119382015625 0.985252140625 0.00140449375 0.9933396765625 0.0119382015625 1 0.0442415734375 0.9995242624999999 0 0.9348239765624999 0