1 0.8828125 0.4828125 0.15703125 0.18359375
1 0.3640625 0.26484375 0.1203125 0.17578125
1 0.4953125 0.24609375 0.07734375 0.134375
1 0.2 0.80625 0.20390625 0.37578125
1 0.47578125 0.6125 0.1609375 0.36484375
1 0.70078125 0.47109375 0.1578125 0.240625
1 0.73828125 0.20390625 0.11015625 0.12265625
1 0.58984375 0.64140625 0.1671875 0.29453125
1 0.97578125 0.04296875 0.0484375 0.084375
1 0.08046875 0.04375 0.0875 0.0875
1 0.04453125 0.8078125 0.0796875 0.38359375
1 0.56875 0.42265625 0.12734375 0.17265625
1 0.921875 0.17265625 0.1484375 0.13125
1 0.0984375 0.35078125 0.15078125 0.1109375
1 0.68359375 0.253125 0.159375 0.18046875
1 0.5671875 0.07421875 0.08359375 0.08359375
1 0.43828125 0.3796875 0.140625 0.128125
1 0.1 0.48203125 0.16015625 0.1546875
1 0.3515625 0.14140625 0.115625 0.09921875
1 0.0296875 0.2578125 0.05546875 0.178125
1 0.84375 0.3390625 0.11484375 0.11484375
1 0.3453125 0.0359375 0.1125 0.071875
1 0.77578125 0.03984375 0.0640625 0.065625
0 0.9721080453125 0.9733036703125 0.9885496187499999 0.9699666296875 0.9997064 0.9799777531249999 1 0.597886540625 0.9726952437499999 0.6106785312499999 0.96858485 0.6184649609374999 0.955079271875 0.6218020015625 0.9512624781250001 0.6268075640624999 0.9450968874999999 0.64849833125 0.94186729375 0.6468298109374999 0.94157369375 0.6318131250000001 0.9406928953125 0.640155728125 0.9371696999999999 0.6434927703125 0.9292425124999999 0.670745271875 0.92542571875 0.6646273640625 0.923957721875 0.649610678125 0.90634175 0.647385984375 0.87874339375 0.609566184375 0.8705226078124999 0.60622914375 0.8669994125 0.6151279203125 0.859365825 0.6218020015625 0.84762184375 0.6218020015625 0.829712271875 0.637931034375 0.8311802703125 0.647385984375 0.8435114499999999 0.650723025 0.84732824375 0.6713014453125 0.8511450375 0.670745271875 0.8517322374999999 0.6774193546875 0.775396359375 0.7219132375 0.7648267765625001 0.7263626249999999 0.7566059890625 0.72413793125 0.7489724015625 0.7408231375 0.7413388140625 0.74304783125 0.7266588375 0.7352614015625 0.7143276578125 0.707452725 0.7025836765625 0.6918798671874999 0.6884908984375 0.6941045609375001 0.6743981203125 0.7030033375 0.666470934375 0.713570634375 0.669994128125 0.720244715625 0.6670581328125 0.7280311453125 0.6688197296875 0.7591768625 0.6638285374999999 0.7708565078125 0.6256605984375 0.7875417125 0.6186142109375 0.803114571875 0.611567821875 0.8042269187500001 0.6086318265624999 0.8109010015625 0.5851438640625 0.8253615125 0.48649442187499997 0.8754171296875001 0.4580152671875 0.79477196875 0.4539048734375 0.772525028125 0.4456840875 0.7480533921875 0.443041690625 0.7452725250000001 0.43893129843749995 0.7497219125 0.4327657078125 0.7424916578125 0.435701703125 0.713570634375 0.42102172656250003 0.677975528125 0.381092190625 0.5500556171875 0.380504990625 0.53559510625 0.3834409859375 0.5189098999999999 0.376981796875 0.46885428281249997 0.3702290078125 0.4760845390625 0.36083382343750003 0.4771968859375 0.35496183281250004 0.470522803125 0.3411626546875 0.4677419359375 0.341749853125 0.4466073421875 0.3370522609375 0.4466073421875 0.33998825625 0.45216907656250005 0.33793305937499996 0.4582869859375 0.3370522609375 0.4477196890625 0.32941867343750003 0.43882091250000005 0.32706987656250003 0.423248053125 0.32765707499999996 0.399888765625 0.3247210796875 0.3865406 0.3288314734375 0.378754171875 0.326482678125 0.362068965625 0.3053435109375 0.3498331484375 0.29477392812500003 0.3120133484375 0.2959483265625 0.2964404890625 0.298884321875 0.2897664078125 0.28890193750000004 0.281979978125 0.2800939515625 0.2530589546875 0.2824427484375 0.245272525 0.278919553125 0.23414905468749997 0.27099236718749997 0.23359288125000002 0.26658837343749997 0.226362625 0.2627715796875 0.1935483875 0.2551379921875 0.194660734375 0.25366999375 0.185205784375 0.2507339984375 0.185205784375 0.2507339984375 0.204115684375 0.2530827953125 0.208565071875 0.2513211984375 0.2163515015625 0.255431590625 0.2185761953125 0.255725190625 0.2313681875 0.26423957656249997 0.23859844218749998 0.26365237812500003 0.2897664078125 0.26658837343749997 0.32981090156250004 0.263945978125 0.34482758593749996 0.2501468 0.324249165625 0.247798003125 0.2986651828125 0.24280681093749998 0.295884315625 0.2272460359375 0.260845384375 0.2196124484375 0.2308120140625 0.2178508515625 0.2107897671875 0.20405167343750003 0.179087875 0.19641808593750001 0.17241379375000002 0.1961244859375 0.185205784375 0.1999412796875 0.18353726406249998 0.20023487968749998 0.187430478125 0.1961244859375 0.187430478125 0.1961244859375 0.19855394843750002 0.20023487968749998 0.20077864218750002 0.201409278125 0.24860956562499997 0.20434527343750003 0.2530589546875 0.205519671875 0.26640711875 0.201409278125 0.2719688546875 0.1984732828125 0.2897664078125 0.2119788609375 0.347608453125 0.2175572515625 0.35817575156250003 0.2275396359375 0.352614015625 0.2278332359375 0.3331479421875 0.22254844375 0.32758620625 0.22812683437499998 0.31368186875 0.2316500296875 0.312569521875 0.23840281874999997 0.3498331484375 0.24867880156250002 0.350389321875 0.2524955953125 0.3553948828125 0.2504404 0.3626251390625 0.2419260125 0.3709677421875 0.2419260125 0.378754171875 0.26189078125 0.5489432703125 0.265413975 0.6857619578125 0.26952436875 0.7046718578125 0.26952436875 0.7324805343749999 0.2742219609375 0.751390434375 0.283617146875 0.8214682984375001 0.2903699359375 0.84204671875 0.296535525 0.8437152390625 0.2924251328125 0.8592880984375 0.296535525 0.91490545 0.251614796875 0.94104560625 0.24045801562500002 0.9666295890625 0.23223722812499997 0.975528365625 0.2116852609375 0.9822024468749999 0.20816206718750002 0.9644048937499999 0.1952436875 0.9644048937499999 0.16911332968749998 0.9949944374999999 0.2974163234375 0.9988876531249999 0.307105109375 0.9961067859374999 0.3035819140625 0.8526140156249999 0.298884321875 0.8403781984375 0.3035819140625 0.8259176859374999 0.302407515625 0.7547274749999999 0.30005872031249997 0.7213570640625 0.2941867296875 0.713570634375 0.2994715203125 0.699110121875 0.29770992343749997 0.6612903218749999 0.3032883140625 0.6585094546875 0.3076923078125 0.6657397109375001 0.3100411046875 0.7091212453125 0.3132706984375 0.701890990625 0.3159130953125 0.7046718578125 0.3153258953125 0.711345940625 0.30886670625 0.720244715625 0.3123899 0.8225806453125 0.314445096875 0.8320355953125 0.317968290625 0.8286985546875 0.3211978859375 0.8325917687500001 0.314738696875 0.8381535031249999 0.317968290625 0.84649610625 0.322078684375 0.8375973296874999 0.32706987656250003 0.8459399328125 0.3267762765625 0.8553948828125 0.3197298890625 0.8565072296875 0.3129771 0.8670745265625 0.3176746921875 0.9949944374999999 0.3209042859375 0.9988876531249999 0.385202584375 0.9983314796875 0.9386376984375 0.99777530625 0.9721080453125 0.9733036703125
0 0.2589547859375 0.6179087875 0.2577803875 0.5667408234375 0.251908396875 0.5189098999999999 0.248385203125 0.5088987765625 0.248385203125 0.48331479374999997 0.2372284203125 0.3898776421875 0.23223722812499997 0.369299221875 0.22225484375 0.37041156875 0.2178508515625 0.3754171296875 0.21902525 0.3943270296875 0.2137404578125 0.40211345937500004 0.2137404578125 0.406562846875 0.21843805 0.4243604 0.2219612453125 0.45773081250000003 0.2260716390625 0.46996662968749997 0.2295948328125 0.49666295937499993 0.23840281874999997 0.5077864296875 0.24662360468750003 0.5322580640625 0.24662360468750003 0.5422691875 0.24075161406249998 0.5600667406250001 0.2507339984375 0.6256952171875 0.2583675859375 0.63459399375 0.259541984375 0.6635150171875 0.26189078125 0.6457174640625001 0.2589547859375 0.6179087875