1 0.8046875 0.5265625 0.390625 0.3125
1 0.8640625 0.31328125 0.2140625 0.13671875
1 0.03203125 0.44140625 0.0640625 0.1171875
1 0.0171875 0.20859375 0.03203125 0.08828125
1 0.69609375 0.725 0.6078125 0.55
1 0.56171875 0.37421875 0.22265625 0.153125
1 0.33515625 0.353125 0.1109375 0.0875
1 0.27890625 0.15546875 0.0890625 0.046875
1 0.371875 0.15234375 0.07109375 0.0515625
1 0.2671875 0.18515625 0.09140625 0.046875
1 0.41328125 0.20703125 0.05703125 0.040625
1 0.215625 0.2203125 0.025 0.03203125
1 0.5515625 0.2609375 0.0890625 0.05859375
1 0.4140625 0.1734375 0.03125 0.0296875
1 0.29140625 0.2203125 0.0546875 0.03125
1 0.50703125 0.20625 0.05546875 0.04296875
1 0.1875 0.1421875 0.0265625 0.03203125
1 0.125 0.16796875 0.04296875 0.05234375
0 0.18214499687500002 0.9802395203125001 0.1755542234375 0.9706586828124999 0.173756740625 0.9574850296875 0.1617735171875 0.93592814375 0.15817855 0.9119760484375 0.16716596718750001 0.8784431140625 0.168364290625 0.8628742515625 0.1659676453125 0.8425149703124999 0.156980228125 0.8029940124999999 0.1557819046875 0.7838323359375 0.1473936484375 0.76107784375 0.14439784375 0.7371257484375 0.13750748906250002 0.7245508984375 0.1336129421875 0.7299401203125 0.134212103125 0.764670659375 0.139604553125 0.77664670625 0.139604553125 0.785029940625 0.1360095859375 0.79221556875 0.137207909375 0.8425149703124999 0.14799280937499998 0.97664670625 0.14949071249999998 0.982035928125 0.16147393593749998 0.9892215562500001 0.1785500296875 0.99221556875 0.18394248124999998 0.9886227546875 0.18214499687500002 0.9802395203125001
0 0.4937088078125 0.9886227546875 0.4865188734375 0.9778443109375001 0.4826243265625 0.9616766468750001 0.47753145625000004 0.9586826343749999 0.47423606874999996 0.9437125749999999 0.464949071875 0.9323353296875 0.46015578125 0.9095808390625001 0.4514679453125 0.90778443125 0.44727381718750003 0.89221556875 0.44307968906250006 0.8958083828125 0.4358897546875 0.8778443109375 0.43169562656249993 0.8766467062500001 0.4295985625 0.8940119765625001 0.4233073703125 0.8982035921874999 0.42061114374999997 0.8904191609375 0.41941282187500006 0.8449101796875 0.416417015625 0.8293413171875 0.41312162968750005 0.8239520953125 0.40832834062499995 0.8263473046875 0.40113840625 0.8155688624999999 0.39275015 0.81077844375 0.3888556015625 0.79221556875 0.37687237812499996 0.7742514968750001 0.3732774109375 0.7574850296875 0.363091671875 0.7455089828125 0.36129418750000003 0.7299401203125 0.3454164171875 0.7137724546875 0.343319353125 0.7035928140625 0.3298382265625 0.67664670625 0.312462553125 0.6526946109375 0.309466746875 0.643113771875 0.306470940625 0.6407185625 0.3028759734375 0.6479041921875 0.2986818453125 0.6479041921875 0.2917914921875 0.5970059875 0.282804075 0.5886227546875 0.28460155781249996 0.581437125 0.2807070109375 0.56407185625 0.2768124625 0.5658682640625 0.27471539843750004 0.58922155625 0.26842420625 0.5862275453125 0.2633313359375 0.500598803125 0.2507489515625 0.4982035921875 0.24805272656250002 0.502395209375 0.247153984375 0.5137724546875 0.24295985625 0.5113772453125 0.24026363125 0.5251496999999999 0.235769921875 0.5269461078125001 0.231875375 0.49161676718749997 0.18484122187500002 0.40359281406249997 0.180946675 0.40778443124999997 0.1803475140625 0.42335329374999997 0.1803475140625 0.40898203593750004 0.1755542234375 0.400598803125 0.1731575796875 0.37664670624999996 0.1467944875 0.3263473046875 0.14110245625 0.305389221875 0.1261234265625 0.2958083828125 0.1219292984375 0.279041915625 0.109946075 0.2778443109375 0.10635110781249998 0.2622754484375 0.09197124062499999 0.2502994015625 0.0865787890625 0.2502994015625 0.0814859203125 0.241317365625 0.0784901140625 0.220958084375 0.073696825 0.21137724531250002 0.0742959859375 0.19221556875 0.0704014375 0.18323353281250002 0.063810665625 0.1724550890625 0.058418214062499994 0.171257484375 0.0470341515625 0.1748503 0.0371479921875 0.18742514999999998 0.038346315625 0.21257484999999998 0.043738765624999995 0.21736526875 0.0449370875 0.2377245515625 0.05332534375 0.266467065625 0.052127021875 0.28922155625 0.058118634375 0.297604790625 0.0614140203125 0.31257484999999996 0.10035949687500001 0.3113772453125 0.111743559375 0.305389221875 0.1177351703125 0.30658682656249997 0.1204313953125 0.3119760484375 0.11713600937499999 0.31856287499999997 0.1039544640625 0.3161676640625 0.094367884375 0.320958084375 0.091671659375 0.3275449109375 0.0913720796875 0.33892215625 0.07100059843749999 0.34371257499999996 0.062312762499999994 0.3598802390625 0.063511084375 0.400598803125 0.07100059843749999 0.40479041875000005 0.074895146875 0.39580838281249997 0.080287596875 0.466467065625 0.07878969375 0.474251496875 0.07070101875 0.48083832343750005 0.069502696875 0.4940119765625 0.075194728125 0.49700598749999997 0.077890953125 0.5035928140625 0.0784901140625 0.517964071875 0.0817855 0.5269461078125001 0.0883762734375 0.5269461078125001 0.0907729171875 0.5149700593750001 0.0958657875 0.5167664671875001 0.0970641109375 0.5502994015625 0.0940683046875 0.5730538921874999 0.1021569796875 0.57964071875 0.1024565609375 0.558682634375 0.0994607546875 0.5502994015625 0.10005991562500001 0.5083832328125 0.0952666265625 0.46407185625 0.097363690625 0.44910179687499996 0.1012582390625 0.45089820312500006 0.10425404375 0.4700598796875 0.10724985000000001 0.522754490625 0.1150389453125 0.5730538921874999 0.1150389453125 0.5886227546875 0.11803475156250001 0.5982035921875 0.11563810625 0.6245508984375 0.1168364296875 0.6616766468749999 0.11084481718750001 0.6880239515625 0.1132414625 0.7431137718749999 0.11054523593750001 0.7520958078125 0.1021569796875 0.7497005984375 0.0811863390625 0.7544910171875 0.0476333140625 0.766467065625 0.035350509375 0.77664670625 0.035650090625000005 0.8155688624999999 0.0704014375 0.782035928125 0.094367884375 0.7760479046875 0.103355303125 0.782035928125 0.10784901093749999 0.794610778125 0.10635110781249998 0.8431137718749999 0.0811863390625 0.8706586828124999 0.063211503125 0.8826347312499999 0.048232475000000004 0.881437125 0.044337926562500005 0.8736526953125001 0.043439184375 0.8622754484374999 0.035050928125000005 0.864670659375 0.02516476875 0.8556886234375 0.023966446875 0.8473053890625 0.031156381249999997 0.81736526875 0.023067704687500003 0.7808383234375 0.0008987421875 0.7844311375 0.00029958125 0.93293413125 0.0140802875 0.92335329375 0.027860995312499998 0.920958084375 0.0317555421875 0.9335329343750001 0.032354703125 0.9479041921875 0.044038346875 0.9532934125000001 0.04793289375 0.9491017968750001 0.04553625 0.9419161671875 0.046135410937499996 0.9215568859375001 0.0530257640625 0.9065868265624999 0.07339724375 0.89221556875 0.08478130625 0.889820359375 0.11533852656250002 0.8910179640625 0.1333133609375 0.91257485 0.130017975 0.841317365625 0.1264230078125 0.8245508984375001 0.12702216875 0.80778443125 0.12552426562500002 0.8011976046875 0.123127621875 0.8059880234374999 0.12103055781250001 0.8041916171875 0.11563810625 0.77664670625 0.1177351703125 0.7652694609374999 0.12402636250000001 0.785029940625 0.12552426562500002 0.7988023953125001 0.1264230078125 0.7275449109375 0.12462552499999999 0.7155688625 0.1168364296875 0.7059880234375 0.12252845937500001 0.699401196875 0.1279209109375 0.685029940625 0.1309167171875 0.685029940625 0.1333133609375 0.6934131734375 0.13750748906250002 0.6934131734375 0.1420011984375 0.7083832328125 0.14799280937499998 0.7155688625 0.14919113281250002 0.7215568859375 0.1467944875 0.731137725 0.14979029375 0.7371257484375 0.1545835828125 0.769461078125 0.15877771093749998 0.77664670625 0.159376871875 0.7982035921875 0.1728579984375 0.8479041921875 0.17884961093750001 0.8419161671875001 0.1887357703125 0.8161676640625 0.1836429 0.8059880234374999 0.165068903125 0.792814371875 0.1641701625 0.785029940625 0.16866387031250002 0.7844311375 0.1776512875 0.761676646875 0.19203115625 0.7592814375 0.20371480000000003 0.7275449109375 0.21959257031249999 0.6958083828125 0.227381665625 0.69221556875 0.235769921875 0.681437125 0.258538046875 0.6982035921875 0.26243259375 0.7083832328125 0.266926303125 0.736526946875 0.2759137203125 0.7317365265625 0.281006590625 0.738323353125 0.2822049125 0.7754491015625 0.28729778281249996 0.813173653125 0.29089275 0.8179640718750001 0.306470940625 0.8119760484375 0.3085680046875 0.8269461078125 0.306171359375 0.8401197609375 0.309466746875 0.8467065874999999 0.32204913125 0.8455089828125001 0.32594367812499997 0.8497005984375001 0.328939484375 0.8844311375 0.3337327734375 0.8952095812499999 0.33732774062500004 0.9167664671875 0.3379269015625 0.9407185625000001 0.3481126421875 0.953892215625 0.34751348125 0.969461078125 0.3427201921875 0.9886227546875 0.34421809531249997 0.9964071859375 0.4709406828125 0.9970059875 0.49281006562499996 0.9964071859375 0.4937088078125 0.9886227546875
0 0.7959856203125 0.9520958078125 0.7732174953125 0.935329340625 0.7636309171875 0.93293413125 0.7378669859375 0.9029940125 0.7267825046875 0.902395209375 0.7291791484375 0.9071856281249999 0.7297783109375 0.92035928125 0.7258837625 0.935329340625 0.7180946671874999 0.9257485031250001 0.7144997 0.9257485031250001 0.7121030562499999 0.9341317359374999 0.70910725 0.935329340625 0.70341521875 0.9227544906249999 0.7040143796875 0.9011976046875001 0.7010185734375 0.8904191609375 0.7070101859375 0.8796407187499999 0.7037148 0.8718562875 0.6587777109374999 0.8275449109374999 0.6168364296875 0.792814371875 0.609047334375 0.81077844375 0.5988615937499999 0.8083832328125 0.5907729171875 0.814970059375 0.594967046875 0.850898203125 0.589275015625 0.8706586828124999 0.5754943078125 0.8754491015625 0.568903534375 0.8682634734375 0.5650089875 0.8700598796874999 0.5674056328125 0.8808383234375 0.5674056328125 0.9035928140625 0.5611144390625 0.9221556890624999 0.558118634375 0.9161676640625 0.543738765625 0.9161676640625 0.52576393125 0.905389221875 0.5074895140625 0.9251497000000001 0.509586578125 0.930538921875 0.5140802875 0.9311377249999999 0.51378070625 0.9449101796875 0.5113840625 0.936526946875 0.5059916125 0.9437125749999999 0.5023966453125001 0.9341317359374999 0.498801678125 0.9449101796875 0.4952067109375 0.935329340625 0.493109646875 0.9395209578125 0.4937088078125 0.9467065874999999 0.5017974828125 0.9580838328124999 0.5089874171875 0.9580838328124999 0.5080886765625 0.9467065874999999 0.5131815453125 0.9461077843749999 0.5140802875 0.9574850296875 0.5104853203124999 0.9586826343749999 0.5086878375 0.9718562875 0.5179748359375 0.9904191609374999 0.52576393125 0.9964071859375 0.552127021875 0.9964071859375 0.5518274421875 0.9886227546875 0.5584182140625 0.9718562875 0.5518274421875 0.9646706593750001 0.55931695625 0.9556886234374999 0.5659077296875 0.9580838328124999 0.56800479375 0.963473053125 0.56800479375 0.9802395203125001 0.5614140203125 0.9886227546875 0.563511084375 0.9964071859375 0.6006590765625 0.9964071859375 0.60155781875 0.969461078125 0.608448171875 0.9592814375 0.6240263625 0.9497005984375001 0.6333133609375 0.9491017968750001 0.6327142 0.9371257484375001 0.6279209109375 0.9335329343750001 0.6318154578125 0.920958084375 0.63571000625 0.9215568859375001 0.6348112640625 0.9341317359374999 0.6396045531250001 0.9341317359374999 0.6437986812500001 0.9281437125 0.663571 0.9293413171875 0.66656680625 0.91736526875 0.6785500296875 0.9137724546875001 0.68064709375 0.9167664671875 0.6800479328125 0.9371257484375001 0.6773517078125 0.93892215625 0.6749550625 0.9269461078125 0.6692630312500001 0.9347305390624999 0.69802276875 0.9826347312499999 0.6983223484375001 0.9976047906250001 0.8016776515625 0.9982035921874999 0.8214499703125 0.981437125 0.7959856203125 0.9520958078125
0 0.4005392453125 0.48742515 0.405332534375 0.48143712499999997 0.43319352968749997 0.471257484375 0.40653085625 0.46706586874999995 0.3705811859375 0.4754491015625 0.357399640625 0.474251496875 0.3559017375 0.4940119765625 0.3576992203125 0.5 0.3921509890625 0.4862275453125 0.4005392453125 0.48742515
0 0.47483523125 0.7556886234375 0.49340922656249997 0.746107784375 0.5023966453125001 0.7497005984375 0.5134811265625 0.7455089828125 0.5074895140625 0.7323353296875 0.502696225 0.7035928140625 0.49820251718749997 0.6934131734375 0.464649490625 0.705389221875 0.44367884999999996 0.7209580843750001 0.43109646562500004 0.7137724546875 0.4289994015625 0.7227544906250001 0.4301977234375 0.763473053125 0.44817255781250004 0.7670658687499999 0.4604553625 0.7556886234375 0.47483523125 0.7556886234375
0 0.37657279843749997 0.5748503 0.3813660875 0.5736526953125 0.38166566875 0.5658682640625 0.3807669265625 0.561676646875 0.37657279843749997 0.56407185625 0.3675853796875 0.5580838328125 0.364589575 0.54850299375 0.35290593124999997 0.5526946109375 0.351707609375 0.5083832328125 0.345715996875 0.4580838328125 0.33463151562500004 0.469461078125 0.323247453125 0.4682634734375 0.317855003125 0.47305389218749994 0.31426003593749996 0.48742515 0.31156381093749996 0.48682634687500004 0.3112642296875 0.47664670625000005 0.3082684234375 0.4778443109375 0.309167165625 0.48682634687500004 0.306171359375 0.4940119765625 0.3073696828125 0.502395209375 0.31935290625 0.52035928125 0.32594367812499997 0.5455089828124999 0.337627321875 0.5592814374999999 0.34182144999999997 0.5544910171875 0.3481126421875 0.5730538921874999 0.34751348125 0.5838323359375 0.3576992203125 0.58742515 0.37297783125 0.582035928125 0.37657279843749997 0.5748503
0 0.41282204843750003 0.7455089828125 0.42001198281249996 0.7419161671875 0.41941282187500006 0.671257484375 0.4161174359375 0.653892215625 0.3993409234375 0.6574850296875 0.3960455359375 0.6532934125 0.39784302031249996 0.63892215625 0.40832834062499995 0.6155688625 0.41342121093750006 0.6113772453124999 0.3963451171875 0.607185628125 0.39125224687500004 0.61257485 0.3903535046875 0.6299401203125 0.368783703125 0.63592814375 0.366087478125 0.6401197609375 0.3666866390625 0.7011976046874999 0.368484121875 0.71077844375 0.37387657343749997 0.7167664671875 0.3846614734375 0.7467065875000001 0.41282204843750003 0.7970059875 0.41521869375 0.7934131734375 0.41282204843750003 0.7455089828125
0 0.85889754375 0.61077844375 0.8277411625 0.6035928140625 0.825943678125 0.61077844375 0.8154583578124999 0.6197604796875 0.8597962859375 0.641317365625 0.8609946078125 0.61736526875 0.85889754375 0.61077844375
0 0.749850209375 0.56407185625 0.7258837625 0.54850299375 0.6755542234374999 0.5245508984375 0.6437986812500001 0.5149700593750001 0.6396045531250001 0.5065868265625 0.6318154578125 0.5029940125000001 0.6249251046875 0.5083832328125 0.628220490625 0.5149700593750001 0.6360095859375 0.5161676640625 0.6431995203125 0.525748503125 0.65518274375 0.525748503125 0.690533253125 0.5497005984375 0.7459556625 0.57664670625 0.7495506296875 0.5718562875 0.749850209375 0.56407185625
0 0.9541641703125 0.6598802390625 0.9499700421874999 0.6443113765625 0.939185140625 0.653892215625 0.9301977234375001 0.6526946109375 0.911324146875 0.6736526953124999 1 0.7215568859375 0.99970041875 0.6790419156249999 0.9541641703125 0.6598802390625
0 1 0.3299401203125 0.9901138406250001 0.3281437125 0.984721390625 0.3197604796875 0.9814260031250001 0.369461078125 0.9856201312499999 0.3730538921875 1 0.3706586828125 1 0.3467065875 0.9970041937499999 0.34550898281250003 1 0.34311377187500003 1 0.3299401203125
0 0.9691432000000001 0.43113772499999997 0.9319952062500001 0.4191616765625 0.9269023375 0.41497005937500003 0.9269023375 0.40778443124999997 0.9325943671875001 0.397604790625 0.953565009375 0.392814371875 0.9613541046874999 0.37844311406250003 0.9727381671875 0.3760479046875 0.977231875 0.3347305390625 0.976333134375 0.320958084375 0.9724385859375 0.3215568859375 0.9724385859375 0.3371257484375 0.966446975 0.3443113765625 0.9658478125000001 0.364670659375 0.9613541046874999 0.36407185625 0.9571599765625001 0.3520958078125 0.9538645890625 0.3718562875 0.9499700421874999 0.3760479046875 0.914020371875 0.3808383234375 0.9098262437500001 0.386826346875 0.876872378125 0.39520958125 0.83612941875 0.37844311406250003 0.8313361296874999 0.3904191609375 0.8283403234375 0.382035928125 0.7983822640625 0.3700598796875 0.792390653125 0.3700598796875 0.7855003 0.385029940625 0.7929898140625 0.39520958125 0.8283403234375 0.40359281406249997 0.9020371484374999 0.43113772499999997 0.908028759375 0.42275449062500003 0.9122228874999999 0.42275449062500003 0.9200119828125001 0.43473053906250003 0.936189334375 0.43832335312500004 0.9457759140625001 0.42754491093749997 0.9571599765625001 0.4443113765625 0.966446975 0.44730538906249995 0.9694427796875 0.44131736562499996 0.9691432000000001 0.43113772499999997
0 0.9991012578125 0.14850299375 0.9212103062500001 0.13892215624999998 0.844517675 0.1425149703125 0.7690233671875 0.13173652656249998 0.738466146875 0.1341317359375 0.7306770515625 0.13892215624999998 0.6647693234375 0.141317365625 0.66117435625 0.1497005984375 0.59286998125 0.1473053890625 0.5907729171875 0.15149700625 0.5919712406250001 0.185029940625 0.606051528125 0.197604790625 0.6162372671874999 0.1988023953125 0.6276213296875001 0.192814371875 0.668364290625 0.1988023953125 0.8421210312499999 0.23832335312500003 0.866087478125 0.25149700625000004 0.8762732171875 0.2502994015625 0.8789694421875 0.241317365625 0.8795686046875 0.2221556890625 0.8834631515625 0.21916167656250002 0.8861593765625001 0.225748503125 0.888256440625 0.249101796875 0.9020371484374999 0.2526946109375 0.9077291796875 0.2341317359375 0.9095266625 0.2041916171875 0.914020371875 0.1964071859375 0.9595566203124999 0.20239520937500002 0.96884361875 0.21137724531250002 0.967645296875 0.243712575 0.9724385859375 0.2520958078125 0.9670461359375 0.2604790421875 0.967645296875 0.266467065625 0.9724385859375 0.271257484375 0.9736369078125 0.2856287421875 0.975733971875 0.289820359375 0.9778310359375 0.28682634687499997 0.98022768125 0.268862275 0.979029359375 0.2520958078125 0.984721390625 0.23832335312500003 0.9868184546875 0.243712575 0.9850209703124999 0.28443113750000004 0.9865188734375 0.2910179640625 0.989814259375 0.29161676718749996 1 0.28922155625 0.9991012578125 0.14850299375