1 0.4546875 0.45625 0.24765625 0.16015625
1 0.57734375 0.36875 0.0390625 0.03828125
1 0.6296875 0.31875 0.0484375 0.09609375
1 0.14296875 0.8390625 0.2859375 0.321875
1 0.23828125 0.290625 0.05234375 0.08984375
1 0.071875 0.27109375 0.0390625 0.0296875
0 0.7708830546875001 0.9802705749999999 0.7646181390625 0.962795940625 0.7556682578125 0.9571589625 0.7440334125 0.940811725 0.7368735078124999 0.8945885 0.7309069218750001 0.8754227734375 0.7252386640624999 0.8782412624999999 0.7109188546875 0.85682074375 0.698389021875 0.8556933484375 0.6957040578125 0.87316798125 0.6951073984375 0.9058624578125001 0.699284009375 0.9419391203125 0.696897375 0.9475760984375 0.6951073984375 0.9735061999999999 0.6909307874999999 0.9791431796875001 0.6951073984375 0.9926719281249999 0.7661097859375 0.99492671875 0.770286396875 0.9915445328124999 0.7708830546875001 0.9802705749999999
0 0.17124105 0.6747463359375 0.16945107343750002 0.6499436296875001 0.1640811453125 0.645434046875 0.164379475 0.638105975 0.1488663484375 0.6313416015625 0.147076371875 0.625704621875 0.136933175 0.6178128515625 0.125596659375 0.593010146875 0.10710023906249999 0.586245771875 0.093973746875 0.589627959375 0.080250596875 0.607666290625 0.073389021875 0.630777903125 0.061455846875 0.652198421875 0.0602625296875 0.677001128125 0.05608591875 0.6815107109375 0.1509546546875 0.691657271875 0.17422434375 0.68263810625 0.17124105 0.6747463359375
0 0.311455846875 0.48534385625 0.3275656328125 0.469560315625 0.3293556078125 0.45152198437499996 0.34904534531250003 0.42220969531249997 0.3585918859375 0.39289740625 0.3571002390625 0.38331454374999996 0.3433770890625 0.3810597515625 0.34158711249999996 0.370913190625 0.34009546562500004 0.3782412625 0.3374105015625 0.3788049609375 0.32995226718750004 0.3624577234375 0.328162290625 0.34892897343749996 0.32010739843749997 0.3393461109375 0.3063842484375 0.349492671875 0.301610978125 0.34723788125 0.28967780468750004 0.3540022546875 0.28579952343750004 0.36020293125 0.2860978515625 0.364148815625 0.307577565625 0.3697857953125 0.3171241046875 0.3788049609375 0.30698090625 0.3844419390625 0.28729116875 0.40698985312499997 0.274164678125 0.410372040625 0.25924820937500004 0.42277339375 0.2550715984375 0.42164599843749995 0.2488066828125 0.43010146562499996 0.2559665875 0.4379932359375 0.2577565625 0.4594137546875 0.2631264921875 0.48196166875 0.264319809375 0.49887260468749994 0.261336515625 0.5135287484375 0.2577565625 0.5191657265625 0.2628281625 0.5276211953125001 0.2825179 0.5264938 0.2902744625 0.5332581734375 0.30011933125 0.5338218718750001 0.305489259375 0.5259301015625 0.311455846875 0.48534385625
0 1 0.5022547921875 0.979713603125 0.46843292031250006 0.9806085921875001 0.4599774515625 0.9997016703125 0.485907553125 1 0.4413754234375 0.988066825 0.42220969531249997 0.9868735078125 0.387260428125 0.9806085921875001 0.370913190625 0.965095465625 0.3686583984375 0.9573389015625 0.37767756406249997 0.9525656328125001 0.367531003125 0.9412291171874999 0.3585118375 0.9376491640625 0.3483652765625 0.9328758953125 0.34498308906249997 0.9197494031250001 0.35512964999999996 0.9137828156250001 0.3720405859375 0.9078162296875 0.3754227734375 0.9027446296875 0.3850056375 0.9081145578125 0.4165727171875 0.91229116875 0.423337090625 0.9081145578125 0.4492671921875 0.9128878281249999 0.5101465609375 0.909904534375 0.5473506203125 0.9134844875000001 0.6104847796875 0.91229116875 0.630777903125 0.9072195703125001 0.6448703499999999 0.9015513125 0.6386696734374999 0.8997613359375001 0.6533258171874999 0.902147971875 0.6747463359375 0.8958830546875 0.6809470125 0.8905131265625 0.69560315625 0.8863365156249999 0.6922209703125 0.884248209375 0.6961668546875 0.8860381859375 0.7344983093749999 0.881861575 0.7401352875 0.8812649171875 0.76493799375 0.8752983296875 0.7807215328125 0.870525059375 0.785231115625 0.8723150359374999 0.79425028125 0.8687350828125 0.80439684375 0.868138425 0.8224351750000001 0.8609785203125 0.8291995484375001 0.8579952265624999 0.8506200671874999 0.8579952265624999 0.8900789171874999 0.8538186156249999 0.9024802703124999 0.8526252984375 0.917136415625 0.84546539375 0.9340473499999999 0.8436754171875 0.9509582859375 0.8389021484375 0.9487034953125001 0.840095465625 0.956595265625 0.8365155124999999 0.9791431796875001 0.8433770890625001 0.9830890640625001 0.8493436750000001 0.976324690625 0.860680190625 0.9729425031250001 0.8747016703125 0.956595265625 0.8791766109375001 0.9323562578125 0.8857398562500001 0.926719278125 0.8940930781249999 0.926719278125 0.9125894984375 0.9334836531249999 0.916766109375 0.9436302140624999 0.930489259375 0.9571589625 0.9418257750000001 0.97519729375 0.9471957046874999 0.976324690625 0.9573389015625 0.993235625 1 0.99492671875 1 0.605975196875 0.9946300718750001 0.5789177 0.9958233890624999 0.5710259296875 1 0.5687711390625 1 0.5022547921875
0 0.752386634375 0.6984216453125 0.7595465390625 0.6679819609375001 0.7729713609375 0.6561443062500001 0.778042959375 0.6409244640625 0.7762529828125 0.624013528125 0.7696897375 0.6127395718749999 0.7655131265625 0.5958286359375 0.7547732703125 0.585682075 0.7535799515625 0.5665163468750001 0.7541766109375 0.5496054109374999 0.7562649171875 0.5456595265625 0.76581145625 0.5434047343749999 0.775059665625 0.5281848921875001 0.770286396875 0.506764375 0.77267303125 0.466178128125 0.7768496421875 0.44813979687499994 0.79325775625 0.4374295375 0.79832935625 0.4255918828125 0.7959427203125 0.4109357390625 0.7831145578125 0.3945885 0.778042959375 0.3793686578125 0.7798329359375 0.351183765625 0.784009546875 0.3410372046875 0.7887828156250001 0.31172491562500004 0.7926610984375 0.30552423906250004 0.8141408109375 0.29537767812500004 0.8236873515625 0.2818489296875 0.8380071593749999 0.2818489296875 0.8433770890625001 0.2874859078125 0.8779832937500001 0.288613303125 0.9102028640625001 0.2367531 0.9376491640625 0.2367531 0.9415274468750001 0.2497181515625 0.9465990453125 0.25479143125000003 0.9662887828125 0.2514092453125 0.979415275 0.24013528750000002 0.9997016703125 0.24013528750000002 0.9991050125 0.20856820781250002 0.8738066828125 0.204058625 0.8481503578125 0.2142051859375 0.8314439140625 0.209695603125 0.8278639625 0.20293122812500003 0.8224940328124999 0.213077790625 0.81891408125 0.2119503953125 0.8159307874999999 0.204058625 0.8117541765625 0.213077790625 0.7413484484375 0.2119503953125 0.7121121718750001 0.20856820781250002 0.7103221953125 0.2051860203125 0.7049522671874999 0.209695603125 0.6124701671875 0.20856820781250002 0.60918854375 0.21364148749999998 0.610680190625 0.21871476875 0.633353221875 0.23562570468750002 0.6402147968749999 0.2497181515625 0.6414081140625 0.2632469 0.64856801875 0.2677564828125 0.64856801875 0.275648253125 0.65453460625 0.28917700156250004 0.6575179 0.3342728296875 0.653042959375 0.3506200671875 0.645286396875 0.35512964999999996 0.6434964203125 0.364148815625 0.6366348453125 0.369222096875 0.6357398562500001 0.37993235625 0.6327565625 0.3585118375 0.625596659375 0.364148815625 0.6109785203125 0.365839909375 0.60620525 0.40642615624999995 0.6085918859375 0.4346110484375 0.6071002390625 0.4813979703125 0.6041169453124999 0.4813979703125 0.6026252984375 0.476324690625 0.603818615625 0.3985343859375 0.6020286390625 0.387260428125 0.59636038125 0.37655016875 0.5921837703125 0.3878241265625 0.5611575171875 0.385569334375 0.5578758953125 0.35682074375 0.5522076375 0.33821871406250004 0.5456443921874999 0.33709131875 0.5414677796875 0.3483652765625 0.5337112171875 0.3517474640625 0.5310262531250001 0.36020293125 0.53042959375 0.3771138671875 0.524164678125 0.3900789171875 0.5190930781249999 0.38275084531250003 0.514319809375 0.35343855625 0.50984486875 0.3506200671875 0.5062649171875 0.34047350625 0.4997016703125 0.33821871406250004 0.49433174218750003 0.3303269453125 0.48717183750000004 0.3393461109375 0.4782219578125 0.3359639234375 0.47464200468750006 0.34047350625 0.46688544218750005 0.3258173625 0.45972553749999995 0.3258173625 0.45763723125 0.34892897343749996 0.451372315625 0.3585118375 0.4391408109375 0.365839909375 0.4373508359375 0.3861330328125 0.44659904531250005 0.3900789171875 0.5739856796875 0.40078917656249996 0.5793556078125001 0.42220969531249997 0.5775656328125 0.48421645937499996 0.574284009375 0.4971815109375 0.5632458234375 0.5045095828124999 0.561455846875 0.5191657265625 0.553102625 0.532694475 0.5534009546875 0.607666290625 0.560560859375 0.6065388953124999 0.57667064375 0.57722660625 0.6005369921875 0.556933484375 0.60739856875 0.5315670796874999 0.6124701671875 0.5219842171875 0.6309665875 0.514092446875 0.647076371875 0.50169109375 0.659009546875 0.48252536562500004 0.672732696875 0.47463359687500006 0.683472553125 0.48027057500000003 0.69301909375 0.49830890625 0.7103221953125 0.517474634375 0.715990453125 0.5405862453125 0.7142004765625 0.5789177 0.7171837703125 0.5992108234375 0.7165871125 0.6296505078125 0.721957040625 0.6409244640625 0.7285202859375 0.6713641484374999 0.7344868734375 0.7108229984375 0.7344868734375 0.7446448703125 0.738066825 0.7626832015625 0.75 0.731116121875 0.752386634375 0.6984216453125
0 0.66825775625 0.9915445328124999 0.6646778046875 0.9768883875000001 0.6605011937499999 0.971251409375 0.655131265625 0.9329199546875 0.64767303125 0.9188275078125001 0.6357398562500001 0.914317925 0.6315632453125 0.9244644875000001 0.627386634375 0.9177001125 0.6238066828125 0.926719278125 0.6202267296875 0.9165727171875 0.61605011875 0.9222096953125 0.610680190625 0.9165727171875 0.60829355625 0.9244644875000001 0.6065035796875 0.9177001125 0.6035202859375 0.9165727171875 0.60143198125 0.91939120625 0.60232696875 0.926719278125 0.59636038125 0.926719278125 0.5927804296875 0.9334836531249999 0.58860381875 0.9301014656250001 0.5862171843749999 0.9436302140624999 0.5808472546875 0.9436302140624999 0.5829355609375 0.9340473499999999 0.581145584375 0.9114994359375 0.5853221953125 0.9047350625 0.5823389015625 0.8968432921874999 0.58263723125 0.8872604281250001 0.57875895 0.888951521875 0.5793556078125001 0.8968432921874999 0.57667064375 0.905298759375 0.5724940328125 0.8996617812500001 0.5698090687499999 0.9047350625 0.571300715625 0.9120631343750001 0.5611575171875 0.9154453218749999 0.556682578125 0.9114994359375 0.5590692125000001 0.9058624578125001 0.557577565625 0.9019165734374999 0.544749403125 0.8934611046875001 0.5405727921875 0.8821871484375 0.5417661093749999 0.8754227734375 0.5360978515625 0.869222096875 0.5337112171875 0.8602029312499999 0.530131265625 0.8658399093750001 0.5265513125 0.85682074375 0.5152147968749999 0.8545659531249999 0.50894988125 0.8382187140624999 0.511933175 0.79763246875 0.5071599046874999 0.7728297625 0.5011933171875 0.763810596875 0.49940334062499997 0.7006764375000001 0.5047732703125 0.673618940625 0.5125298328125 0.652198421875 0.5283412890625 0.62006764375 0.53729116875 0.607666290625 0.5414677796875 0.6099210828125 0.5429594265625 0.6048478015625001 0.5453460625 0.59357384375 0.5459427203125 0.563134159375 0.5435560859375 0.5338218718750001 0.5414677796875 0.5310033828125 0.5378878281249999 0.535512965625 0.518198090625 0.5310033828125 0.5056682578125 0.5332581734375 0.44958233906249995 0.519729425 0.41497613437499997 0.517474634375 0.41467780468750004 0.5417136421875 0.42303102656249997 0.5958286359375 0.42840095468749995 0.6149943625 0.4313842484375 0.652198421875 0.4275059671875 0.6696730546875 0.42243436718750005 0.6679819609375001 0.42452267343749994 0.675310034375 0.41199284062499997 0.6741826375 0.403937946875 0.67925591875 0.40572792343749997 0.7198421640625 0.4078162296875 0.7249154453125 0.41288782812499997 0.7198421640625 0.41229116875000005 0.7266065390625001 0.40423627656249994 0.7373167984375 0.40095465468749997 0.731116121875 0.402147971875 0.7119503953125 0.39856801875 0.7040586249999999 0.3979713609375 0.6837655015624999 0.3920047734375 0.6533258171874999 0.3920047734375 0.6228861328125 0.38872315 0.5997745203125 0.3767899765625 0.6031567078125 0.355906921875 0.6189402484375 0.3505369921875 0.6302142046875 0.34516706406250003 0.6302142046875 0.3344272078125 0.6189402484375 0.321897375 0.61668545625 0.31294749374999997 0.604284103125 0.2974343671875 0.6009019171875 0.290871121875 0.5907553546875 0.2825179 0.5918827515625 0.2792362765625 0.602593009375 0.2738663484375 0.6082299890625 0.2744630078125 0.6149943625 0.270584725 0.6223224359375 0.2580548921875 0.61668545625 0.2550715984375 0.6054115 0.24731503593749998 0.5975197296875 0.24433174218749998 0.6009019171875 0.23657517968750003 0.596392334375 0.2222553703125 0.5997745203125 0.21927207656249997 0.593010146875 0.2174821 0.6020293125 0.203162290625 0.6020293125 0.1957040578125 0.6082299890625 0.196300715625 0.616121759375 0.19212410468750002 0.624013528125 0.191527446875 0.645434046875 0.1891408109375 0.652198421875 0.1900358 0.683201803125 0.2025656328125 0.6899661781249999 0.23239856875 0.693348365625 0.2359785203125 0.69560315625 0.240751790625 0.7091319046875 0.2777446296875 0.7226606531249999 0.2822195703125 0.7333709125000001 0.26670644375 0.7593010140625001 0.264319809375 0.7683201796875 0.2661097859375 0.8235625703125 0.25984486875 0.829763246875 0.2502983296875 0.8534385562500001 0.24254176562500002 0.8590755359375001 0.2344868734375 0.874295378125 0.23239856875 0.8850056374999999 0.2222553703125 0.8917700109375 0.2156921234375 0.9131905296875 0.20375895000000002 0.9154453218749999 0.186455846875 0.944757609375 0.1775059671875 0.9492671921875001 0.1691527453125 0.9718151078125 0.1578162296875 0.9774520859375 0.155131265625 0.9859075531249999 0.1566229109375 0.994363021875 0.23180190937499998 0.9954904171875001 0.24194510781249998 0.9887260421875 0.2562649171875 0.969560315625 0.25 0.9859075531249999 0.2562649171875 0.9864712515624999 0.2628281625 0.9954904171875001 0.2831145578125 0.9954904171875001 0.28967780468750004 0.9909808343750001 0.3010143203125 0.9954904171875001 0.321897375 0.9954904171875001 0.3308472546875 0.9898534390625 0.33621718437500003 0.9954904171875001 0.3457637234375 0.9966178125 0.653937946875 0.996054115625 0.66736276875 0.9954904171875001 0.66825775625 0.9915445328124999
0 0.79922434375 0.21533258125 0.7902744625 0.2142051859375 0.7884844875 0.2266065390625 0.7881861578125 0.2158962796875 0.781921240625 0.213077790625 0.7807279234375 0.2051860203125 0.7765513125 0.2142051859375 0.7422434375 0.2158962796875 0.748508353125 0.23111612187500002 0.750596659375 0.229425028125 0.747613365625 0.222660653125 0.75208830625 0.216459978125 0.7610381859375 0.22209695625 0.7729713609375 0.216459978125 0.7771479718750001 0.23111612187500002 0.7971360375 0.23167982031249998 0.80011933125 0.2305524234375 0.79922434375 0.21533258125
0 0.7335918859375 0.21984216406249998 0.74105011875 0.2158962796875 0.737768496875 0.2119503953125 0.7156921234375 0.2119503953125 0.7139021484375 0.20856820781250002 0.706145584375 0.2142051859375 0.686455846875 0.213077790625 0.6798926015625 0.209695603125 0.678699284375 0.1995490421875 0.6784009546875 0.20913190468749998 0.675715990625 0.213077790625 0.6428997609375 0.2119503953125 0.6396181390625 0.2158962796875 0.6512529828125 0.21984216406249998 0.659009546875 0.216459978125 0.6667661093749999 0.21984216406249998 0.695405728125 0.2175873734375 0.6986873515625 0.2215332578125 0.7055489265625 0.216459978125 0.7335918859375 0.21984216406249998
0 0.965095465625 0.2390078921875 0.9609188546875 0.24351747499999998 0.9504773265625 0.23731679843750003 0.9609188546875 0.2322435171875 0.965095465625 0.2378804953125 0.9997016703125 0.2367531 1 0.2102593015625 0.8702267296875 0.2051860203125 0.863066825 0.20744081250000002 0.8600835328124999 0.2142051859375 0.85143198125 0.2158962796875 0.8576968968750001 0.2322435171875 0.8621718375 0.2305524234375 0.85918854375 0.22378805000000002 0.8618735078125 0.2175873734375 0.875596659375 0.21984216406249998 0.886933175 0.216459978125 0.8905131265625 0.22209695625 0.9006563249999999 0.21871476875 0.9051312656249999 0.222660653125 0.8997613359375001 0.2305524234375 0.9015513125 0.23731679843750003 0.900059665625 0.245772265625 0.9119928406250001 0.2333709125 0.9298926015625 0.2322435171875 0.9388424828125 0.23562570468750002 0.945405728125 0.249154453125 0.9552505968749999 0.2485907546875 0.9689737468749999 0.24520856875 0.965095465625 0.2390078921875
0 0.07935560781249999 0.3421646 0.07995226718750001 0.3342728296875 0.07846062031249999 0.3291995484375 0.06742243437499999 0.326381059375 0.06712410468749999 0.30101465625 0.064439140625 0.3094701234375 0.065334128125 0.32243517499999996 0.06205250624999999 0.32187147656250004 0.0593675421875 0.3089064265625 0.051909307812500007 0.304960540625 0.051909307812500007 0.28917700156250004 0.0471360375 0.283540021875 0.04832935625 0.27452085625 0.0465393796875 0.268883878125 0.0474343671875 0.2593010140625 0.055489259375 0.2531003375 0.050715990625 0.2305524234375 0.05638424843749999 0.21533258125 0.065334128125 0.2142051859375 0.071300715625 0.19729425 0.0814439140625 0.195039459375 0.086217184375 0.188275084375 0.1035202859375 0.20744081250000002 0.10769689687499999 0.22096956093750003 0.1124701671875 0.22209695625 0.12410501249999999 0.2001127390625 0.12470167031249998 0.1910935734375 0.10710023906249999 0.18714768906249998 0.0927804296875 0.18940247968749999 0.0912887828125 0.1854565953125 0.094868734375 0.1786922203125 0.0903937953125 0.1713641484375 0.0778639625 0.173618940625 0.07637231562499999 0.1798196171875 0.07935560781249999 0.186583990625 0.07667064375 0.18940247968749999 0.0002983296875 0.18602029375 0 0.3072153328125 0.0050715984375 0.310033821875 0.0095465390625 0.304960540625 0.0035799515625 0.295941375 0.0035799515625 0.2632469 0.0128281625 0.25479143125000003 0.0277446296875 0.26493799375 0.0274463 0.250845546875 0.0313245828125 0.24351747499999998 0.03639618125 0.265501690625 0.03550119375 0.2818489296875 0.031921240625 0.27170236718749996 0.0274463 0.2733934609375 0.03042959375 0.28804960468749996 0.02863961875 0.3004509578125 0.0328162296875 0.304960540625 0.0322195703125 0.31172491562500004 0.03550119375 0.31567080000000003 0.0396778046875 0.3077790296875 0.052804295312500006 0.31454340468750003 0.0602625296875 0.326381059375 0.0578758953125 0.3342728296875 0.0590692125 0.34892897343749996 0.0710023859375 0.36020293125 0.075178996875 0.3466741828125 0.07935560781249999 0.3421646
0 0.2792362765625 0.34892897343749996 0.271181384375 0.34498308906249997 0.2670047734375 0.3359639234375 0.2628281625 0.33821871406250004 0.2556682578125 0.33370913125 0.23955847187499998 0.342728296875 0.2276252984375 0.34047350625 0.212112171875 0.349492671875 0.210620525 0.3647125140625 0.20674224375 0.3686583984375 0.20137231562500002 0.3483652765625 0.1942124109375 0.3573844421875 0.18675417656249998 0.35682074375 0.1897374703125 0.35343855625 0.1909307875 0.3421646 0.1837708828125 0.326381059375 0.1897374703125 0.3004509578125 0.184665871875 0.2965050734375 0.1769093078125 0.303269446875 0.168854415625 0.3196166859375 0.1706443921875 0.326381059375 0.16825775625 0.3320180390625 0.17004773281250002 0.3410372046875 0.16825775625 0.3523111609375 0.17273269687499998 0.3506200671875 0.181682578125 0.3585118375 0.1843675421875 0.3647125140625 0.184665871875 0.3788049609375 0.20644391406249998 0.38162345000000003 0.27476133593749996 0.364148815625 0.2792362765625 0.34892897343749996
0 0.3019093078125 0.2485907546875 0.3108591890625 0.24520856875 0.30996419999999997 0.24013528750000002 0.3063842484375 0.2446448703125 0.3013126484375 0.2406989859375 0.3042959421875 0.23167982031249998 0.3025059671875 0.222660653125 0.305489259375 0.20800450937499998 0.2953460625 0.193348365625 0.29832935625 0.186583990625 0.2980310265625 0.177001128125 0.2813245828125 0.1724915453125 0.2670047734375 0.19165727187499998 0.2634248203125 0.177001128125 0.2383651546875 0.177001128125 0.2276252984375 0.1724915453125 0.2252386640625 0.1623449828125 0.219868734375 0.1600901921875 0.212112171875 0.170236753125 0.2049522671875 0.16347237812499998 0.1960023859375 0.16347237812499998 0.1897374703125 0.1786922203125 0.1861575171875 0.19222097031250002 0.1861575171875 0.20913190468749998 0.1909307875 0.2282976328125 0.191527446875 0.244081171875 0.1936157515625 0.245772265625 0.196300715625 0.23731679843750003 0.19391408125 0.22378805000000002 0.200178996875 0.21871476875 0.2028639625 0.222660653125 0.1986873515625 0.229425028125 0.2028639625 0.2339346109375 0.20167064375 0.24520856875 0.20375895000000002 0.2514092453125 0.21002386562500003 0.250845546875 0.20793556093749999 0.25817361875 0.2010739859375 0.265501690625 0.2043556078125 0.273957159375 0.2070405734375 0.272266065625 0.20853222031250002 0.263810596875 0.215095465625 0.2604284109375 0.219868734375 0.2502818484375 0.25924820937500004 0.245772265625 0.26073985624999996 0.23844419375 0.25924820937500004 0.23562570468750002 0.2550715984375 0.24351747499999998 0.25298329375 0.23167982031249998 0.2550715984375 0.22547914375000003 0.25924820937500004 0.22435174687499998 0.2684964203125 0.24520856875 0.275059665625 0.28128523125 0.2828162296875 0.29932356250000003 0.3013126484375 0.2598647125 0.3019093078125 0.2485907546875