1 0.31953125 0.65 0.1328125 0.1828125
1 0.9125 0.60234375 0.175 0.1859375
1 0.23046875 0.5125 0.0734375 0.078125
1 0.58359375 0.6140625 0.1546875 0.1734375
1 0.73203125 0.56640625 0.103125 0.1359375
1 0.6953125 0.60546875 0.078125 0.1265625
1 0.39453125 0.6421875 0.090625 0.1625
1 0.45703125 0.63515625 0.0859375 0.1625
1 0.4015625 0.52265625 0.175 0.0703125
1 0.32578125 0.23359375 0.14375 0.0921875
1 0.56484375 0.603125 0.084375 0.1234375
1 0.1390625 0.4 0.0546875 0.0640625
1 0.7296875 0.48046875 0.046875 0.0515625
1 0.9421875 0.46484375 0.0390625 0.059375
1 0.85703125 0.45703125 0.0546875 0.046875
1 0.76484375 0.46796875 0.0421875 0.040625
1 0.6421875 0.4828125 0.0578125 0.0328125
1 0.55859375 0.4953125 0.0375 0.0359375
1 0.43515625 0.3984375 0.0765625 0.0484375
1 0.3703125 0.35 0.034375 0.0453125
1 0.259375 0.40703125 0.046875 0.028125
1 0.309375 0.46171875 0.06875 0.046875
1 0.4375 0.44140625 0.0296875 0.025
1 0.80546875 0.4828125 0.0375 0.0390625
0 0.88046875 0.971875 0.90078125 0.9546875 0.9390625 0.95234375 0.9296875 0.93203125 0.9140625 0.85546875 0.896875 0.82265625 0.9015625 0.79765625 0.91015625 0.7921875 0.934375 0.80546875 0.940625 0.83984375 0.96875 0.88203125 0.98125 0.94921875 0.98515625 0.9546875 1 0.95546875 0.99921875 0.6890625 0.92265625 0.690625 0.91328125 0.7109375 0.903125 0.70390625 0.90390625 0.690625 0.84609375 0.6890625 0.8296875 0.72265625 0.83203125 0.7328125 0.71171875 0.746875 0.50390625 0.7578125 0.47734375 0.75 0.46875 0.72578125 0.45234375 0.721875 0.30703125 0.7296875 0.26796875 0.715625 0.22578125 0.7359375 0.20546875 0.7359375 0.19296875 0.7234375 0.15703125 0.7390625 0.10703125 0.746875 0.103125 0.75390625 0.10625 0.76953125 0.134375 0.79140625 0.1390625 0.82109375 0.14765625 0.8296875 0.18359375 0.8328125 0.19609375 0.853125 0.2359375 0.87734375 0.228125 0.91796875 0.2375 0.95390625 0.22421875 0.9625 0.21484375 0.9484375 0.190625 0.95078125 0.209375 0.98203125 0.20859375 1 0.8421875 0.99921875 0.84296875 0.9703125 0.88046875 0.971875