1 0.16015625 0.37265625 0.1109375 0.3390625
1 0.56953125 0.3828125 0.11875 0.1578125
1 0.32421875 0.35078125 0.1140625 0.18125
1 0.05234375 0.36171875 0.1046875 0.14375
1 0.95078125 0.38515625 0.0984375 0.1140625
1 0.809375 0.5625 0.1359375 0.0765625
1 0.75625 0.425 0.046875 0.19375
1 0.25703125 0.4515625 0.0828125 0.18125
1 0.31171875 0.3078125 0.1515625 0.0640625
1 0.6765625 0.57421875 0.1171875 0.0390625
0 0.96015625 0.96875 0.96484375 0.9734375 0.97265625 0.9703125 0.97265625 0.959375 0.98046875 0.9703125 1 0.96953125 0.99921875 0.8296875 0.73203125 0.809375 0.57578125 0.7859375 0.49609375 0.753125 0.34140625 0.7109375 0.290625 0.68671875 0.30546875 0.66875 0.33828125 0.6515625 0.40703125 0.640625 0.45234375 0.6265625 0.465625 0.61640625 0.45546875 0.60625 0.30234375 0.60625 0.24453125 0.6140625 0.20078125 0.6078125 0 0.61328125 0.00078125 1 0.95625 0.99921875 0.953125 0.97421875 0.96015625 0.96875