1 0.59921875 0.67109375 0.109375 0.315625
1 0.3234375 0.94296875 0.1140625 0.1109375
1 0.77734375 0.625 0.103125 0.1125
1 0.2578125 0.57890625 0.1171875 0.125
1 0.16796875 0.45078125 0.059375 0.1125
1 0.875 0.6078125 0.0984375 0.0765625
1 0.6890625 0.52734375 0.1765625 0.121875
1 0.3453125 0.5640625 0.0640625 0.096875
1 0.3890625 0.553125 0.0375 0.0875
1 0.43984375 0.54453125 0.0578125 0.090625
1 0.48359375 0.5328125 0.0421875 0.075
1 0.5484375 0.53359375 0.10625 0.0875
1 0.484375 0.4703125 0.19375 0.040625
1 0.5890625 0.39453125 0.0828125 0.0765625
1 0.88515625 0.49296875 0.2125 0.253125
1 0.68828125 0.34453125 0.1296875 0.0796875
1 0.459375 0.39296875 0.1828125 0.053125
1 0.31796875 0.4984375 0.075 0.0515625
1 0.734375 0.42890625 0.0828125 0.0453125
0 0.71015625 0.6109375 0.6578125 0.61953125 0.659375 0.66328125 0.66875 0.66796875 0.7015625 0.63671875 0.71015625 0.6109375
0 0.38203125 0.9109375 0.40390625 0.884375 0.40859375 0.890625 0.4140625 0.88828125 0.4203125 0.84765625 0.403125 0.84296875 0.39609375 0.8171875 0.37265625 0.8078125 0.41484375 0.8109375 0.428125 0.78203125 0.44609375 0.7765625 0.45546875 0.7609375 0.46015625 0.771875 0.46796875 0.771875 0.49453125 0.753125 0.51484375 0.75625 0.5390625 0.75078125 0.53671875 0.63125 0.40703125 0.64375 0.37421875 0.63125 0.36484375 0.6171875 0.25390625 0.63125 0.23046875 0.63125 0.1953125 0.61796875 0.1875 0.64921875 0.19921875 0.665625 0.2296875 0.68671875 0.24375 0.71328125 0.2265625 0.77265625 0.23359375 0.7796875 0.25234375 0.7765625 0.2609375 0.78203125 0.2453125 0.81640625 0.2484375 0.85390625 0.26015625 0.8671875 0.28515625 0.875 0.3015625 0.91015625 0.3109375 0.91484375 0.34140625 0.890625 0.38203125 0.9109375