1 0.34609375 0.5609375 0.084375 0.065625
1 0.4703125 0.5890625 0.1203125 0.090625
1 0.40234375 0.66328125 0.1484375 0.134375
1 0.6484375 0.628125 0.121875 0.09375
1 0.19609375 0.640625 0.221875 0.190625
1 0.82578125 0.35546875 0.04375 0.0640625
1 0.771875 0.609375 0.115625 0.090625
1 0.8671875 0.61015625 0.065625 0.0984375
1 0.95078125 0.60859375 0.0984375 0.109375
1 0.58828125 0.48125 0.2578125 0.0828125
1 0.23828125 0.50859375 0.0625 0.08125
1 0.76796875 0.42890625 0.109375 0.1546875
1 0.90703125 0.8921875 0.08125 0.0515625
1 0.0171875 0.51953125 0.034375 0.065625
1 0.36875 0.49453125 0.04375 0.0421875
1 0.40703125 0.50234375 0.03125 0.0296875
1 0.11171875 0.49296875 0.046875 0.0390625
1 0.0546875 0.52265625 0.046875 0.0328125
1 0.3171875 0.47890625 0.04375 0.0203125
1 0.41796875 0.48359375 0.0296875 0.0296875
1 0.9515625 0.43359375 0.0421875 0.034375
1 0.96640625 0.51015625 0.0671875 0.028125
1 0.20625 0.45546875 0.0671875 0.0296875
1 0.41484375 0.53515625 0.0546875 0.0265625
1 0.6609375 0.54765625 0.228125 0.04375
1 0.52578125 0.6578125 0.0796875 0.121875
1 0.0171875 0.62421875 0.034375 0.1140625
1 0.1890625 0.5046875 0.0328125 0.0578125
0 0.03203125 0.675 0.0296875 0.69453125 0.0203125 0.70703125 0.03046875 0.715625 0.05546875 0.7171875 0.0609375 0.73359375 0.0734375 0.73515625 0.06875 0.67890625 0.03203125 0.675
0 0.01796875 0.571875 0.0171875 0.57734375 0.0375 0.59453125 0.03125 0.61328125 0.0328125 0.64296875 0.04453125 0.65625 0.06875 0.65703125 0.078125 0.56953125 0.01796875 0.571875
0 0.7875 0.96953125 0.8 0.96484375 0.8015625 0.93359375 0.83515625 0.91875 0.846875 0.89609375 0.8609375 0.88984375 0.8640625 0.87734375 0.8828125 0.85703125 0.88984375 0.828125 0.896875 0.85546875 0.90390625 0.859375 0.94609375 0.853125 0.9703125 0.84296875 0.9765625 0.81328125 0.9875 0.79765625 0.98515625 0.728125 0.63046875 0.75 0.56953125 0.734375 0.55546875 0.721875 0.50234375 0.7234375 0.45234375 0.7328125 0.37890625 0.7328125 0.32734375 0.71875 0.31328125 0.7078125 0.29453125 0.70625 0.28046875 0.7203125 0.08984375 0.7296875 0.084375 0.73359375 0.0875 0.74921875 0.07578125 0.7734375 0 0.79140625 0.00078125 1 0.7703125 0.99921875 0.7828125 0.98828125 0.7875 0.96953125