1 0.075 0.1171875 0.1375 0.234375
1 0.36171875 0.634375 0.33125 0.471875
1 0.24453125 0.26875 0.2171875 0.35
1 0.525 0.86171875 0.1609375 0.26875
1 0.53984375 0.0984375 0.190625 0.1828125
1 0.79765625 0.703125 0.4046875 0.4515625
1 0.8453125 0.10703125 0.153125 0.2125
1 0.91484375 0.32265625 0.16875 0.3015625
1 0.6640625 0.359375 0.3640625 0.428125
1 0.04296875 0.33125 0.0859375 0.190625
0 0.0359375 0.79765625 0.0078125 0.77890625 0.00625 0.74296875 0.00078125 0.734375 0 0.82265625 0.0203125 0.82265625 0.0328125 0.81640625 0.0359375 0.79765625
0 0.03515625 0.9515625 0.01171875 0.9546875 0.00078125 0.9484375 0 0.97890625 0.01171875 0.9640625 0.02890625 0.9859375 0.0484375 0.99921875 0.075 0.95703125 0.03515625 0.9515625
0 0.4578125 0.96015625 0.45078125 0.9265625 0.40390625 0.903125 0.38203125 0.9 0.3609375 0.87578125 0.365625 0.86796875 0.3625 0.85703125 0.35234375 0.846875 0.3296875 0.84140625 0.321875 0.82734375 0.3234375 0.80859375 0.30859375 0.79375 0.2859375 0.78515625 0.28125 0.75390625 0.26171875 0.7390625 0.25234375 0.7390625 0.2359375 0.71796875 0.2390625 0.70859375 0.2328125 0.69921875 0.21640625 0.696875 0.2046875 0.68359375 0.2015625 0.65234375 0.19375 0.64453125 0.1984375 0.63046875 0.18203125 0.615625 0.17109375 0.6203125 0.14140625 0.6171875 0.13125 0.60546875 0.1390625 0.58515625 0.1234375 0.57890625 0.1234375 0.57109375 0.10546875 0.55 0.07890625 0.534375 0.0546875 0.53828125 0.0453125 0.51953125 0.0390625 0.51796875 0.0515625 0.48359375 0.04375 0.43515625 0.00078125 0.43125 0 0.67421875 0.02421875 0.68125 0.04296875 0.6796875 0.09609375 0.728125 0.1015625 0.72578125 0.1 0.69140625 0.11640625 0.6640625 0.13203125 0.6640625 0.15078125 0.678125 0.16796875 0.6796875 0.178125 0.69765625 0.1703125 0.72890625 0.171875 0.75078125 0.15703125 0.7515625 0.14140625 0.7671875 0.11875 0.76796875 0.1296875 0.85859375 0.1265625 0.88828125 0.11640625 0.8984375 0.0859375 0.90234375 0.096875 0.93359375 0.11875 0.94921875 0.1265625 0.99921875 0.16484375 1 0.17421875 0.9671875 0.20234375 0.9765625 0.21953125 0.9734375 0.2328125 0.98515625 0.23828125 1 0.5 0.99921875 0.47578125 0.9703125 0.4578125 0.96015625