1 0.146875 0.90859375 0.29375 0.1828125
1 0.0453125 0.84453125 0.090625 0.1265625
1 0.69296875 0.51875 0.0671875 0.0828125
1 0.54921875 0.56953125 0.1078125 0.171875
1 0.15859375 0.4515625 0.0484375 0.05
1 0.02578125 0.471875 0.0515625 0.046875
1 0.325 0.42890625 0.071875 0.053125
1 0.2078125 0.4421875 0.04375 0.053125
1 0.259375 0.43671875 0.0390625 0.028125
1 0.0671875 0.446875 0.0328125 0.034375
1 0.44453125 0.42421875 0.0234375 0.0328125
1 0.62578125 0.54375 0.0421875 0.084375
0 0.81171875 0.4546875 0.8265625 0.44453125 0.8203125 0.41796875 0.80703125 0.409375 0.78515625 0.40625 0.74609375 0.41875 0.7453125 0.43828125 0.75234375 0.4453125 0.76484375 0.440625 0.784375 0.46171875 0.79296875 0.453125 0.81171875 0.4546875
0 0.51953125 0.4921875 0.5421875 0.47578125 0.5453125 0.44609375 0.53671875 0.4421875 0.50703125 0.45 0.47265625 0.4453125 0.42265625 0.4515625 0.4234375 0.47265625 0.45234375 0.4734375 0.478125 0.51640625 0.4890625 0.51953125 0.49921875 0.4875 0.51953125 0.4921875
0 0.69765625 0.4796875 0.715625 0.47265625 0.715625 0.42421875 0.70703125 0.4203125 0.69453125 0.4296875 0.65390625 0.4265625 0.58828125 0.4421875 0.56953125 0.440625 0.56875 0.49453125 0.57421875 0.5 0.59296875 0.496875 0.63984375 0.5109375 0.6515625 0.53828125 0.6578125 0.53984375 0.6703125 0.50390625 0.69765625 0.4796875
0 0 0.76953125 0.03671875 0.7609375 0.0359375 0.77421875 0.0765625 0.82890625 0.090625 0.86171875 0.0984375 0.86484375 0.1265625 0.84765625 0.125 0.83515625 0.14296875 0.8140625 0.203125 0.77421875 0.2046875 0.74765625 0.2359375 0.70703125 0.240625 0.68671875 0.2328125 0.66015625 0.2359375 0.63515625 0.25625 0.61484375 0.2890625 0.56328125 0.2984375 0.51015625 0.3265625 0.48203125 0.33046875 0.4625 0.28046875 0.471875 0.23515625 0.46875 0.09765625 0.49375 0.04921875 0.4921875 0 0.49921875 0 0.76953125