1 0.1734375 0.48671875 0.0796875 0.1234375
1 0.28671875 0.48046875 0.134375 0.1546875
1 0.5328125 0.4515625 0.1296875 0.2359375
1 0.4265625 0.38203125 0.1328125 0.25625
1 0.978125 0.3359375 0.04375 0.075
1 0.4265625 0.2265625 0.09375 0.0890625
1 0.103125 0.48125 0.059375 0.134375
1 0.80078125 0.4296875 0.225 0.1578125
1 0.63671875 0.47421875 0.0578125 0.1734375
1 0.2734375 0.18828125 0.1578125 0.146875
0 0 0.92265625 0.02890625 0.946875 0.03984375 0.9484375 0.06015625 0.9359375 0.0765625 0.89140625 0.08671875 0.8859375 0.10234375 0.89375 0.11875 0.87734375 0.134375 0.84609375 0.16640625 0.825 0.1921875 0.92578125 0.20859375 0.9203125 0.21953125 0.925 0.2234375 0.90078125 0.23359375 0.8921875 0.259375 0.93828125 0.2625 0.96015625 0.28046875 0.9828125 0.31015625 0.9765625 0.3171875 0.95390625 0.32734375 0.95 0.33984375 0.96875 0.37421875 0.971875 0.38671875 1 1 0.99921875 0.99921875 0.5984375 0.87265625 0.5921875 0.70703125 0.59375 0.67578125 0.5875 0.59765625 0.5859375 0.50546875 0.5859375 0.4984375 0.58828125 0.50078125 0.59375 0.48515625 0.596875 0.39453125 0.596875 0.37109375 0.5765625 0.32578125 0.578125 0.24921875 0.56875 0.23984375 0.56875 0.22265625 0.584375 0.19609375 0.584375 0.18515625 0.5703125 0.15859375 0.56875 0.09921875 0.5671875 0.08046875 0.5765625 0.06484375 0.5703125 0.04921875 0.575 0.03359375 0.5703125 0 0.57265625 0 0.92265625