1 0.9 0.471875 0.1921875 0.1875
1 0.3765625 0.5828125 0.184375 0.31875
1 0.60078125 0.578125 0.3515625 0.38125
1 0.115625 0.16328125 0.0671875 0.0609375
1 0.0515625 0.68125 0.103125 0.3765625
1 0.92578125 0.321875 0.1484375 0.1765625
1 0.51171875 0.21328125 0.0734375 0.0546875
1 0.8046875 0.74765625 0.2578125 0.16875
1 0.2828125 0.22734375 0.084375 0.0390625
1 0.59453125 0.209375 0.0703125 0.0546875
1 0.8734375 0.2015625 0.078125 0.0640625
0 0.86328125 0.2875 0.88046875 0.3109375 0.9015625 0.29296875 0.92890625 0.24375 0.96171875 0.25625 0.990625 0.23671875 0.90078125 0.23125 0.81796875 0.234375 0.81875 0.28046875 0.83125 0.32421875 0.828125 0.35234375 0.8328125 0.33046875 0.86328125 0.2875
0 1 0.54140625 0.99296875 0.5390625 0.92421875 0.5625 0.87109375 0.56875 0.83359375 0.5875 0.81875 0.60546875 0.815625 0.65078125 0.8375 0.65546875 0.99921875 0.64375 1 0.54140625
0 0.63046875 0.365625 0.64296875 0.3515625 0.6546875 0.36171875 0.65546875 0.3734375 0.66328125 0.3734375 0.67421875 0.3625 0.71015625 0.3734375 0.71484375 0.3671875 0.71796875 0.3703125 0.7203125 0.31796875 0.7390625 0.26953125 0.7421875 0.24140625 0.64765625 0.234375 0.47265625 0.246875 0.5078125 0.30703125 0.509375 0.32578125 0.528125 0.35703125 0.5296875 0.37265625 0.5140625 0.39609375 0.571875 0.39765625 0.59765625 0.3640625 0.63046875 0.365625
0 0.546875 0.91015625 0.5484375 0.89453125 0.55703125 0.8859375 0.56796875 0.8859375 0.575 0.89453125 0.5734375 0.90703125 0.58203125 0.9109375 0.61328125 0.890625 0.63359375 0.8859375 0.64609375 0.8703125 0.65625 0.86796875 0.675 0.83984375 0.671875 0.80859375 0.68125 0.77265625 0.67265625 0.753125 0.46796875 0.771875 0.41640625 0.765625 0.39609375 0.753125 0.34453125 0.7515625 0.30859375 0.7375 0.29140625 0.740625 0.28125 0.71328125 0.2546875 0.69609375 0.25703125 0.6546875 0.20234375 0.653125 0.1953125 0.63203125 0.18515625 0.628125 0.1515625 0.63671875 0.1515625 0.68046875 0.1015625 0.75703125 0.11015625 0.809375 0.12421875 0.790625 0.15078125 0.790625 0.16484375 0.8046875 0.18515625 0.8078125 0.19296875 0.828125 0.21171875 0.8328125 0.26171875 0.825 0.28359375 0.83125 0.33828125 0.83125 0.47578125 0.8234375 0.5 0.93515625 0.521875 0.93828125 0.5296875 0.91796875 0.546875 0.91015625
0 0 0.50859375 0.03203125 0.4734375 0.08828125 0.53125 0.14453125 0.55625 0.15078125 0.5703125 0.17109375 0.5734375 0.18515625 0.5859375 0.21640625 0.575 0.24609375 0.60625 0.253125 0.60546875 0.2875 0.59765625 0.2859375 0.54921875 0.2953125 0.53671875 0.2984375 0.49140625 0.27578125 0.4828125 0.271875 0.46953125 0.2984375 0.42421875 0.325 0.40703125 0.3328125 0.38046875 0.3375 0.34453125 0.334375 0.28671875 0.315625 0.26484375 0.3140625 0.24921875 0.19765625 0.2484375 0.17421875 0.2421875 0.12421875 0.2578125 0.04609375 0.2484375 0.01171875 0.259375 0.0203125 0.28046875 0 0.28515625 0 0.50859375