1 0.77421875 0.75390625 0.190625 0.1953125
1 0.59765625 0.7390625 0.128125 0.1921875
1 0.68984375 0.6265625 0.1140625 0.1828125
1 0.284375 0.21796875 0.090625 0.125
1 0.06171875 0.453125 0.0875 0.0609375
1 0.7390625 0.57578125 0.090625 0.121875
1 0.69921875 0.43125 0.0859375 0.1421875
1 0.21953125 0.07421875 0.06875 0.0734375
1 0.80625 0.4875 0.08125 0.14375
1 0.4609375 0.51484375 0.0921875 0.20625
1 0.43984375 0.19609375 0.1140625 0.1109375
1 0.55625 0.60234375 0.1078125 0.203125
1 0.23125 0.14375 0.071875 0.090625
1 0.6671875 0.48828125 0.06875 0.0921875
1 0.35 0.415625 0.0890625 0.1578125
1 0.6125 0.39765625 0.0859375 0.0796875
1 0.40625 0.2953125 0.0875 0.2015625
0 0.8296875 1 0.72109375 0.96171875 0.709375 0.9546875 0.68828125 0.92578125 0.65859375 0.92734375 0.68671875 0.91640625 0.6953125 0.9046875 0.69375 0.896875 0.66015625 0.89140625 0.62421875 0.84921875 0.59921875 0.83828125 0.53359375 0.75703125 0.528125 0.759375 0.528125 0.78125 0.503125 0.79375 0.50625 0.8375 0.490625 0.8484375 0.5 0.8609375 0.5177580984375 0.8940931140625 0.5185969421875 0.8814977796875001 0.5227911578125 0.8672230687500001 0.5454399203125 0.8756199578125001 0.5269853734375001 0.9050090703125001 0.53201843125 0.9369172499999999 0.5060142953125 0.9268409828124999 0.5068531390625 0.901650315625 0.511886196875 0.8940931140625 0.5102085109375001 0.8848565359375 0.4796875 0.8953125 0.4796875 0.9140625 0.47265625 0.92421875 0.45390625 0.92265625 0.44375 0.9015625 0.4515625 0.871875 0.47078288593749995 0.8731008906250001 0.48336553281250005 0.8655436906249999 0.448972965625 0.8554674234374999 0.442262221875 0.83867364375 0.43125 0.8578125 0.4328125 0.88125 0.428125 0.8921875 0.415625 0.9 0.4109375 0.925 0.39609375 0.92890625 0.3828125 0.921875 0.3765625 0.9015625 0.3640625 0.8921875 0.3625 0.8640625 0.3390625 0.84375 0.35625 0.7546875 0.38984375 0.75390625 0.415625 0.803125 0.42578125 0.80546875 0.4390625 0.83125 0.44453125 0.83203125 0.4546875 0.8109375 0.464910984375 0.8025670203124999 0.453125 0.78125 0.4265625 0.7625 0.44296875 0.75078125 0.46953125 0.75234375 0.48359375 0.76328125 0.49921875 0.74609375 0.52734375 0.75390625 0.53125 0.7375 0.52578125 0.73046875 0.51171875 0.72890625 0.5 0.709375 0.4765625 0.69375 0.46796875 0.65703125 0.45390625 0.65703125 0.43359375 0.64296875 0.43359375 0.66171875 0.39453125 0.67421875 0.3609375 0.6390625 0.36171875 0.62890625 0.38984375 0.61171875 0.4265625 0.640625 0.41875 0.609375 0.4234375 0.5828125 0.41953125 0.56171875 0.284560553125 0.45338597812500003 0.27952749374999997 0.4836147796875 0.3323746078125 0.5104848265624999 0.33405229531249997 0.5197214046874999 0.32578125 0.53203125 0.31484375 0.52578125 0.309375 0.5359375 0.3125 0.55 0.29921875 0.56171875 0.28984375 0.56171875 0.28120518125 0.5549883390625 0.2652671625 0.555828028125 0.2635894765625 0.5667439843750001 0.267783690625 0.581018696875 0.2736555921875 0.599491853125 0.2619117890625 0.613766565625 0.23758450937500003 0.6136370078125 0.2442952546875 0.6337895437500001 0.2409398828125 0.6463848765625 0.24597294062500002 0.664858034375 0.25100599843750004 0.6824915015624999 0.25939442968750004 0.686689946875 0.27533244843750004 0.69256776875 0.277010134375 0.7244759484375 0.26610517499999997 0.7303537718750001 0.26191095937500003 0.742109415625 0.24848947031250002 0.7647810171875 0.22835723593749999 0.748826928125 0.23674566718749998 0.7303537718750001 0.19564235624999998 0.7185981265625 0.187253925 0.7076821703125 0.1813820234375 0.669056478125 0.1813820234375 0.650583321875 0.17551012187499998 0.6354689203125 0.1822208671875 0.6228735875 0.2040307859375 0.6169957640625 0.22416385156250002 0.595293409375 0.22500269374999998 0.5633852296875 0.2359076546875 0.54323269375 0.244296084375 0.5415533171875 0.2736555921875 0.5549883390625 0.271875 0.503125 0.25625 0.490625 0.24765625 0.46640625 0.2031927734375 0.4668210015625 0.214097734375 0.49117197968750004 0.20738698906250003 0.52056109375 0.20906467499999998 0.54239300625 0.213258890625 0.5617058515625 0.20151508749999997 0.5675836734375 0.19396549999999999 0.55750740625 0.18984375 0.46640625 0.15390625 0.47421875 0.13125 0.4671875 0.125 0.4328125 0.1296875 0.4109375 0.14140625 0.39765625 0.16171875 0.40234375 0.16953125 0.39296875 0.18046875 0.39296875 0.18515625 0.40078125 0.19765625 0.38984375 0.21015625 0.39296875 0.21953125 0.41484375 0.22734375 0.40859375 0.2375 0.4109375 0.2453125 0.453125 0.25234375 0.46171875 0.27421875 0.45390625 0.2765625 0.440625 0.2703125 0.421875 0.2515625 0.4078125 0.2171875 0.353125 0.2046875 0.3515625 0.2 0.33125 0.1890625 0.31875 0.1859375 0.278125 0.1734375 0.271875 0.171875 0.2578125 0.159375 0.24375 0.16015625 0.22109375 0.13984375 0.21796875 0.13671875 0.20859375 0.1296875 0.2203125 0.134375 0.2671875 0.1296875 0.3125 0.10703125 0.31796875 0.090625 0.3109375 0.0875 0.2796875 0.109375 0.2625 0.0953125 0.215625 0.09375 0.1859375 0.10546875 0.18671875 0.11015625 0.19609375 0.125 0.19375 0.1203125 0.1296875 0.0953125 0.05625 0.0921875 0.009375 0.07734375 0.00078125 0.00234375 0.00078125 0 0.0984375 0.0109375 0.2171875 0.015625 0.2328125 0.02421875 0.23359375 0.0359375 0.25 0.0484375 0.3 0.0609375 0.309375 0.0640625 0.3234375 0.05546875 0.32890625 0.04921875 0.31953125 0.03203125 0.32265625 0.03125 0.33125 0.03671875 0.33671875 0.03984375 0.33203125 0.040625 0.3390625 0.0296875 0.3671875 0 0.3671875 0 0.491829953125 0.0149890078125 0.48662963281250005 0.012762543749999999 0.473257378125 0.0149890078125 0.4635996390625 0.012762543749999999 0.45468480156249996 0.01869978125 0.44874157812500004 0.0209262453125 0.43759803281250004 0.023152709375 0.424225778125 0.0320585640625 0.41902545625 0.033542873437499995 0.4086248140625 0.0454173484375 0.39748126875 0.0543232046875 0.4063961046875 0.0617447515625 0.42496868125000004 0.090688784375 0.42719738906250004 0.102563259375 0.4569135109375 0.102563259375 0.46805705625 0.043190884375 0.4792006015625 0.043190884375 0.517831559375 0.0365114921875 0.5490334875 0.01869978125 0.519317365625 0.0224105546875 0.5089167234375 0.02463701875 0.48662963281250005 0 0.4921875 0.00625 0.503125 0 0.515625 0 0.5910732656250001 0 0.686689946875 0 0.6867978046875 0 0.6876374921874999 0 0.8101242203125001 0 1 0.8296875 1