1 0.66015625 0.8765625 0.1296875 0.2
1 0.50390625 0.77890625 0.1171875 0.1984375
1 0.85 0.915625 0.23125 0.16875
1 0.96875 0.48984375 0.0625 0.0953125
1 0.353125 0.721875 0.08125 0.1421875
1 0.52734375 0.9359375 0.1765625 0.128125
1 0.48125 0.46640625 0.040625 0.0375
1 0.6234375 0.47109375 0.046875 0.040625
1 0.3859375 0.4609375 0.0328125 0.028125
1 0.67890625 0.42421875 0.025 0.0359375
1 0.8171875 0.42578125 0.0328125 0.05
1 0.76796875 0.4796875 0.046875 0.0609375
1 0.88203125 0.4953125 0.028125 0.0640625
1 0.2359375 0.66640625 0.0625 0.0578125
0 0.98828125 0.5375 0.95546875 0.5375 0.93828125 0.54375 0.928125 0.53515625 0.92265625 0.5140625 0.9140625 0.51484375 0.91171875 0.53125 0.85859375 0.525 0.83046875 0.53125 0.79140625 0.51875 0.73046875 0.5171875 0.70234375 0.5234375 0.68671875 0.515625 0.65078125 0.5109375 0.63359375 0.51875 0.61171875 0.51875 0.60234375 0.5125 0.53828125 0.5046875 0.53046875 0.4984375 0.52109375 0.5015625 0.51484375 0.4953125 0.48984375 0.4921875 0.47421875 0.496875 0.45859375 0.490625 0.35390625 0.484375 0.33046875 0.478125 0.31171875 0.4640625 0.30703125 0.471875 0.29453125 0.4734375 0.29140625 0.46875 0.28671875 0.4734375 0.2859375 0.46171875 0.27734375 0.459375 0.23046875 0.459375 0.21796875 0.4671875 0.20546875 0.459375 0.14921875 0.453125 0.1421875 0.44765625 0.13515625 0.41875 0.12265625 0.41875 0.1203125 0.42890625 0.1109375 0.43515625 0.1140625 0.49921875 0.10546875 0.5046875 0.09140625 0.4953125 0.0875 0.50078125 0.0890625 0.53046875 0.096875 0.54921875 0.11796875 0.5640625 0.15703125 0.5453125 0.17265625 0.58125 0.20234375 0.5796875 0.203125 0.63359375 0.20859375 0.64375 0.25 0.63203125 0.2625 0.61015625 0.2625 0.57578125 0.26796875 0.5703125 0.3 0.60703125 0.3109375 0.64765625 0.34921875 0.6578125 0.359375 0.63828125 0.359375 0.60859375 0.36875 0.57734375 0.39765625 0.5609375 0.41796875 0.5625 0.434375 0.58203125 0.465625 0.65234375 0.465625 0.69609375 0.49609375 0.7015625 0.51015625 0.68125 0.521875 0.71328125 0.584375 0.76015625 0.59375 0.78671875 0.59375 0.80703125 0.565625 0.81328125 0.5609375 0.84296875 0.56640625 0.8546875 0.58203125 0.84375 0.60078125 0.8484375 0.6171875 0.80078125 0.63046875 0.7859375 0.64765625 0.78125 0.70625 0.82421875 0.73046875 0.871875 0.74296875 0.86875 0.75390625 0.8765625 0.7625 0.85078125 0.77734375 0.8484375 0.78125 0.83359375 0.78984375 0.83125 0.809375 0.84296875 0.81953125 0.8640625 0.84453125 0.8703125 0.85859375 0.8828125 0.89453125 0.878125 0.91171875 0.9078125 0.9515625 0.92734375 0.9578125 0.95390625 0.9703125 0.97265625 0.9734375 0.99921875 1 0.99921875 0.99921875 0.53125 0.98828125 0.5375