1 0.4390625 0.65546875 0.0796875 0.0703125
1 0.42109375 0.60546875 0.065625 0.05625
1 0.55390625 0.659375 0.1046875 0.065625
1 0.346875 0.46953125 0.0625 0.03125
1 0.32578125 0.4921875 0.0421875 0.046875
1 0.86796875 0.4125 0.0453125 0.0390625
1 0.94765625 0.37578125 0.04375 0.0296875
1 0.78515625 0.43828125 0.0421875 0.0453125
1 0.79765625 0.48828125 0.0390625 0.0375
1 0.51796875 0.6 0.0859375 0.0421875
1 0.57421875 0.56484375 0.0515625 0.05
1 0.91328125 0.31640625 0.0359375 0.0265625
1 0.22265625 0.45234375 0.0375 0.03125
1 0.2953125 0.54609375 0.05625 0.0578125
1 0.3671875 0.571875 0.053125 0.0515625
1 0.25 0.4796875 0.0453125 0.0375
1 0.515625 0.54765625 0.03125 0.0328125
1 0.41796875 0.21171875 0.021875 0.01875
1 0.80078125 0.3390625 0.0359375 0.015625
1 0.90390625 0.34609375 0.040625 0.0234375
1 0.4546875 0.5390625 0.0453125 0.01875
1 0.69296875 0.50625 0.040625 0.0265625
1 0.4828125 0.6828125 0.034375 0.040625
1 0.28359375 0.340625 0.040625 0.0375
0 0 0.43828125 0.0046875 0.44453125 0 0.46640625 0.01171875 0.4671875 0.0203125 0.47578125 0.021875 0.48671875 0.0375 0.50546875 0.04140625 0.5328125 0.046875 0.53359375 0.046875 0.49453125 0.05234375 0.490625 0.0625 0.49296875 0.065625 0.51484375 0.07109375 0.525 0.0765625 0.52421875 0.0796875 0.50390625 0.071875 0.47265625 0.0546875 0.44921875 0.046875 0.42109375 0.05 0.39921875 0.06328125 0.39375 0.084375 0.44140625 0.0828125 0.46328125 0.0890625 0.48046875 0.10625 0.49296875 0.1125 0.50859375 0.1109375 0.52109375 0.09921875 0.534375 0.07890625 0.5328125 0.0796875 0.54609375 0.06640625 0.5484375 0.06015625 0.559375 0 0.56328125 0.00078125 1 1 0.99921875 0.99765625 0.9296875 0.83984375 0.8671875 0.82734375 0.85625 0.78359375 0.84375 0.77421875 0.8421875 0.77109375 0.853125 0.75859375 0.8546875 0.72734375 0.8390625 0.72109375 0.8640625 0.69609375 0.8609375 0.690625 0.84453125 0.703125 0.82109375 0.68671875 0.803125 0.67109375 0.7984375 0.65546875 0.7734375 0.62890625 0.7703125 0.61796875 0.7515625 0.52578125 0.7359375 0.40859375 0.6671875 0.3921875 0.67734375 0.390625 0.70234375 0.40859375 0.7 0.42734375 0.7125 0.43984375 0.7109375 0.43984375 0.715625 0.41640625 0.7125 0.40390625 0.7265625 0.38984375 0.7265625 0.38046875 0.7171875 0.35703125 0.7203125 0.34921875 0.70625 0.33046875 0.7234375 0.30859375 0.71875 0.2875 0.69140625 0.290625 0.67421875 0.30078125 0.6609375 0.31953125 0.6609375 0.34453125 0.678125 0.34609375 0.6609375 0.37265625 0.6578125 0.37734375 0.6625 0.3859375 0.65546875 0.36484375 0.63125 0.34921875 0.625 0.32734375 0.634375 0.31015625 0.6296875 0.303125 0.62265625 0.30703125 0.6171875 0.334375 0.60859375 0.32734375 0.5953125 0.31015625 0.5875 0.28671875 0.58125 0.27578125 0.584375 0.26953125 0.596875 0.25234375 0.5984375 0.2484375 0.61328125 0.2328125 0.62109375 0.2359375 0.63359375 0.2484375 0.64140625 0.2515625 0.66953125 0.22421875 0.671875 0.21484375 0.6609375 0.2171875 0.67109375 0.20078125 0.678125 0.1984375 0.66796875 0.2046875 0.66015625 0.1890625 0.64765625 0.1859375 0.62421875 0.20859375 0.6125 0.2125 0.60234375 0.196875 0.59609375 0.19296875 0.5671875 0.16484375 0.56875 0.15625 0.55859375 0.1578125 0.55078125 0.16796875 0.540625 0.20703125 0.5375 0.22734375 0.5453125 0.23515625 0.5640625 0.2484375 0.55703125 0.21640625 0.525 0.20703125 0.5265625 0.1953125 0.51171875 0.1953125 0.50234375 0.1578125 0.46953125 0.153125 0.44140625 0.1421875 0.42734375 0.13828125 0.3859375 0.12578125 0.3765625 0.10859375 0.3765625 0.09765625 0.3859375 0.07109375 0.375 0.05390625 0.3859375 0.0375 0.37734375 0.0390625 0.36640625 0.05859375 0.3546875 0.08359375 0.353125 0.10234375 0.3640625 0.11328125 0.353125 0.13828125 0.35625 0.14921875 0.3515625 0.1828125 0.31015625 0.22421875 0.275 0.29921875 0.2390625 0.38515625 0.2140625 0.39453125 0.203125 0.44765625 0.2015625 0.50546875 0.190625 0.52734375 0.1828125 0.53359375 0.1734375 0.58984375 0.1703125 0.60546875 0.153125 0.62265625 0.1609375 0.67265625 0.153125 0.78828125 0.1546875 0.771875 0.14609375 0.76953125 0.1328125 0.33359375 0.15625 0.20859375 0.1734375 0 0.21484375 0 0.43828125