1 0.21328125 0.3109375 0.1828125 0.278125
1 0.06328125 0.54921875 0.1234375 0.334375
1 0.4015625 0.525 0.1109375 0.2296875
1 0.10546875 0.15234375 0.1375 0.253125
1 0.8328125 0.6390625 0.1578125 0.228125
1 0.51328125 0.590625 0.1453125 0.3046875
1 0.5203125 0.3515625 0.1046875 0.1765625
1 0.878125 0.46640625 0.24375 0.16875
1 0.66640625 0.36015625 0.1703125 0.103125
1 0.925 0.32421875 0.0734375 0.0625
1 0.63203125 0.55078125 0.0828125 0.1734375
0 0.97421875 0.690625 0.95234375 0.7203125 0.89453125 0.73125 0.87578125 0.75 0.77734375 0.75 0.771875 0.75390625 0.775 0.78828125 0.76953125 0.7953125 0.72734375 0.7890625 0.71875 0.76484375 0.6921875 0.74921875 0.71015625 0.66875 0.7265625 0.69296875 0.7328125 0.71484375 0.74375 0.70859375 0.7375 0.67578125 0.759375 0.65390625 0.75703125 0.6265625 0.73046875 0.6484375 0.71328125 0.6515625 0.71015625 0.659375 0.68046875 0.6515625 0.60859375 0.6546875 0.6078125 0.71484375 0.63046875 0.7265625 0.6375 0.74140625 0.60078125 0.753125 0.59140625 0.7515625 0.58515625 0.7375 0.55859375 0.7546875 0.52734375 0.753125 0.51953125 0.7515625 0.51640625 0.7421875 0.44140625 0.7359375 0.40390625 0.7234375 0.39453125 0.734375 0.36484375 0.7359375 0.30234375 0.7625 0.27890625 0.7640625 0.26171875 0.7546875 0.23671875 0.759375 0.21484375 0.753125 0.209375 0.73671875 0.19921875 0.7328125 0.18828125 0.715625 0.13203125 0.71875 0.11640625 0.7078125 0.09609375 0.7078125 0.084375 0.71484375 0.1015625 0.72578125 0.1046875 0.73515625 0.09765625 0.740625 0.06640625 0.7375 0.05703125 0.75 0.03203125 0.7515625 0.0265625 0.74765625 0.02734375 0.7375 0 0.73671875 0.00078125 1 1 0.99921875 0.99921875 0.6890625 0.97421875 0.690625