1 0.36875 0.83984375 0.1328125 0.190625
1 0.20078125 0.77734375 0.1296875 0.18125
1 0.53828125 0.8734375 0.1875 0.2046875
1 0.62421875 0.94609375 0.1375 0.1078125
1 0.6421875 0.440625 0.071875 0.0765625
1 0.04921875 0.77734375 0.090625 0.21875
1 0.69296875 0.89375 0.0609375 0.125
1 0.90625 0.39453125 0.0453125 0.0625
1 0.33046875 0.45 0.05 0.0734375
1 0.5734375 0.4421875 0.059375 0.090625
1 0.85625 0.928125 0.2875 0.14375
1 0.22109375 0.93203125 0.165625 0.1359375
1 0.171875 0.440625 0.046875 0.0453125
1 0.0578125 0.440625 0.0359375 0.0359375
0 1 0.49609375 0.99140625 0.490625 0.96328125 0.503125 0.91015625 0.496875 0.9015625 0.50234375 0.915625 0.51796875 0.9140625 0.53046875 0.88828125 0.5328125 0.8640625 0.52265625 0.8640625 0.51171875 0.87421875 0.4984375 0.84453125 0.4921875 0.82109375 0.4953125 0.79609375 0.4796875 0.77421875 0.484375 0.76484375 0.49375 0.66953125 0.4921875 0.65703125 0.484375 0.60546875 0.496875 0.59296875 0.4875 0.50859375 0.490625 0.49296875 0.484375 0.41171875 0.4890625 0.34609375 0.484375 0.31640625 0.490625 0.19140625 0.4703125 0.10234375 0.4734375 0 0.46640625 0.00234375 0.6703125 0.0125 0.66796875 0.0234375 0.64453125 0.0265625 0.59140625 0.034375 0.57265625 0.07109375 0.55 0.08984375 0.5484375 0.11875 0.57109375 0.125 0.58984375 0.134375 0.59765625 0.1578125 0.64921875 0.16015625 0.6890625 0.19140625 0.6921875 0.2 0.67265625 0.20859375 0.6671875 0.22734375 0.703125 0.2921875 0.73984375 0.303125 0.76640625 0.303125 0.78203125 0.29140625 0.7984375 0.28125 0.80078125 0.275 0.81640625 0.28203125 0.825 0.309375 0.81640625 0.325 0.76953125 0.33671875 0.7546875 0.35390625 0.746875 0.41171875 0.778125 0.43203125 0.815625 0.45546875 0.815625 0.4640625 0.79140625 0.475 0.78515625 0.48359375 0.76875 0.50234375 0.7765625 0.52265625 0.7984375 0.54921875 0.8046875 0.57109375 0.7921875 0.58984375 0.8171875 0.6171875 0.82890625 0.63828125 0.8859375 0.64765625 0.8859375 0.665625 0.86328125 0.67890625 0.8265625 0.71484375 0.83125 0.7296875 0.84453125 0.7328125 0.88671875 0.7703125 0.89765625 0.809375 0.86484375 0.81875 0.84765625 0.8265625 0.80390625 0.86015625 0.7703125 0.93203125 0.7765625 0.94296875 0.7734375 0.95703125 0.75625 0.97265625 0.775 1 0.77890625 1 0.49609375