1 0.603125 0.57578125 0.165625 0.1484375
1 0.71484375 0.89609375 0.0921875 0.1953125
1 0.928125 0.91015625 0.14375 0.1796875
1 0.40390625 0.60625 0.0515625 0.0875
1 0.27578125 0.75859375 0.140625 0.0734375
1 0.35 0.82578125 0.0640625 0.0578125
1 0.05234375 0.8859375 0.0765625 0.159375
1 0.28359375 0.909375 0.0703125 0.0859375
1 0.10234375 0.6703125 0.0953125 0.0796875
1 0.2234375 0.22265625 0.0515625 0.05
1 0.25234375 0.25234375 0.0390625 0.0359375
1 0.31953125 0.28828125 0.0578125 0.0390625
1 0.78203125 0.17421875 0.153125 0.0953125
1 0.06953125 0.20078125 0.1046875 0.0734375
1 0.171875 0.18671875 0.0734375 0.0453125
1 0.27421875 0.15703125 0.0375 0.0796875
1 0.159375 0.73984375 0.0703125 0.1140625
1 0.034375 0.75703125 0.05 0.1046875
1 0.21640625 0.05234375 0.0390625 0.0703125
1 0.09609375 0.14453125 0.078125 0.0453125
1 0.37578125 0.20078125 0.1203125 0.1484375
1 0.16484375 0.23046875 0.0421875 0.0484375
1 0.31484375 0.3265625 0.0578125 0.046875
1 0.33515625 0.61875 0.0765625 0.0671875
1 0.36640625 0.90234375 0.08125 0.0890625
1 0.33984375 0.96953125 0.1234375 0.0609375
1 0.81328125 0.85546875 0.1 0.1984375
1 0.69296875 0.69609375 0.2171875 0.0828125
1 0.52890625 0.76640625 0.0765625 0.1390625
1 0.40234375 0.7171875 0.0609375 0.1109375
1 0.459375 0.63671875 0.03125 0.0484375
1 0.01875 0.15390625 0.0375 0.05
1 0.47890625 0.115625 0.0734375 0.0390625
1 0.459375 0.14296875 0.0390625 0.0578125
1 0.25390625 0.28203125 0.0734375 0.0546875
1 0.13671875 0.10859375 0.0828125 0.0578125
0 0.57734375 0.34375 0.5734375 0.35390625 0.58125 0.37109375 0.60078125 0.3875 0.6203125 0.39296875 0.659375 0.34140625 0.57734375 0.34375
0 0.7578125 0.33359375 0.7796875 0.40078125 0.81953125 0.4875 0.85234375 0.4375 0.86328125 0.434375 0.88359375 0.4421875 0.90546875 0.4359375 0.91953125 0.440625 0.953125 0.47265625 0.96953125 0.5125 1 0.51328125 0.99921875 0.3234375 0.7578125 0.33359375
0 0.18203125 0.6328125 0.20859375 0.6 0.24453125 0.609375 0.253125 0.58203125 0.26796875 0.5671875 0.27734375 0.5671875 0.29140625 0.5875 0.30390625 0.5921875 0.34609375 0.5703125 0.35 0.55390625 0.3453125 0.52421875 0.35625 0.49140625 0.37734375 0.4609375 0.39921875 0.4625 0.41953125 0.475 0.43515625 0.4765625 0.45390625 0.459375 0.48359375 0.459375 0.50390625 0.4796875 0.53515625 0.478125 0.5421875 0.44140625 0.48203125 0.39375 0.44765625 0.3875 0.4390625 0.35859375 0.42890625 0.35 0.38203125 0.3390625 0.36484375 0.3390625 0.35546875 0.3515625 0.32734375 0.3578125 0.28671875 0.35625 0.24921875 0.3640625 0.18359375 0.359375 0.13203125 0.3671875 0.09609375 0.3625 0.00234375 0.375 0 0.54765625 0.0171875 0.56171875 0.0296875 0.61171875 0.06796875 0.6140625 0.08046875 0.6328125 0.12265625 0.6265625 0.13828125 0.6296875 0.15 0.63984375 0.16328125 0.615625 0.18203125 0.6328125