1 0.65078125 0.95859375 0.0546875 0.078125
1 0.5015625 0.9640625 0.075 0.071875
1 0.6109375 0.93984375 0.0546875 0.0734375
1 0.8515625 0.971875 0.090625 0.05625
1 0.709375 0.9125 0.0609375 0.0484375
1 0.76328125 0.9265625 0.0640625 0.053125
1 0.80703125 0.95546875 0.0703125 0.0640625
1 0.7015625 0.96640625 0.0640625 0.0453125
1 0.5578125 0.7765625 0.0734375 0.0671875
1 0.484375 0.78515625 0.0734375 0.0703125
1 0.4390625 0.771875 0.05625 0.0765625
1 0.35546875 0.79296875 0.059375 0.06875
1 0.2640625 0.79375 0.053125 0.05
1 0.19609375 0.73984375 0.05625 0.0546875
1 0.24609375 0.71015625 0.0375 0.04375
1 0.2765625 0.7328125 0.0515625 0.04375
1 0.353125 0.71328125 0.05 0.05625
1 0.38828125 0.72890625 0.04375 0.046875
1 0.7140625 0.29765625 0.06875 0.04375
0 0.65546875 0.775 0.68203125 0.7625 0.696875 0.73984375 0.703125 0.70703125 0.62890625 0.70625 0.61640625 0.690625 0.59609375 0.690625 0.5890625 0.73359375 0.5984375 0.74921875 0.5953125 0.77265625 0.6 0.77578125 0.60859375 0.765625 0.65546875 0.775
0 0.85859375 0.7109375 0.871875 0.70078125 0.88046875 0.665625 0.90703125 0.6703125 0.93828125 0.6625 0.98046875 0.68125 0.99921875 0.671875 1 0.54921875 0.91796875 0.5171875 0.86015625 0.5140625 0.84296875 0.5 0.81796875 0.49375 0.74453125 0.4875 0.66796875 0.46875 0.60390625 0.46875 0.54453125 0.4546875 0.48984375 0.4546875 0.47421875 0.4484375 0.46484375 0.4546875 0.44453125 0.453125 0.4234375 0.44453125 0.4234375 0.43203125 0.4375 0.41328125 0.42734375 0.40625 0.36953125 0.4015625 0.35703125 0.39375 0.28359375 0.3828125 0.18203125 0.390625 0.175 0.39453125 0.175 0.40703125 0.1828125 0.41953125 0.17578125 0.425 0.14921875 0.425 0.140625 0.41484375 0.1546875 0.40546875 0.15390625 0.390625 0.1390625 0.39296875 0.13828125 0.4125 0.13203125 0.3921875 0.03828125 0.3828125 0 0.37109375 0.00234375 0.415625 0.02265625 0.425 0.07421875 0.425 0.09609375 0.43125 0.109375 0.45859375 0.125 0.46328125 0.13671875 0.4984375 0.15078125 0.49375 0.16328125 0.5 0.19765625 0.5 0.2125 0.45703125 0.22265625 0.446875 0.24921875 0.446875 0.265625 0.46953125 0.271875 0.52890625 0.2875770109375 0.44283796249999996 0.2875770109375 0.4174718640625 0.3014840125 0.3997503421875 0.31747706249999996 0.4338034609375 0.32164916250000003 0.4365833078125 0.32373521250000004 0.4251164421875 0.3365991875 0.425811403125 0.3491154890625 0.43449842343749995 0.36024108906249996 0.44700773125 0.36928063906249997 0.46299184843749996 0.3731050640625 0.49426512031250003 0.3731050640625 0.5241484703125 0.36649923906250004 0.5286657203125 0.3021793625 0.5262333546875 0.2861863109375 0.45048254062500004 0.2726269859375 0.526928315625 0.2907060859375 0.5251909125 0.30390625 0.5453125 0.34140625 0.5484375 0.37421875 0.5734375 0.43671875 0.5875 0.46328125 0.6015625 0.47890625 0.6265625 0.49765625 0.634375 0.51171875 0.609375 0.546875 0.59140625 0.5484375 0.56953125 0.55703125 0.565625 0.56015625 0.59375 0.57734375 0.596875 0.58828125 0.5890625 0.60078125 0.5890625 0.6463103125 0.5975325640625 0.6280024578125001 0.5582121328125 0.619822353125 0.5500365984375 0.62644434375 0.5114947890625 0.6420254953125 0.5192810125 0.646699840625 0.53796795 0.6447521968750001 0.557822821875 0.6311186890625 0.55860144375 0.6482579562499999 0.5983111875 0.6640625 0.62421875 0.67890625 0.6296875 0.69140625 0.646875 0.70859375 0.64375 0.73671875 0.6703125 0.78046875 0.675 0.781476803125 0.6528147546875 0.7986160703125 0.6512575109375 0.7951103109375001 0.70887556875 0.8227668546875 0.6512575109375 0.8056275875000001 0.6341278171875 0.7974474828125 0.6368529953125 0.7347333468749999 0.6232271046875 0.7296694734375 0.6025936109375001 0.728890415625 0.5901356515625 0.7160359656249999 0.5846852953125 0.6751354421875 0.576509759375 0.6911061234375 0.53251759375 0.8332841328124999 0.5901356515625 0.8613302046875001 0.6127157015625 0.8632778484375001 0.640356796875 0.8547082156249999 0.653593378125 0.825104028125 0.651646821875 0.796875 0.71015625 0.80625 0.71640625 0.82109375 0.7046875 0.85859375 0.7109375