1 0.2359375 0.86640625 0.33125 0.2671875
1 0.84140625 0.896875 0.3171875 0.20625
1 0.8796875 0.69921875 0.1578125 0.0984375
1 0.08359375 0.915625 0.1671875 0.1609375
1 0.1609375 0.6734375 0.321875 0.103125
1 0.0890625 0.7796875 0.178125 0.1640625
1 0.91328125 0.33828125 0.128125 0.0984375
1 0.5109375 0.30234375 0.071875 0.034375
1 0.4703125 0.3375 0.06875 0.0515625
1 0.84375 0.2703125 0.08125 0.034375
1 0.9359375 0.278125 0.0734375 0.021875
1 0.3640625 0.3203125 0.1 0.0421875
1 0.26328125 0.29140625 0.0796875 0.0421875
1 0.278125 0.3078125 0.0484375 0.0296875
1 0.70078125 0.25234375 0.05 0.0265625
1 0.68671875 0.30546875 0.1265625 0.0296875
1 0.55625 0.89140625 0.2796875 0.2171875
0 0.14609375 0.4296875 0.21484375 0.41875 0.26953125 0.3984375 0.34140625 0.3890625 0.35703125 0.3828125 0.359375 0.37578125 0.34921875 0.365625 0.33515625 0.3640625 0.32578125 0.3640625 0.31328125 0.3765625 0.29921875 0.375 0.29453125 0.36875 0.18828125 0.365625 0.13359375 0.35 0.10546875 0.31875 0.07265625 0.303125 0.00078125 0.30625 0 0.48046875 0.0046875 0.48046875 0.13671875 0.4390625 0.14609375 0.4296875
0 1 0.41171875 0.95234375 0.4140625 0.89296875 0.4078125 0.88359375 0.415625 0.85078125 0.415625 0.82109375 0.4046875 0.57421875 0.3953125 0.56328125 0.3828125 0.53046875 0.3828125 0.52578125 0.3890625 0.46328125 0.384375 0.24296875 0.4578125 0.22421875 0.4703125 0.18828125 0.4765625 0.12265625 0.503125 0.07265625 0.5140625 0 0.54453125 0.00234375 0.615625 0.05859375 0.6234375 0.09453125 0.615625 0.13671875 0.6171875 0.13125 0.60859375 0.13515625 0.603125 0.16640625 0.5875 0.18671875 0.5859375 0.203125 0.60859375 0.1875 0.62109375 0.19140625 0.625 0.26328125 0.634375 0.30390625 0.65 0.31796875 0.66875 0.33046875 0.65625 0.3671875 0.64765625 0.31328125 0.640625 0.28046875 0.628125 0.2734375 0.61953125 0.271875 0.59765625 0.34609375 0.596875 0.37578125 0.5890625 0.39140625 0.575 0.40234375 0.59375 0.44453125 0.6015625 0.46796875 0.615625 0.48828125 0.6125 0.50390625 0.625 0.52578125 0.6296875 0.5296875 0.63984375 0.51484375 0.65625 0.48828125 0.659375 0.48046875 0.6671875 0.45078125 0.6515625 0.37578125 0.64375 0.3703125 0.65234375 0.39765625 0.665625 0.4 0.67890625 0.38828125 0.6890625 0.34609375 0.6875 0.34296875 0.68125 0.32421875 0.6796875 0.3203125 0.68671875 0.32578125 0.7046875 0.36015625 0.7046875 0.38984375 0.7125 0.43046875 0.7109375 0.45546875 0.71875 0.46796875 0.7140625 0.49921875 0.7171875 0.52578125 0.7078125 0.53359375 0.7203125 0.54765625 0.7203125 0.55859375 0.7125 0.56640625 0.728125 0.58046875 0.7328125 0.6640625 0.73515625 0.66953125 0.7234375 0.67734375 0.728125 0.6953125 0.72421875 0.7 0.67421875 0.69140625 0.6671875 0.57734375 0.6578125 0.56875 0.63828125 0.56875 0.62265625 0.57734375 0.609375 0.59296875 0.6109375 0.63203125 0.5984375 0.73515625 0.5984375 0.75 0.56640625 0.76796875 0.5640625 0.78046875 0.59375 0.79609375 0.5859375 0.80859375 0.5984375 0.87890625 0.609375 0.90546875 0.634375 0.92578125 0.625 0.94765625 0.6625 0.97734375 0.6640625 0.9859375 0.62890625 1 0.61640625 1 0.41171875