1 0.246875 0.490625 0.2703125 0.1578125
1 0.61953125 0.18984375 0.0671875 0.125
1 0.50703125 0.475 0.25625 0.14375
1 0.48203125 0.19609375 0.1234375 0.0453125
1 0.371875 0.19140625 0.11875 0.078125
1 0.271875 0.1796875 0.1125 0.0671875
1 0.15546875 0.17734375 0.084375 0.0765625
1 0.0265625 0.33203125 0.053125 0.1015625
1 0.04375 0.253125 0.0875 0.059375
1 0.69609375 0.246875 0.09375 0.1578125
1 0.8953125 0.215625 0.1109375 0.1046875
1 0.36796875 0.12109375 0.125 0.053125
1 0.0515625 0.2015625 0.0859375 0.0546875
1 0.675 0.46484375 0.0765625 0.0453125
1 0.9265625 0.1453125 0.1078125 0.059375
1 0.2015625 0.13359375 0.040625 0.0328125
1 0.45234375 0.12421875 0.0609375 0.0375
0 0.9625 0.94453125 0.9609375 0.91953125 0.9828125 0.89765625 0.98125 0.85859375 1 0.84921875 0.99609375 0.4703125 0.98828125 0.4796875 0.98359375 0.4703125 0.97578125 0.4765625 0.97421875 0.4703125 0.95859375 0.465625 0.94296875 0.4453125 0.90546875 0.4453125 0.88671875 0.440625 0.88203125 0.4234375 0.85234375 0.4234375 0.83046875 0.43125 0.79609375 0.4328125 0.78828125 0.44375 0.77265625 0.4390625 0.76171875 0.4484375 0.71484375 0.4515625 0.71484375 0.459375 0.72578125 0.4578125 0.73828125 0.46875 0.76171875 0.4703125 0.765625 0.49921875 0.65546875 0.53125 0.60703125 0.534375 0.56796875 0.546875 0.47890625 0.5578125 0.46015625 0.55 0.42421875 0.546875 0.39296875 0.5328125 0.37265625 0.5046875 0.35703125 0.5015625 0.33828125 0.5078125 0.31484375 0.5046875 0.309375 0.51015625 0.3109375 0.53984375 0.30234375 0.553125 0.25546875 0.55625 0.24921875 0.5640625 0.18828125 0.5609375 0.16640625 0.565625 0.1046875 0.56171875 0.103125 0.54140625 0.1171875 0.48671875 0.11484375 0.46875 0.028125 0.47421875 0.0296875 0.48671875 0.046875 0.51171875 0.0484375 0.56640625 0.02578125 0.5796875 0.021875 0.59296875 0 0.60859375 0.00078125 1 0.9015625 0.99921875 0.90234375 0.9765625 0.9625 0.94453125