1 0.69453125 0.65 0.1078125 0.1265625
1 0.828125 0.646875 0.1078125 0.1375
1 0.46953125 0.64921875 0.0609375 0.11875
1 0.51953125 0.61640625 0.0375 0.0859375
1 0.3671875 0.6484375 0.103125 0.1328125
1 0.45 0.5234375 0.2109375 0.078125
1 0.62890625 0.4234375 0.0828125 0.065625
1 0.69375 0.40859375 0.0328125 0.0390625
1 0.76875 0.43046875 0.0765625 0.0828125
1 0.209375 0.51328125 0.10625 0.0953125
1 0.23046875 0.66796875 0.071875 0.0859375
1 0.98125 0.446875 0.0375 0.059375
1 0.29765625 0.51015625 0.0625 0.06875
0 0.21328125 1 0.21953125 0.9875 0.24140625 0.9890625 0.2515625 0.98203125 0.2578125 0.96484375 0.259375 0.87109375 0.2890625 0.84921875 0.296875 0.81796875 0.29375 0.78046875 0.31015625 0.7625 0.328125 0.78984375 0.3296875 0.80859375 0.34296875 0.8234375 0.35234375 0.828125 0.3734375 0.82421875 0.378125 0.83828125 0.375 0.85703125 0.38125 0.87265625 0.3953125 0.88515625 0.4046875 0.93515625 0.42578125 0.9578125 0.4453125 0.96640625 0.45546875 0.9984375 0.49609375 1 0.51171875 0.9859375 0.51953125 1 0.6953125 0.99921875 0.690625 0.96796875 0.696875 0.94453125 0.715625 0.92421875 0.7265625 0.89140625 0.74609375 0.8671875 0.79296875 0.8625 0.81953125 0.878125 0.8390625 0.87578125 0.834375 0.84453125 0.84375 0.81015625 0.8375 0.79609375 0.85703125 0.79375 0.875 0.77578125 0.884375 0.74296875 0.88203125 0.73125 0.58046875 0.71875 0.57265625 0.703125 0.56015625 0.7 0.51796875 0.7125 0.43984375 0.715625 0.40234375 0.725 0.1609375 0.71953125 0.159375 0.73046875 0.1765625 0.75703125 0.1796875 0.78046875 0.15 0.80390625 0.140625 0.83515625 0.1453125 0.87265625 0.1265625 0.88828125 0.1296875 0.90546875 0.1515625 0.92578125 0.14375 0.96953125 0.15546875 1 0.21328125 1