1 0.7453125 0.528125 0.09375 0.1171875
1 0.4015625 0.26953125 0.209375 0.1140625
1 0.040625 0.30234375 0.08125 0.0890625
1 0.6328125 0.48046875 0.0609375 0.10625
1 0.275 0.35703125 0.234375 0.0734375
1 0.3421875 0.16328125 0.11875 0.084375
1 0.4515625 0.12890625 0.0921875 0.053125
1 0.59921875 0.5921875 0.0640625 0.1703125
1 0.52109375 0.46328125 0.1046875 0.0765625
1 0.3984375 0.26953125 0.2171875 0.0703125
1 0.67890625 0.2921875 0.3015625 0.0984375
1 0.4421875 0.18359375 0.1140625 0.0703125
1 0.52890625 0.20390625 0.0734375 0.05625
1 0.70859375 0.165625 0.0640625 0.0296875
1 0.84140625 0.41484375 0.1171875 0.1046875
1 0.91875 0.50859375 0.0828125 0.096875
1 0.3015625 0.421875 0.096875 0.0359375
1 0.27265625 0.4640625 0.1484375 0.071875
1 0.7296875 0.42578125 0.0578125 0.05625
1 0.16328125 0.178125 0.0546875 0.0390625
0 1 0.78046875 0.96015625 0.78125 0.9421875 0.74765625 0.96328125 0.7 0.98828125 0.7 1 0.71484375 0.99921875 0.6125 0.89765625 0.6203125 0.83515625 0.6328125 0.74765625 0.63125 0.73828125 0.6375 0.66796875 0.64375 0.66796875 0.6609375 0.67734375 0.659375 0.69921875 0.6765625 0.7203125 0.68203125 0.7203125 0.70703125 0.61171875 0.7171875 0.6171875 0.76640625 0.6109375 0.80078125 0.59765625 0.8125 0.57265625 0.8125 0.5640625 0.80703125 0.55625 0.76484375 0.55703125 0.71875 0.21640625 0.7359375 0.08359375 0.75 0.02109375 0.746875 0.00390625 0.7484375 0 0.75546875 0.003125 0.78828125 0.00859375 0.79375 0.0125 0.77734375 0.02734375 0.775 0.06640625 0.84375 0.1125 0.84765625 0.125 0.93203125 0.14765625 1 0.89296875 1 0.91015625 0.990625 0.94453125 0.9890625 0.990625 0.99921875 0.9984375 0.99609375 1 0.97421875 0.98828125 0.9796875 0.9765625 0.96953125 0.971875 0.94921875 0.94375 0.91484375 0.9421875 0.89453125 0.95703125 0.853125 1 0.85234375 1 0.78046875