1 0.2 0.19609375 0.075 0.08125
1 0.525 0.43125 0.090625 0.084375
1 0.440625 0.73359375 0.075 0.0984375
1 0.74375 0.390625 0.084375 0.1234375
1 0.72265625 0.08203125 0.075 0.0609375
1 0.53203125 0.32265625 0.0859375 0.1
1 0.51015625 0.79375 0.0953125 0.09375
1 0.48671875 0.10546875 0.0734375 0.0703125
1 0.1140625 0.65859375 0.0734375 0.0515625
1 0.9125 0.2640625 0.0625 0.0515625
1 0.0734375 0.4328125 0.0734375 0.053125
1 0.4 0.24765625 0.0625 0.0609375
1 0.396875 0.9671875 0.121875 0.065625
1 0.95234375 0.390625 0.0765625 0.0953125
1 0.328125 0.6375 0.053125 0.078125
1 0.2203125 0.37734375 0.1 0.0734375
1 0.4328125 0.378125 0.053125 0.0875
1 0.60859375 0.6234375 0.053125 0.1046875
1 0.5703125 0.14453125 0.065625 0.0625
1 0.71640625 0.18359375 0.0609375 0.06875
1 0.9640625 0.4859375 0.065625 0.0640625
1 0.95703125 0.94375 0.0859375 0.1015625
1 0.6234375 0.021875 0.0484375 0.04375
1 0.1265625 0.25859375 0.05625 0.0640625
1 0.90625 0.0796875 0.046875 0.05625
1 0.5953125 0.2390625 0.053125 0.0625
1 0.97890625 0.03125 0.040625 0.0625
1 0.25703125 0.0140625 0.0421875 0.028125
1 0.06171875 0.19921875 0.0546875 0.0640625
1 0.9859375 0.84453125 0.028125 0.059375
1 0.646875 0.534375 0.0984375 0.0703125
1 0.3296875 0.578125 0.084375 0.0796875
1 0.328125 0.50625 0.05 0.0421875
1 0.67109375 0.328125 0.0625 0.0453125
1 0.6640625 0.62578125 0.0515625 0.0546875
1 0.56015625 0.64453125 0.0484375 0.065625
1 0.5171875 0.65703125 0.065625 0.09375
1 0.4515625 0.61640625 0.0515625 0.078125
1 0.584375 0.49609375 0.0796875 0.075
1 0.28671875 0.6265625 0.053125 0.04375
1 0.253125 0.45 0.0515625 0.0421875
1 0.16953125 0.2671875 0.0484375 0.0390625
1 0.51015625 0.20390625 0.053125 0.0578125
1 0.45546875 0.16953125 0.0578125 0.059375
1 0.2859375 0.15390625 0.0578125 0.0578125
1 0.1953125 0.10390625 0.0640625 0.0453125
1 0.06875 0.14921875 0.0546875 0.04375
1 0.890625 0.18203125 0.04375 0.0515625
1 0.90859375 0.21484375 0.0390625 0.046875
1 0.93203125 0.31875 0.0453125 0.0515625
1 0.965625 0.53671875 0.0453125 0.0546875
1 0.9734375 0.58828125 0.053125 0.0578125
1 0.94296875 0.853125 0.0453125 0.0703125
1 0.58359375 0.8328125 0.0640625 0.0859375
1 0.42109375 0.56484375 0.0453125 0.05625
1 0.37421875 0.34296875 0.075 0.0625
1 0.40390625 0.13046875 0.0609375 0.06875
1 0.290625 0.046875 0.0453125 0.05
1 0.42578125 0.0203125 0.0296875 0.0390625
1 0.39375 0.0171875 0.0328125 0.034375
1 0.58046875 0.0859375 0.06875 0.059375
1 0.384375 0.64296875 0.021875 0.0265625
1 0.390625 0.6828125 0.0296875 0.0234375
1 0.48046875 0.39765625 0.059375 0.0625
1 0.4984375 0.26875 0.090625 0.0515625
1 0.3765625 0.19921875 0.0484375 0.0375
1 0.09296875 0.27265625 0.0421875 0.0484375
1 0.3359375 0.10078125 0.0625 0.0421875
1 0.48359375 0.04296875 0.0609375 0.0625
1 0.18046875 0.3046875 0.046875 0.0359375
1 0.20859375 0.421875 0.046875 0.053125
1 0.98828125 0.09453125 0.021875 0.0453125
1 0.02578125 0.07734375 0.0390625 0.0515625
0 0 0.99921875 0.1203125 0.99921875 0.11015625 0.809375 0.1171875 0.81640625 0.121875 0.85546875 0.12734375 1 0.3359375 0.99921875 0.334375 0.96796875 0.35546875 0.9546875 0.38515625 0.95 0.38984375 0.91875 0.3984375 0.94296875 0.41015625 0.946875 0.44765625 0.9421875 0.46875 0.93046875 0.4703125 0.91796875 0.46875 0.91015625 0.45703125 0.9078125 0.44921875 0.89375 0.42421875 0.89375 0.4078125 0.87421875 0.4078125 0.86484375 0.4328125 0.82265625 0.41328125 0.803125 0.40078125 0.8234375 0.3828125 0.82109375 0.3765625 0.80703125 0.3796875 0.76328125 0.375 0.75390625 0.365625 0.75234375 0.35703125 0.7765625 0.340625 0.77578125 0.3359375 0.73671875 0.3421875 0.71171875 0.33046875 0.7078125 0.28984375 0.6625 0.26640625 0.65 0.259375 0.63984375 0.2578125 0.61953125 0.2875 0.60390625 0.2734375 0.58359375 0.275 0.56796875 0.25078125 0.553125 0.253125 0.59765625 0.24375 0.59921875 0.23671875 0.6515625 0.16171875 0.6515625 0.14765625 0.6734375 0.02421875 0.6890625 0.01796875 0.6984375 0 0.70390625 0 0.99921875
0 0.82890625 0.9828125 0.84296875 0.9640625 0.853125 0.96796875 0.86015625 0.8953125 0.846875 0.90234375 0.8484375 0.92109375 0.83671875 0.9484375 0.8125 0.94296875 0.80859375 0.9109375 0.8 0.91953125 0.803125 0.93203125 0.7953125 0.94921875 0.803125 0.95703125 0.803125 0.97734375 0.7984375 0.98828125 0.8171875 0.98828125 0.82109375 0.98125 0.82890625 0.9828125
0 0.6859375 0.95078125 0.70703125 0.90625 0.7265625 0.93984375 0.728125 0.98046875 0.74609375 0.9859375 0.75390625 0.978125 0.76484375 0.9890625 0.7875 0.98671875 0.7765625 0.96953125 0.784375 0.95546875 0.778125 0.94296875 0.77421875 0.940625 0.76015625 0.953125 0.74609375 0.953125 0.7359375 0.92578125 0.7390625 0.90546875 0.74609375 0.8984375 0.759375 0.89921875 0.76796875 0.81875 0.80546875 0.8203125 0.8125 0.83046875 0.8140625 0.86328125 0.83984375 0.85625 0.84921875 0.859375 0.85 0.87890625 0.8609375 0.89296875 0.8625 0.87734375 0.8515625 0.86015625 0.8640625 0.84453125 0.8546875 0.82421875 0.8578125 0.81796875 0.82734375 0.8140625 0.825 0.78984375 0.85546875 0.790625 0.86015625 0.8140625 0.8671875 0.79140625 0.86328125 0.7609375 0.70859375 0.765625 0.70703125 0.7703125 0.69296875 0.765625 0.67578125 0.775 0.5640625 0.78359375 0.60546875 0.8296875 0.62109375 0.8234375 0.634375 0.83515625 0.6390625 0.85546875 0.634375 0.88515625 0.640625 0.90390625 0.62734375 0.909375 0.625 0.91640625 0.63671875 0.915625 0.64921875 0.940625 0.66171875 0.9328125 0.665625 0.94140625 0.6609375 0.96328125 0.65234375 0.9703125 0.64765625 0.9625 0.64375 0.96484375 0.6453125 0.99765625 0.6859375 0.99921875 0.690625 0.98984375 0.6859375 0.95078125
0 0.475 0.97265625 0.48046875 0.94375 0.4484375 0.95234375 0.45078125 1 0.503125 0.99921875 0.50078125 0.98125 0.475 0.97265625
0 0.5609375 0.89609375 0.49609375 0.8640625 0.49140625 0.853125 0.46015625 0.8453125 0.4609375 0.85859375 0.46796875 0.859375 0.4734375 0.86953125 0.4703125 0.88046875 0.4875 0.89765625 0.4875 0.91015625 0.4859375 0.91953125 0.47734375 0.9234375 0.46171875 0.9 0.44765625 0.9 0.4546875 0.91015625 0.4515625 0.93671875 0.47734375 0.93125 0.52109375 0.934375 0.5421875 0.96953125 0.54375 0.94609375 0.5609375 0.89609375
0 0 0.69765625 0.00625 0.69765625 0.00625 0.68671875 0.01171875 0.690625 0.01875 0.68203125 0.015625 0.65234375 0.03203125 0.6171875 0.040625 0.62578125 0.05 0.65390625 0.05 0.67265625 0.06328125 0.684375 0.0765625 0.68359375 0.07890625 0.6484375 0.13828125 0.6375 0.1515625 0.64765625 0.153125 0.66953125 0.16171875 0.6703125 0.18125 0.65546875 0.171875 0.64453125 0.1671875 0.61953125 0.178125 0.57734375 0.19453125 0.5671875 0.21953125 0.56875 0.221875 0.54921875 0.21640625 0.5359375 0.196875 0.52890625 0.1984375 0.48984375 0.1734375 0.45234375 0.15078125 0.3953125 0.1171875 0.38984375 0.12734375 0.4546875 0.10234375 0.45 0.06015625 0.4625 0.040625 0.45859375 0.034375 0.41484375 0.08046875 0.403125 0.09453125 0.4046875 0.0984375 0.41640625 0.10546875 0.4171875 0.1140625 0.38203125 0.096875 0.36484375 0.0890625 0.33046875 0.0921875 0.31640625 0.078125 0.31015625 0.078125 0.29921875 0.06328125 0.2953125 0.06015625 0.2875 0.03203125 0.28125 0.00078125 0.25 0 0.29296875 0.0125 0.29921875 0.0296875 0.33046875 0.0265625 0.36171875 0 0.36328125 0 0.38359375 0.00625 0.39453125 0 0.41484375 0 0.69765625
0 0.33671875 0.3421875 0.3421875 0.32578125 0.2796875 0.33828125 0.30625 0.36015625 0.31640625 0.3390625 0.33671875 0.3421875
0 0.5546875 0.37421875 0.52265625 0.3609375 0.490625 0.36171875 0.51953125 0.3921875 0.5265625 0.39296875 0.55234375 0.3890625 0.5546875 0.37421875
0 0.6484375 0.48359375 0.6578125 0.46796875 0.56484375 0.4125 0.56796875 0.4296875 0.61875 0.46171875 0.625 0.50078125 0.63125 0.50703125 0.6515625 0.49921875 0.6484375 0.48359375
0 0.55859375 0.5640625 0.5640625 0.54921875 0.5765625 0.53828125 0.55 0.52890625 0.5453125 0.50078125 0.5484375 0.48828125 0.571875 0.46796875 0.57109375 0.45 0.55234375 0.4546875 0.54609375 0.46875 0.515625 0.47734375 0.5296875 0.52265625 0.5421875 0.54140625 0.5265625 0.54921875 0.525 0.57265625 0.5390625 0.58203125 0.5453125 0.56796875 0.55859375 0.5640625
0 0.60234375 0.765625 0.62578125 0.7609375 0.63046875 0.7765625 0.65546875 0.7734375 0.6578125 0.75234375 0.6515625 0.73359375 0.63515625 0.7296875 0.63046875 0.7484375 0.60859375 0.75 0.59765625 0.7328125 0.58046875 0.73125 0.575 0.77265625 0.5859375 0.77734375 0.59765625 0.7765625 0.60234375 0.765625