1 0.55703125 0.30234375 0.0703125 0.0625
1 0.5484375 0.4390625 0.0765625 0.09375
1 0.16328125 0.23203125 0.109375 0.0890625
1 0.37890625 0.59375 0.0796875 0.1546875
1 0.94921875 0.040625 0.0546875 0.0578125
1 0.253125 0.66015625 0.2171875 0.2984375
1 0.075 0.0453125 0.05625 0.0609375
1 0.746875 0.46328125 0.0875 0.0734375
1 0.77734375 0.15390625 0.0515625 0.0390625
1 0.7734375 0.30546875 0.0609375 0.05
1 0.09921875 0.5765625 0.0640625 0.13125
1 0.0328125 0.46796875 0.065625 0.08125
1 0.115625 0.41484375 0.059375 0.0671875
1 0.421875 0.43125 0.0640625 0.0515625
1 0.3140625 0.21171875 0.059375 0.0546875
1 0.49609375 0.23828125 0.1234375 0.0859375
1 0.72578125 0.221875 0.0453125 0.04375
1 0.8578125 0.20234375 0.0546875 0.0546875
1 0.62890625 0.26953125 0.0703125 0.0640625
1 0.49765625 0.05625 0.0484375 0.04375
1 0.909375 0.09453125 0.034375 0.034375
1 0.96484375 0.1671875 0.04375 0.0453125
1 0.7515625 0.39375 0.084375 0.0625
1 0.33984375 0.41328125 0.078125 0.0625
1 0.4734375 0.15625 0.0484375 0.0515625
1 0.6 0.1375 0.053125 0.046875
1 0.56875 0.09140625 0.05 0.04375
1 0.615625 0.090625 0.0375 0.0390625
1 0.6765625 0.084375 0.059375 0.0453125
1 0.66171875 0.12421875 0.0484375 0.0421875
1 0.403125 0.0359375 0.0859375 0.0546875
1 0.9 0.04296875 0.0375 0.0390625
1 0.84375 0.0453125 0.05625 0.04375
1 0.6125 0.2125 0.090625 0.05
1 0.2453125 0.25625 0.0390625 0.04375
1 0.24140625 0.30625 0.05625 0.04375
1 0.51015625 0.121875 0.05625 0.0375
1 0.89453125 0.18515625 0.034375 0.0390625
1 0.421875 0.29375 0.0765625 0.034375
1 0.259375 0.03671875 0.046875 0.0390625
0 1 0.32265625 0.98828125 0.3203125 0.996875 0.34609375 0.99375 0.35703125 1 0.35859375 1 0.32265625
0 0.95625 0.29140625 0.965625 0.27109375 0.95078125 0.2625 0.9453125 0.26328125 0.953125 0.28046875 0.95 0.29609375 0.928125 0.32578125 0.93203125 0.3359375 0.9421875 0.33515625 0.95625 0.31015625 0.95625 0.29140625
0 0.49296875 0.5109375 0.55234375 0.525 0.57578125 0.5171875 0.58671875 0.490625 0.6078125 0.49296875 0.6046875 0.46328125 0.63203125 0.43125 0.64375 0.43515625 0.65234375 0.45625 0.665625 0.45078125 0.6609375 0.41171875 0.665625 0.40078125 0.6828125 0.38828125 0.6859375 0.37578125 0.65390625 0.36875 0.61640625 0.35 0.60234375 0.328125 0.54921875 0.3265625 0.54140625 0.340625 0.52578125 0.3421875 0.51875 0.33828125 0.521875 0.31171875 0.5171875 0.29921875 0.49296875 0.2859375 0.47265625 0.2890625 0.4671875 0.29453125 0.46953125 0.3109375 0.49296875 0.3046875 0.5015625 0.31484375 0.50234375 0.328125 0.51015625 0.3140625 0.5125 0.31953125 0.5078125 0.34453125 0.4734375 0.36171875 0.4765625 0.40078125 0.48515625 0.4078125 0.49453125 0.40625 0.503125 0.38203125 0.52109375 0.3765625 0.525 0.38984375 0.5171875 0.40390625 0.52265625 0.40625 0.5421875 0.35390625 0.56640625 0.3359375 0.5703125 0.34921875 0.5625 0.35390625 0.565625 0.38671875 0.5765625 0.39921875 0.590625 0.43671875 0.5890625 0.46796875 0.58203125 0.478125 0.56796875 0.484375 0.53515625 0.484375 0.5296875 0.49921875 0.51796875 0.5046875 0.48203125 0.503125 0.4765625 0.51796875 0.459375 0.52734375 0.4734375 0.53046875 0.475 0.52265625 0.49296875 0.5109375
0 1 0.38359375 0.9890625 0.38046875 0.98671875 0.3578125 0.94921875 0.353125 0.93984375 0.359375 0.93046875 0.3515625 0.9171875 0.35546875 0.91015625 0.3765625 0.88671875 0.3765625 0.878125 0.36484375 0.8828125 0.34140625 0.8671875 0.31328125 0.88203125 0.2953125 0.89140625 0.2953125 0.89765625 0.3109375 0.91015625 0.3109375 0.915625 0.30703125 0.9125 0.29453125 0.86796875 0.278125 0.85546875 0.2828125 0.85625 0.29140625 0.84921875 0.29375 0.8484375 0.28203125 0.83515625 0.265625 0.81171875 0.2578125 0.80625 0.26328125 0.8078125 0.27890625 0.8203125 0.28671875 0.8234375 0.31796875 0.7921875 0.33046875 0.8 0.36640625 0.81640625 0.3796875 0.84296875 0.378125 0.85703125 0.3890625 0.88359375 0.3875 0.89140625 0.378125 0.89765625 0.3921875 0.91328125 0.3890625 0.92578125 0.3703125 0.9328125 0.40234375 0.90078125 0.4078125 0.878125 0.40078125 0.8796875 0.42265625 0.9 0.45078125 0.890625 0.47421875 0.87890625 0.484375 0.85546875 0.4859375 0.84453125 0.5046875 0.82890625 0.50625 0.82265625 0.515625 0.76953125 0.51875 0.75078125 0.4984375 0.73828125 0.5078125 0.72109375 0.49375 0.70859375 0.49375 0.70234375 0.5328125 0.69140625 0.53125 0.67578125 0.509375 0.64765625 0.496875 0.61796875 0.5015625 0.625 0.51484375 0.62109375 0.5203125 0.5890625 0.52265625 0.596875 0.54296875 0.6171875 0.55390625 0.625 0.57734375 0.61796875 0.5859375 0.60078125 0.5890625 0.59296875 0.60625 0.578125 0.60859375 0.56875 0.67109375 0.546875 0.69140625 0.5546875 0.71640625 0.55 0.78515625 0.5609375 0.80546875 0.5578125 0.90078125 0.534375 0.96328125 0.51484375 0.9875 0.4921875 0.99921875 1 0.99921875 1 0.38359375
0 0.74921875 0.2375 0.7390625 0.24765625 0.7421875 0.27265625 0.7609375 0.27421875 0.771875 0.24453125 0.74921875 0.2375