1 0.5796875 0.6109375 0.1359375 0.1953125
1 0.809375 0.50703125 0.1875 0.1765625
1 0.74296875 0.41796875 0.2734375 0.08125
1 0.584375 0.446875 0.0890625 0.08125
1 0.4640625 0.39453125 0.140625 0.1015625
1 0.39296875 0.25234375 0.1515625 0.1546875
1 0.8125 0.2484375 0.1765625 0.1328125
1 0.6921875 0.13828125 0.146875 0.0921875
1 0.8296875 0.14453125 0.1328125 0.0875
1 0.21171875 0.1359375 0.1078125 0.1015625
1 0.22578125 0.05 0.15 0.0859375
1 0.9015625 0.08359375 0.0859375 0.09375
1 0.3328125 0.60078125 0.1234375 0.1109375
1 0.51015625 0.0375 0.1578125 0.075
1 0.37109375 0.0359375 0.1 0.0609375
1 0.47890625 0.2015625 0.0828125 0.078125
0 0.70546875 0.046875 0.728125 0.04296875 0.7328125 0.03203125 0.72578125 0.01875 0.69609375 0.0171875 0.67890625 0 0.6421875 0.00390625 0.6484375 0.05703125 0.6375 0.08984375 0.6640625 0.09453125 0.6890625 0.07421875 0.70546875 0.046875
0 0.87734375 0.9734375 0.82890625 0.9828125 0.76171875 0.978125 0.65078125 0.990625 0.55703125 0.9890625 0.55390625 0.99375 0.490625 0.99921875 0.925 0.99921875 0.91796875 0.9859375 0.87734375 0.9734375
0 0.60078125 0.88125 0.63203125 0.8859375 0.64921875 0.909375 0.69453125 0.9 0.70546875 0.8921875 0.73828125 0.896875 0.76953125 0.884375 0.79453125 0.890625 0.8 0.88203125 0.7984375 0.83984375 0.78828125 0.8234375 0.74453125 0.81875 0.73046875 0.778125 0.53359375 0.784375 0.52734375 0.790625 0.51015625 0.784375 0.40703125 0.7859375 0.37734375 0.7921875 0.375 0.80546875 0.41015625 0.84375 0.42265625 0.846875 0.4375 0.86328125 0.4453125 0.89140625 0.4375 0.90234375 0.440625 0.91328125 0.54140625 0.9015625 0.60078125 0.88125
0 0.00078125 0 0 0.32109375 0.04453125 0.321875 0.05703125 0.328125 0.0765625 0.35078125 0.078125 0.37734375 0.06875 0.39765625 0.03046875 0.434375 0 0.43828125 0 0.55859375 0.02421875 0.5546875 0.0609375 0.56171875 0.071875 0.59296875 0.06875 0.63515625 0.0984375 0.66796875 0.1171875 0.71328125 0.1140625 0.72734375 0.09921875 0.740625 0.04140625 0.74375 0.02578125 0.7375 0.015625 0.71953125 0.0125 0.69609375 0.0109375 0.66484375 0.0171875 0.64453125 0 0.62265625 0 0.97265625 0.0140625 0.98203125 0.01640625 1 0.40625 0.99921875 0.38203125 0.9984375 0.33046875 0.98125 0.31875 0.96953125 0.30625 0.93671875 0.2984375 0.87578125 0.303125 0.86328125 0.3453125 0.82890625 0.3578125 0.80546875 0.35234375 0.7921875 0.325 0.77421875 0.325 0.76640625 0.35859375 0.7203125 0.3734375 0.72265625 0.4015625 0.77265625 0.41171875 0.7796875 0.53984375 0.7671875 0.70234375 0.7640625 0.74765625 0.759375 0.77265625 0.75 0.784375 0.72890625 0.79453125 0.7265625 0.81328125 0.7046875 0.89140625 0.7015625 0.890625 0.68984375 0.88203125 0.68125 0.85234375 0.678125 0.81796875 0.6875 0.80234375 0.68125 0.65859375 0.6875 0.64765625 0.6890625 0.6453125 0.70234375 0.63515625 0.7078125 0.52421875 0.7109375 0.5171875 0.69609375 0.5171875 0.67734375 0.5234375 0.67109375 0.50546875 0.6609375 0.49453125 0.6421875 0.48203125 0.634375 0.39921875 0.628125 0.3921875 0.67265625 0.40390625 0.6796875 0.45078125 0.675 0.45625 0.68359375 0.45078125 0.7015625 0.29140625 0.7140625 0.25078125 0.7078125 0.2375 0.68515625 0.24296875 0.6703125 0.25546875 0.6703125 0.26796875 0.68125 0.29921875 0.68125 0.303125 0.66953125 0.2828125 0.66328125 0.25625 0.53359375 0.2359375 0.51484375 0.2421875 0.47265625 0.25703125 0.46875 0.28203125 0.4875 0.2875 0.47890625 0.28515625 0.4484375 0.40390625 0.4375 0.390625 0.37734375 0.44765625 0.3484375 0.50234375 0.3640625 0.52890625 0.403125 0.54765625 0.4015625 0.546875 0.39296875 0.53515625 0.3890625 0.5296875 0.37734375 0.515625 0.36796875 0.515625 0.34921875 0.528125 0.31953125 0.521875 0.29921875 0.52890625 0.2890625 0.56171875 0.2984375 0.575 0.28671875 0.5765625 0.27265625 0.58359375 0.2671875 0.59296875 0.2703125 0.6015625 0.25546875 0.6109375 0.20234375 0.60859375 0.196875 0.58359375 0.1984375 0.58125 0.17578125 0.6171875 0.13984375 0.6203125 0.09453125 0.61328125 0.09375 0.57890625 0.125 0.55703125 0.125 0.53828125 0.1515625 0.5171875 0.15546875 0.51875 0.18515625 0.5265625 0.19296875 0.5234375 0.21796875 0.51015625 0.24375 0.48359375 0.2375 0.4640625 0.23984375 0.475 0.28046875 0.471875 0.30859375 0.46171875 0.3265625 0.43359375 0.3375 0.34140625 0.3328125 0.33671875 0.3515625 0.30078125 0.3671875 0.27265625 0.35625 0.17265625 0.3609375 0.140625 0.34609375 0.140625 0.32265625 0.125 0.30859375 0.1296875 0.26640625 0.12265625 0.259375 0.0953125 0.25390625 0.084375 0.22734375 0.08125 0.19453125 0.0953125 0.17265625 0.09375 0.11640625 0.10625 0.11015625 0.11328125 0.0921875 0.14921875 0.078125 0.15 0.06640625 0.14609375 0.0609375 0.11171875 0.05625 0.1171875 0.04296875 0.1078125 0.02421875 0.07890625 0.025 0.06640625 0 0.00078125 0
0 0.96015625 0.6875 0.99765625 0.684375 1 0.63671875 0.96640625 0.6375 0.96015625 0.621875 0.93515625 0.6203125 0.909375 0.63203125 0.921875 0.63984375 0.92734375 0.6515625 0.94609375 0.65625 0.96171875 0.6515625 0.9671875 0.66328125 0.96484375 0.68125 0.90234375 0.69375 0.88359375 0.6765625 0.85390625 0.675 0.82109375 0.68125 0.8125 0.69921875 0.81484375 0.70625 0.925 0.70546875 0.95234375 0.703125 0.96015625 0.6875
0 0.70546875 0.0828125 0.703125 0.06953125 0.69609375 0.065625 0.671875 0.09453125 0.715625 0.09453125 0.721875 0.08828125 0.70546875 0.0828125
0 0.79609375 0.0625 0.75390625 0.0625 0.7515625 0.07578125 0.734375 0.08671875 0.73984375 0.0953125 0.76640625 0.1 0.78515625 0.0921875 0.79296875 0.10625 0.803125 0.10546875 0.80625 0.08046875 0.79609375 0.0625
0 0.91015625 0.021875 0.94609375 0.015625 0.9546875 0.00078125 0.728125 0.00078125 0.73828125 0.0265625 0.74921875 0.015625 0.76484375 0.0140625 0.7890625 0.02890625 0.80078125 0.01875 0.91015625 0.021875