1 0.7296875 0.85234375 0.125 0.13125
1 0.60859375 0.790625 0.13203125 0.1578125
1 0.7609375 0.5640625 0.14765625 0.07109375
1 0.309375 0.678125 0.0796875 0.13671875
1 0.6671875 0.5015625 0.08203125 0.0640625
1 0.86875 0.54765625 0.08203125 0.07890625
1 0.79609375 0.66328125 0.1109375 0.1125
1 0.09296875 0.7015625 0.115625 0.0859375
1 0.41796875 0.45625 0.078125 0.05
1 0.44296875 0.80390625 0.1203125 0.11796875
1 0.253125 0.6828125 0.08515625 0.07734375
1 0.72890625 0.73515625 0.13671875 0.121875
1 0.628125 0.434375 0.1390625 0.084375
1 0.35703125 0.5375 0.115625 0.07109375
1 0.45078125 0.68984375 0.12890625 0.171875
1 0.4703125 0.5609375 0.10234375 0.08125
1 0.2515625 0.4953125 0.1359375 0.10078125
1 0.56953125 0.63203125 0.115625 0.1203125
1 0.56875 0.4984375 0.10078125 0.065625
0 1 0.31396484375 0.98974609375 0.306640625 0.98388671875 0.3056640625 0.98095703125 0.3095703125 0.97314453125 0.306640625 0.96923828125 0.3115234375 0.96337890625 0.3115234375 0.95751953125 0.310546875 0.94677734375 0.2978515625 0.89892578125 0.2919921875 0.88720703125 0.2958984375 0.86767578125 0.2919921875 0.84521484375 0.294921875 0.82373046875 0.2919921875 0.81494140625 0.294921875 0.81005859375 0.2919921875 0.80810546875 0.294921875 0.80126953125 0.2890625 0.79638671875 0.298828125 0.78466796875 0.2958984375 0.78173828125 0.2900390625 0.76904296875 0.291015625 0.76318359375 0.2822265625 0.72998046875 0.2822265625 0.70947265625 0.2919921875 0.70703125 0.28955078125 0.71142578125 0.2861328125 0.70654296875 0.2880859375 0.69873046875 0.2822265625 0.67431640625 0.28125 0.6669921875 0.28271484375 0.6669921875 0.29150390625 0.6708984375 0.29443359375 0.66064453125 0.296875 0.65478515625 0.28125 0.63134765625 0.27734375 0.62548828125 0.2822265625 0.59716796875 0.28125 0.5947265625 0.28955078125 0.60400390625 0.2919921875 0.609375 0.29833984375 0.59130859375 0.3017578125 0.59375 0.30712890625 0.58935546875 0.3115234375 0.578125 0.31005859375 0.57861328125 0.2998046875 0.57275390625 0.3037109375 0.56494140625 0.302734375 0.5654296875 0.29736328125 0.5703125 0.29443359375 0.56103515625 0.2919921875 0.53759765625 0.298828125 0.48583984375 0.2978515625 0.4814453125 0.30224609375 0.4853515625 0.30517578125 0.48291015625 0.3115234375 0.47412109375 0.3095703125 0.447945809375 0.3137032515625 0.447364590625 0.3130799734375 0.39306640625 0.3154296875 0.3828125 0.32177734375 0.38916015625 0.3232421875 0.39013671875 0.3271484375 0.35791015625 0.3125 0.32958984375 0.3134765625 0.31005859375 0.310546875 0.27392578125 0.3115234375 0.27099609375 0.3056640625 0.26513671875 0.3056640625 0.25830078125 0.3115234375 0.25048828125 0.3056640625 0.248046875 0.30712890625 0.25146484375 0.310546875 0.21337890625 0.314453125 0.17919921875 0.3125 0.14306640625 0.3203125 0.13818359375 0.326171875 0.07958984375 0.333984375 0.07373046875 0.33203125 0.04150390625 0.3427734375 0.01416015625 0.3447265625 0 0.35302734375 0 0.40283203125 0.0234375 0.40380859375 0 0.40576171875 0 0.49169921875 0.01513671875 0.4833984375 0.02392578125 0.4833984375 0.0302734375 0.49072265625 0.029296875 0.49560546875 0.01513671875 0.5068359375 0 0.51220703125 0 0.94970703125 0.0068359375 0.95654296875 0.00732421875 1 1 0.99951171875 1 0.52392578125 0.97998046875 0.5185546875 0.9765625 0.51416015625 0.98193359375 0.51171875 1 0.51611328125 1 0.43017578125 0.98486328125 0.4443359375 0.97900390625 0.4453125 0.97509765625 0.4521484375 0.95751953125 0.4501953125 0.9482421875 0.44384765625 0.94677734375 0.4384765625 0.93798828125 0.435546875 0.89990234375 0.4404296875 0.8916015625 0.43701171875 0.8916015625 0.43212890625 0.90283203125 0.4228515625 0.91650390625 0.423828125 0.92529296875 0.419921875 0.9404296875 0.38623046875 0.95068359375 0.37890625 0.98388671875 0.3779296875 1 0.39013671875 1 0.31396484375
0 0.564453125 0.39794921875 0.5703125 0.39697265625 0.56787109375 0.3916015625 0.57666015625 0.3916015625 0.58837890625 0.3818359375 0.59326171875 0.3857421875 0.6025390625 0.38134765625 0.60009765625 0.376953125 0.60888671875 0.376953125 0.6064453125 0.38232421875 0.61181640625 0.3896484375 0.65576171875 0.3916015625 0.65966796875 0.3974609375 0.67138671875 0.3984375 0.67529296875 0.4052734375 0.6806640625 0.40380859375 0.67822265625 0.3994140625 0.68212890625 0.400390625 0.69091796875 0.412109375 0.69189453125 0.408203125 0.69677734375 0.408203125 0.703125 0.41650390625 0.703125 0.42822265625 0.69921875 0.43115234375 0.70654296875 0.4404296875 0.72607421875 0.439453125 0.72607421875 0.4423828125 0.7216796875 0.44091796875 0.720703125 0.44677734375 0.72998046875 0.453125 0.75146484375 0.455078125 0.76513671875 0.44921875 0.76904296875 0.4541015625 0.78857421875 0.44921875 0.80029296875 0.455078125 0.81201171875 0.455078125 0.81201171875 0.4609375 0.7998046875 0.46240234375 0.7978515625 0.47119140625 0.80029296875 0.478515625 0.80810546875 0.4736328125 0.8212890625 0.47802734375 0.81982421875 0.4853515625 0.8037109375 0.48779296875 0.81201171875 0.5048828125 0.82861328125 0.501953125 0.83349609375 0.5078125 0.84326171875 0.5009765625 0.84619140625 0.5068359375 0.9091796875 0.51513671875 0.908203125 0.53173828125 0.9013671875 0.54833984375 0.9013671875 0.55322265625 0.912109375 0.56494140625 0.904296875 0.58740234375 0.90576171875 0.59375 0.89892578125 0.5888671875 0.89111328125 0.5908203125 0.88720703125 0.5869140625 0.86669921875 0.5859375 0.86328125 0.58837890625 0.8662109375 0.59228515625 0.85791015625 0.595703125 0.853515625 0.59130859375 0.85595703125 0.5869140625 0.8623046875 0.58740234375 0.85986328125 0.58203125 0.83642578125 0.5771484375 0.8369140625 0.58837890625 0.828125 0.59228515625 0.8291015625 0.60205078125 0.8388671875 0.61572265625 0.845703125 0.64599609375 0.8447265625 0.65673828125 0.85546875 0.67919921875 0.8486328125 0.68994140625 0.84375 0.72021484375 0.83935546875 0.7265625 0.796875 0.72216796875 0.7998046875 0.73388671875 0.7978515625 0.75732421875 0.7919921875 0.77783203125 0.7978515625 0.78076171875 0.798828125 0.78857421875 0.78955078125 0.791015625 0.787109375 0.79638671875 0.79296875 0.87548828125 0.7880859375 0.88720703125 0.7890625 0.89501953125 0.7841796875 0.89501953125 0.77978515625 0.91015625 0.71435546875 0.90625 0.69775390625 0.900390625 0.6767578125 0.88330078125 0.66845703125 0.8603515625 0.6630859375 0.86181640625 0.65966796875 0.8759765625 0.65576171875 0.8681640625 0.63818359375 0.865234375 0.60693359375 0.8671875 0.58935546875 0.86328125 0.55615234375 0.86328125 0.548828125 0.87060546875 0.546875 0.88037109375 0.5400390625 0.88525390625 0.5419921875 0.89306640625 0.53466796875 0.90625 0.52099609375 0.90234375 0.51904296875 0.8935546875 0.50341796875 0.890625 0.49267578125 0.869140625 0.46728515625 0.865234375 0.43994140625 0.869140625 0.39208984375 0.8681640625 0.3818359375 0.85888671875 0.380859375 0.83935546875 0.3720703125 0.82177734375 0.37451171875 0.751953125 0.34912109375 0.7490234375 0.3447265625 0.75537109375 0.345703125 0.76708984375 0.34130859375 0.7724609375 0.32861328125 0.767578125 0.32568359375 0.7587890625 0.31201171875 0.759765625 0.31201171875 0.7666015625 0.29833984375 0.767578125 0.2958984375 0.77197265625 0.29736328125 0.775390625 0.31396484375 0.779296875 0.31005859375 0.78515625 0.27880859375 0.7861328125 0.271484375 0.78076171875 0.2724609375 0.76904296875 0.267578125 0.76513671875 0.26953125 0.75634765625 0.263671875 0.72509765625 0.22021484375 0.7216796875 0.20751953125 0.6943359375 0.15966796875 0.69140625 0.12939453125 0.728515625 0.1103515625 0.73974609375 0.10595703125 0.75 0.10302734375 0.74609375 0.10009765625 0.75 0.03955078125 0.75 0.0302734375 0.73095703125 0.0302734375 0.71826171875 0.0537109375 0.68896484375 0.08447265625 0.6650390625 0.10693359375 0.662109375 0.13916015625 0.669921875 0.14453125 0.66357421875 0.1396484375 0.64111328125 0.142578125 0.62255859375 0.15869140625 0.6044921875 0.185546875 0.58935546875 0.185546875 0.54833984375 0.1787109375 0.54541015625 0.1806640625 0.53369140625 0.1728515625 0.52978515625 0.1708984375 0.50244140625 0.181640625 0.49853515625 0.1826171875 0.49072265625 0.17333984375 0.4912109375 0.171875 0.48681640625 0.177734375 0.48388671875 0.177734375 0.47314453125 0.185546875 0.46533203125 0.1865234375 0.42431640625 0.20068359375 0.421875 0.2214970921875 0.423466015625 0.2547704671875 0.4387321703125 0.29430706562500003 0.43912361093749996 0.30409335312499997 0.423466015625 0.49199005937500007 0.4281632953125 0.49199005937500007 0.4125057 0.523697628125 0.4168115390625 0.5283950453124999 0.43286057343750006 0.5597111640625 0.43716641093749997 0.5578719624999999 0.43493714375000003 0.564453125 0.39794921875
0 0.45947265625 0.28515625 0.47119140625 0.2890625 0.50634765625 0.2841796875 0.51416015625 0.27734375 0.53759765625 0.27734375 0.541015625 0.27099609375 0.52978515625 0.2666015625 0.49853515625 0.265625 0.45361328125 0.2685546875 0.43408203125 0.2734375 0.42333984375 0.2685546875 0.40478515625 0.267578125 0.36083984375 0.271484375 0.34228515625 0.27734375 0.32373046875 0.2744140625 0.31689453125 0.279296875 0.279296875 0.28271484375 0.27783203125 0.298828125 0.30859375 0.30126953125 0.43994140625 0.2919921875 0.45947265625 0.28515625
0 0 0.33349609375 0.00830078125 0.333984375 0.0107421875 0.33740234375 0.005859375 0.34130859375 0.01171875 0.34228515625 0.01806640625 0.3330078125 0.02392578125 0.3330078125 0.02490234375 0.3388671875 0.03564453125 0.337890625 0.0302734375 0.33447265625 0.0283203125 0.32568359375 0.03173828125 0.32421875 0.037109375 0.32568359375 0.03466796875 0.3310546875 0.06201171875 0.333984375 0.08740234375 0.330078125 0.09814453125 0.322265625 0.10595703125 0.3212890625 0.10888671875 0.326171875 0.13330078125 0.3251953125 0.1669921875 0.31396484375 0.12060546875 0.3076171875 0.09619140625 0.30859375 0.0859375 0.30224609375 0.09423828125 0.296875 0.10595703125 0.296875 0.10986328125 0.2919921875 0.13037109375 0.2900390625 0.14208984375 0.2958984375 0.15576171875 0.283203125 0.16455078125 0.28125 0.27099609375 0.279296875 0.2802734375 0.27001953125 0.27783203125 0.2666015625 0.21826171875 0.2646484375 0.20166015625 0.2587890625 0.17626953125 0.259765625 0.16552734375 0.255859375 0.16064453125 0.26171875 0.14111328125 0.2578125 0.12939453125 0.2646484375 0.12158203125 0.2607421875 0.11279296875 0.265625 0.10302734375 0.2626953125 0.09912109375 0.267578125 0.09326171875 0.267578125 0.09033203125 0.2626953125 0.08642578125 0.267578125 0.07470703125 0.2646484375 0.06396484375 0.2705078125 0.05908203125 0.265625 0.05224609375 0.2705078125 0.0224609375 0.27685546875 0.0185546875 0.28955078125 0.033203125 0.30029296875 0.03173828125 0.3056640625 0 0.31103515625 0 0.33349609375
0 0.5918354140625001 0.294179903125 0.589663078125 0.2768017265625 0.5504803828125 0.27488721875 0.5559918625 0.29200763125 0.5918354140625001 0.294179903125
0 0.6982421875 0.21630859375 0.67919921875 0.216796875 0.67578125 0.22216796875 0.677734375 0.23583984375 0.68310546875 0.2451171875 0.69140625 0.24560546875 0.6953125 0.24365234375 0.6982421875 0.21630859375