1 0.7625 0.67890625 0.14140625 0.13125
1 0.403125 0.7640625 0.1015625 0.16484375
1 0.3421875 0.60234375 0.0953125 0.071875
1 0.8171875 0.5640625 0.10625 0.071875
1 0.9234375 0.69375 0.14140625 0.1125
1 0.6421875 0.49140625 0.05078125 0.071875
1 0.25625 0.434375 0.08125 0.1
1 0.5765625 0.79140625 0.134375 0.09453125
1 0.3390625 0.5296875 0.07734375 0.07734375
1 0.85859375 0.5046875 0.0984375 0.0703125
1 0.1390625 0.7375 0.09765625 0.0640625
1 0.765625 0.44296875 0.0625 0.05
1 0.75703125 0.509375 0.0640625 0.0609375
1 0.64609375 0.3953125 0.046875 0.0453125
1 0.5875 0.48359375 0.0421875 0.04609375
1 0.46953125 0.5140625 0.065625 0.0296875
1 0.98046875 0.5671875 0.0390625 0.06875
1 0.028125 0.82890625 0.05625 0.10078125
1 0.73203125 0.3703125 0.0515625 0.05625
1 0.54609375 0.49609375 0.053125 0.0625
1 0.03984375 0.7328125 0.0796875 0.078125
1 0.19140625 0.46640625 0.078125 0.078125
1 0.50625 0.58515625 0.146875 0.07421875
1 0.496875 0.56328125 0.1515625 0.07734375
1 0.96796875 0.64375 0.06328125 0.1109375
1 0.06875 0.67890625 0.0953125 0.0515625
1 0.47890625 0.7921875 0.0671875 0.08203125
1 0.44453125 0.41875 0.1265625 0.0734375
1 0.3375 0.44765625 0.08515625 0.0703125
1 0.9546875 0.4609375 0.090625 0.06640625
1 0.91484375 0.5765625 0.0515625 0.0453125
0 0.89892578125 0.3369140625 0.89111328125 0.3369140625 0.88720703125 0.3251953125 0.8544921875 0.33447265625 0.85693359375 0.3427734375 0.88916015625 0.341796875 0.89111328125 0.3388671875 0.9072265625 0.35205078125 0.9072265625 0.34521484375 0.89892578125 0.3369140625
0 0.99951171875 0.2763671875 0.95556640625 0.27734375 0.9208984375 0.27197265625 0.91845703125 0.2919921875 0.93701171875 0.2890625 0.96923828125 0.2978515625 0.970703125 0.30615234375 0.96484375 0.31396484375 0.974609375 0.31689453125 1 0.31201171875 0.99951171875 0.2763671875
0 0 0.56396484375 0.01318359375 0.564453125 0.01611328125 0.5791015625 0.0283203125 0.57861328125 0.0283203125 0.55029296875 0.015625 0.54638671875 0.0166015625 0.51806640625 0.03369140625 0.5048828125 0.06494140625 0.4990234375 0.08349609375 0.5 0.091796875 0.48974609375 0.0947265625 0.47216796875 0.0986328125 0.46923828125 0.09375 0.45654296875 0.0947265625 0.44580078125 0.12255859375 0.4287109375 0.130859375 0.40869140625 0.14111328125 0.3994140625 0.15673828125 0.392578125 0.18408203125 0.3896484375 0.19287109375 0.3935546875 0.197265625 0.40283203125 0.1962890625 0.41259765625 0.19140625 0.41650390625 0.19580078125 0.419921875 0.21044921875 0.41796875 0.216796875 0.41064453125 0.21875 0.39892578125 0.23095703125 0.3974609375 0.2333984375 0.39306640625 0.23193359375 0.38671875 0.2197265625 0.38818359375 0.21875 0.34619140625 0.23583984375 0.3349609375 0.24560546875 0.337890625 0.25146484375 0.3466796875 0.26708984375 0.35546875 0.27880859375 0.3525390625 0.28271484375 0.34375 0.31005859375 0.3505859375 0.32568359375 0.373046875 0.3271484375 0.36181640625 0.341796875 0.35693359375 0.34619140625 0.3359375 0.36572265625 0.3369140625 0.38134765625 0.345703125 0.39306640625 0.3359375 0.4052734375 0.33251953125 0.40869140625 0.3134765625 0.43017578125 0.3037109375 0.45068359375 0.3046875 0.45556640625 0.318359375 0.47607421875 0.3173828125 0.4853515625 0.30419921875 0.4833984375 0.28857421875 0.50634765625 0.28515625 0.51416015625 0.2958984375 0.52587890625 0.287109375 0.53955078125 0.2900390625 0.5419921875 0.30810546875 0.5478515625 0.31884765625 0.56103515625 0.3173828125 0.56787109375 0.3251953125 0.57763671875 0.328125 0.58740234375 0.33984375 0.5986328125 0.34521484375 0.60400390625 0.359375 0.626953125 0.35888671875 0.611328125 0.33447265625 0.611328125 0.32861328125 0.62646484375 0.3125 0.64208984375 0.30859375 0.67236328125 0.3134765625 0.6884765625 0.32763671875 0.6943359375 0.33740234375 0.6923828125 0.34130859375 0.70654296875 0.34765625 0.73388671875 0.3447265625 0.74951171875 0.3466796875 0.75341796875 0.3505859375 0.7666015625 0.33837890625 0.7626953125 0.32568359375 0.76904296875 0.3037109375 0.78076171875 0.30078125 0.79345703125 0.3076171875 0.8154296875 0.29833984375 0.81298828125 0.2939453125 0.78173828125 0.2900390625 0.7685546875 0.27880859375 0.7734375 0.25927734375 0.78173828125 0.2490234375 0.82958984375 0.248046875 0.83447265625 0.2529296875 0.84521484375 0.248046875 0.85888671875 0.248046875 0.8642578125 0.25927734375 0.8642578125 0.27978515625 0.87841796875 0.29296875 0.89501953125 0.2958984375 0.9072265625 0.29150390625 0.8935546875 0.29052734375 0.8974609375 0.26806640625 0.92138671875 0.265625 0.92578125 0.25146484375 0.9384765625 0.24560546875 0.93798828125 0.240234375 0.91259765625 0.2412109375 0.89599609375 0.2353515625 0.92724609375 0.234375 0.93896484375 0.2392578125 0.94873046875 0.234375 0.97021484375 0.2333984375 0.97216796875 0.240234375 0.98095703125 0.240234375 0.9873046875 0.23583984375 0.9853515625 0.22802734375 0.97900390625 0.2265625 0.97412109375 0.2197265625 0.94580078125 0.22265625 0.87841796875 0.21875 0.8759765625 0.23291015625 0.85302734375 0.2451171875 0.83544921875 0.2421875 0.82763671875 0.2353515625 0.81982421875 0.2431640625 0.80810546875 0.2412109375 0.8154296875 0.23583984375 0.81201171875 0.2265625 0.79931640625 0.2265625 0.78076171875 0.2333984375 0.75341796875 0.2333984375 0.74755859375 0.2421875 0.7275390625 0.24365234375 0.748046875 0.26318359375 0.74609375 0.27978515625 0.73876953125 0.287109375 0.68310546875 0.28125 0.6826171875 0.26318359375 0.68701171875 0.25 0.65185546875 0.25 0.62841796875 0.2451171875 0.61962890625 0.255859375 0.63916015625 0.2626953125 0.65380859375 0.2587890625 0.6552734375 0.26318359375 0.64599609375 0.2646484375 0.63916015625 0.275390625 0.62841796875 0.2783203125 0.62060546875 0.2919921875 0.61181640625 0.2919921875 0.603515625 0.28857421875 0.60302734375 0.2822265625 0.58935546875 0.2802734375 0.5869140625 0.27685546875 0.5859375 0.26416015625 0.5830078125 0.26318359375 0.58935546875 0.263671875 0.58837890625 0.2587890625 0.59228515625 0.2607421875 0.603515625 0.25537109375 0.59375 0.25048828125 0.59228515625 0.2421875 0.5791015625 0.23974609375 0.5751953125 0.23193359375 0.58447265625 0.232421875 0.591796875 0.22509765625 0.5810546875 0.21044921875 0.58837890625 0.2021484375 0.60107421875 0.2041015625 0.60888671875 0.212890625 0.61962890625 0.208984375 0.63232421875 0.2119140625 0.634765625 0.20458984375 0.6416015625 0.20068359375 0.6416015625 0.19384765625 0.63525390625 0.1923828125 0.62353515625 0.197265625 0.56787109375 0.1962890625 0.55712890625 0.2001953125 0.5546875 0.20751953125 0.5625 0.22021484375 0.5615234375 0.22705078125 0.55615234375 0.23046875 0.53759765625 0.2236328125 0.5361328125 0.23583984375 0.5205078125 0.24365234375 0.521484375 0.25439453125 0.52978515625 0.251953125 0.5341796875 0.25927734375 0.5361328125 0.27880859375 0.52880859375 0.2861328125 0.50244140625 0.2802734375 0.5 0.27099609375 0.50244140625 0.2646484375 0.51220703125 0.2646484375 0.515625 0.25927734375 0.501953125 0.25537109375 0.4990234375 0.23583984375 0.50244140625 0.232421875 0.51416015625 0.2333984375 0.515625 0.22119140625 0.53125 0.21533203125 0.5302734375 0.21044921875 0.52197265625 0.2060546875 0.51806640625 0.2099609375 0.51416015625 0.20703125 0.51123046875 0.2109375 0.49853515625 0.2119140625 0.49951171875 0.22265625 0.47705078125 0.2265625 0.474609375 0.23193359375 0.4794921875 0.23388671875 0.48046875 0.23974609375 0.46826171875 0.251953125 0.44580078125 0.248046875 0.44677734375 0.2392578125 0.42333984375 0.2431640625 0.4189453125 0.25537109375 0.41357421875 0.2587890625 0.37255859375 0.251953125 0.36669921875 0.2646484375 0.3466796875 0.27099609375 0.3486328125 0.27783203125 0.365234375 0.29052734375 0.36376953125 0.3046875 0.35400390625 0.3115234375 0.31201171875 0.3134765625 0.30615234375 0.3212890625 0.28466796875 0.330078125 0.27880859375 0.3369140625 0.2666015625 0.33447265625 0.271484375 0.32275390625 0.2705078125 0.31494140625 0.3056640625 0.29443359375 0.3134765625 0.27490234375 0.31201171875 0.263671875 0.28662109375 0.263671875 0.20361328125 0.2763671875 0.193359375 0.28271484375 0.1923828125 0.29150390625 0.18603515625 0.2958984375 0.14013671875 0.2978515625 0.13330078125 0.2919921875 0.125 0.29736328125 0.1220703125 0.31005859375 0.11181640625 0.314453125 0.07861328125 0.310546875 0.06689453125 0.30078125 0.04736328125 0.302734375 0.03564453125 0.32421875 0 0.33447265625 0 0.56396484375
0 1 0.76318359375 0.99169921875 0.775390625 0.98388671875 0.7783203125 0.92626953125 0.779296875 0.90283203125 0.763671875 0.85986328125 0.7138671875 0.85205078125 0.7138671875 0.83544921875 0.7275390625 0.82861328125 0.7431640625 0.73388671875 0.7490234375 0.70751953125 0.744140625 0.689453125 0.73388671875 0.6865234375 0.72216796875 0.6767578125 0.71826171875 0.673828125 0.70361328125 0.6748046875 0.68701171875 0.6865234375 0.68310546875 0.68359375 0.65869140625 0.69140625 0.65478515625 0.70263671875 0.638671875 0.67333984375 0.6337890625 0.64208984375 0.63671875 0.62451171875 0.6279296875 0.59814453125 0.625 0.59228515625 0.62890625 0.42529296875 0.6318359375 0.4208984375 0.62060546875 0.4189453125 0.58251953125 0.4091796875 0.57177734375 0.40380859375 0.533203125 0.38671875 0.53466796875 0.38671875 0.54541015625 0.3798828125 0.54931640625 0.376953125 0.55712890625 0.38037109375 0.5771484375 0.3305453453125 0.5758371906249999 0.33074581406250003 0.5779545749999999 0.29638671875 0.578125 0.2958984375 0.56396484375 0.287109375 0.54638671875 0.2919921875 0.50439453125 0.27197265625 0.494140625 0.21728515625 0.5 0.14990234375 0.5 0.12548828125 0.5087890625 0.11962890625 0.5146484375 0.11083984375 0.5146484375 0.0947265625 0.53271484375 0.0908203125 0.56201171875 0.0849609375 0.56591796875 0.0751953125 0.58447265625 0.05615234375 0.595703125 0.048828125 0.60498046875 0.0478515625 0.62353515625 0.0595703125 0.63134765625 0.06201171875 0.640625 0.07666015625 0.640625 0.07958984375 0.634765625 0.09033203125 0.6337890625 0.09423828125 0.62890625 0.123046875 0.62939453125 0.1240234375 0.64111328125 0.1162109375 0.64404296875 0.123046875 0.65478515625 0.12646484375 0.703125 0.18994140625 0.703125 0.20166015625 0.705078125 0.2041015625 0.70947265625 0.19873046875 0.7197265625 0.1884765625 0.72216796875 0.193359375 0.72998046875 0.1884765625 0.73583984375 0.18359375 0.77294921875 0.17333984375 0.7880859375 0.15625 0.79833984375 0.15234375 0.81982421875 0.14697265625 0.8271484375 0.06298828125 0.8359375 0.052734375 0.84619140625 0.03564453125 0.8798828125 0 0.88818359375 0 0.95166015625 0.0078125 0.95654296875 0.01318359375 0.9697265625 0.02880859375 0.9716796875 0.03125 0.97705078125 0.02978515625 0.986328125 0.01171875 0.98681640625 0.01220703125 1 1 0.99951171875 1 0.76318359375