1 0.7640625 0.40703125 0.0578125 0.06953125
1 0.95859375 0.48125 0.08125 0.10078125
1 0.30859375 0.72421875 0.08671875 0.0953125
1 0.146875 0.525 0.078125 0.0640625
1 0.909375 0.546875 0.1 0.0890625
1 0.06484375 0.53828125 0.1109375 0.07421875
1 0.5203125 0.55546875 0.0578125 0.065625
1 0.2046875 0.7015625 0.1296875 0.10625
1 0.6140625 0.71953125 0.115625 0.15703125
1 0.109375 0.44375 0.075 0.053125
1 0.2375 0.51171875 0.046875 0.0515625
1 0.73984375 0.49140625 0.05 0.05390625
1 0.30703125 0.48046875 0.096875 0.05078125
1 0.76484375 0.7359375 0.1640625 0.14453125
1 0.58984375 0.565625 0.0390625 0.0484375
1 0.70390625 0.41015625 0.05546875 0.0640625
1 0.29140625 0.36640625 0.0625 0.0421875
1 0.921875 0.39765625 0.05390625 0.04765625
1 0.82890625 0.39921875 0.04765625 0.053125
1 0.64140625 0.640625 0.0671875 0.05859375
1 0.38359375 0.68046875 0.06640625 0.0484375
1 0.45703125 0.70625 0.071875 0.12578125
1 0.72578125 0.621875 0.08203125 0.0640625
1 0.46796875 0.41875 0.06953125 0.053125
1 0.5578125 0.3953125 0.07109375 0.04765625
1 0.18984375 0.63203125 0.2125 0.1671875
1 0.53515625 0.68046875 0.1234375 0.13125
1 0.6265625 0.58515625 0.05546875 0.0671875
1 0.7015625 0.56484375 0.03984375 0.05546875
1 0.74140625 0.57109375 0.046875 0.059375
1 0.7875 0.53984375 0.03828125 0.05546875
1 0.4203125 0.559375 0.075 0.0578125
0 0.52099609375 0.416015625 0.51318359375 0.408203125 0.5087890625 0.41357421875 0.505859375 0.44384765625 0.51416015625 0.455078125 0.5390625 0.45654296875 0.55078125 0.42041015625 0.52099609375 0.416015625
0 0.67919921875 0.5361328125 0.62939453125 0.521484375 0.61962890625 0.53125 0.611328125 0.52978515625 0.6142578125 0.54150390625 0.62548828125 0.5498046875 0.64990234375 0.55078125 0.67578125 0.56201171875 0.6796875 0.55517578125 0.67919921875 0.5361328125
0 0.712890625 0.51220703125 0.7080078125 0.47509765625 0.70263671875 0.46875 0.68701171875 0.46875 0.6806640625 0.48388671875 0.6728515625 0.49169921875 0.6728515625 0.52099609375 0.68603515625 0.5341796875 0.6923828125 0.53466796875 0.7080078125 0.52490234375 0.712890625 0.51220703125
0 0.64990234375 0.458984375 0.671875 0.45458984375 0.6767578125 0.43701171875 0.67333984375 0.408203125 0.65771484375 0.408203125 0.6640625 0.41552734375 0.66064453125 0.41796875 0.64990234375 0.4169921875 0.64599609375 0.412109375 0.62841796875 0.4140625 0.619140625 0.43115234375 0.6298828125 0.43896484375 0.62353515625 0.4521484375 0.59326171875 0.4501953125 0.5859375 0.45556640625 0.59619140625 0.466796875 0.6298828125 0.47021484375 0.64306640625 0.4697265625 0.64990234375 0.458984375
0 0.322265625 0.51806640625 0.31787109375 0.509765625 0.28271484375 0.50390625 0.26318359375 0.505859375 0.23974609375 0.5380859375 0.22705078125 0.5390625 0.2197265625 0.54541015625 0.294921875 0.55224609375 0.3212890625 0.52978515625 0.322265625 0.51806640625
0 1 0.60009765625 0.97900390625 0.578125 0.9755859375 0.57861328125 0.96923828125 0.591796875 0.87548828125 0.580078125 0.8583984375 0.52880859375 0.857421875 0.51513671875 0.865234375 0.49853515625 0.8505859375 0.49072265625 0.84326171875 0.470703125 0.82080078125 0.470703125 0.814453125 0.46337890625 0.81494140625 0.4541015625 0.8115234375 0.45458984375 0.8076171875 0.46728515625 0.80029296875 0.4716796875 0.78271484375 0.4677734375 0.76318359375 0.455078125 0.75244140625 0.4541015625 0.7509765625 0.46142578125 0.75341796875 0.46875 0.7646484375 0.47216796875 0.76904296875 0.4853515625 0.77880859375 0.4814453125 0.783203125 0.48388671875 0.80078125 0.51708984375 0.80859375 0.54736328125 0.83837890625 0.5546875 0.8564453125 0.57763671875 0.8564453125 0.59619140625 0.8466796875 0.60205078125 0.837890625 0.63037109375 0.83349609375 0.6328125 0.82861328125 0.6259765625 0.81201171875 0.6240234375 0.806640625 0.65185546875 0.796875 0.66943359375 0.80029296875 0.673828125 0.81982421875 0.6806640625 0.8251953125 0.68994140625 0.8330078125 0.73095703125 0.841796875 0.75341796875 0.8447265625 0.78369140625 0.8369140625 0.81591796875 0.837890625 0.83447265625 0.83349609375 0.8408203125 0.71533203125 0.8115234375 0.70703125 0.81396484375 0.70263671875 0.8271484375 0.69287109375 0.8271484375 0.65869140625 0.818359375 0.63916015625 0.80859375 0.59716796875 0.8046875 0.55224609375 0.794921875 0.51220703125 0.779296875 0.49462890625 0.7802734375 0.47119140625 0.7705078125 0.43212890625 0.765625 0.423828125 0.76220703125 0.4189453125 0.73486328125 0.40673828125 0.728515625 0.39990234375 0.728515625 0.38720703125 0.744140625 0.36767578125 0.7587890625 0.35498046875 0.759765625 0.34033203125 0.7529296875 0.33447265625 0.75390625 0.3203125 0.78076171875 0.31103515625 0.7822265625 0.2822265625 0.77490234375 0.26708984375 0.724609375 0.24755859375 0.7451171875 0.23583984375 0.7451171875 0.22705078125 0.7509765625 0.16943359375 0.7431640625 0.15966796875 0.744140625 0.15576171875 0.75 0.15087890625 0.75 0.1435546875 0.73779296875 0.14501953125 0.7216796875 0.09228515625 0.71484375 0.0859375 0.69384765625 0.080078125 0.68701171875 0.099609375 0.66748046875 0.0947265625 0.65966796875 0.0947265625 0.64892578125 0.12890625 0.61572265625 0.1240234375 0.60302734375 0.1259765625 0.58740234375 0.14501953125 0.572265625 0.15771484375 0.5869140625 0.16064453125 0.5859375 0.1865234375 0.56103515625 0.2060546875 0.53076171875 0.203125 0.50927734375 0.22216796875 0.4912109375 0.2421875 0.48291015625 0.234375 0.46630859375 0.23583984375 0.4599609375 0.240234375 0.46337890625 0.2421875 0.44775390625 0.248046875 0.43701171875 0.24755859375 0.4267578125 0.22314453125 0.4228515625 0.20166015625 0.4248046875 0.17919921875 0.439453125 0.1728515625 0.44873046875 0.1728515625 0.45849609375 0.1767578125 0.46240234375 0.17333984375 0.47265625 0.15771484375 0.466796875 0.1455078125 0.47216796875 0.1416015625 0.47802734375 0.14453125 0.49169921875 0.16064453125 0.4990234375 0.18115234375 0.501953125 0.185546875 0.52197265625 0.14501953125 0.55859375 0.10693359375 0.5537109375 0.07470703125 0.5791015625 0.01220703125 0.572265625 0 0.58056640625 0 0.58544921875 0.0107421875 0.59716796875 0 0.60888671875 0.00108930625 0.9996283734375 1 0.99951171875 1 0.60009765625
0 0.91748046875 0.220703125 0.8125 0.20849609375 0.81640625 0.20068359375 0.8154296875 0.19091796875 0.82373046875 0.1875 0.83056640625 0.1787109375 0.84130859375 0.1796875 0.85205078125 0.1748046875 0.87255859375 0.1787109375 0.89501953125 0.1708984375 0.90869140625 0.1865234375 0.94873046875 0.1845703125 0.95947265625 0.1884765625 0.9619140625 0.19775390625 0.95458984375 0.2060546875 0.99951171875 0.2099609375 1 0.19580078125 0.9921875 0.19189453125 0.99267578125 0.1884765625 1 0.18798828125 0.99951171875 0.1689453125 0.94091796875 0.1669921875 0.89794921875 0.169921875 0.83447265625 0.166015625 0.83154296875 0.169921875 0.82470703125 0.166015625 0.74072265625 0.166015625 0.72900390625 0.1708984375 0.7275390625 0.16845703125 0.73388671875 0.1650390625 0.64208984375 0.1650390625 0.6376953125 0.16845703125 0.640625 0.17724609375 0.63427734375 0.1806640625 0.6279296875 0.17626953125 0.63232421875 0.1650390625 0.51318359375 0.1640625 0.50390625 0.16845703125 0.505859375 0.19384765625 0.50244140625 0.2060546875 0.498046875 0.20263671875 0.4970703125 0.19384765625 0.5 0.16845703125 0.48974609375 0.1650390625 0.46923828125 0.166015625 0.43798828125 0.177734375 0.42431640625 0.1923828125 0.41552734375 0.1865234375 0.39794921875 0.1865234375 0.39208984375 0.1982421875 0.38525390625 0.1982421875 0.38037109375 0.193359375 0.36572265625 0.2001953125 0.3603515625 0.19775390625 0.35400390625 0.185546875 0.27880859375 0.1865234375 0.26513671875 0.181640625 0.20068359375 0.1806640625 0 0.18310546875 0.00048828125 0.2822265625 0.08154296875 0.2822265625 0.10498046875 0.287109375 0.23876953125 0.2880859375 0.46337890625 0.2978515625 0.53564453125 0.2958984375 0.58056640625 0.30078125 0.71240234375 0.3017578125 0.87744140625 0.3125 0.92724609375 0.310546875 0.96923828125 0.314453125 1 0.32763671875 0.99951171875 0.224609375 0.91748046875 0.220703125