1 0.128125 0.40390625 0.0890625 0.0765625
1 0.58203125 0.66484375 0.25625 0.1765625
1 0.42109375 0.2109375 0.05 0.034375
1 0.55859375 0.41484375 0.0765625 0.04765625
1 0.575 0.3515625 0.090625 0.06640625
1 0.715625 0.4703125 0.12109375 0.09453125
1 0.3046875 0.27890625 0.04296875 0.0453125
1 0.93359375 0.296875 0.05859375 0.05859375
1 0.48515625 0.2921875 0.06953125 0.0546875
1 0.33125 0.35625 0.096875 0.06875
1 0.88046875 0.2625 0.07890625 0.04609375
1 0.165625 0.24921875 0.03203125 0.0515625
1 0.18046875 0.346875 0.059375 0.05390625
1 0.6265625 0.56171875 0.115625 0.0984375
1 0.88125 0.35703125 0.096875 0.05859375
1 0.628125 0.81875 0.1796875 0.1703125
1 0.21171875 0.58125 0.11796875 0.11328125
1 0.72734375 0.39140625 0.06953125 0.06328125
1 0.78203125 0.36796875 0.09296875 0.06328125
1 0.45 0.259375 0.06640625 0.03515625
1 0.2984375 0.22421875 0.0390625 0.03515625
1 0.946875 0.1984375 0.07109375 0.0359375
1 0.88125 0.41875 0.06328125 0.06171875
1 0.6390625 0.2484375 0.0453125 0.034375
1 0.8140625 0.17890625 0.040625 0.0328125
1 0.1328125 0.253125 0.0390625 0.04296875
1 0.74296875 0.240625 0.0765625 0.04375
1 0.10546875 0.178125 0.03828125 0.03515625
1 0.54140625 0.21015625 0.05546875 0.0296875
0 1 0.3438415359375 0.9951171875 0.3409118484375 0.994140625 0.3321227859375 1 0.3106384109375 0.99951171875 0.2955016921875 0.98486328125 0.2945251296875 0.97802734375 0.3003845046875 0.96923828125 0.3003845046875 0.9677734375 0.2940368484375 0.962890625 0.2940368484375 0.953125 0.3252868484375 0.9609375 0.3428649734375 0.94873046875 0.3628845046875 0.92041015625 0.3716735671875 0.921875 0.3760680984375 0.9140625 0.3809509109375 0.9150390625 0.4004821609375 0.90625 0.4278259109375 0.90625 0.4405212234375 0.900390625 0.4434509109375 0.90087890625 0.4468688796875 0.81298828125 0.4488220046875 0.80908203125 0.4429626296875 0.79931640625 0.4429626296875 0.79541015625 0.4488220046875 0.78759765625 0.4478454421875 0.78466796875 0.4429626296875 0.783203125 0.4698180984375 0.771484375 0.4815368484375 0.767578125 0.5108337234375 0.7431640625 0.5254821609375 0.7431640625 0.5342712234375 0.751953125 0.5489196609375 0.748046875 0.5850524734375 0.70166015625 0.5894470046875 0.6904296875 0.5957946609375 0.7041015625 0.6104430984375 0.703125 0.6241149734375 0.70947265625 0.6324157546875 0.7470703125 0.6329040359375 0.775390625 0.6797790359375 0.802734375 0.7032165359375 0.8056640625 0.7120055984375 0.77783203125 0.7183532546875 0.76416015625 0.7115173171875 0.74072265625 0.7193298171875 0.71826171875 0.7330016921875 0.71533203125 0.7408141921875 0.68896484375 0.7388610671875 0.67822265625 0.7417907546875 0.67431640625 0.7388610671875 0.6474609375 0.7500915359375 0.6474609375 0.7569274734375 0.65869140625 0.7691345046875 0.71728515625 0.8140563796875 0.7197265625 0.8204040359375 0.71484375 0.8291930984375 0.71875 0.8418884109375 0.71484375 0.8555602859375 0.65185546875 0.9029235671875 0.64599609375 0.9029235671875 0.5517578125 0.8155212234375 0.52978515625 0.7857360671875 0.51806640625 0.7769470046875 0.50732421875 0.7818298171875 0.501953125 0.7803649734375 0.4990234375 0.7207946609375 0.4794921875 0.6866149734375 0.47119140625 0.6783141921875 0.46337890625 0.6763610671875 0.453125 0.6622009109375 0.4521616296875 0.6621088015625001 0.44835903750000006 0.6107753203125 0.45361328125 0.6040954421875 0.52685546875 0.5718688796875 0.546875 0.5762634109375 0.5556640625 0.5313415359375 0.5556640625 0.4971618484375 0.564453125 0.4864196609375 0.5595703125 0.4600524734375 0.5615234375 0.4522399734375 0.56787109375 0.4439391921875 0.5947265625 0.4356384109375 0.58447265625 0.4312438796875 0.56689453125 0.4322204421875 0.54638671875 0.4351501296875 0.54150390625 0.4410095046875 0.53759765625 0.4351501296875 0.53369140625 0.4400329421875 0.533203125 0.4356384109375 0.525390625 0.4317321609375 0.51953125 0.4200134109375 0.5244140625 0.3965759109375 0.54541015625 0.3882751296875 0.548828125 0.3819274734375 0.546875 0.3731384109375 0.53564453125 0.3687438796875 0.5263671875 0.3526305984375 0.5205078125 0.3291930984375 0.5244140625 0.3155212234375 0.53173828125 0.3101501296875 0.55615234375 0.3101501296875 0.57958984375 0.3238220046875 0.60595703125 0.3238220046875 0.61865234375 0.3326110671875 0.6240234375 0.3418884109375 0.623046875 0.3653259109375 0.626953125 0.3829040359375 0.64794921875 0.4078063796875 0.65576171875 0.3951110671875 0.671875 0.3868102859375 0.67431640625 0.3794860671875 0.689453125 0.3741149734375 0.6904296875 0.3653259109375 0.69677734375 0.3570251296875 0.73388671875 0.3492126296875 0.73779296875 0.3384704421875 0.74951171875 0.3355407546875 0.75537109375 0.3296813796875 0.78564453125 0.3296813796875 0.79345703125 0.3247985671875 0.81591796875 0.3287048171875 0.83154296875 0.3160095046875 0.88232421875 0.3130798171875 0.8857421875 0.3028259109375 0.89453125 0.2940368484375 0.8935546875 0.2862243484375 0.88134765625 0.2857360671875 0.8818359375 0.2901305984375 0.87841796875 0.2906188796875 0.87451171875 0.2779235671875 0.8505859375 0.2745055984375 0.845703125 0.2559509109375 0.845703125 0.2315368484375 0.8310546875 0.2295837234375 0.828125 0.2510680984375 0.82373046875 0.2574157546875 0.81982421875 0.2544860671875 0.81298828125 0.2593688796875 0.78271484375 0.2603454421875 0.77685546875 0.2710876296875 0.77197265625 0.2701110671875 0.76806640625 0.2749938796875 0.75732421875 0.2779235671875 0.759765625 0.3008727859375 0.75732421875 0.3052673171875 0.74560546875 0.3081970046875 0.71923828125 0.3062438796875 0.7158203125 0.2911071609375 0.705078125 0.2823180984375 0.703125 0.2725524734375 0.68603515625 0.2681579421875 0.6728515625 0.2725524734375 0.6806640625 0.2979430984375 0.67236328125 0.3013610671875 0.66748046875 0.3091735671875 0.65966796875 0.3091735671875 0.6474609375 0.2901305984375 0.6474609375 0.2813415359375 0.6533203125 0.2745055984375 0.6455078125 0.2666930984375 0.64794921875 0.2622985671875 0.63916015625 0.2622985671875 0.64111328125 0.2671813796875 0.6259765625 0.2686462234375 0.625 0.2979430984375 0.61962890625 0.3033141921875 0.61083984375 0.3023376296875 0.60595703125 0.3072204421875 0.58837890625 0.3062438796875 0.58740234375 0.3023376296875 0.5771484375 0.2989196609375 0.578125 0.2940368484375 0.568359375 0.2754821609375 0.5703125 0.2627868484375 0.55615234375 0.2593688796875 0.55419921875 0.2544860671875 0.54931640625 0.2544860671875 0.54150390625 0.2622985671875 0.52978515625 0.2622985671875 0.52587890625 0.2691345046875 0.52197265625 0.2691345046875 0.5146484375 0.2911071609375 0.49951171875 0.3062438796875 0.45556640625 0.3081970046875 0.45166015625 0.3013610671875 0.44677734375 0.3023376296875 0.423828125 0.2920837234375 0.4228515625 0.2784118484375 0.416015625 0.2745055984375 0.4130859375 0.2657165359375 0.4130859375 0.2481384109375 0.421875 0.2315368484375 0.40771484375 0.2271423171875 0.40576171875 0.2232360671875 0.40087890625 0.2271423171875 0.392578125 0.2198180984375 0.392578125 0.1846618484375 0.43017578125 0.1841735671875 0.453125 0.2032165359375 0.451171875 0.2315368484375 0.48095703125 0.2369079421875 0.4853515625 0.2334899734375 0.486328125 0.2159118484375 0.4951171875 0.2080993484375 0.4853515625 0.2002868484375 0.4873046875 0.1905212234375 0.49462890625 0.1831970046875 0.51904296875 0.1812438796875 0.56982421875 0.1861266921875 0.5849609375 0.1739196609375 0.58642578125 0.1636657546875 0.57958984375 0.1646423171875 0.56884765625 0.1578063796875 0.56201171875 0.1578063796875 0.5576171875 0.1612243484375 0.56103515625 0.1665954421875 0.54931640625 0.1695251296875 0.55126953125 0.1607360671875 0.53564453125 0.1597595046875 0.53125 0.1709899734375 0.51806640625 0.1783141921875 0.50634765625 0.1607360671875 0.49462890625 0.1675720046875 0.47802734375 0.1665954421875 0.47119140625 0.1753845046875 0.45556640625 0.1763610671875 0.43212890625 0.1744079421875 0.42822265625 0.1656188796875 0.40966796875 0.1597595046875 0.3916015625 0.1729430984375 0.38720703125 0.1831970046875 0.37646484375 0.1831970046875 0.36474609375 0.1685485671875 0.35400390625 0.1665954421875 0.345703125 0.1709899734375 0.34423828125 0.1812438796875 0.330078125 0.1846618484375 0.330078125 0.1924743484375 0.3349609375 0.1963805984375 0.33056640625 0.1978454421875 0.32421875 0.1963805984375 0.3291015625 0.1924743484375 0.3212890625 0.1895446609375 0.32177734375 0.1841735671875 0.29052734375 0.1939391921875 0.28466796875 0.1841735671875 0.27099609375 0.1890563796875 0.26318359375 0.1831970046875 0.25537109375 0.1831970046875 0.24853515625 0.1900329421875 0.2392578125 0.1924743484375 0.24951171875 0.1968688796875 0.26416015625 0.1939391921875 0.27001953125 0.1978454421875 0.31005859375 0.1978454421875 0.326171875 0.2159118484375 0.3212890625 0.2178649734375 0.3212890625 0.2266540359375 0.333984375 0.2666930984375 0.333984375 0.2901305984375 0.31787109375 0.2974548171875 0.29443359375 0.2994079421875 0.28369140625 0.2974548171875 0.27734375 0.2813415359375 0.2646484375 0.2735290359375 0.26171875 0.2627868484375 0.2666015625 0.2559509109375 0.26416015625 0.2515563796875 0.23291015625 0.2593688796875 0.22412109375 0.2544860671875 0.22021484375 0.2574157546875 0.21728515625 0.2544860671875 0.19970703125 0.2544860671875 0.18603515625 0.2681579421875 0.16845703125 0.2691345046875 0.16650390625 0.2759704421875 0.16162109375 0.2701110671875 0.15380859375 0.2691345046875 0.14111328125 0.2701110671875 0.13916015625 0.2749938796875 0.12548828125 0.2749938796875 0.125 0.2705993484375 0.109375 0.2579040359375 0.10791015625 0.2466735671875 0.07470703125 0.2447204421875 0.06689453125 0.2496032546875 0.05517578125 0.2134704421875 0.04345703125 0.2076110671875 0.02783203125 0.2124938796875 0.02197265625 0.2076110671875 0 0.2061462234375 0 0.2354430984375 0.0048828125 0.2559509109375 0 0.2676696609375 0.0006541499999999999 1 1 0.9952087234375 1 0.3438415359375
0 0.18115234375 0.2119140625 0.18896484375 0.2119140625 0.19287109375 0.20703125 0.21044921875 0.2021484375 0.25927734375 0.2060546875 0.26171875 0.19677734375 0.21533203125 0.1943359375 0.20458984375 0.1875 0.19189453125 0.1865234375 0.17431640625 0.1923828125 0.13037109375 0.1943359375 0.12158203125 0.19921875 0.10400390625 0.1982421875 0.0771484375 0.20361328125 0.0771484375 0.21240234375 0.08349609375 0.216796875 0.14453125 0.21923828125 0.17333984375 0.21875 0.18115234375 0.2119140625
0 0.76806640625 0.134765625 0.763671875 0.14599609375 0.78125 0.15576171875 0.78515625 0.13623046875 0.76806640625 0.134765625
0 0.97998046875 0.123046875 0.9580078125 0.13720703125 0.98486328125 0.140625 0.99267578125 0.154296875 1 0.15478515625 0.99951171875 0.1279296875 0.97998046875 0.123046875
0 0.98876953125 0.1630859375 0.98486328125 0.1689453125 0.962890625 0.17236328125 0.9658203125 0.18017578125 0.98291015625 0.1875 0.98876953125 0.1982421875 1 0.19873046875 0.99951171875 0.1611328125 0.98876953125 0.1630859375
0 0.92431640625 0.15625 0.92578125 0.14404296875 0.93896484375 0.140625 0.94140625 0.13427734375 0.87646484375 0.1298828125 0.84033203125 0.134765625 0.80712890625 0.1337890625 0.7978515625 0.14501953125 0.7978515625 0.15576171875 0.80810546875 0.162109375 0.81591796875 0.158203125 0.83154296875 0.1611328125 0.84423828125 0.1572265625 0.84814453125 0.1494140625 0.85986328125 0.1435546875 0.86767578125 0.1533203125 0.87939453125 0.1572265625 0.88232421875 0.1630859375 0.888671875 0.16259765625 0.89892578125 0.15625 0.92431640625 0.15625
0 0.73388671875 0.154296875 0.72119140625 0.15625 0.71435546875 0.150390625 0.71240234375 0.1552734375 0.70263671875 0.1572265625 0.69091796875 0.150390625 0.68798828125 0.142578125 0.67529296875 0.1474609375 0.64990234375 0.1474609375 0.646484375 0.14990234375 0.64697265625 0.16015625 0.63671875 0.15283203125 0.63720703125 0.1494140625 0.62353515625 0.146484375 0.60888671875 0.154296875 0.59716796875 0.154296875 0.5927734375 0.16357421875 0.59521484375 0.16796875 0.61181640625 0.169921875 0.64111328125 0.185546875 0.65087890625 0.17578125 0.65966796875 0.1796875 0.68017578125 0.17578125 0.68701171875 0.1845703125 0.69482421875 0.1787109375 0.72705078125 0.177734375 0.73388671875 0.185546875 0.740234375 0.18603515625 0.74951171875 0.1611328125 0.73388671875 0.154296875
0 0.9814453125 0.24365234375 0.9873046875 0.22509765625 0.98583984375 0.20703125 0.95263671875 0.2158203125 0.90283203125 0.205078125 0.89892578125 0.201171875 0.87939453125 0.2021484375 0.86962890625 0.1884765625 0.86181640625 0.1875 0.85546875 0.19677734375 0.859375 0.21240234375 0.85009765625 0.216796875 0.8349609375 0.20849609375 0.82763671875 0.19140625 0.81201171875 0.193359375 0.79150390625 0.1875 0.78466796875 0.1943359375 0.77001953125 0.1904296875 0.76123046875 0.1982421875 0.75927734375 0.19140625 0.7529296875 0.19287109375 0.7529296875 0.21240234375 0.7607421875 0.21630859375 0.7607421875 0.22509765625 0.77099609375 0.232421875 0.80419921875 0.2294921875 0.84716796875 0.2353515625 0.85205078125 0.23046875 0.86474609375 0.228515625 0.89111328125 0.2314453125 0.89599609375 0.224609375 0.90185546875 0.224609375 0.93798828125 0.2353515625 0.94189453125 0.251953125 0.966796875 0.25830078125 0.9745795984375001 0.2518308796875 0.9814453125 0.24365234375