1 0.30625 0.72265625 0.16875 0.2375
1 0.56484375 0.14921875 0.15 0.2984375
1 0.79375 0.68359375 0.165625 0.2453125
1 0.4 0.134375 0.109375 0.18125
1 0.0859375 0.903125 0.171875 0.1875
1 0.4203125 0.446875 0.1109375 0.215625
1 0.3203125 0.41875 0.0828125 0.1828125
1 0.90625 0.5140625 0.0828125 0.1765625
1 0.67890625 0.453125 0.090625 0.159375
1 0.13515625 0.11796875 0.184375 0.19375
1 0.103125 0.34921875 0.20625 0.1828125
1 0.63359375 0.88828125 0.2390625 0.2234375
1 0.3 0.9140625 0.2265625 0.171875
1 0.79921875 0.22265625 0.2484375 0.2015625