1 0.1671875 0.89609375 0.1109375 0.1796875
1 0.29921875 0.42265625 0.075 0.0734375
1 0.27109375 0.6765625 0.0859375 0.0828125
1 0.24921875 0.83125 0.1015625 0.1625
1 0.21484375 0.37109375 0.0703125 0.0703125
1 0.0328125 0.76328125 0.065625 0.1703125
1 0.534375 0.4140625 0.071875 0.1234375
1 0.0234375 0.59375 0.046875 0.078125
1 0.37265625 0.3921875 0.06875 0.071875
1 0.50234375 0.521875 0.0609375 0.078125
1 0.4625 0.65625 0.175 0.2140625
1 0.07109375 0.4765625 0.078125 0.1203125
1 0.11484375 0.521875 0.0671875 0.08125
1 0.26328125 0.25546875 0.034375 0.0453125
1 0.05234375 0.940625 0.1046875 0.11796875
1 0.1125 0.7703125 0.06875 0.0828125
1 0.42890625 0.50078125 0.053125 0.075
1 0.45390625 0.43671875 0.0515625 0.065625
1 0.4265625 0.34296875 0.040625 0.04375
1 0.47265625 0.29140625 0.0484375 0.040625
1 0.3484375 0.284375 0.0546875 0.0625
1 0.05859375 0.31171875 0.059375 0.0625
1 0.11875 0.3 0.028125 0.0453125
1 0.30390625 0.35390625 0.05625 0.0578125
1 0.428125 0.26640625 0.040625 0.0546875
1 0.24296875 0.0859375 0.0390625 0.0328125
1 0.1671875 0.26171875 0.040625 0.034375
1 0.1390625 0.1453125 0.0578125 0.0484375
1 0.13515625 0.36484375 0.0375 0.059375
1 0.1890625 0.31640625 0.034375 0.04375
0 0.3953125 0.99921875 0.4265625 0.99921875 0.41171875 0.9640625 0.3953125 0.99921875
0 0.4046875 0.86953125 0.38203125 0.8484375 0.33828125 0.8375 0.334375 0.85546875 0.3453125 0.88203125 0.3453125 0.93984375 0.35390625 0.95625 0.375 0.95546875 0.3984375 0.91328125 0.4046875 0.86953125
0 0.35625 0.74609375 0.346875 0.68046875 0.334375 0.65390625 0.3421875 0.63515625 0.3390625 0.60078125 0.31875 0.55234375 0.30234375 0.54375 0.278125 0.57265625 0.2765625 0.59296875 0.28125 0.61484375 0.303125 0.63984375 0.3 0.66484375 0.3140625 0.72578125 0.3125 0.75859375 0.3359375 0.76171875 0.35078125 0.75625 0.35625 0.74609375
0 0.5390625 0.76953125 0.52734375 0.7765625 0.528125 0.76484375 0.5546875 0.71171875 0.5546875 0.69453125 0.56484375 0.6921875 0.5640625 0.68671875 0.57578125 0.678125 0.59296875 0.6828125 0.6046875 0.66640625 0.603125 0.61015625 0.5890625 0.61796875 0.5890625 0.60859375 0.5796875 0.60234375 0.5796875 0.58046875 0.56953125 0.5703125 0.5578125 0.58203125 0.5609375 0.59296875 0.528125 0.65234375 0.5296875 0.66328125 0.5171875 0.67734375 0.4890625 0.75390625 0.4875 0.76953125 0.51015625 0.778125 0.51796875 0.7921875 0.528125 0.77890625 0.525 0.80078125 0.51875 0.80703125 0.51875 0.81328125 0.528125 0.81640625 0.5390625 0.81328125 0.5390625 0.76953125
0 0.6890625 0.98828125 0.696875 0.98359375 0.6890625 0.97734375 0.7078125 0.96953125 0.70625 0.94296875 0.7234375 0.92265625 0.7125 0.80859375 0.70390625 0.79375 0.67890625 0.7984375 0.66328125 0.7765625 0.640625 0.83515625 0.640625 0.85078125 0.60546875 0.9 0.57890625 0.9015625 0.54609375 0.8765625 0.5328125 0.88046875 0.525 0.91171875 0.5171875 0.91640625 0.5171875 0.93515625 0.52265625 0.921875 0.53125 0.92578125 0.52890625 0.9390625 0.56328125 0.940625 0.56484375 0.9546875 0.57421875 0.9515625 0.5875 0.96171875 0.5640625 0.98046875 0.56796875 0.9859375 0.53359375 0.9875 0.53125 0.99921875 0.7296875 0.99921875 0.71953125 0.9921875 0.6890625 0.98828125
0 1 0.53203125 0.9890625 0.51640625 0.9859375 0.48828125 0.940625 0.43515625 0.9390625 0.40859375 0.90703125 0.38125 0.88515625 0.3765625 0.878125 0.38359375 0.87421875 0.40625 0.85546875 0.4015625 0.8328125 0.36640625 0.8265625 0.33203125 0.81328125 0.3203125 0.78515625 0.3125 0.77109375 0.2984375 0.72109375 0.2796875 0.70390625 0.2671875 0.65546875 0.2515625 0.56484375 0.2453125 0.56484375 0.2640625 0.60859375 0.265625 0.65625 0.30390625 0.659375 0.31953125 0.671875 0.33046875 0.675 0.35859375 0.6875 0.36171875 0.6875 0.42109375 0.6734375 0.42421875 0.68359375 0.4359375 0.69921875 0.4359375 0.71640625 0.4078125 0.78046875 0.4125 0.79765625 0.4046875 0.81328125 0.40625 0.8296875 0.42421875 0.8375 0.45703125 0.82109375 0.4671875 0.80546875 0.471875 0.78515625 0.46875 0.76875 0.45078125 0.765625 0.43515625 0.75078125 0.425 0.7359375 0.42734375 0.7359375 0.45234375 0.75 0.47421875 0.753125 0.50390625 0.76015625 0.509375 0.76640625 0.503125 0.77890625 0.503125 0.7921875 0.51796875 0.80625 0.56484375 0.8046875 0.60234375 0.7875 0.63203125 0.790625 0.65078125 0.7828125 0.69609375 0.765625 0.72109375 0.765625 0.75703125 0.8078125 0.96640625 0.815625 0.97578125 0.81796875 1 0.86875 0.99921875 0.859375 0.97734375 0.87421875 0.9546875 0.88984375 0.9546875 0.90390625 0.9765625 0.92265625 0.9765625 0.934375 0.96796875 0.9375 0.91953125 0.95625 0.89140625 0.959375 0.85546875 0.971875 0.83359375 0.9671875 0.80234375 0.9765625 0.78203125 0.9765625 0.75546875 0.990625 0.72265625 1 0.71484375 1 0.53203125
0 0.26796875 0.228125 0.27109375 0.234375 0.27578125 0.2265625 0.27890625 0.2328125 0.29921875 0.2203125 0.31015625 0.2234375 0.3125 0.20546875 0.28515625 0.2015625 0.23359375 0.2078125 0.234375 0.23359375 0.2453125 0.23515625 0.25703125 0.2265625 0.26796875 0.228125
0 0.06875 0.25078125 0.07578125 0.26875 0.09296875 0.26875 0.11484375 0.2390625 0.19765625 0.2328125 0.2046875 0.22421875 0.2046875 0.20859375 0.08984375 0.2140625 0.03046875 0.2359375 0.0125 0.24765625 0.025 0.26171875 0.0328125 0.28359375 0.05234375 0.24375 0.06875 0.25078125