1 0.2453125 0.91328125 0.2390625 0.16875
1 0.5234375 0.775 0.1109375 0.3421875
1 0.68515625 0.80234375 0.1890625 0.3921875
1 0.4109375 0.603125 0.1890625 0.2109375
1 0.81328125 0.8125 0.1046875 0.3390625
1 0.246875 0.57890625 0.1515625 0.209375
1 0.715625 0.47890625 0.1015625 0.275
1 0.928125 0.475 0.14375 0.3421875
1 0.37109375 0.43984375 0.1203125 0.1203125
1 0.10546875 0.9125 0.115625 0.10625
0 0.5921875 0 0.5953125 0.028125 0.56875 0.0640625 0.5578125 0.0703125 0.515625 0.0703125 0.4375 0.084375 0.4125 0.1109375 0.40625 0.13125 0.4390625 0.153125 0.4671875 0.1578125 0.475 0.178125 0.484375 0.18125 0.5546875 0.159375 0.5984375 0.153125 0.8328125 0.0578125 0.8453125 0.0640625 0.84375 0.0734375 0.809375 0.1 0.7078125 0.1375 0.646875 0.171875 0.578125 0.1859375 0.459375 0.234375 0.43125 0.253125 0.3921875 0.2609375 0.33125 0.30625 0.2609375 0.3125 0.2171875 0.334375 0.10625 0.340625 0 0.3703125 0 1 0.03125 1 0.0578125 0.95 0.05 0.921875 0.0609375 0.871875 0.0734375 0.8609375 0.103125 0.859375 0.10625 0.834375 0.1265625 0.803125 0.153125 0.8015625 0.1796875 0.815625 0.2171875 0.825 0.2328125 0.8375 0.340625 0.865625 0.3796875 0.8703125 0.3859375 0.8609375 0.390625 0.8171875 0.384375 0.8015625 0.3765625 0.7984375 0.3625 0.80625 0.3546875 0.8 0.3609375 0.7609375 0.375 0.7359375 0.3703125 0.7234375 0.3015625 0.70625 0.284375 0.684375 0.2703125 0.696875 0.2515625 0.6984375 0.165625 0.6484375 0.15625 0.503125 0.165625 0.490625 0.203125 0.4859375 0.2234375 0.4625 0.2546875 0.475 0.2703125 0.453125 0.315625 0.4359375 0.3328125 0.415625 0.3421875 0.390625 0.403125 0.3859375 0.4203125 0.409375 0.4375 0.4578125 0.4453125 0.5140625 0.46875 0.5234375 0.496875 0.521875 0.521875 0.5390625 0.5625 0.5484375 0.5875 0.53125 0.5859375 0.50625 0.6203125 0.44375 0.6203125 0.403125 0.684375 0.36875 0.7078125 0.325 0.75 0.3109375 0.765625 0.340625 0.765625 0.3703125 0.771875 0.384375 0.8203125 0.378125 0.8421875 0.3546875 0.8484375 0.2953125 0.8703125 0.2765625 0.884375 0.246875 0.8953125 0.253125 0.909375 0.28125 0.925 0.28125 0.946875 0.3078125 0.971875 0.315625 0.9875 0.3109375 0.9890625 0.2421875 1 0.2296875 1 0.0625 0.9296875 0.053125 0.740625 0 0.5921875 0