1 0.49921875 0.35234375 0.078125 0.1203125
1 0.95625 0.865625 0.0859375 0.1890625
1 0.7515625 0.3765625 0.0875 0.128125
1 0.1625 0.13984375 0.0953125 0.1421875
1 0.60703125 0.30703125 0.08125 0.1265625
1 0.04765625 0.296875 0.090625 0.3421875
1 0.9609375 0.70390625 0.078125 0.1984375
0 0.3109375 0.1640625 0.2953125 0.2109375 0.275 0.2328125 0.2703125 0.2484375 0.275 0.265625 0.2984375 0.2828125 0.340625 0.3453125 0.3578125 0.34375 0.3703125 0.325 0.3828125 0.31875 0.38125 0.303125 0.3640625 0.284375 0.3453125 0.2453125 0.3515625 0.196875 0.39375 0.140625 0.3921875 0.1203125 0.375 0.1140625 0.3109375 0.1640625
0 0 0.9453125 0.0390625 0.8875 0.1453125 0.696875 0.14375 0.6828125 0.115625 0.659375 0.0875 0.6625 0.06875 0.653125 0.0515625 0.634375 0.0375 0.634375 0 0.6703125 0 0.9453125
0 1 0.4078125 0.9796875 0.40625 0.95625 0.3828125 0.9625 0.3296875 0.9796875 0.30625 0.98125 0.2859375 0.9734375 0.271875 0.9578125 0.2640625 0.9265625 0.259375 0.8984375 0.2765625 0.9046875 0.3046875 0.884375 0.30625 0.875 0.315625 0.871875 0.3546875 0.8640625 0.36875 0.8171875 0.3796875 0.8171875 0.421875 0.8078125 0.4640625 0.79375 0.4625 0.7734375 0.4453125 0.7234375 0.4328125 0.696875 0.4046875 0.646875 0.4015625 0.6265625 0.36875 0.6015625 0.3625 0.575 0.3671875 0.58125 0.421875 0.603125 0.4640625 0.61875 0.4546875 0.6328125 0.4578125 0.64375 0.446875 0.6953125 0.45 0.73125 0.475 0.7453125 0.5 0.8 0.4734375 0.825 0.5015625 0.8375 0.5515625 0.8390625 0.6 0.8359375 0.6609375 0.8234375 0.709375 0.8046875 0.7109375 0.7546875 0.7 0.7328125 0.684375 0.715625 0.6328125 0.703125 0.621875 0.703125 0.5890625 0.6890625 0.55625 0.690625 0.515625 0.603125 0.5046875 0.59375 0.521875 0.590625 0.50625 0.58125 0.503125 0.5671875 0.55 0.571875 0.634375 0.5671875 0.6875 0.5609375 0.6984375 0.534375 0.7109375 0.525 0.709375 0.51875 0.696875 0.521875 0.559375 0.478125 0.546875 0.4703125 0.5359375 0.48125 0.48125 0.5078125 0.446875 0.5109375 0.428125 0.4734375 0.415625 0.4640625 0.428125 0.4546875 0.48125 0.4234375 0.4890625 0.3859375 0.5609375 0.35625 0.59375 0.3546875 0.634375 0.378125 0.6578125 0.39375 0.6875 0.4046875 0.7765625 0.3734375 0.85625 0.3484375 0.9453125 0.3421875 0.9515625 0.321875 0.946875 0.2953125 0.953125 0.2703125 0.95 0.2546875 0.9375 0.240625 0.9109375 0.221875 0.90625 0.209375 0.9125 0.2 0.9265625 0.1828125 1 0.5609375 1 0.565625 0.984375 0.590625 0.9796875 0.6109375 0.9625 0.6203125 0.8609375 0.6328125 0.8171875 0.6484375 0.8046875 0.6609375 0.8140625 0.66875 0.8328125 0.66875 0.8796875 0.6828125 0.9421875 0.6875 1 0.7375 1 0.734375 0.9484375 0.715625 0.890625 0.7125 0.859375 0.7171875 0.8484375 0.7453125 0.828125 0.8734375 0.8265625 0.903125 0.83125 0.9140625 0.8140625 0.915625 0.79375 0.86875 0.7609375 0.8703125 0.74375 0.8859375 0.73125 0.903125 0.734375 0.9203125 0.76875 0.9453125 0.778125 0.9546875 0.775 0.953125 0.7546875 0.934375 0.7328125 0.928125 0.7125 0.9296875 0.653125 0.9265625 0.6484375 0.90625 0.6484375 0.8984375 0.6375 0.90625 0.5921875 0.890625 0.5578125 0.89375 0.515625 0.8859375 0.5046875 0.9046875 0.509375 0.90625 0.540625 0.9359375 0.6125 0.946875 0.6203125 0.965625 0.6203125 0.9734375 0.6296875 1 0.6265625 1 0.5875 0.971875 0.546875 0.96875 0.53125 0.9734375 0.521875 1 0.5265625 1 0.4078125
0 1 0.9430342890625001 0.9668039578125001 0.962665184375 0.9400274453125 0.9162648499999999 0.9168210796875 0.8627259687500001 0.8799106734375 0.8598214296875 0.927531521875 0.9644497875000001 0.9168210796875 1 1 1 1 0.9430342890625001
0 0.079608771875 0.41835316875000006 0.127806440625 0.43263025781250003 0.1777893171875 0.4361994625 0.195640325 0.4897383421875 0.22955713125 0.5397080187500001 0.25633364375 0.500446159375 0.2616890015625 0.44690727812500003 0.195640325 0.3755221046875 0.2081359765625 0.3237678265625 0.195640325 0.2898599109375 0.127806440625 0.348752665625 0.10281500156250001 0.388014525 0.0584821015625 0.42232142968749997 0.079608771875 0.41835316875000006
0 0 0.6646320718750001 0.020700390625000002 0.6039547828125 0.0403364734375 0.5807544796874999 0.0617577640625 0.5397080187500001 0.05461733437500001 0.50936930625 0.05818748124999999 0.42906098593750003 0 0.5183035734375 0 0.6646320718750001