1 0.1859375 0.21171875 0.0734375 0.0765625
1 0.85859375 0.50859375 0.2765625 0.2875
1 0.653125 0.196875 0.140625 0.1140625
1 0.12734375 0.85703125 0.2546875 0.2859375
1 0.78984375 0.33359375 0.2015625 0.1765625
1 0.79609375 0.19296875 0.04375 0.0578125
1 0.959375 0.14140625 0.0453125 0.05
1 0.51640625 0.0875 0.05 0.0515625
1 0.946875 0.2671875 0.103125 0.11875
1 0.91171875 0.14140625 0.0546875 0.0609375
1 0.7265625 0.13125 0.0953125 0.0515625
1 0.02734375 0.2515625 0.0515625 0.125
1 0.07421875 0.44921875 0.1375 0.109375
1 0.18046875 0.64453125 0.2609375 0.18125
1 0.21953125 0.51171875 0.2453125 0.11875
1 0.35078125 0.2390625 0.0703125 0.0578125
1 0.2703125 0.42109375 0.2109375 0.078125
0 1 0.5543940234375 0.969109609375 0.556476059375 0.940994303125 0.5429426281249999 0.986811828125 0.5908302062499999 0.9763987390625 0.59915846875 0.9659856515625 0.66406169375 0.8701852734375001 0.6692668625 0.7859375 0.6734375 0.725 0.5578125 0.7203125 0.55625 0.7125 0.571875 0.7015625 0.578125 0.690625 0.5765625 0.6734375 0.559375 0.676501771875 0.529409196875 0.6869148593750001 0.518998859375 0.71086499375 0.5096295390625001 0.7025344921875 0.47735750781249997 0.678584515625 0.43155200625 0.6754605578125 0.4836036953125 0.664006096875 0.502342334375 0.6546875 0.4921875 0.6265625 0.4171875 0.6234375 0.3734375 0.60625 0.3546875 0.6078125 0.3359375 0.61875 0.31875 0.634375 0.3203125 0.64375 0.3421875 0.6484375 0.340625 0.65625 0.3125 0.6484375 0.2875 0.6515625 0.2640625 0.6453125 0.25625 0.578125 0.2453125 0.565625 0.2296875 0.54375 0.1734375 0.5375 0.1765625 0.534375 0.21875 0.5453125 0.29375 0.5328125 0.378125 0.5375 0.5453125 0.53125 0.6234375 0.5125 0.6859375 0.484375 0.7234375 0.478125 0.7203125 0.4734375 0.684375 0.478125 0.6515625 0.4390625 0.53125 0.4390625 0.4953125 0.465625 0.4328125 0.465625 0.365625 0.4796875 0.2640625 0.490625 0.25625 0.5171875 0.2546875 0.525 0.225 0.509375 0.209375 0.496875 0.21875 0.4890625 0.2140625 0.4859375 0.1234375 0.4765625 0.08125 0.4859375 0.025 0.465625 0.01875 0.365625 0.03125 0.3421875 0.05 0.346875 0.0890625 0.3640625 0.103125 0.3890625 0.096875 0.40625 0.1078125 0.415625 0.0875 0.4328125 0.0875 0.4375 0.1234375 0.4328125 0.178125 0.44375 0.2 0.43125 0.3078125 0.4140625 0.3546875 0.4203125 0.4234375 0.4109375 0.48125 0.4046875 0.4890625 0.390625 0.490625 0.3796875 0.475 0.3703125 0.4796875 0.3703125 0.534375 0.3546875 0.565625 0.359375 0.603125 0.36875 0.6078125 0.3828125 0.5953125 0.396875 0.6140625 0.403125 0.6390625 0.3984375 0.65625 0.384375 0.6703125 0.38910055625 0.7091853015625 0.3880592640625 0.7175135640625 0.385976678125 0.7164725453125 0.38285271875000004 0.7248008078125 0.38077013437499996 0.7008570390625 0.37764617500000003 0.6862825499999999 0.35369612031250003 0.6769132703125 0.337035115625 0.70502115 0.31204376875 0.7081442828125 0.2891349265625 0.7539497453124999 0.2370694859375 0.7674831765625 0.24331732343749998 0.8351503734374999 0.271432709375 0.8184938484375 0.30891980937499997 0.8174528296875 0.32245685625 0.7841397421875 0.32870469375 0.739375296875 0.3651505015625 0.7206366578125001 0.38125 0.7734375 0.39375 0.8265625 0.3640625 0.8828125 0.365625 0.9234375 0.371875 0.9390625 0.3828125 0.9515625 0.41875 0.9609375 0.4203125 1 0.5390625 0.9984375 0.540625 0.9203125 0.5296875 0.75625 0.55 0.6484375 0.56875 0.628125 0.5875 0.6234375 0.6109375 0.646875 0.6234375 0.6953125 0.61875 1 1 1 1 0.803125 1 0.7400571515625 0.971875 0.728125 0.9659856515625 0.71299036875 0.9941009578125 0.66614376875 0.978481325 0.6428818953125 0.979522696875 0.6283074859375 1 0.6272663890625 1 0.5543940234375
0 0.316208940625 0.14490857343750002 0.281845796875 0.1605240796875 0.2558130765625 0.16468823125 0.2370694859375 0.18238579375 0.2339456078125 0.20112439375000002 0.2339456078125 0.2073706203125 0.26310220625 0.20424752656249998 0.2735152953125 0.19487820625000002 0.281845796875 0.2073706203125 0.299548015625 0.2094526953125 0.320374190625 0.19487820625000002 0.32662202812499996 0.1938371890625 0.337035115625 0.1969602828125 0.35682 0.19279613125 0.35682 0.1750985484375 0.337035115625 0.1626061953125 0.3339112375 0.1428265171875 0.340159075 0.13137518125 0.3474482046875 0.11159550468749999 0.3492187265625 0.088802084375 0.3339112375 0.11263654218750001 0.316208940625 0.14490857343750002
0 0.6723366000000001 0 0.6587995531249999 0.0085331640625 0.5807013921874999 0.0220665953125 0.5028645593750001 0.0315104171875 0.516140278125 0.039764178125 0.510933734375 0.066831059375 0.5390490406249999 0.067872078125 0.5369664546874999 0.05433864687499999 0.5942384390625 0.0470514015625 0.61818849375 0.039764178125 0.6598409249999999 0.0356000265625 0.65463438125 0.0251896890625 0.6608821390624999 0.0116562578125 0.6827496875 0.0106152203125 0.701493278125 0.024148670312500002 0.717112909375 0.0210255578125 0.7483521750000001 0.0220665953125 0.7608478484375001 0.0262307265625 0.778550065625 0.0106152203125 0.817078459375 0 0.6723366000000001 0
0 0 0.3690899796875 0.01318809375 0.3451462109375 0.028807725 0.343064134375 0.0350555625 0.326407609375 0.0444273578125 0.326407609375 0.063170946875 0.302463821875 0.079831871875 0.2920534828125 0.079831871875 0.2774790140625 0.061458309375 0.2776041671875 0.026725139062499997 0.30871002812500004 0.015270757812499999 0.324325534375 0 0.337858965625 0 0.3690899796875
0 0.6848322734375001 0.30106366093750003 0.7077410359375 0.29481743437499996 0.7025344921875 0.27607883437499997 0.7389802999999999 0.28961226562500003 0.768136978125 0.264627478125 0.7598064765625 0.259422309375 0.7618892203125001 0.2427657453125 0.7650130203125001 0.2271502375 0.7368977140624999 0.2396426515625 0.7254434125 0.259422309375 0.7139889515625 0.2417247265625 0.6851562265625 0.2541666671875 0.6848322734375001 0.30106366093750003