1 0.6421875 0.40703125 0.1171875 0.153125
1 0.675 0.30703125 0.0890625 0.0828125
1 0.95078125 0.31875 0.09375 0.1265625
1 0.74296875 0.415625 0.09375 0.109375
1 0.84453125 0.31953125 0.0984375 0.1046875
1 0.346875 0.346875 0.096875 0.09375
1 0.0625 0.4515625 0.125 0.1640625
1 0.28125 0.4515625 0.1171875 0.11875
0 1 0.046875 0.9859375 0.0484375 0.9625 0.0375 0.934375 0.0375 0.8765625 0.05625 0.834375 0.0609375 0.8109375 0.0796875 0.746875 0.0828125 0.2703125 0.221875 0.2515625 0.240625 0.234375 0.309375 0.234375 0.365625 0.2484375 0.3734375 0.2796875 0.3765625 0.290625 0.3703125 0.309375 0.340625 0.3828125 0.340625 0.396875 0.309375 0.39375 0.3 0.384375 0.296875 0.35 0.3 0.3125 0.3265625 0.309375 0.3390625 0.2640625 0.33125 0.259375 0.290625 0.278125 0.275 0.29375 0.2703125 0.315625 0.2421875 0.328125 0.2359375 0.3453125 0.2375 0.3640625 0.2578125 0.3890625 0.253125 0.4171875 0.25625 0.4265625 0.2640625 0.428125 0.28125 0.45 0.284375 0.465625 0.278125 0.4796875 0.2515625 0.503125 0.23125 0.515625 0.2015625 0.534375 0.1953125 0.5546875 0.259375 0.571875 0.2625 0.5828125 0.2578125 0.590625 0.2453125 0.584375 0.20625 0.5890625 0.1671875 0.63125 0.140625 0.65 0.140625 0.659375 0.146875 0.6703125 0.1859375 0.6921875 0.2140625 0.7 0.2390625 0.7109375 0.2421875 0.8046875 0.1921875 0.821875 0.203125 0.875 0.2140625 0.8984375 0.1890625 0.8859375 0.140625 0.8871377703125001 0.132469959375 0.9234865718749999 0.101156378125 0.9250333656249999 0.12512480625 0.905698884375 0.1889117265625 0.9265625 0.2078125 0.9375 0.23125 0.9578125 0.2328125 0.9671875 0.196875 0.9859375 0.184375 1 0.1859375 1 0.046875
0 1 0.4125 0.9578125 0.390625 0.925 0.384375 0.884375 0.3671875 0.8625 0.4078125 0.840625 0.4125 0.8234375 0.425 0.8109375 0.4640625 0.765625 0.46875 0.6828125 0.4515625 0.6546875 0.484375 0.6171875 0.5125 0.59375 0.56875 0.5359375 0.5859375 0.528125 0.60625 0.55 0.6140625 0.575 0.65 0.5703125 0.6703125 0.559375 0.678125 0.5328125 0.678125 0.45625 0.6609375 0.453125 0.6328125 0.4625 0.59375 0.421875 0.571875 0.40625 0.571875 0.365625 0.5890625 0.35 0.6046875 0.34375 0.6796875 0.328125 0.728125 0.3140625 0.7328125 0.296875 0.725 0.271875 0.725 0.2171875 0.73125 0.1609375 0.746875 0.1 0.7515625 0.0265625 0.7859375 0 0.790625 0 0.8390625 0.0046875 0.8390625 0.3109375 0.7609375 0.3203125 0.7625 0.325 0.7765625 0.321875 0.790625 0.309375 0.7984375 0.0015625 0.8703125 0 1 1 1 1 0.74375 0.821875 0.75 0.8140625 0.728125 0.825 0.7140625 0.8515625 0.709375 1 0.715625 1 0.6625 0.7734375 0.6484375 0.740625 0.625 0.728125 0.6078125 0.734375 0.584375 0.753125 0.5765625 0.809375 0.590625 0.8328125 0.6140625 0.8484375 0.6125 0.8625 0.603125 0.8859375 0.63125 1 0.63125 1 0.4125
0 0.1796875 0.075 0.115625 0.075 0.103125 0.0890625 0.0875 0.0765625 0.0734375 0.0765625 0.0671875 0.0828125 0.0125 0.090625 0.009375 0.1015625 0.1046875 0.1046875 0.171875 0.1 0.1734375 0.125 0.203125 0.128125 0.2125 0.1203125 0.321875 0.1125 0.3640625 0.0984375 0.3734375 0.0875 0.3421875 0.0734375 0.240625 0.065625 0.1796875 0.075
0 0.8405123812499999 0.4111616921875 0.8290580796875 0.39242305312500003 0.82697549375 0.380971696875 0.8030253593750001 0.358068946875 0.772827309375 0.36743826562500004 0.7842817703125 0.38409479062499996 0.7894883140625 0.3965872828125 0.8092731171875001 0.3986692796875 0.80614931875 0.41844889687500003 0.8127603921875 0.4585937515625 0.8405123812499999 0.4111616921875
0 0.7894883140625 0.016932606250000003 0.7520011328125 0.0263019265625 0.8478016703125 0.029425018749999997 0.8613385578124999 0.029425018749999997 0.8134384484374999 0.03775328125 0.8353058375 0.0492046765625 0.8353058375 0.0679432765625 0.9987914468750001 0.0627381078125 0.9977500750000001 0.02421985 0.9758825265625 0.0210967578125 0.9665108109375 0.0158915890625 0.8707104328125 0.0158915890625 0.9581803078125001 0.0096453625 0.9758825265625 0.00548125 0.8752603921875 0.002864584375 0.8238515359375 0.013809512500000001 0.7894883140625 0.016932606250000003