1 0.6484375 0.60625 0.1515625 0.14375
1 0.9140625 0.415625 0.1703125 0.3203125
1 0.7796875 0.5828125 0.1328125 0.1625
1 0.33984375 0.55 0.1203125 0.109375
1 0.91328125 0.72578125 0.16875 0.509375
1 0.73046875 0.27890625 0.221875 0.134375
1 0.45703125 0.16875 0.2203125 0.159375
1 0.22890625 0.18203125 0.21875 0.1015625
1 0.23046875 0.2765625 0.1328125 0.0921875
1 0.9578125 0.09375 0.084375 0.115625
1 0.03515625 0.146875 0.0703125 0.0921875
1 0.39453125 0.04453125 0.0515625 0.084375
1 0.81953125 0.06484375 0.1953125 0.071875
1 0.2921875 0.04453125 0.1328125 0.078125
1 0.16953125 0.04296875 0.0859375 0.08125
0 0.74375 0.428125 0.6609375 0.4859375 0.6203125 0.4890625 0.603125 0.484375 0.5703125 0.4921875 0.5546875 0.53125 0.5328125 0.553125 0.4953125 0.55 0.4875 0.56875 0.4890625 0.609375 0.5109375 0.6375 0.5390625 0.696875 0.559375 0.7078125 0.5578125 0.73125 0.56875 0.7609375 0.5796875 0.76875 0.6609375 0.765625 0.66875 0.7828125 0.6703125 0.8296875 0.7046875 0.83125 0.709375 0.8609375 0.696875 0.8859375 0.7140625 0.9078125 0.7328125 0.9609375 0.7421875 0.965625 0.7703125 0.9578125 0.7828125 0.934375 0.796875 0.9375 0.8078125 0.9515625 0.8234375 0.95625 0.8296875 0.915625 0.853125 0.9 0.853125 0.834375 0.8328125 0.8109375 0.828125 0.7921875 0.828125 0.71875 0.821875 0.7125 0.815625 0.71875 0.7890625 0.7734375 0.7734375 0.7890625 0.7546875 0.7875 0.7375 0.76875 0.71875 0.7640625 0.7140625 0.7453125 0.721875 0.7203125 0.709375 0.7015625 0.696875 0.7046875 0.68125 0.725 0.6203125 0.7375 0.575 0.7078125 0.5703125 0.603125 0.5796875 0.5890625 0.5953125 0.584375 0.66875 0.534375 0.7078125 0.515625 0.7390625 0.509375 0.7796875 0.484375 0.8015625 0.478125 0.8109375 0.45 0.8171875 0.471875 0.8359375 0.4796875 0.8515625 0.478125 0.8609375 0.4640625 0.8578125 0.4390625 0.834375 0.43125 0.8109375 0.44375 0.809375 0.415625 0.79375 0.4109375 0.74375 0.428125
0 0.0765625 0.9609375 0.078125 0.9390625 0.0640625 0.8953125 0.0859375 0.8609375 0.1203125 0.85625 0.1375 0.846875 0.15625 0.853125 0.1921875 0.846875 0.209375 0.815625 0.2140625 0.7828125 0.2390625 0.7734375 0.2359375 0.740625 0.2546875 0.721875 0.253125 0.68125 0.2640625 0.646875 0.3109375 0.6265625 0.3296875 0.6265625 0.3390625 0.65 0.353125 0.6546875 0.3671875 0.6078125 0.31875 0.590625 0.2234375 0.5921875 0.196875 0.5984375 0.165625 0.6171875 0.1515625 0.6140625 0.1359375 0.6265625 0.1125 0.6265625 0.0375 0.5421875 0.0296875 0.484375 0.0140625 0.4625 0 0.4546875 0.003125 0.9765625 0.0765625 0.9609375
0 0.5401646999999999 0.343398790625 0.6865430484374999 0.379091378125 0.7400960734375001 0.3683835609375 0.7222450640625 0.3683835609375 0.6901134671875 0.3737374359375 0.615139015625 0.3469679953125 0.609783659375 0.31484468125 0.6115687328125 0.3023522609375 0.579437 0.3023522609375 0.5401646999999999 0.343398790625
0 0.31167187812499997 0.41478396406250007 0.32238245625 0.452261153125 0.352729115625 0.4861691375 0.3937864875 0.50401543125 0.5669412125 0.427276315625 0.5080329671875 0.4022915453125 0.46519052031249997 0.3862298546875 0.409852421875 0.3719528328125 0.2616890015625 0.3951530015625 0.31167187812499997 0.41478396406250007
0 0.0432716171875 1 0.09325449375 0.9882656624999999 0.06647805 0.9507884046875 0 0.9334821453125001 0 1 0.0432716171875 1