1 0.484375 0.68203125 0.1125 0.1453125
1 0.50078125 0.25546875 0.0953125 0.1234375
1 0.2375 0.6296875 0.0796875 0.103125
1 0.61015625 0.17109375 0.090625 0.075
1 0.38359375 0.6171875 0.071875 0.071875
1 0.3484375 0.44921875 0.1015625 0.09375
1 0.3578125 0.340625 0.1015625 0.090625
0 0.41875 1 0.425 0.9859375 0.4375 0.978125 0.44375 0.9453125 0.4609375 0.9234375 0.4671875 0.890625 0.46875 0.79375 0.4234375 0.753125 0.4328125 0.665625 0.44375 0.6328125 0.4546875 0.625 0.4796875 0.625 0.50625 0.5859375 0.5 0.56875 0.45625 0.546875 0.453125 0.4828125 0.459375 0.4671875 0.5078125 0.4078125 0.525 0.40625 0.5328125 0.4375 0.55 0.4421875 0.5765625 0.428125 0.6203125 0.3859375 0.634375 0.3796875 0.659375 0.3234375 0.6859375 0.3 0.70625 0.265625 0.703125 0.2515625 0.684375 0.24375 0.6578125 0.24375 0.63125 0.2484375 0.625 0.2578125 0.6203125 0.3328125 0.6109375 0.3734375 0.603125 0.3828125 0.5828125 0.384375 0.509375 0.3515625 0.4921875 0.353125 0.4796875 0.3640625 0.43125 0.453125 0.409375 0.4734375 0.39375 0.509375 0.384375 0.571875 0.365224903125 0.5914622281249999 0.41520764374999997 0.596816103125 0.41342257031249996 0.6360779609375 0.404050796875 0.644778028125 0.3603158140625 0.635854915625 0.3421875 0.7390625 0.2375 0.9140625 0.21875 0.9609375 0.2171875 1 0.41875 1
0 0.9859375 0 0.984375 0.0140625 0.971875 0.0296875 0.90625 0.0609375 0.8578125 0.1140625 0.83125 0.19375 0.825 0.271875 0.7546875 0.3265625 0.6859375 0.4234375 0.6734375 0.45625 0.6484375 0.5734375 0.64375 0.64375 0.6328125 0.678125 0.6203125 0.6921875 0.6109375 0.69375 0.5609375 0.6859375 0.540625 0.690625 0.5265625 0.7484375 0.503125 0.796875 0.5015625 0.828125 0.509375 0.85 0.509375 0.875 0.4828125 1 1 1 1 0 0.9859375 0
0 0 0.4714285734375 0.027840821874999998 0.439768734375 0.0724683421875 0.4308455875 0.1188809359375 0.4540457546875 0.156368025 0.455830425 0.186714821875 0.4308455875 0.2027806203125 0.41121469218750006 0.186714821875 0.3755221046875 0.19028496875 0.33447564375 0.2117061234375 0.31484468125 0.24562306562499997 0.3291217015625 0.2599039265625 0.321983225 0.318812171875 0.27915209375 0.372365196875 0.2684443453125 0.3866460578125 0.24167490468750003 0.41520764374999997 0.21847473750000002 0.436628934375 0.164935890625 0.399141709375 0.170289696875 0.372365196875 0.2131207953125 0.2599039265625 0.23275175781250002 0.12245108281249999 0.2630904703125 0 0.24167490468750003 0 0.4714285734375
0 0 0 0.0224854640625 0.0168116015625 0.036766325 0.02216554375 0.0653279109375 0.00431925 0.0956745703125 0.00610381875 0.143872375 0.0346578953125 0.156368025 0.045365678124999996 0.10638528437500001 0.03644253125 0.09031934999999999 0.063211971875 0.05818748124999999 0.066781278125 0.034981251562499996 0.0685658453125 0 0.0721351171875 0 0.1991071453125 0.09031934999999999 0.2202593390625 0.1813594640625 0.19170533125 0.26347407500000003 0.15601274375000002 0.3402334640625 0.136381746875 0.3973566359375 0.1435202578125 0.3812907 0.1167508171875 0.40271199218750003 0.1024738640625 0.3402334640625 0.0846275703125 0.304531446875 0.0846275703125 0.352729115625 0.0525041875 0.35629939843749997 0.0203808390625 0.3812907 0.0168116015625 0.41163749687499995 0 0 0
0 0.4491245859375 0.543277221875 0.4919670328125 0.5629081859375 0.5116031140625 0.500446159375 0.57229656875 0.41478396406250007 0.540624959375 0.42232142968749997 0.49910746250000004 0.49152301249999997 0.4491245859375 0.543277221875
0 0.4919670328125 0.13995101875 0.529454121875 0.15601274375000002 0.5490902046875 0.1292433046875 0.5272321015625 0.100892859375 0.5151732609375 0.1131815796875 0.4919670328125 0.13995101875
0 0.4390625 1 0.46875 0.925 0.4734375 0.8484375 0.4609375 0.7875 0.4203125 0.7546875 0.4203125 0.6984375 0.40625 0.6515625 0.35625 0.6421875 0.3375 0.6625 0.3234375 0.6671875 0.315625 0.65 0.2953125 0.65 0.24375 0.696875 0.2171875 0.69375 0.1765625 0.6671875 0.1734375 0.5625 0.171875 0.5515625 0.165625 0.5515625 0.1234375 0.596875 0.103125 0.60625 0.1 0.6390625 0.14375 0.653125 0.1609375 0.6734375 0.175 0.709375 0.16875 0.734375 0.1890625 0.7421875 0.196875 0.753125 0.1984375 0.7703125 0.1875 0.7921875 0.196875 0.81875 0.2140625 0.8359375 0.21875 0.8546875 0.253125 0.8625 0.275 0.8359375 0.278125 0.846875 0.2671875 0.8703125 0.2421875 0.896875 0.234375 0.8890625 0.21875 0.8921875 0.1875 0.9328125 0.1375 0.928125 0.1078125 0.9 0.096875 0.853125 0.10625 0.83125 0.1375 0.8265625 0.171875 0.7984375 0.1734375 0.7875 0.1546875 0.759375 0.1359375 0.8046875 0.121875 0.8078125 0.1140625 0.7984375 0.11875 0.75625 0.103125 0.75 0.0734375 0.7515625 0.071875 0.7921875 0.0234375 0.834375 0.0125 0.8515625 0.0109375 0.884375 0 0.90625 0 1 0.1890625 1 0.2 0.9828125 0.2 0.9703125 0.2046875 0.9703125 0.2046875 0.9828125 0.2109375 0.9890625 0.2078125 1 0.4390625 1
0 0.22911093125 0.5192695281249999 0.22197050156250003 0.5317619125 0.2362513625 0.5487159046875 0.2567799796875 0.5522851765625 0.2674906265625 0.5853007921875 0.27730866718749997 0.5969009109375001 0.2862341703125 0.65222439375 0.291589459375 0.6665014484375 0.325506403125 0.6477628203125 0.319258509375 0.6085009953125 0.3112255421875 0.601362484375 0.30765539375 0.5942239390624999 0.32104365 0.5817315546875 0.28891178125 0.5674545 0.2898043859375 0.5540697796875 0.3023000375 0.522838765625 0.3103330046875 0.5326542484375001 0.3112255421875 0.54336203125 0.325506403125 0.5273003390625 0.33532444375 0.5094540453125 0.32372126093750003 0.4898231671875 0.2692757 0.4719768734375 0.25320976562499997 0.49071545156249996 0.2212053359375 0.4890625015625 0.22911093125 0.5032078703125 0.22911093125 0.5192695281249999