1 0.653125 0.40234375 0.15 0.2359375
1 0.52421875 0.7953125 0.1640625 0.2453125
1 0.625 0.93125 0.178125 0.1375
1 0.7671875 0.13515625 0.13125 0.1515625
1 0.440625 0.51640625 0.1625 0.18125
1 0.8609375 0.8828125 0.2 0.2171875
1 0.16328125 0.3859375 0.1640625 0.3171875
1 0.209375 0.746875 0.2125 0.4875
1 0.43203125 0.234375 0.1515625 0.1484375
1 0.709375 0.0484375 0.090625 0.096875
1 0.1421875 0.1953125 0.1140625 0.178125
1 0.53671875 0.1484375 0.1234375 0.1234375
1 0.98203125 0.08671875 0.0359375 0.1359375
1 0.79375 0.675 0.1984375 0.190625
1 0.9578125 0.50390625 0.084375 0.1640625
1 0.8765625 0.41875 0.1 0.1046875
1 0.30390625 0.05234375 0.1078125 0.1046875
0 0.1609375 0 0.1765625 0.1109375 0.2078125 0.2234375 0.2171875 0.303125 0.2609375 0.48125 0.2640625 0.5328125 0.30625 0.759375 0.309375 0.8046875 0.33125 0.8875 0.3359375 0.9515625 0.3578125 1 0.534375 1 0.5375 0.98125 0.5265625 0.9546875 0.5109375 0.9484375 0.4640625 0.95 0.453125 0.94375 0.425 0.828125 0.425 0.8171875 0.4390625 0.79375 0.440625 0.7578125 0.4671875 0.7265625 0.471875 0.7015625 0.4953125 0.6890625 0.521875 0.646875 0.5265625 0.6171875 0.51875 0.6078125 0.5015625 0.6046875 0.4 0.6140625 0.384375 0.6203125 0.3796875 0.6453125 0.375 0.6203125 0.346875 0.575 0.3296875 0.48125 0.3140625 0.4484375 0.325 0.4125 0.3515625 0.409375 0.36875 0.396875 0.390625 0.3953125 0.4046875 0.3859375 0.4578125 0.3890625 0.471875 0.3796875 0.4765625 0.365625 0.465625 0.3578125 0.446875 0.3578125 0.3671875 0.378125 0.3421875 0.359375 0.2765625 0.340625 0.2625 0.31875 0.265625 0.246875 0.278125 0.2421875 0.2859375 0.2484375 0.2984375 0.284375 0.3078125 0.2921875 0.321875 0.2796875 0.328125 0.2375 0.3578125 0.225 0.365625 0.203125 0.3859375 0.1875 0.3921875 0.1671875 0.4046875 0.1578125 0.4 0.103125 0.3828125 0.0203125 0.3703125 0.0078125 0.353125 0.0078125 0.346875 0.021875 0.3484375 0.0921875 0.359375 0.121875 0.359375 0.1546875 0.265625 0.1796875 0.2515625 0.1421875 0.225 0 0.1609375 0
0 0.5640625 0 0.5640625 0.021875 0.575 0.0375 0.56875 0.0671875 0.58125 0.1015625 0.6328125 0.2078125 0.665625 0.29375 0.6859375 0.303125 0.715625 0.3796875 0.7421875 0.4234375 0.771875 0.521875 0.803125 0.565625 0.8078125 0.5890625 0.8421875 0.5984375 0.8859375 0.6890625 0.890625 0.76875 0.8953125 0.775 0.915625 0.775 0.9234375 0.78125 0.9484375 0.8296875 0.9609375 0.865625 0.940625 0.8828125 0.940625 0.8890625 0.9625 0.921875 0.996875 0.9953125 1 0.7671875 0.965625 0.7453125 0.9265625 0.6859375 0.8953125 0.6125 0.8546875 0.5578125 0.8453125 0.5125 0.8668382031249999 0.49866148906249996 0.8275660390624999 0.4237071109375 0.7990043171875 0.4308455875 0.779368371875 0.3951530015625 0.81149996875 0.40050687500000004 0.78293851875 0.3273371 0.7375 0.3078125 0.696875 0.2421875 0.690625 0.2015625 0.6796875 0.1921875 0.6453125 0.1125 0.63125 0.09375 0.603125 0.08125 0.6 0.0390625 0.5890625 0 0.5640625 0
0 0.70625 0.2234375 0.7125 0.259375 0.7296875 0.2703125 0.7375 0.2875 0.75 0.296875 0.7859375 0.2984375 0.796875 0.2703125 0.7890625 0.2328125 0.771875 0.2171875 0.7328125 0.215625 0.70625 0.2234375
0 1 0.15 0.9796875 0.1265625 0.9625 0.071875 0.9546875 0.0640625 0.934375 0.0625 0.921875 0.05 0.8875 0.046875 0.875 0.0484375 0.8671875 0.059375 0.8765625 0.0828125 0.925 0.1359375 0.934375 0.1328125 0.9390625 0.1203125 0.9515625 0.128125 0.9640625 0.175 0.9609375 0.225 1 0.2296875 1 0.15
0 0.0484375 0.43125 0.0390625 0.4765625 0.059375 0.5328125 0.053125 0.6203125 0.0640625 0.64375 0.078125 0.64375 0.09375 0.6234375 0.103125 0.6390625 0.115625 0.63125 0.1140625 0.54375 0.0875 0.428125 0.0796875 0.415625 0.065625 0.4125 0.0484375 0.43125