1 0.828125 0.9203125 0.1640625 0.159375
1 0.92578125 0.721875 0.1484375 0.359375
1 0.678125 0.628125 0.203125 0.2484375
1 0.84375 0.55234375 0.1078125 0.18125
1 0.91796875 0.46796875 0.1515625 0.15
1 0.57890625 0.3671875 0.096875 0.096875
1 0.45078125 0.38515625 0.1421875 0.1171875
1 0.50390625 0.478125 0.103125 0.128125
1 0.22734375 0.48203125 0.221875 0.1390625
1 0.65546875 0.284375 0.1234375 0.109375
1 0.53203125 0.22109375 0.0640625 0.0609375
1 0.62890625 0.140625 0.0859375 0.03125
1 0.984375 0.27734375 0.03125 0.0625
1 0.0953125 0.16953125 0.053125 0.04375
1 0.14296875 0.1671875 0.05 0.0375
1 0.28046875 0.01953125 0.0421875 0.025
1 0.4765625 0.1890625 0.0390625 0.0609375
1 0.378125 0.24453125 0.0546875 0.0390625
1 0.26171875 0.63359375 0.2203125 0.2734375
1 0.38828125 0.546875 0.084375 0.10625
1 0.8125 0.328125 0.0546875 0.0640625
1 0.9265625 0.21875 0.034375 0.0609375
1 0.9625 0.23046875 0.0375 0.0359375
1 0.86171875 0.16875 0.05 0.0390625
1 0.9703125 0.15546875 0.059375 0.0609375
1 0.57890625 0.1765625 0.065625 0.03125
1 0.21015625 0.19140625 0.0515625 0.06875
1 0.25390625 0.29609375 0.0328125 0.0421875
1 0.21953125 0.28515625 0.0375 0.0671875
1 0.540625 0.27734375 0.0421875 0.0375
1 0.49609375 0.30234375 0.0625 0.0546875
1 0.7203125 0.16875 0.0734375 0.0375
1 0.5171875 0.15546875 0.040625 0.0390625
1 0.33046875 0.05234375 0.0296875 0.0359375
1 0.01953125 0.2015625 0.0390625 0.040625
1 0.071875 0.26171875 0.0515625 0.0328125
1 0.14296875 0.3109375 0.0625 0.0421875
1 0.7015625 0.5140625 0.075 0.0828125
1 0.68359375 0.453125 0.05 0.046875
1 0.59296875 0.4546875 0.0421875 0.0609375
1 0.6765625 0.40625 0.05 0.0546875
0 0.7265625 0.5328125 0.75625 0.559375 0.765625 0.60625 0.775 0.6234375 0.775 0.71875 0.7578125 0.7625 0.7515625 0.8234375 0.7390625 0.8515625 0.7421875 0.8859375 0.7578125 0.9 0.7890625 0.85 0.809375 0.85 0.8390625 0.86875 0.89375 0.921875 0.91875 0.9296875 0.925 0.9171875 0.9234375 0.89375 0.9069435 0.846118753125 0.8894494625 0.8119728578125001 0.86875 0.7625 0.85 0.709375 0.8453125 0.6625 0.8234375 0.64375 0.8140625 0.6140625 0.7921875 0.5765625 0.7859375 0.5484375 0.7640625 0.515625 0.7361688562500001 0.43774618125 0.7111774453125 0.44274312968749996 0.7265625 0.5328125
0 0.51875 1 0.53125 0.984375 0.553125 0.9734375 0.55625 0.921875 0.596875 0.86875 0.6140625 0.8125 0.61875 0.7734375 0.65 0.7375 0.671875 0.725 0.6734375 0.703125 0.665625 0.6921875 0.5734375 0.6375 0.5578125 0.6234375 0.540625 0.5921875 0.4703125 0.5359375 0.4578125 0.51875 0.4546875 0.484375 0.415625 0.48125 0.409375 0.4765625 0.4109375 0.4671875 0.35625 0.4671875 0.365625 0.5046875 0.4046875 0.4984375 0.4140625 0.515625 0.4203125 0.5484375 0.42127704843749997 0.581279734375 0.3646298234375 0.6179241359375001 0.3687950578125 0.65456850625 0.3687950578125 0.6770548421875 0.33713930937500003 0.7020396515625 0.33797234375 0.7311885984375001 0.278125 0.7703125 0.2113491546875 0.8086415375 0.201352615625 0.8003132671875001 0.1828125 0.7875 0.14375 0.746875 0.075 0.6953125 0.046875 0.6875 0 0.653125 0 0.7015625 0.015625 0.7328125 0.071875 0.803125 0.078125 0.8328125 0.1 0.8625 0.1140625 0.8984375 0.1796875 0.9765625 0.184375 1 0.3109375 1 0.3046875 0.990625 0.246875 0.9578125 0.234375 0.9421875 0.23125 0.9234375 0.240625 0.9078125 0.253125 0.90625 0.2921875 0.9296875 0.3125 0.95 0.328125 0.9578125 0.340625 0.9546875 0.35 0.909375 0.3471358484375 0.8680595406249999 0.33214097656249997 0.87888631875 0.33214097656249997 0.8663939125000001 0.340471446875 0.84057625625 0.3328125 0.81875 0.33713930937500003 0.8047647640625 0.3484375 0.784375 0.35625 0.7859375 0.359375 0.8078125 0.370461190625 0.8322479859374999 0.35380025000000004 0.8655610671874999 0.35546631875 0.9055367890625 0.3812907640625 0.8913787234375 0.37296029375 0.8688923875000001 0.3796246953125 0.8555671359374999 0.3887882 0.8588985203125 0.38962123437499996 0.8722236765625 0.3821237984375 0.8872145890625 0.3890625 0.9171875 0.3953125 0.9265625 0.396875 0.9515625 0.40625 0.953125 0.415625 0.925 0.4140625 0.8921875 0.428125 0.884375 0.428125 0.834375 0.471875 0.80625 0.471875 0.7734375 0.4859375 0.75625 0.4890625 0.73125 0.4734375 0.709375 0.4734375 0.6984375 0.478125 0.659375 0.4890625 0.6328125 0.5046875 0.6375 0.5359375 0.6734375 0.534375 0.703125 0.521875 0.7421875 0.5265625 0.778125 0.503125 0.8625 0.50625 0.9296875 0.496875 1 0.51875 1
0 0.4473395125 0.8074023515625001 0.41163749687499995 0.8752183203125 0.4294885046875 0.9073417031250001 0.4562650171875 0.9073417031250001 0.470545740625 0.8716491156249999 0.4919670328125 0.8698643781250001 0.5151732609375 0.9144801109375 0.5419497734375 0.8805722625 0.531239196875 0.7627866859375 0.478124959375 0.7593750015625 0.4473395125 0.8074023515625001
0 0 0.810971690625 0.0224854640625 0.834171790625 0.0599725546875 0.8555874250000001 0.0785713875 0.8285714296875 0.05461733437500001 0.8216794406249999 0.0135599609375 0.768140559375 0.0064195296875 0.7538635390625 0.009989814062500001 0.7360172453125 0.0064195296875 0.7270940984375 0 0.7270940984375 0 0.810971690625
0 1 0.9015625 0.9390625 0.8984375 0.9161069421875 0.9013726546875 0.9069435 0.9505094609375 0.9140625 0.9984375 1 1 0.996875 0.984375 0.934375 0.93125 1 0.971875 1 0.9015625
0 0.7234375 1 0.7265625 0.965625 0.740625 0.946875 0.740625 0.9375 0.715625 0.9078125 0.678125 0.959375 0.6328125 1 0.646875 1 0.678125 0.965625 0.6875 0.9640625 0.6765625 0.9828125 0.678125 1 0.7234375 1
0 0.08125 0.634375 0.09375 0.659375 0.0953125 0.6921875 0.1140625 0.7109375 0.125 0.7140625 0.128125 0.684375 0.146875 0.6734375 0.1625 0.6734375 0.1609375 0.65625 0.15625 0.65 0.1203125 0.6484375 0.1078125 0.628125 0.0859375 0.6265625 0.08125 0.634375
0 0.45 1 0.4390625 0.9671875 0.4109375 0.9453125 0.4015625 0.9453125 0.390625 0.9640625 0.3921875 0.9828125 0.409375 1 0.45 1