1 0.50625 0.38046875 0.08125 0.0625
1 0.159375 0.71015625 0.1671875 0.1359375
1 0.40625 0.51328125 0.1203125 0.1421875
1 0.54375 0.46640625 0.0703125 0.04375
1 0.23984375 0.48984375 0.0671875 0.0578125
1 0.740625 0.48203125 0.121875 0.0984375
1 0.60859375 0.40546875 0.1625 0.0859375
1 0.1515625 0.6078125 0.1953125 0.1453125
1 0.2359375 0.3875 0.0703125 0.0625
1 0.928125 0.46171875 0.0453125 0.0671875
1 0.62734375 0.35234375 0.053125 0.0484375
1 0.82265625 0.41953125 0.075 0.0703125
1 0.728125 0.3640625 0.0625 0.0421875
1 0.14609375 0.296875 0.0609375 0.0421875
1 0.053125 0.41796875 0.0859375 0.0734375
1 0.9515625 0.40859375 0.065625 0.0546875
1 0.64609375 0.478125 0.0953125 0.1078125
1 0.34453125 0.45859375 0.0703125 0.0625
1 0.0328125 0.3578125 0.04375 0.040625
1 0.40859375 0.428125 0.0484375 0.0484375
1 0.13828125 0.4 0.059375 0.0328125
1 0.2734375 0.2671875 0.0515625 0.0234375
1 0.4875 0.33046875 0.140625 0.04375
1 0.190625 0.4734375 0.0390625 0.025
1 0.7109375 0.26796875 0.059375 0.0140625
0 0.296875 0.2921875 0.2953125 0.3125 0.303125 0.31875 0.321875 0.3140625 0.3390625 0.325 0.35 0.3234375 0.353125 0.3171875 0.34375 0.290625 0.328125 0.2859375 0.296875 0.2921875
0 1 0.3484375 0.94375 0.35625 0.8546875 0.353125 0.834375 0.35 0.8296875 0.334375 0.8171875 0.3296875 0.6734375 0.321875 0.65625 0.3265625 0.66875 0.35625 0.7109375 0.3484375 0.7921875 0.359375 0.809375 0.3828125 0.8625 0.3953125 0.8765625 0.4140625 0.875 0.44375 0.8796875 0.4703125 0.8859375 0.4765625 0.9 0.4703125 0.9015625 0.440625 0.915625 0.4265625 0.9265625 0.3796875 0.953125 0.3765625 0.975 0.384375 0.9953125 0.421875 0.990625 0.4328125 0.9671875 0.4515625 0.965625 0.46875 0.9796875 0.4984375 0.984375 0.54375 1 0.5453125 1 0.3484375
0 0 0.4703125 0.0109375 0.484375 0.025 0.5328125 0.021875 0.575 0.03125 0.609375 0.03125 0.6421875 0.0375 0.6484375 0.0515625 0.6421875 0.0546875 0.621875 0.078125 0.6046875 0.2125 0.54375 0.2140625 0.534375 0.2046875 0.5171875 0.171875 0.5078125 0.1171875 0.46875 0.1203125 0.4609375 0.1484375 0.4453125 0.1859375 0.4453125 0.2140625 0.4265625 0.2 0.40625 0.1765625 0.396875 0.165625 0.425 0.1484375 0.4421875 0.1015625 0.425 0.09375 0.4703125 0.078125 0.4859375 0.0578125 0.4765625 0.046875 0.4515625 0 0.4421875 0 0.4703125
0 0.29375 0.3984375 0.2671875 0.4046875 0.2625 0.41875 0.25 0.4265625 0.2390625 0.4234375 0.228125 0.403125 0.16875 0.3953125 0.1671875 0.4234375 0.1515625 0.4375 0.14375 0.46875 0.15 0.475 0.1640625 0.475 0.1984375 0.4546875 0.2078125 0.4546875 0.234375 0.46875 0.2640625 0.4625 0.28125 0.4859375 0.3078125 0.4640625 0.3109375 0.45 0.35625 0.434375 0.3796875 0.440625 0.3859375 0.41875 0.4234375 0.4078125 0.4203125 0.3828125 0.384375 0.3796875 0.3765625 0.3859375 0.375 0.415625 0.35 0.4125 0.34375 0.4078125 0.34375 0.378125 0.334375 0.3734375 0.29375 0.3984375
0 1 0.586940875 0.98920694375 0.49324783437499997 0.9679640921875 0.4870016328125 0.9604667828125001 0.5094879515625 0.9054855640625 0.4994940375 0.8954891515625001 0.4670138265625 0.86549934375 0.45577061875 0.845506328125 0.46326606718749996 0.8080192125 0.4582690859375 0.7917747562499999 0.5219803578125 0.77927905 0.5482144375 0.6893100078125001 0.5182326453125 0.6443253906249999 0.5594575734375 0.5706007078125 0.5344727625 0.5743494578125 0.50823873125 0.5631033046875 0.4994940375 0.5868451640625 0.47825693906250005 0.59059381875 0.46576453281249997 0.5531067015625 0.49074934375 0.5343631421875 0.4870016328125 0.5118709296875 0.4845031421875 0.5118709296875 0.4994940375 0.48562987187499995 0.5232296265625 0.48313076875 0.540718965625 0.44564365156249997 0.5682022671875 0.43064884374999995 0.5682022671875 0.42315134375 0.580694671875 0.42690009375000004 0.584442384375 0.3931617265625 0.6056794828125 0.3181874921875 0.5569590828125001 0.34567800625 0.54696516875 0.34249997187500003 0.49718750156249997 0.3081908890625 0.49074934375 0.22072094999999997 0.5269773390625 0.21197399374999998 0.5432174562500001 0.2432132578125 0.5557098609375 0.2369654046875 0.5931870781249999 0.10201174531249999 0.676886203125 0.107010046875 0.7006217453125 0.20447649375000002 0.6494029015625 0.23571575781249998 0.678135425 0.2307175515625 0.6943755421875 0.10201174531249999 0.7730777343749999 0.07826988593749999 0.7443451640625 0.08326818750000001 0.7156126406250001 0.077020334375 0.7056187265625 0.073271584375 0.673138490625 0.0495298203125 0.663144528125 0.04453151875 0.7181111312499999 0.050779371875 0.763083771875 0.0232887609375 0.7993118609375001 0.0020461 0.859275303125 0 1 1 1 1 0.902998721875 0.9192309156249999 0.8405366953125 1 0.6931263203125 1 0.586940875