1 0.9359375 0.75625 0.046875 0.059375
1 0.5078125 0.6046875 0.0453125 0.040625
1 0.51875 0.4953125 0.0734375 0.0546875
1 0.75 0.90234375 0.096875 0.0703125
1 0.9390625 0.83359375 0.0578125 0.0609375
1 0.6484375 0.7890625 0.0640625 0.0546875
1 0.8578125 0.83203125 0.0625 0.065625
1 0.33984375 0.6578125 0.0578125 0.059375
1 0.75390625 0.82421875 0.059375 0.0625
1 0.8703125 0.7046875 0.06875 0.059375
1 0.484375 0.6578125 0.03125 0.0453125
1 0.98515625 0.89375 0.0296875 0.0625
1 0.81171875 0.6296875 0.0328125 0.0453125
1 0.7375 0.69296875 0.0765625 0.0609375
1 0.91484375 0.61171875 0.0375 0.0421875
1 0.27734375 0.5078125 0.0375 0.0296875
1 0.70234375 0.775 0.0453125 0.046875
1 0.71796875 0.7296875 0.0578125 0.0546875
1 0.94765625 0.6734375 0.0546875 0.053125
1 0.8125 0.584375 0.05 0.0390625
1 0.46484375 0.54765625 0.03125 0.028125
1 0.40234375 0.54921875 0.0234375 0.0234375
1 0.33671875 0.559375 0.028125 0.0296875
1 0.7671875 0.67109375 0.0703125 0.0484375
1 0.2765625 0.67421875 0.03125 0.0390625
1 0.36796875 0.45234375 0.0203125 0.0203125
1 0.59140625 0.4453125 0.021875 0.021875
1 0.61328125 0.4421875 0.0203125 0.0203125
1 0.53828125 0.4359375 0.0203125 0.0203125
1 0.7671875 0.63671875 0.0375 0.028125
1 0.48203125 0.4109375 0.0234375 0.0234375
1 0.5890625 0.96640625 0.053125 0.0671875
1 0.48046875 0.43828125 0.01875 0.025
1 0.45078125 0.4375 0.0203125 0.0203125
1 0.39921875 0.4484375 0.021875 0.025
1 0.35859375 0.43203125 0.0203125 0.01875
1 0.3859375 0.43125 0.0171875 0.0203125
1 0.42265625 0.43984375 0.01875 0.021875
1 0.46015625 0.46640625 0.025 0.0234375
1 0.4359375 0.46953125 0.0171875 0.021875
1 0.4890625 0.46171875 0.01875 0.0203125
1 0.58515625 0.4265625 0.0265625 0.01875
1 0.6375 0.35234375 0.0171875 0.0203125
1 0.61328125 0.34375 0.021875 0.0171875
1 0.7546875 0.3765625 0.028125 0.0234375
1 0.30078125 0.825 0.046875 0.034375
1 0.284375 0.7640625 0.0390625 0.0359375
1 0.3 0.715625 0.0265625 0.040625
1 0.31484375 0.634375 0.0296875 0.034375
1 0.3734375 0.68671875 0.0296875 0.0359375
1 0.4046875 0.6125 0.04375 0.0296875
1 0.53046875 0.57265625 0.0234375 0.0296875
1 0.38828125 0.5078125 0.0359375 0.03125
1 0.365625 0.47578125 0.0203125 0.025
1 0.32265625 0.50546875 0.0328125 0.03125
1 0.27109375 0.53984375 0.0390625 0.028125
1 0.553125 0.328125 0.0359375 0.0171875
1 0.4125 0.31640625 0.025 0.01875
1 0.4078125 0.4265625 0.0171875 0.0203125
1 0.4046875 0.47265625 0.021875 0.0234375
1 0.44765625 0.52578125 0.03125 0.0296875
1 0.41171875 0.5875 0.025 0.028125
1 0.82265625 0.396875 0.040625 0.0296875
1 0.84375 0.5140625 0.0328125 0.034375
1 0.7984375 0.42421875 0.0265625 0.0234375
1 0.871875 0.41875 0.0234375 0.021875
1 0.875 0.51953125 0.028125 0.03125
1 0.928125 0.53671875 0.0265625 0.025
1 0.88828125 0.5640625 0.0359375 0.0375
1 0.98984375 0.84296875 0.0203125 0.0484375
1 0.97734375 0.5109375 0.0375 0.0265625
1 0.91640625 0.43203125 0.0234375 0.0234375
1 0.9625 0.45 0.028125 0.01875
1 0.975 0.465625 0.0328125 0.0234375
1 0.9046875 0.52578125 0.021875 0.021875
1 0.7640625 0.728125 0.046875 0.0515625
0 0.5765625 0.88203125 0.58125 0.86171875 0.58125 0.82265625 0.5703125 0.80859375 0.5625 0.76796875 0.546875 0.74765625 0.540625 0.69140625 0.5734375 0.67109375 0.575 0.65234375 0.58359375 0.640625 0.60703125 0.6390625 0.6140625 0.64765625 0.6125 0.70703125 0.62578125 0.715625 0.640625 0.69765625 0.64375 0.66015625 0.665625 0.65234375 0.6671875 0.60546875 0.675 0.58046875 0.7296875 0.53828125 0.7171875 0.51484375 0.728125 0.48828125 0.7265625 0.45859375 0.7109375 0.42734375 0.68359375 0.403125 0.65546875 0.3984375 0.65078125 0.3875 0.60234375 0.36875 0.56953125 0.371875 0.5640625 0.38984375 0.61015625 0.3921875 0.61328125 0.3984375 0.63984375 0.4078125 0.64609375 0.4234375 0.6625 0.42421875 0.6640625 0.43203125 0.64375 0.44765625 0.64375 0.45546875 0.65546875 0.4671875 0.66328125 0.4625 0.6765625 0.47890625 0.665625 0.53046875 0.6421875 0.56015625 0.62734375 0.56875 0.6171875 0.55859375 0.6125 0.53828125 0.60625 0.50234375 0.609375 0.47109375 0.5796875 0.48671875 0.571875 0.50234375 0.5734375 0.55078125 0.5484375 0.57109375 0.540625 0.60859375 0.5484375 0.61953125 0.546875 0.62734375 0.49765625 0.6859375 0.45390625 0.7265625 0.44296875 0.7296875 0.42421875 0.7546875 0.375 0.79609375 0.353125 0.82890625 0.34375 0.85859375 0.346875 0.91171875 0.309375 0.99921875 0.5171875 0.99921875 0.53125 0.94921875 0.5765625 0.88203125
0 0.41015625 0.2375 0.3765625 0.24296875 0.37890625 0.25625 0.3953125 0.25859375 0.4140625 0.24765625 0.41015625 0.2375
0 0.5046875 0.34609375 0.47265625 0.3328125 0.45546875 0.3390625 0.453125 0.33046875 0.44296875 0.325 0.43828125 0.3359375 0.42421875 0.334375 0.41953125 0.325 0.40390625 0.325 0.39453125 0.34375 0.37734375 0.3390625 0.3609375 0.30703125 0.34453125 0.3046875 0.340625 0.29609375 0.340625 0.28359375 0.35234375 0.275 0.36328125 0.29375 0.37421875 0.296875 0.3796875 0.29140625 0.371875 0.28359375 0.3765625 0.25859375 0.35859375 0.259375 0.35859375 0.24375 0.33125 0.24921875 0.3296875 0.26328125 0.3359375 0.26796875 0.33203125 0.2765625 0.265625 0.29765625 0.26796875 0.3046875 0.29609375 0.3046875 0.30546875 0.3140625 0.32578125 0.315625 0.3328125 0.35078125 0.34453125 0.3578125 0.4453125 0.36171875 0.50078125 0.3609375 0.5046875 0.34609375