1 0.82578125 0.5796875 0.209375 0.1984375
1 0.88046875 0.7640625 0.2390625 0.203125
1 0.09375 0.7578125 0.1875 0.196875
1 0.1203125 0.52578125 0.240625 0.2859375
1 0.23828125 0.21015625 0.175 0.1984375
1 0.19296875 0.3796875 0.19375 0.1515625
1 0.6484375 0.11484375 0.1234375 0.1078125
1 0.809375 0.1484375 0.0546875 0.0703125
1 0.9015625 0.14140625 0.0890625 0.0890625
1 0.7375 0.3296875 0.1421875 0.0875
1 0.7765625 0.4203125 0.171875 0.1171875
1 0.72109375 0.259375 0.134375 0.071875
1 0.69140625 0.203125 0.13125 0.0703125
1 0.1203125 0.09921875 0.0921875 0.0703125
1 0.21328125 0.084375 0.0546875 0.0609375
1 0.31953125 0.11640625 0.0484375 0.0828125
1 0.1515625 0.04375 0.034375 0.0484375
1 0.09375 0.034375 0.0453125 0.053125
0 0.415625 0 0.4109375 0.121875 0.3921875 0.171875 0.3828125 0.1796875 0.3671875 0.1796875 0.346875 0.1703125 0.315625 0.1703125 0.3 0.1796875 0.3 0.2140625 0.3328125 0.228125 0.3484375 0.2625 0.3453125 0.3421875 0.3421875 0.346875 0.3046875 0.35 0.290625 0.3625 0.2703125 0.453125 0.2484375 0.4859375 0.2609375 0.53125 0.2671875 0.53125 0.278125 0.5 0.2890625 0.4890625 0.3 0.5 0.2953125 0.6484375 0.3046875 0.66875 0.303125 0.6828125 0.2734375 0.6984375 0.2640625 0.6984375 0.2296875 0.675 0.128125 0.684375 0.128125 0.696875 0.1484375 0.725 0.1625 0.7375 0.178125 0.7390625 0.184375 0.7484375 0.1828125 0.88125 0.165625 0.971875 0.15 1 0.7109375 1 0.709375 0.978125 0.71875 0.9578125 0.7328125 0.971875 0.778125 0.9609375 0.7921875 0.88125 0.784375 0.8640625 0.765625 0.846875 0.7015625 0.8078125 0.6828125 0.7828125 0.65625 0.7203125 0.63125 0.596875 0.6046875 0.5171875 0.5921875 0.315625 0.5828125 0.284375 0.58125 0.240625 0.5609375 0.203125 0.5234375 0.18125 0.515625 0.1703125 0.5015625 0 0.415625 0
0 0 0.1984375 0.025 0.1953125 0.0359375 0.159375 0.05 0.171875 0.0796875 0.178125 0.096875 0.190625 0.10625 0.225 0.1234375 0.2375 0.115625 0.2640625 0.115625 0.29375 0.125 0.2796875 0.1359375 0.275 0.1625 0.2328125 0.159375 0.2078125 0.1875 0.1625 0.190625 0.13125 0.1796875 0.1296875 0.1625 0.153125 0.1390625 0.1640625 0.084375 0.1625 0.0703125 0.1484375 0.075 0.1125 0.0671875 0.109375 0.028125 0.1484375 0 0.15625 0 0.1984375