1 0.5328125 0.15234375 0.1578125 0.246875
1 0.040625 0.81875 0.08125 0.21875
1 0.37265625 0.659375 0.16875 0.2046875
1 0.428125 0.4890625 0.16875 0.203125
1 0.9296875 0.90234375 0.140625 0.1953125
1 0.32421875 0.10625 0.125 0.153125
1 0.07734375 0.21484375 0.14375 0.1703125
1 0.21484375 0.3921875 0.13125 0.1484375
1 0.82109375 0.31953125 0.15 0.13125
1 0.7515625 0.59765625 0.1359375 0.1671875
1 0.82734375 0.084375 0.0703125 0.0859375
1 0.12890625 0.61328125 0.1328125 0.23125
1 0.66953125 0.86953125 0.175 0.2609375
0 0.1921875 1 0.228125 0.9078125 0.225 0.8921875 0.2 0.8640625 0.1984375 0.8390625 0.228125 0.7859375 0.2765625 0.640625 0.3109375 0.559375 0.3265625 0.49375 0.3546875 0.43125 0.3796875 0.3546875 0.3828125 0.2671875 0.3765625 0.228125 0.365625 0.209375 0.3515625 0.234375 0.328125 0.234375 0.2921875 0.20625 0.284375 0.1890625 0.271875 0.19375 0.2515625 0.178125 0.2453125 0.1671875 0.24375 0.134375 0.25 0.0359375 0.2359375 0.0140625 0.2234375 0.015625 0.215625 0.0265625 0.1796875 0.115625 0.171875 0.1203125 0 0.009375 0.0015625 0.2171875 0.01875 0.21875 0.03125 0.203125 0.0234375 0.153125 0.028125 0.13125 0.0390625 0.121875 0.08125 0.1125 0.146875 0.15625 0.2375 0.1984375 0.2984375 0.2359375 0.3375 0.2890625 0.3203125 0.3921875 0.2984375 0.4078125 0.278125 0.471875 0.2421875 0.5296875 0.0546875 0.3859375 0 0.353125 0 0.428125 0.015625 0.403125 0.0375 0.4140625 0.1125 0.4796875 0.109375 0.5078125 0.1171875 0.5203125 0.1875 0.5765625 0.209375 0.603125 0.225 0.603125 0.234375 0.615625 0.2203125 0.65625 0.2109375 0.6625 0.1984375 0.659375 0.1796875 0.7171875 0.15 0.7765625 0.140625 0.778125 0.1171875 0.765625 0.0859375 0.7296875 0.065625 0.7359375 0.0640625 0.759375 0.078125 0.7796875 0.078125 0.8046875 0.0484375 0.8984375 0.0453125 0.953125 0.0390625 0.9578125 0.025 0.9546875 0 0.9375 0 1 0.1921875 1
0 0.21706148125000002 0.3166293515625 0.284895365625 0.366598959375 0.2884655125 0.3897991265625 0.315242025 0.42906098593750003 0.335267815625 0.350892859375 0.22241683750000002 0.2969983875 0.21706148125000002 0.3166293515625
0 0.143872375 0.3077062046875 0.09031934999999999 0.3683835609375 0.0867490671875 0.3951530015625 0.1652935296875 0.434414859375 0.17243396093750002 0.44869188125 0.19921047187500002 0.482599865625 0.2045658296875 0.455830425 0.193855115625 0.434414859375 0.14030209062500001 0.388014525 0.1652935296875 0.33447564375 0.193855115625 0.28450596875 0.14776781562500002 0.254910715625 0.1420873015625 0.2862906390625 0.143872375 0.3077062046875