1 0.2 0.31171875 0.1890625 0.153125
1 0.59609375 0.509375 0.2296875 0.334375
1 0.33125 0.2734375 0.096875 0.0953125
1 0.959375 0.103125 0.065625 0.078125
1 0.67890625 0.1109375 0.0828125 0.059375
1 0.725 0.0828125 0.046875 0.0359375
1 0.7515625 0.1046875 0.0390625 0.0296875
1 0.81015625 0.125 0.0671875 0.05625
1 0.42109375 0.16484375 0.040625 0.059375
1 0.259375 0.1140625 0.040625 0.05
1 0.06875 0.1734375 0.053125 0.0390625
0 0.74375 1 0.7171875 0.95 0.6921875 0.9375 0.665625 0.9046875 0.6484375 0.8953125 0.609375 0.84375 0.5546875 0.83125 0.5296875 0.8046875 0.51875 0.8046875 0.4984375 0.81875 0.4828125 0.8421875 0.465625 0.834375 0.4359375 0.7734375 0.4328125 0.678125 0.428125 0.6703125 0.3265625 0.659375 0.275 0.6421875 0.271875 0.6296875 0.2796875 0.6171875 0.3453125 0.6 0.359375 0.584375 0.3578125 0.5703125 0.3421875 0.559375 0.353125 0.478125 0.321875 0.4421875 0.315625 0.3875 0.175 0.3921875 0.0765625 0.4046875 0.0484375 0.403125 0.0375 0.3953125 0.0484375 0.3796875 0.0625 0.3734375 0.1171875 0.3640625 0.121875 0.340625 0.190625 0.2828125 0.2140625 0.2515625 0.15625 0.25625 0.1203125 0.2421875 0.115625 0.2265625 0.090625 0.215625 0 0.2125 0 1 0.74375 1
0 1 0.328125 0.98125 0.31875 0.9671875 0.2921875 0.953125 0.2875 0.9046875 0.290625 0.86875 0.2796875 0.865625 0.3 0.88125 0.3078125 0.8796875 0.315625 0.940625 0.3203125 0.95625 0.3328125 1 0.35 1 0.328125
0 0.7828125 0.225 0.6453125 0.1859375 0.6375 0.20625 0.66875 0.2109375 0.6828125 0.228125 0.740625 0.2609375 0.821875 0.296875 0.8265625 0.259375 0.8109375 0.2484375 0.8203125 0.2515625 0.8265625 0.2390625 0.8265625 0.190625 0.7859375 0.184375 0.7828125 0.225