1 0.96015625 0.6296875 0.0796875 0.1609375
1 0.446875 0.0921875 0.0953125 0.053125
1 0.68203125 0.6234375 0.090625 0.096875
1 0.06328125 0.10859375 0.121875 0.10625
1 0.27421875 0.13203125 0.175 0.2609375
1 0.63984375 0.23828125 0.2171875 0.1359375
1 0.8796875 0.11171875 0.0671875 0.0671875
0 1 0.9359375 0.9828125 0.915625 0.975 0.846875 0.9609375 0.796875 0.95625 0.7265625 0.928125 0.684375 0.9359375 0.5703125 0.9453125 0.5640625 0.975 0.5625 0.9859375 0.5515625 1 0.5484375 0.9953125 0.4375 0.9671875 0.378125 0.9484375 0.353125 0.9421875 0.275 0.91875 0.2046875 0.9078125 0.196875 0.8609375 0.190625 0.85 0.2015625 0.8578125 0.2953125 0.8579126984375 0.3648142890625 0.85 0.415625 0.83125 0.4234375 0.821875 0.415625 0.8171875 0.3125 0.8140625 0.2953125 0.8078125 0.2921875 0.79375 0.30625 0.7796875 0.3671875 0.7640625 0.559375 0.7359375 0.659375 0.7234375 0.6671875 0.6546875 0.6609375 0.6125 0.6640625 0.5953125 0.68125 0.5890625 0.7125 0.575 0.7234375 0.5421875 0.7125 0.4953125 0.6796875 0.4328125 0.65625 0.421875 0.634375 0.3796875 0.5984375 0.35625 0.5671875 0.3234375 0.559375 0.2828125 0.5328125 0.2546875 0.5 0.215625 0.4890625 0.1765625 0.4609375 0.15625 0.4546875 0.1328125 0.4171875 0.115625 0.40625 0.1109375 0.390625 0.065625 0.384375 0.0484375 0.35625 0 0.3421875 0 0.6296875 0.0140625 0.6265625 0.01875 0.61875 0.0203125 0.5828125 0.046875 0.5734375 0.0796875 0.5359375 0.0890625 0.5359375 0.1 0.5703125 0.11875 0.5828125 0.128125 0.6015625 0.115625 0.6609375 0.0890625 0.7203125 0.090625 0.75 0.0734375 0.7359375 0.0484375 0.6859375 0.028125 0.66875 0.0140625 0.6796875 0.0140625 0.7109375 0.040625 0.7421875 0.04375 0.7875 0.05 0.8015625 0.0640625 0.8109375 0.078125 0.846875 0.1 0.8640625 0.1265625 0.915625 0.1515625 0.9390625 0.175 1 0.25 1 0.253125 0.9609375 0.2640625 0.9375 0.2421875 0.8859375 0.196875 0.84375 0.1703125 0.796875 0.15 0.778125 0.15 0.7390625 0.159375 0.6953125 0.1859375 0.66875 0.2015625 0.6671875 0.234375 0.7125 0.2640625 0.728125 0.28125 0.7234375 0.29375 0.7109375 0.309375 0.7328125 0.315625 0.7609375 0.328125 0.7796875 0.3421875 0.7765625 0.3546875 0.7609375 0.365625 0.7625 0.3859375 0.7921875 0.409375 0.8609375 0.409375 0.884375 0.3953125 0.9234375 0.3875 0.9765625 0.3625 1 1 1 1 0.9359375
0 0.78472345625 0.3166293515625 0.7811533093749999 0.3844452515625 0.834706334375 0.3683835609375 0.861482846875 0.3737374359375 0.8561274890625 0.2773674921875 0.840061690625 0.25773652812500003 0.840061690625 0.188135990625 0.8174106734375 0.1901785734375 0.800789528125 0.2238286109375 0.78472345625 0.3166293515625
0 0.1777893171875 0.22204394062500002 0.193855115625 0.21133619218750002 0.1974253984375 0.19705913749999998 0.14776781562500002 0.20803571562499998 0.1777893171875 0.22204394062500002
0 0.2545485703125 0.2630904703125 0.27239957812500004 0.266659675 0.2866804390625 0.2773674921875 0.3420185375 0.25773652812500003 0.2973910171875 0.25059805156250003 0.299176090625 0.239890234375 0.24151781562500002 0.23258928750000002 0.22777205781249998 0.24881338125000002 0.2545485703125 0.2630904703125
0 0.4397528140625 0.2807136671875 0.33532444375 0.3155139359375 0.33666317968750004 0.33447564375 0.3937864875 0.31306007812500003 0.42413314687500003 0.318413953125 0.436628934375 0.3023522609375 0.48125645468749995 0.295213784375 0.49375210625 0.3077062046875 0.48839675 0.325552496875 0.5008925375 0.330906371875 0.524098765625 0.3326909734375 0.609783659375 0.3558911421875 0.67895635 0.3726220890625 0.6794026171875001 0.3844452515625 0.7097492765625 0.391583728125 0.7276002859374999 0.3541065390625 0.7097492765625 0.3469679953125 0.675832334375 0.34518339375 0.649055821875 0.343398790625 0.5937177250000001 0.343398790625 0.57229656875 0.33982951875 0.57229656875 0.321983225 0.5348094796875 0.321983225 0.5383796265624999 0.29878305781250003 0.5383796265624999 0.2684443453125 0.44867831718750006 0.2628673734375 0.4397528140625 0.2807136671875
0 0.5486440046875 0.4109916125 0.5388258953125 0.41366854999999997 0.52633024375 0.407422340625 0.5316855328125001 0.4306225421875 0.5316855328125001 0.46274585625000003 0.5423961109375 0.46720742968750006 0.549536540625 0.49576150625000004 0.5584620453125 0.5153924359375 0.5522141515625 0.543946478125 0.5647098703125 0.54751581875 0.5745279109375 0.5153924359375 0.58523855625 0.526100184375 0.5923789187499999 0.5002230796875 0.6075523171875 0.475238275 0.6138001421875 0.46185355625 0.6378989765624999 0.4796998484375 0.6530724421875 0.5091462265625 0.6655680937499999 0.52877715625 0.7039477875 0.4154531859375 0.6771712765625 0.40117613125 0.6593202671875 0.43508411562499993 0.641469259375 0.43508411562499993 0.6363839078125 0.412053571875 0.603089565625 0.4306225421875 0.5486440046875 0.4109916125
0 0.404050796875 0.3797605984375 0.41119122812500003 0.40563770468750004 0.417439053125 0.4904075984375 0.431719846875 0.49576150625000004 0.44867831718750006 0.43954568906249997 0.45849635781250003 0.4448995625 0.47366975624999996 0.4154531859375 0.47545482968749997 0.3949299546875 0.4354910515625 0.38191964375 0.41922419531250005 0.38065289999999996 0.404050796875 0.3797605984375
0 0.9003142109375 0.17655489375 0.87767853125 0.1589285734375 0.8592568375 0.16941645156250001 0.9003142109375 0.17655489375