1 0.21171875 0.52421875 0.1 0.153125
1 0.49453125 0.4125 0.1265625 0.0890625
1 0.0703125 0.55390625 0.103125 0.1140625
1 0.06953125 0.43046875 0.0765625 0.10625
1 0.1921875 0.3328125 0.0640625 0.0765625
1 0.6125 0.4 0.084375 0.065625
1 0.07890625 0.30859375 0.05625 0.0609375
1 0.02578125 0.30859375 0.0515625 0.0640625
1 0.38125 0.43828125 0.0484375 0.1
1 0.30234375 0.49921875 0.075 0.1234375
1 0.31875 0.35546875 0.0375 0.0359375
1 0.2203125 0.36640625 0.0484375 0.0484375
1 0.17734375 0.41328125 0.0609375 0.0359375
1 0.1296875 0.47421875 0.071875 0.0765625
1 0.55234375 0.21484375 0.040625 0.0703125
1 0.90390625 0.30546875 0.05 0.053125
1 0.796875 0.50546875 0.05625 0.125
1 0.38046875 0.34921875 0.0546875 0.03125
1 0.3390625 0.44609375 0.0484375 0.125
1 0.03359375 0.625 0.0671875 0.1328125
1 0.0234375 0.45625 0.046875 0.059375
1 0.06875 0.37265625 0.05 0.0390625
1 0.41328125 0.4140625 0.0328125 0.05
0 0.46015625 0.69375 0.48671875 0.6890625 0.49609375 0.66875 0.52890625 0.65625 0.58046875 0.653125 0.5859375 0.64453125 0.584375 0.61640625 0.59296875 0.6109375 0.603125 0.61484375 0.603125 0.64921875 0.61484375 0.6515625 0.6234375 0.63671875 0.6203125 0.58828125 0.61328125 0.5828125 0.58828125 0.5828125 0.5796875 0.56015625 0.609375 0.52265625 0.51015625 0.496875 0.44921875 0.540625 0.428125 0.57421875 0.4078125 0.58671875 0.3953125 0.61640625 0.3828125 0.69921875 0.384375 0.71015625 0.3953125 0.71328125 0.43828125 0.70625 0.46015625 0.69375
0 0.68984375 0.9703125 0.63828125 0.95625 0.59453125 0.9625 0.57734375 0.975 0.55390625 0.978125 0.53515625 0.978125 0.51796875 0.9671875 0.43828125 0.965625 0.43125 0.97109375 0.4234375 0.99765625 0.7515625 0.99921875 0.70234375 0.96875 0.68984375 0.9703125