1 0.38671875 0.88046875 0.125 0.1578125
1 0.82265625 0.6859375 0.0984375 0.13125
1 0.49375 0.73984375 0.109375 0.1046875
1 0.6359375 0.46171875 0.1484375 0.0984375
1 0.85625 0.96015625 0.0953125 0.0703125
1 0.51640625 0.86171875 0.121875 0.1421875
1 0.92421875 0.63515625 0.1 0.125
1 0.74296875 0.64453125 0.0640625 0.128125
1 0.6125 0.584375 0.159375 0.1203125
1 0.565625 0.3296875 0.078125 0.0875
1 0.69921875 0.9578125 0.0703125 0.084375
1 0.6015625 0.69140625 0.0875 0.0984375
1 0.95703125 0.8171875 0.0859375 0.159375
1 0.6203125 0.85625 0.078125 0.1046875
1 0.84296875 0.3390625 0.090625 0.05625
1 0.89296875 0.88125 0.0671875 0.1171875
1 0.65390625 0.20546875 0.05625 0.0390625
1 0.6546875 0.28125 0.071875 0.0515625
1 0.54765625 0.1890625 0.0484375 0.053125
1 0.76171875 0.78359375 0.0609375 0.0828125
1 0.53828125 0.25 0.1546875 0.0703125
1 0.78515625 0.91015625 0.1171875 0.1078125
1 0.965625 0.16875 0.04375 0.034375
1 0.80546875 0.54921875 0.0578125 0.071875
1 0.965625 0.47578125 0.06875 0.071875
1 0.77109375 0.45234375 0.0890625 0.096875
1 0.884375 0.1125 0.071875 0.040625
1 0.7765625 0.1203125 0.059375 0.0359375
1 0.921875 0.2328125 0.0703125 0.059375
1 0.90625 0.265625 0.0625 0.0359375
1 0.72109375 0.1765625 0.0390625 0.0328125
1 0.59296875 0.14140625 0.0296875 0.0375
1 0.475 0.15 0.040625 0.0359375
1 0.80703125 0.065625 0.0578125 0.021875
1 0.8734375 0.06328125 0.0359375 0.034375
1 0.69375 0.0296875 0.04375 0.0328125
1 0.85859375 0.03203125 0.034375 0.025
1 0.715625 0.2453125 0.04375 0.0546875
1 0.75703125 0.36015625 0.040625 0.0375
1 0.8453125 0.43515625 0.053125 0.1015625
1 0.56796875 0.03671875 0.0296875 0.0234375
1 0.971875 0.025 0.05625 0.025
1 0.84140625 0.14765625 0.0390625 0.0265625
1 0.9296875 0.1796875 0.0328125 0.0234375
1 0.65625 0.1515625 0.0296875 0.0328125
1 0.69921875 0.07734375 0.0421875 0.028125
1 0.77578125 0.07890625 0.040625 0.021875
1 0.56015625 0.0828125 0.0484375 0.0234375
1 0.06328125 0.0109375 0.0515625 0.021875
1 0.85 0.25859375 0.046875 0.05625
1 0.87109375 0.52890625 0.05625 0.0546875
1 0.93203125 0.43984375 0.0546875 0.0375
1 0.9625 0.375 0.046875 0.065625
1 0.9828125 0.2859375 0.034375 0.0375
1 0.7359375 0.115625 0.03125 0.0359375
0 0.5421875 0.01171875 0.52890625 0.00625 0.51640625 0.0203125 0.48828125 0.025 0.47421875 0.0234375 0.46328125 0.0140625 0.39296875 0.021875 0.384375 0.02578125 0.3796875 0.04140625 0.490625 0.05390625 0.53203125 0.0296875 0.5421875 0.01171875
0 0.3375 0.08359375 0.34296875 0.0734375 0.35390625 0.0734375 0.36171875 0.090625 0.38203125 0.084375 0.39296875 0.1 0.40859375 0.10625 0.42421875 0.1046875 0.459375 0.08203125 0.44609375 0.0765625 0.20859375 0.0609375 0.17421875 0.06875 0.159375 0.11328125 0.13828125 0.1203125 0.1171875 0.14296875 0.12265625 0.1796875 0.3375 0.17890625 0.3421875 0.10703125 0.3375 0.08359375
0 0 0.99921875 0.13515625 1 0.14140625 0.9921875 0.14921875 1 0.2328125 0.99921875 0.25859375 0.978125 0.27890625 0.9875 0.2984375 0.98515625 0.3015625 0.81640625 0.3203125 0.81640625 0.315625 0.85078125 0.34140625 0.8609375 0.36015625 0.83125 0.39140625 0.80625 0.41171875 0.8 0.434375 0.77734375 0.4390625 0.71484375 0.44609375 0.70625 0.46875 0.69921875 0.4765625 0.64609375 0.5125 0.61171875 0.525 0.58515625 0.525 0.55703125 0.5484375 0.53359375 0.55 0.50390625 0.5578125 0.49453125 0.5546875 0.46484375 0.54453125 0.4625 0.534375 0.44921875 0.5421875 0.41015625 0.5390625 0.39765625 0.51875 0.38671875 0.515625 0.36953125 0.5046875 0.35546875 0.503125 0.34609375 0.5203125 0.33359375 0.521875 0.31953125 0.51484375 0.3125 0.50234375 0.3171875 0.49609375 0.3015625 0.45546875 0.2875 0.43515625 0.2640625 0.4078125 0.24765625 0.40625 0.22578125 0.37421875 0.203125 0.34296875 0.2078125 0.31484375 0.2328125 0.30390625 0.2296875 0.29140625 0.209375 0.26953125 0.2015625 0.22734375 0.2046875 0.21328125 0.2125 0.2078125 0.22734375 0.19921875 0.2328125 0.17578125 0.2296875 0.1703125 0.21328125 0.15078125 0.203125 0.12109375 0.2 0.09765625 0.2046875 0.09375 0.21640625 0.109375 0.22734375 0.1140625 0.24921875 0.10625 0.26328125 0.0890625 0.27421875 0.0921875 0.33359375 0.0640625 0.44296875 0.0578125 0.45703125 0.03125 0.47578125 0.025 0.49140625 0 0.50703125 0 0.99921875