1 0.90546875 0.725 0.1484375 0.2578125
1 0.05078125 0.48671875 0.0640625 0.115625
1 0.77109375 0.04609375 0.121875 0.0921875
1 0.84765625 0.2890625 0.215625 0.2453125
1 0.10234375 0.19921875 0.134375 0.275
1 0.359375 0.23828125 0.090625 0.18125
1 0.3921875 0.63125 0.1671875 0.3375
1 0.7234375 0.628125 0.1234375 0.225
1 0.57421875 0.7515625 0.146875 0.28125
1 0.559375 0.27734375 0.121875 0.2046875
0 0.62584959375 0 0.5758667156249999 0.00610381875 0.6579813265625 0.2131207953125 0.6597665359375 0.19170533125 0.6811879640625 0.20955162500000002 0.6936833421874999 0.20598228437500002 0.7008237734375 0.19170533125 0.7204598546875001 0.18635138906249998 0.7329556421875 0.2041976828125 0.7240301375 0.22739788437500003 0.7079644765625 0.23632103125 0.6918982687499999 0.2898599109375 0.7008237734375 0.3112754078125 0.7293853593749999 0.4237071109375 0.7936489609375 0.45047655156250005 0.80971503125 0.47367671875 0.7097492765625 0.43263025781250003 0.7079644765625 0.3933683984375 0.7061791296875 0.3576758125 0.6883281218749999 0.3237678265625 0.6740472609375 0.33447564375 0.645485675 0.3237678265625 0.636560171875 0.3576758125 0.615139015625 0.409430021875 0.470545740625 0.3897991265625 0.4491245859375 0.3773067078125 0.46162023750000003 0.3291217015625 0.49375210625 0.3237678265625 0.490181959375 0.270228946875 0.490181959375 0.21847473750000002 0.5026776109375 0.19170533125 0.49375210625 0.17921284375 0.458050090625 0.1506588015625 0.4687606671875 0.10604306875 0.4544799421875 0.088196775 0.4526947328125 0.061427334374999996 0.474116025 0.038227132812499995 0.46697559375 0.013242396875000001 0.41342257031249996 0.009673090625 0.33666317968750004 0.031088690625 0.350944040625 0.0417964046875 0.34737389375 0.0757044234375 0.315242025 0.079273628125 0.3063165203125 0.1292433046875 0.30988666875000004 0.17921284375 0.3438036109375 0.170289696875 0.3420185375 0.148874165625 0.3920014140625 0.154228040625 0.40628213906250005 0.3112754078125 0.40628213906250005 0.3469679953125 0.38843113125 0.343398790625 0.338448390625 0.34518339375 0.31167187812499997 0.3773067078125 0.22420191093750003 0.3683835609375 0.22598698437500003 0.3505372671875 0.2545485703125 0.31306007812500003 0.2599039265625 0.295213784375 0.19028496875 0.300567659375 0.1849296109375 0.325552496875 0.18314453749999998 0.366598959375 0.0885342765625 0.366598959375 0 0.350892859375 0 0.4540457546875 0.033196042187500004 0.455830425 0.0528322609375 0.445122609375 0.079608771875 0.466538175 0.186714821875 0.48795374062499997 0.24740813906249998 0.477245990625 0.2759698625 0.4808151953125 0.31167187812499997 0.49509228437499997 0.3205973828125 0.512938578125 0.4491245859375 0.5058000328125 0.458050090625 0.534354075 0.470545740625 0.5611235156250001 0.490181959375 0.5700466625 0.5080329671875 0.634293359375 0.5972880078125 0.6146623953125 0.61335380625 0.5932468984375 0.6329900234375 0.568262196875 0.6329900234375 0.5379233484375 0.6579813265625 0.518292453125 0.7400960734375001 0.5290002015625 0.7936489609375 0.555769640625 0.861482846875 0.578969809375 0.927531521875 0.6128779296875 0.9757294609375 0.81275629375 0.9828697562500001 0.8484488796875 1 0.868079775 1 0.7717098328125 0.9810845468749999 0.6396473703125001 1 0.6450011078125 1 0.5397080187500001 0.8757637078125 0.4897383421875 0.8704083499999999 0.47189204843750004 0.83827648125 0.3773067078125 0.8222106828125 0.3719528328125 0.806144884375 0.40407614687500004 0.7615173640624999 0.391583728125 0.749021440625 0.3773067078125 0.7293853593749999 0.22204394062500002 0.7436664921875 0.200628478125 0.774013015625 0.200628478125 0.802574465625 0.18635138906249998 0.8775489171874999 0.1774282421875 0.8989700718750001 0.1720743328125 0.9043254296875001 0.1595819484375 0.893614715625 0.1274586 0.8882593578125 0.1078276703125 0.8829040015625 0.0739197203125 0.8686234125000001 0.063211971875 0.8543425515624999 0.027519384375 0.861482846875 0.002534546875 0.78472345625 0 0.8239958921874999 0.061427334374999996 0.8150703890625 0.0846275703125 0.7525918609375 0.0935507171875 0.70439405625 0 0.62584959375 0
0 1 0.4171875 0.9640625 0.3546875 0.9625 0.3390625 0.9359375 0.2828125 0.921875 0.28125 0.91875 0.29375 0.9359375 0.334375 0.9203125 0.3578125 0.8984375 0.375 0.89375 0.396875 0.9140625 0.4078125 0.928125 0.4375 0.9546875 0.4390625 0.96875 0.4484375 0.975 0.4625 0.975 0.4953125 1 0.503125 1 0.4171875
0 0.965625 0.128125 0.9390625 0.171875 0.9390625 0.19375 0.946875 0.2703125 0.9859375 0.3640625 1 0.38125 0.9984375 0.115625 0.965625 0.128125
0 0.7668724484375 0.530784871875 0.749021440625 0.5397080187500001 0.78293851875 0.6771244234375 0.806144884375 0.8074023515625001 0.8293509765625 0.8966338171875 0.8293509765625 0.8413103359375 0.7668724484375 0.530784871875
0 0.8418469 0.8145408953125 0.8525573421875 0.7931253984375 0.8454170484375 0.7645714234375001 0.8561274890625 0.743155721875 0.8257808296875 0.6271548140625 0.832921396875 0.6200163390625 0.8352678156250001 0.5875000015625 0.7936489609375 0.58253908125 0.8418469 0.8145408953125