1 0.76796875 0.22578125 0.2203125 0.1765625
1 0.81484375 0.43515625 0.2453125 0.175
1 0.96015625 0.26015625 0.0796875 0.1328125
1 0.9375 0.6296875 0.125 0.1203125
1 0.92421875 0.121875 0.1515625 0.1328125
0 0.4328125 0.2265625 0.4328125 0.2484375 0.4421875 0.33125 0.453125 0.34375 0.45625 0.3625 0.46875 0.575 0.475 0.5828125 0.4953125 0.58125 0.5 0.5875 0.503125 0.6234375 0.4984375 0.6515625 0.49375 0.65625 0.465625 0.6546875 0.453125 0.665625 0.4203125 0.621875 0.4234375 0.465625 0.41875 0.4609375 0.375 0.45625 0.36875 0.5046875 0.359375 0.51875 0.3375 0.5296875 0.2921875 0.528125 0.278125 0.5375 0.2734375 0.5578125 0.278125 0.56875 0.3359375 0.575 0.3484375 0.5828125 0.3515625 0.6296875 0.3484375 0.640625 0.3015625 0.640625 0.290625 0.646875 0.2828125 0.678125 0.2625 0.696875 0.25625 0.7625 0.25625 0.909375 0.265625 0.915625 0.3015625 0.903125 0.3125 0.8796875 0.3234375 0.825 0.334375 0.809375 0.390625 0.8078125 0.4015625 0.8125 0.4140625 0.8328125 0.4140625 0.8625 0.403125 0.909375 0.41875 0.9078125 0.425 0.925 0.4421875 0.91875 0.4484375 0.73125 0.496875 0.709375 0.5203125 0.6875 0.5453125 0.640625 0.55 0.6109375 0.5578125 0.5984375 0.55625 0.5671875 0.521875 0.4953125 0.5125 0.3328125 0.50625 0.321875 0.4828125 0.3125 0.478125 0.2265625 0.440625 0.2203125 0.4328125 0.2265625
0 0.41520764374999997 0.44869188125 0.399141709375 0.4808151953125 0.4294885046875 0.58253908125 0.4687606671875 0.568262196875 0.4866116765625 0.452261153125 0.46026781562499997 0.4044642875 0.434843725 0.41299929375 0.41520764374999997 0.44869188125
0 0.55 0.6875 0.5484375 0.7 0.55 0.7203125 0.559375 0.7390625 0.5828125 0.7421875 0.6046875 0.7609375 0.61875 0.740625 0.6390625 0.734375 0.6359375 0.6875 0.571875 0.6875 0.5625 0.6828125 0.55 0.6875
0 0.2421875 1 0.2109375 0.9703125 0.1734375 0.9484375 0.1765625 0.9390625 0.19375 0.9296875 0.2375 0.925 0.2421875 0.9171875 0.24375 0.775 0.2390625 0.765625 0.2234375 0.7640625 0.1984375 0.7734375 0.1890625 0.7921875 0.1734375 0.8 0.1671875 0.8125 0.2 0.859375 0.196875 0.884375 0.1421875 0.8875 0.134375 0.9015625 0.1203125 0.8890625 0.103125 0.8890625 0.090625 0.9046875 0.084375 0.9046875 0.071875 0.8875 0.0703125 0.865625 0.0796875 0.834375 0.1015625 0.8140625 0.1 0.803125 0.053125 0.8015625 0 0.790625 0 1 0.2421875 1
0 0.653125 0.6765625 0.653125 0.7078125 0.6734375 0.721875 0.684375 0.79375 0.6765625 0.8046875 0.65 0.81875 0.6015625 0.8203125 0.5984375 0.8640625 0.6015625 0.871875 0.6703125 0.8703125 0.6765625 0.8859375 0.7015625 0.8875 0.7125 0.85 0.7125 0.6890625 0.6859375 0.6640625 0.6625 0.6625 0.653125 0.6765625
0 0.4546875 0.9140625 0.4734375 0.9125 0.4828125 0.9234375 0.5 0.9171875 0.50625 0.9234375 0.5109375 0.915625 0.5359375 0.915625 0.5484375 0.9078125 0.5765625 0.9109375 0.5921875 0.9 0.5953125 0.8734375 0.5921875 0.8609375 0.5796875 0.8484375 0.559375 0.8515625 0.5484375 0.865625 0.4890625 0.8671875 0.4828125 0.85625 0.484375 0.8203125 0.4515625 0.81875 0.4546875 0.9140625