1 0.44140625 0.06484375 0.08125 0.1125
1 0.75078125 0.26171875 0.0671875 0.096875
1 0.584375 0.14921875 0.05 0.0953125
1 0.9625 0.6125 0.075 0.1609375
1 0.49609375 0.0890625 0.05625 0.08125
1 0.68515625 0.03359375 0.084375 0.0671875
1 0.0953125 0.94765625 0.1453125 0.1046875
1 0.5765625 0.0234375 0.06875 0.046875
1 0.25625 0.38046875 0.08125 0.11875
1 0.35390625 0.39453125 0.0765625 0.1
1 0.4109375 0.43828125 0.0984375 0.134375
1 0.48515625 0.47265625 0.0953125 0.121875
1 0.64609375 0.50078125 0.1015625 0.14375
1 0.7984375 0.57265625 0.096875 0.1359375
1 0.67109375 0.16328125 0.0984375 0.1078125
1 0.8875 0.05234375 0.090625 0.1046875
1 0.7921875 0.03125 0.078125 0.0625
1 0.071875 0.234375 0.084375 0.1078125
1 0.19921875 0.665625 0.1390625 0.203125
1 0.33046875 0.69140625 0.1296875 0.2109375
1 0.4375 0.67890625 0.1015625 0.1484375
1 0.83671875 0.87109375 0.1765625 0.2578125
1 0.31484375 0.9328125 0.1203125 0.134375
1 0.78515625 0.16484375 0.071875 0.09375
1 0.98125 0.225 0.0375 0.08125
1 0.31875 0.28984375 0.0859375 0.0828125
1 0.140625 0.10625 0.0796875 0.0828125