1 0.0734375 0.103125 0.065625 0.0765625
1 0.79609375 0.3625 0.3765625 0.428125
1 0.21171875 0.08671875 0.0421875 0.05
1 0.246875 0.559375 0.2859375 0.6375
1 0.11953125 0.06484375 0.0375 0.0609375
1 0.27109375 0.1890625 0.1015625 0.0953125
1 0.0390625 0.20390625 0.078125 0.059375
1 0.146875 0.20546875 0.071875 0.0703125
1 0.2140625 0.19453125 0.0546875 0.0734375
1 0.334375 0.15 0.0921875 0.0578125
1 0.4328125 0.14921875 0.0953125 0.05625
0 0.69140625 1 0.69375 0.96484375 0.684375 0.94921875 0.6921875 0.88671875 0.703125 0.86640625 0.72109375 0.85625 0.74375 0.86328125 0.76875 0.91328125 0.7734375 0.97734375 0.76328125 0.9890625 0.71796875 0.9875 0.71484375 1 0.86875 0.99921875 0.86875 0.97265625 0.84375 0.93515625 0.78515625 0.9046875 0.7796875 0.89609375 0.78125 0.85859375 0.81875 0.82734375 0.8203125 0.79609375 0.78984375 0.7921875 0.77578125 0.784375 0.765625 0.76171875 0.77890625 0.74375 0.81171875 0.7375 0.8140625 0.73046875 0.76171875 0.7234375 0.70234375 0.703125 0.67265625 0.703125 0.61640625 0.6640625 0.609375 0.65234375 0.609375 0.61640625 0.59609375 0.6015625 0.584375 0.60078125 0.565625 0.56796875 0.5671875 0.55078125 0.57578125 0.54375 0.584375 0.55078125 0.5859375 0.56171875 0.5953125 0.56328125 0.596875 0.51171875 0.59140625 0.5109375 0.57890625 0.5265625 0.57109375 0.525 0.46640625 0.4640625 0.4734375 0.50703125 0.46640625 0.515625 0.44765625 0.5140625 0.43125 0.49296875 0.4328125 0.48203125 0.453125 0.47109375 0.4546875 0.45859375 0.43046875 0.4390625 0.42109375 0.4515625 0.4171875 0.42578125 0.39609375 0.41875 0.384375 0.42421875 0.3875 0.43515625 0.3828125 0.43984375 0.3859375 0.60546875 0.3953125 0.63203125 0.390625 0.65390625 0.39375 0.73203125 0.38125 0.74921875 0.375 0.81953125 0.359375 0.82734375 0.3359375 0.88984375 0.32421875 0.9 0.30234375 0.9 0.28359375 0.884375 0.20859375 0.871875 0.14609375 0.8734375 0.10546875 0.85 0.09375 0.85390625 0.09375 0.88359375 0.10390625 0.8921875 0.125 0.89453125 0.121875 0.93828125 0.1078125 0.95859375 0.12421875 1 0.146875 0.99921875 0.1484375 0.95390625 0.15703125 0.934375 0.1625 0.93828125 0.16640625 1 0.64765625 1 0.65546875 0.990625 0.65859375 1 0.69140625 1
0 0.584375 0.51171875 0.57890625 0.528125 0.5703125 0.52890625 0.5796875 0.53671875 0.5625 0.54453125 0.5625 0.56171875 0.57890625 0.54375 0.584375 0.56484375 0.596875 0.56953125 0.59609375 0.50625 0.584375 0.51171875
0 0.59609375 0.4125 0.59765625 0.4046875 0.52421875 0.396875 0.4765625 0.37890625 0.4765625 0.35859375 0.49375 0.34453125 0.49140625 0.3140625 0.47578125 0.3171875 0.45234375 0.3390625 0.43984375 0.3375 0.4265625 0.34921875 0.43203125 0.3578125 0.41484375 0.3609375 0.40703125 0.353125 0.39375 0.35703125 0.41171875 0.3734375 0.41640625 0.3625 0.4203125 0.38046875 0.45234375 0.4015625 0.45546875 0.4125 0.45625 0.37421875 0.4375 0.35703125 0.45390625 0.3625 0.4625 0.37578125 0.4625 0.41796875 0.50546875 0.44375 0.5109375 0.44296875 0.5109375 0.41484375 0.52890625 0.409375 0.54375 0.41796875 0.55390625 0.4390625 0.584375 0.44453125 0.5859375 0.41484375 0.59609375 0.4125
0 0.41015625 0.29375 0.42421875 0.2953125 0.4234375 0.29140625 0.39140625 0.2890625 0.34609375 0.321875 0.3375 0.33359375 0.35078125 0.346875 0.3625 0.34609375 0.4140625 0.29921875 0.41015625 0.29375
0 0.39140625 0.275 0.41640625 0.2796875 0.44140625 0.2640625 0.46953125 0.2640625 0.465625 0.25234375 0.47109375 0.2578125 0.478125 0.25546875 0.46875 0.24609375 0.47421875 0.2359375 0.484375 0.23515625 0.4859375 0.25234375 0.48125 0.25546875 0.49140625 0.2578125 0.49453125 0.265625 0.4984375 0.22890625 0.41328125 0.2375 0.30859375 0.26875 0.2953125 0.28359375 0.2984375 0.29296875 0.32890625 0.2921875 0.3359375 0.31328125 0.38515625 0.290625 0.39140625 0.275