1 0.54921875 0.66328125 0.1640625 0.228125
1 0.509375 0.13203125 0.0921875 0.1328125
1 0.93046875 0.20390625 0.1390625 0.2078125
1 0.734375 0.7390625 0.1734375 0.240625
1 0.8765625 0.85234375 0.228125 0.2828125
1 0.28203125 0.5390625 0.1671875 0.2171875
1 0.21484375 0.26640625 0.15625 0.171875
1 0.821875 0.28828125 0.1390625 0.190625
1 0.74765625 0.0390625 0.1078125 0.078125
1 0.6046875 0.08671875 0.140625 0.1734375
1 0.69375 0.48671875 0.2625 0.1640625
1 0.95390625 0.4296875 0.0921875 0.1609375
1 0.77109375 0.17109375 0.128125 0.0890625
0 0.803125 0 0.8078125 0.040625 0.8421875 0.0796875 0.8484375 0.1125 0.859375 0.1109375 0.8796875 0.0859375 0.8984375 0.0453125 0.95 0.025 0.9671875 0.0046875 0.9671875 0 0.803125 0
0 0.1609375 0.025 0.1703125 0.0375 0.1703125 0.0546875 0.1609375 0.0671875 0.1703125 0.0765625 0.203125 0.0765625 0.240625 0.040625 0.3375 0.0375 0.375 0.0015625 0.1609375 0 0.1609375 0.025
0 0 0.44375 0.0546875 0.4359375 0.0875 0.4546875 0.140625 0.465625 0.203125 0.43125 0.2171875 0.4171875 0.2171875 0.390625 0.1921875 0.3703125 0.175 0.34375 0.128125 0.325 0.1140625 0.325 0.0953125 0.3015625 0.0734375 0.2984375 0.025 0.303125 0.009375 0.31875 0 0.3390625 0 0.44375
0 0.9359375 0.3359375 0.9015625 0.378125 0.8625 0.390625 0.8265625 0.384375 0.78125 0.3671875 0.759375 0.3515625 0.678125 0.3296875 0.6546875 0.33125 0.590625 0.3625 0.559375 0.3578125 0.4921875 0.334375 0.471875 0.3359375 0.4671875 0.3453125 0.48125 0.3703125 0.534375 0.3890625 0.5578125 0.4140625 0.5828125 0.428125 0.634375 0.43125 0.6453125 0.4234375 0.6859375 0.425 0.696875 0.4203125 0.759375 0.4234375 0.8453125 0.4546875 0.921875 0.41875 0.9609375 0.39375 0.9875 0.3625 1 0.3578125 0.996875 0.3046875 0.9359375 0.3359375
0 0.9140625 1 0.909375 0.9875 0.7734375 0.9203125 0.7359375 0.9140625 0.7078125 0.9265625 0.69375 0.9265625 0.55625 0.859375 0.4953125 0.821875 0.4578125 0.81875 0.41875 0.775 0.375 0.7453125 0.3609375 0.7046875 0.3296875 0.6625 0.1671875 0.5859375 0.1453125 0.55625 0.1 0.56875 0.0671875 0.5875 0.053125 0.5859375 0.0453125 0.5734375 0.0453125 0.553125 0.028125 0.5203125 0.0015625 0.5125 0 0.7109375 0.0171875 0.7171875 0.0765625 0.759375 0.090625 0.8125 0.13125 0.8234375 0.134375 0.8734375 0.128125 0.8859375 0.1140625 0.8953125 0.075 0.9015625 0.0515625 0.915625 0.0265625 0.9171875 0.0109375 0.9390625 0 0.971875 0 1 0.1640625 1 0.171875 0.990625 0.1921875 0.9828125 0.2390625 0.9390625 0.28125 0.925 0.3015625 0.940625 0.3265625 0.940625 0.3421875 0.9546875 0.3796875 0.9546875 0.3953125 0.9734375 0.440625 0.984375 0.453125 1 0.9140625 1
0 0.450909659375 0.7574327421875 0.4866116765625 0.7913407953125 0.5116031140625 0.7966946015625 0.5490902046875 0.7627866859375 0.4424106734375 0.6834821453125 0.42770343125 0.7038938625 0.450909659375 0.7574327421875
0 0.6918982687499999 0.9002031578125 0.74545129375 0.8716491156249999 0.7365257890625 0.853802821875 0.7133195609375 0.8520180843749999 0.5763392453125 0.7794642875 0.5330242703125 0.8198948375 0.6918982687499999 0.9002031578125
0 0.3705801234375 0 0.318812171875 0.0400118375 0.2884655125 0.0739197203125 0.19207004218749998 0.114966215625 0.0992448546875 0.1328125078125 0.0635428375 0.13995101875 0 0.1589285734375 0 0.2238286109375 0.0135599609375 0.2131207953125 0.04390675625 0.2131207953125 0.0760384890625 0.23632103125 0.0992448546875 0.239890234375 0.09745978125 0.295213784375 0.12066600937500001 0.3023522609375 0.1295915140625 0.2809367640625 0.12245108281249999 0.25059805156250003 0.1313765875 0.1952745359375 0.1706488859375 0.1720743328125 0.22063162812499998 0.19884377343749998 0.24740813906249998 0.1899206265625 0.2813250828125 0.1524434046875 0.28311015624999997 0.1167508171875 0.28311015624999997 0.079273628125 0.3277376765625 0.0685658453125 0.37593547968749996 0.11139701093750001 0.40628213906250005 0.13995101875 0.420563 0.1952745359375 0.4544799421875 0.17921284375 0.4562650171875 0.114966215625 0.4187779265625 0.1328125078125 0.41163749687499995 0.1167508171875 0.46162023750000003 0.088196775 0.46519052031249997 0.07035048125 0.5116031140625 0.056073426562499994 0.5080329671875 0.045365678124999996 0.5419497734375 0.0168116015625 0.5901475781250001 0.0293039859375 0.65262610625 0 0.54730513125 0 0.372365196875 0.0953352859375 0.35629939843749997 0.079273628125 0.516958471875 0 0.4759010984375 0 0.3705801234375 0
0 0.8436318375 0.1524434046875 0.8953999250000001 0.1274586 0.8441963875 0.07633928749999999 0.7990043171875 0.1292433046875 0.8436318375 0.1524434046875
0 0.5776517906249999 0.5539850390625001 0.62584959375 0.5468464953125001 0.649055821875 0.6039547828125 0.649055821875 0.6360779609375 0.66333695625 0.6450011078125 0.7276002859374999 0.6021700453125 0.649055821875 0.55220036875 0.6169240890625 0.5200770546875 0.6209821015625 0.5026785734375 0.5847922203125 0.5290002015625 0.5776517906249999 0.5539850390625001