1 0.0921875 0.27578125 0.171875 0.16875
1 0.20546875 0.1828125 0.103125 0.0984375
1 0.74609375 0.79140625 0.2859375 0.3140625
1 0.384375 0.03359375 0.10625 0.0671875
1 0.1953125 0.50859375 0.0890625 0.115625
1 0.74375 0.54140625 0.1015625 0.1015625
1 0.44296875 0.44765625 0.084375 0.0671875
1 0.109375 0.04140625 0.1921875 0.078125
1 0.953125 0.2359375 0.09375 0.209375
1 0.4140625 0.60625 0.1234375 0.1328125
1 0.14375 0.87578125 0.1671875 0.165625
1 0.50859375 0.121875 0.128125 0.1109375
1 0.62578125 0.2109375 0.2140625 0.1328125
1 0.296875 0.0890625 0.1046875 0.075
1 0.61015625 0.4390625 0.203125 0.2609375
1 0.30078125 0.41953125 0.196875 0.1609375
1 0.84765625 0.09609375 0.0921875 0.0859375
1 0.97734375 0.034375 0.0453125 0.06875
0 1 0.3875 0.9859375 0.3703125 0.9828125 0.353125 0.965625 0.3390625 0.896875 0.3296875 0.725 0.2875 0.678125 0.2828125 0.434375 0.23125 0.428125 0.215625 0.4265625 0.175 0.4453125 0.15625 0.453125 0.125 0.49375 0.08125 0.51875 0.0703125 0.5515625 0.040625 0.5859375 0.0015625 0.509375 0 0.5 0.015625 0.478125 0.0265625 0.471875 0.0578125 0.45625 0.0703125 0.415625 0.078125 0.40625 0.0671875 0.3875 0.0609375 0.3578125 0.0671875 0.353125 0.090625 0.3578125 0.1015625 0.3703125 0.10625 0.39375 0.1015625 0.403125 0.1125 0.403125 0.1265625 0.3625 0.171875 0.3296875 0.19375 0.328125 0.21875 0.3359375 0.2421875 0.3546875 0.2671875 0.4125 0.2828125 0.43125 0.284375 0.44375 0.275 0.465625 0.2734375 0.53125 0.2921875 0.60625 0.29375 0.6453125 0.3125 0.6859375 0.3203125 0.70625 0.33125 0.721875 0.3296875 0.73125 0.3375 0.7328125 0.3671875 0.7609375 0.3828125 0.80625 0.3859375 0.8640625 0.3796875 0.9125 0.39375 0.95 0.3953125 0.9625 0.403125 0.9765625 0.4515625 0.9734375 0.5203125 0.9109375 0.70625 0.8890625 0.8109375 0.8515625 0.9109375 0.846875 0.94375 0.8671875 1 1 1 1 0.3875
0 0.7734375 1 0.7484375 0.9765625 0.7125 0.9640625 0.6921875 0.9359375 0.65625 0.9078125 0.625 0.896875 0.5703125 0.9015625 0.5609375 0.896875 0.5515625 0.875 0.5515625 0.83125 0.54375 0.8203125 0.515625 0.8109375 0.478125 0.825 0.39375 0.759375 0.3671875 0.7484375 0.3375 0.70625 0.290625 0.7046875 0.2625 0.696875 0.2296875 0.684375 0.1890625 0.6546875 0.175 0.6078125 0.1546875 0.56875 0.15 0.490625 0.165625 0.4625 0.225 0.3921875 0.246875 0.3453125 0.278125 0.3390625 0.2859375 0.33125 0.2875 0.3140625 0.278125 0.30625 0.2265625 0.3015625 0.2234375 0.290625 0.2296875 0.278125 0.2171875 0.2625 0.175 0.2546875 0.1703125 0.275 0.1734375 0.3296875 0.1171875 0.4015625 0.090625 0.45625 0.0765625 0.4625 0.0609375 0.459375 0.0578125 0.415625 0.0484375 0.4015625 0.025 0.3984375 0.015625 0.4078125 0.01875 0.475 0.0140625 0.4984375 0.0234375 0.515625 0.0375 0.521875 0 0.5453125 0 0.7125 0.021875 0.715625 0.0328125 0.709375 0.0328125 0.6953125 0.025 0.690625 0.015625 0.6671875 0.01875 0.6375 0.0265625 0.63125 0.0640625 0.6296875 0.0765625 0.6796875 0.0671875 0.709375 0.0765625 0.715625 0.0828125 0.75 0.1203125 0.78125 0.125 0.796875 0.1484375 0.7953125 0.1484375 0.7578125 0.165625 0.7359375 0.2 0.7234375 0.2140625 0.728125 0.2125 0.7546875 0.1765625 0.7953125 0.1765625 0.8078125 0.1984375 0.8484375 0.2265625 0.8796875 0.25 0.8671875 0.296875 0.8671875 0.309375 0.884375 0.3125 0.921875 0.328125 0.9265625 0.334375 0.9390625 0.3859375 0.9859375 0.3921875 1 0.7734375 1
0 0.0028493828124999997 0.1952745359375 0.068898059375 0.21133619218750002 0.0831789203125 0.200628478125 0.13316179687500002 0.1685050953125 0.1420873015625 0.1435202578125 0.13673194375 0.1345971109375 0.0778235625 0.1292433046875 0.0385514 0.1078276703125 0.00267853125 0.100892859375 0.0028493828124999997 0.1952745359375
0 0.07068326875 0.0864121390625 0.0528322609375 0.10604306875 0.068898059375 0.1131815796875 0.101029928125 0.10604306875 0.1313765875 0.1078276703125 0.186714821875 0.10961230625 0.2045658296875 0.1238893625 0.2384826359375 0.122104725 0.24205291875 0.0864121390625 0.26347407500000003 0.059642698437499996 0.284895365625 0.032873259375000005 0.30988666875000004 0.023950112500000002 0.315242025 0.00074994375 0.2652591484375 0.00610381875 0.2313423421875 0.03644253125 0.193855115625 0.054288825 0.1849296109375 0.031088690625 0.1924106734375 0.004910715625 0.11352557968749999 0.059642698437499996 0.07068326875 0.0864121390625
0 0.2349124890625 0.2434595078125 0.2670443578125 0.2648750734375 0.279540009375 0.23275175781250002 0.284895365625 0.19884377343749998 0.3170270984375 0.170289696875 0.33666317968750004 0.148874165625 0.318812171875 0.13816645156250001 0.29560594375 0.1631511875 0.26882943125000003 0.1631511875 0.22142853125 0.2147321453125 0.206350903125 0.2256132140625 0.2349124890625 0.2434595078125
0 0.8150703890625 0.1774282421875 0.8239958921874999 0.2024130453125 0.83827648125 0.19705913749999998 0.8454170484375 0.166720459375 0.861482846875 0.1470895984375 0.8489871953125 0.136381746875 0.7928571015625 0.13437500156249998 0.7650875109374999 0.166720459375 0.8150703890625 0.1774282421875
0 0.834706334375 0.2684443453125 0.83827648125 0.2559519265625 0.8436318375 0.23275175781250002 0.8222106828125 0.22739788437500003 0.802574465625 0.22739788437500003 0.7794642453125 0.22142857343750003 0.7561620078125 0.252382653125 0.834706334375 0.2684443453125