1 0.58203125 0.95546875 0.0734375 0.0890625
1 0.2015625 0.6 0.1359375 0.1296875
1 0.20859375 0.428125 0.1109375 0.1234375
1 0.88203125 0.41015625 0.1078125 0.0578125
1 0.040625 0.353125 0.0546875 0.046875
1 0.96328125 0.240625 0.0734375 0.05
1 0.58125 0.309375 0.0765625 0.059375
1 0.74140625 0.36640625 0.10625 0.071875
1 0.528125 0.384375 0.075 0.0484375
1 0.62421875 0.35546875 0.09375 0.04375
1 0.85 0.240625 0.0453125 0.059375
1 0.73515625 0.2609375 0.0546875 0.0421875
1 0.40234375 0.275 0.0421875 0.046875
1 0.303125 0.1984375 0.0640625 0.040625
1 0.640625 0.2390625 0.0515625 0.040625
1 0.57421875 0.24609375 0.065625 0.040625
1 0.98046875 0.4 0.034375 0.0953125
0 0.98125 1 0.9671875 0.928125 0.940625 0.903125 0.925 0.871875 0.89375 0.8578125 0.865625 0.8703125 0.8421875 0.86875 0.746875 0.8328125 0.7171875 0.8328125 0.6921875 0.8125 0.709375 0.775 0.7078125 0.765625 0.6359375 0.7359375 0.6234375 0.7140625 0.6234375 0.68125 0.65 0.65625 0.65625 0.6109375 0.640625 0.5703125 0.625 0.55625 0.625 0.54375 0.78125 0.5046875 0.9375 0.509375 0.9578125 0.49375 0.9625 0.453125 0.95625 0.44375 0.9390625 0.440625 0.840625 0.45625 0.734375 0.4171875 0.71875 0.4171875 0.7078125 0.421875 0.684375 0.4734375 0.5765625 0.4828125 0.5515625 0.475 0.5328125 0.4484375 0.4921875 0.4296875 0.4859375 0.41875 0.390625 0.415625 0.3859375 0.4453125 0.4046875 0.4765625 0.4390625 0.5984375 0.440625 0.6828125 0.4734375 0.75 0.5046875 0.875 0.5171875 0.9078125 0.5296875 0.9234375 0.5765625 0.921875 0.609375 1 0.98125 1
0 0 0.3237678265625 0.0403364734375 0.300567659375 0.07068326875 0.305921534375 0.093889496875 0.305921534375 0.0992448546875 0.2773674921875 0.1117405046875 0.2648750734375 0.12066600937500001 0.24881338125000002 0.14030209062500001 0.239890234375 0.152797878125 0.252382653125 0.152797878125 0.2773674921875 0.17243396093750002 0.305921534375 0.18314453749999998 0.3077062046875 0.2009955453125 0.2862906390625 0.19207004218749998 0.266659675 0.167078603125 0.2595211984375 0.18314453749999998 0.23632103125 0.1706488859375 0.22204394062500002 0.147442521875 0.21133619218750002 0.093889496875 0.21847473750000002 0.0403364734375 0.21133619218750002 0.001064309375 0.2166900671875 0 0.26130580000000003 0 0.3237678265625
1 0 0.99921875 0.2359375 0.99921875 0.24609375 0.990625 0.25625 0.99296875 0.259375 0.96796875 0.2828125 0.93828125 0.2796875 0.90703125 0.26875 0.88984375 0.28359375 0.8703125 0.2953125 0.86484375 0.2921875 0.80546875 0.284375 0.80390625 0.2859375 0.78515625 0.27890625 0.778125 0.265625 0.77734375 0.265625 0.74609375 0.22109375 0.74375 0.2078125 0.76015625 0.2171875 0.78515625 0.20625 0.79453125 0.203125 0.80703125 0.209375 0.83984375 0.20078125 0.853125 0.16640625 0.86875 0.14140625 0.8421875 0.11015625 0.8609375 0.10234375 0.871875 0.09453125 0.8421875 0.09140625 0.8609375 0.07578125 0.853125 0.071875 0.85859375 0.07421875 0.86875 0.08359375 0.8625 0.0921875 0.87265625 0.07734375 0.8765625 0.06640625 0.89375 0.05703125 0.8953125 0.0390625 0.87890625 0.0375 0.85390625 0.0234375 0.83203125 0.0234375 0.78359375 0.053125 0.75703125 0.0390625 0.73828125 0.04375 0.68203125 0.03046875 0.675 0 0.70078125 0 0.99921875