1 0.41640625 0.80234375 0.090625 0.2078125
1 0.2234375 0.7703125 0.08125 0.171875
1 0.11875 0.88828125 0.078125 0.140625
1 0.03671875 0.81328125 0.059375 0.1328125
1 0.4421875 0.9546875 0.1203125 0.090625
1 0.54453125 0.78671875 0.0609375 0.159375
1 0.6390625 0.809375 0.0453125 0.125
1 0.72578125 0.80078125 0.065625 0.1359375
1 0.94140625 0.7515625 0.1171875 0.18125
1 0.79609375 0.49296875 0.103125 0.1703125
1 0.646875 0.353125 0.0640625 0.10625
1 0.59140625 0.35234375 0.04375 0.0890625
1 0.509375 0.46640625 0.0703125 0.1328125
1 0.20859375 0.53359375 0.0578125 0.103125
1 0.1109375 0.45859375 0.0890625 0.1296875
1 0.01953125 0.48203125 0.0390625 0.1609375
1 0.5109375 0.1765625 0.071875 0.1359375
1 0.41171875 0.03984375 0.05 0.0796875
1 0.53515625 0.02578125 0.0875 0.0515625
1 0.80625 0.06875 0.0578125 0.0875
1 0.921875 0.18359375 0.0671875 0.09375
1 0.9796875 0.27421875 0.040625 0.140625
1 0.97265625 0.49609375 0.0546875 0.1109375
1 0.36484375 0.321875 0.059375 0.1
1 0.3515625 0.49140625 0.0609375 0.1546875
1 0.41640625 0.53359375 0.0734375 0.1203125
1 0.1921875 0.17734375 0.0453125 0.0796875
1 0.0796875 0.34140625 0.06875 0.1140625
1 0.21875 0.0390625 0.046875 0.078125
1 0.46796875 0.02421875 0.0390625 0.046875
1 0.596875 0.4859375 0.05 0.1109375
1 0.7 0.47421875 0.065625 0.146875
1 0.87265625 0.45 0.0515625 0.078125
1 0.8796875 0.09140625 0.0671875 0.071875
0 0.2660713875 0 0.233127415625 0.0810582640625 0.24562306562499997 0.1024738640625 0.284895365625 0.047150279687500005 0.318812171875 0.07748899218750001 0.3241675296875 0.1256739640625 0.2938208703125 0.122104725 0.27061450468750003 0.1435202578125 0.2759698625 0.166720459375 0.2973910171875 0.18635138906249998 0.31167187812499997 0.18635138906249998 0.325952603125 0.23632103125 0.32238245625 0.2684443453125 0.2759698625 0.2684443453125 0.22955713125 0.270228946875 0.22063162812499998 0.300567659375 0.2545485703125 0.31484468125 0.26347407500000003 0.3291217015625 0.3027463734375 0.3273371 0.2973910171875 0.4022915453125 0.3027463734375 0.44690727812500003 0.2973910171875 0.47903059375 0.29560594375 0.5111539078125 0.2902505859375 0.5236463265625 0.2813250828125 0.49152301249999997 0.2652591484375 0.4897383421875 0.25633364375 0.5200770546875 0.24205291875 0.58253908125 0.22955713125 0.5986007718749999 0.1545829515625 0.5807544796874999 0.1313765875 0.5468464953125001 0.1170958625 0.5290002015625 0.0653279109375 0.5236463265625 0.07068326875 0.482599865625 0.047476903125 0.452261153125 0.008204740625 0.5700466625 0 0.5718313328125 0 0.7502942671875 0.06711298437499999 0.7413711203125 0.0724683421875 0.6878322390625 0.0564024078125 0.67533995625 0.0760384890625 0.6717705484375001 0.09745978125 0.6789090921875001 0.0992448546875 0.6860475687500001 0.0956745703125 0.72174015625 0.101029928125 0.748509596875 0.0813938453125 0.79491 0.0831789203125 0.810971690625 0.10638528437500001 0.8216794406249999 0.147442521875 0.8216794406249999 0.1548441859375 0.8238993750000001 0.1581531 0.8520180843749999 0.1456574484375 0.955526640625 0.0992448546875 0.9644497875000001 0.0760384890625 0.9662343890624999 0.0831789203125 0.8930646140625 0 0.8966338171875 0 1 0.38307591093750004 1 0.37593547968749996 0.980511478125 0.358084471875 0.9769421375 0.350944040625 0.89841855625 0.365224903125 0.894849215625 0.3705801234375 0.7592174125 0.37415040624999996 0.71103254375 0.4169927171875 0.7056785328124999 0.4544799421875 0.7056785328124999 0.48839675 0.7824176484375001 0.4794712453125 0.8198948375 0.46162023750000003 0.8270333828125 0.4526947328125 0.89841855625 0.4942583265625 0.9070753453125 0.4955371796875 0.91091090625 0.5026776109375 1 0.52052861875 0.912695509375 0.5580157078125 0.980511478125 0.5758667156249999 0.9305418031249999 0.5955027984375 0.955526640625 0.5812220734375 0.9965731703125 0.6240645203125 1 0.6508410328124999 0.9590958453124999 0.66512175625 0.9822960796875 0.6740472609375 0.9055569640625001 0.7008237734375 0.9162648499999999 0.6918982687499999 1 0.8507724046874999 1 0.832921396875 0.9216186562500001 0.832921396875 0.8484488796875 0.8275660390624999 0.7824176484375001 0.7990043171875 0.666416809375 0.77216035625 0.6732687421875 0.806144884375 0.6503549828125 0.8543425515624999 0.628939484375 0.8686234125000001 0.64321650625 0.9632335375000001 0.6325086890625 0.9989355546875001 0.7592174125 0.9989355546875001 0.5504157671875001 0.9435975921875001 0.5504157671875001 0.9114657234375001 0.5397080187500001 0.9346720890625001 0.5950316359375 0.8953999250000001 0.6110931921875 0.8686234125000001 0.58253908125 0.774013015625 0.5861084890625 0.7436664921875 0.49866148906249996 0.7168899796875 0.5022307609375 0.7133195609375 0.5379233484375 0.6972536265625 0.5629081859375 0.656196253125 0.573615934375 0.6544111796875 0.4683228453125 0.6169240890625 0.47903059375 0.6240645203125 0.512938578125 0.6187091625 0.55220036875 0.579437 0.5611235156250001 0.579437 0.5861084890625 0.563371065625 0.5896776265625 0.524098765625 0.600385375 0.48304152812499995 0.596816103125 0.4866116765625 0.5361387453125 0.458050090625 0.5325694734375 0.4562650171875 0.5914622281249999 0.3795056265625 0.5986007718749999 0.3795056265625 0.5718313328125 0.32238245625 0.5629081859375 0.3277376765625 0.40764542031250006 0.33487810625000003 0.361245084375 0.3330930328125 0.2720136171875 0.36165461875 0.270228946875 0.38307591093750004 0.22739788437500003 0.3902162046875 0.166720459375 0.3491589671875 0.1720743328125 0.3795056265625 0.1435202578125 0.42770343125 0.1256739640625 0.44376922968750004 0.1631511875 0.4794712453125 0.23810563281250002 0.4866116765625 0.24167490468750003 0.46162023750000003 0.3897991265625 0.4794712453125 0.4022915453125 0.42413314687500003 0.3808759796875 0.409852421875 0.40764542031250006 0.4187779265625 0.44690727812500003 0.41342257031249996 0.46118430000000005 0.4455544390625 0.47546132031250005 0.4794712453125 0.4593996984375 0.48482660156249996 0.3897991265625 0.5419497734375 0.391583728125 0.550875278125 0.434414859375 0.583007146875 0.41121469218750006 0.5651561390625 0.3933683984375 0.5615859921874999 0.318413953125 0.536594553125 0.25059805156250003 0.49375210625 0.24167490468750003 0.4687606671875 0.148874165625 0.4919670328125 0.118535453125 0.5151732609375 0.1274586 0.516958471875 0.14530489375 0.52052861875 0.14530489375 0.5330242703125 0.131027871875 0.5437349828125 0.1042584328125 0.583007146875 0.06499657343750001 0.6115687328125 0.06499657343750001 0.6294197406250001 0.1238893625 0.6276346671875 0.1435202578125 0.6079985859375 0.1524434046875 0.5955027984375 0.1774282421875 0.6276346671875 0.20776692031250002 0.6508410328124999 0.2202593390625 0.682972765625 0.1899206265625 0.668692040625 0.1577973125 0.6901134671875 0.1256739640625 0.70439405625 0.12032015781250001 0.7293853593749999 0.118535453125 0.7472363671875 0.0953352859375 0.7561620078125 0.0757044234375 0.7436664921875 0.05785813125 0.7133195609375 0.079273628125 0.7079644765625 0.088196775 0.6883281218749999 0.0828428671875 0.66690683125 0.054288825 0.645485675 0.054288825 0.6472707484375 0.0293039859375 0.7008237734375 0.0203808390625 0.7222450640625 0.015026965625 0.7383108625 0 0.5776517906249999 0 0.5847922203125 0.023950112500000002 0.4562650171875 0.0685658453125 0.4187779265625 0.0953352859375 0.38843113125 0.0721351171875 0.3634396921875 0 0.2660713875 0
0 1 1 0.996875 0.8359375 0.9515625 0.84375 0.940625 0.853125 0.940625 0.875 0.9546875 0.9 0.953125 0.9671875 0.959375 1 1 1
0 0.8203125 0 0.8328125 0.0359375 0.8453125 0.04375 0.8484375 0.053125 0.8890625 0.046875 0.9046875 0.0796875 0.95 0.0484375 0.978125 0.059375 1 0.059375 1 0.0296875 0.9859375 0.0171875 0.965625 0.015625 0.9625 0 0.8203125 0