1 0.17890625 0.1390625 0.3578125 0.278125
1 0.534375 0.08359375 0.10625 0.0875
1 0.79375 0.41640625 0.2578125 0.2296875
1 0.4265625 0.22578125 0.271875 0.0828125
1 0.4296875 0.27734375 0.1125 0.0734375
1 0.91953125 0.1984375 0.1609375 0.196875
1 0.76015625 0.14453125 0.24375 0.0875
1 0.64140625 0.075 0.0890625 0.0703125
1 0.42890625 0.11015625 0.11875 0.0953125
1 0.9515625 0.05078125 0.096875 0.0859375
0 0.5039758453125 1 0.50624784375 0.9404625796875001 0.4539780875 0.925 0.4602280875 0.8984375 0.4539780875 0.8796875 0.4461655875 0.8765625 0.4289780875 0.890625 0.4305405875 0.9109375 0.41960308749999997 0.94375 0.4040102515625 0.955226365625 0.38810660937499997 0.9870251640625 0.3653871453125 0.9631760437500001 0.358571321875 0.9381912671875 0.35289145624999996 0.915477803125 0.3426676796875 0.9211561703125 0.3426676796875 0.968854409375 0.3358518578125 0.9745327765624999 0.3142683484375 0.9756684312499999 0.302908615625 1 0.5039758453125 1
0 1 0.871875 0.9171875 0.834375 0.853125 0.821875 0.8515625 0.8296875 0.8703125 0.840625 0.9140625 0.8921875 0.9171875 0.903125 0.90625 0.9109375 0.8859375 0.90625 0.85 0.909375 0.84375 0.925 0.83125 0.9328125 0.8109375 0.9203125 0.7421875 0.928125 0.709375 0.915625 0.7015625 0.915625 0.69375 0.928125 0.6484375 0.93125 0.6375 0.928125 0.625 0.8890625 0.6300689453125 0.8689151328125 0.5914458375 0.8564227437499999 0.5641824625 0.8609654546875 0.56191055 0.838251990625 0.542598953125 0.8280309140625001 0.5017039343749999 0.8462017109375 0.4948881125 0.864372509375 0.49375 0.884375 0.4875 0.9171875 0.5015625 0.96875 0.4984375 1 1 1 1 0.871875
0 0.453125 0.5125 0.4484375 0.5359375 0.4359375 0.54375 0.4375 0.5546875 0.3828125 0.56875 0.3828125 0.58125 0.3703125 0.6 0.3546875 0.60625 0.3421875 0.621875 0.30625 0.634375 0.3046875 0.6515625 0.3453125 0.6875 0.35 0.7328125 0.35625 0.7390625 0.3734375 0.73125 0.378125 0.734375 0.3859375 0.79375 0.4328125 0.79375 0.4453125 0.76875 0.453125 0.721875 0.4640625 0.715625 0.4765625 0.7796875 0.5109375 0.81875 0.5578125 0.80625 0.5609375 0.778125 0.5671875 0.771875 0.5828125 0.7796875 0.5890625 0.8171875 0.6515625 0.821875 0.659375 0.834375 0.7 0.8234375 0.671875 0.784375 0.671875 0.76875 0.7046875 0.7953125 0.7125 0.8125 0.734375 0.8046875 0.7421875 0.79375 0.74375 0.6796875 0.753125 0.66875 0.753125 0.659375 0.6578125 0.646875 0.653125 0.6546875 0.6546875 0.740625 0.64375 0.7421875 0.6390625 0.73125 0.640625 0.65 0.628125 0.6390625 0.584375 0.6390625 0.56875 0.60625 0.55 0.596875 0.5453125 0.5859375 0.546875 0.5125 0.5421875 0.503125 0.5328125 0.5015625 0.453125 0.5125
0 0.7890625 0.6609375 0.8015625 0.6828125 0.8046875 0.721875 0.821875 0.7109375 0.8265625 0.69375 0.8390625 0.6828125 0.865625 0.6921875 0.8828125 0.690625 0.8828125 0.6609375 0.8484375 0.6515625 0.7890625 0.6609375
0 1 0.6734375 0.984375 0.6734375 0.9859375 0.6859375 0.9703125 0.684375 0.95625 0.7 0.9578125 0.71875 0.978125 0.7328125 0.9953125 0.7296875 1 0.721875 1 0.6734375
0 0.275 0.71875 0.3328125 0.7375 0.3328125 0.7203125 0.3078125 0.6828125 0.2703125 0.6796875 0.275 0.71875
0 0.2796875 0.784375 0.2703125 0.796875 0.275 0.815625 0.31875 0.815625 0.340625 0.825 0.3609375 0.790625 0.3609375 0.778125 0.35 0.76875 0.334375 0.7671875 0.3203125 0.7578125 0.30625 0.759375 0.2875 0.746875 0.2796875 0.784375
0 0.1296875 0.878125 0.1296875 0.8921875 0.134375 0.921875 0.1625 0.9390625 0.1625 0.8875 0.1515625 0.878125 0.134375 0.8765625 0.1296875 0.878125