1 0.4734375 0.54609375 0.0953125 0.190625
1 0.1890625 0.525 0.1015625 0.1375
1 0.78125 0.60859375 0.10625 0.15625
1 0.39609375 0.3703125 0.0921875 0.103125
1 0.68984375 0.24140625 0.078125 0.0578125
1 0.3734375 0.1046875 0.0421875 0.0640625
1 0.26484375 0.36875 0.0796875 0.1125
1 0.63125 0.371875 0.1125 0.1328125
1 0.37265625 0.5140625 0.059375 0.1171875
1 0.2921875 0.303125 0.0609375 0.053125
1 0.153125 0.61953125 0.0875 0.0671875
1 0.45546875 0.08984375 0.04375 0.04375
1 0.3375 0.22734375 0.046875 0.05625
1 0.5828125 0.5265625 0.103125 0.109375
1 0.11953125 0.7109375 0.1046875 0.1125
1 0.4546875 0.30078125 0.0703125 0.0515625
1 0.57578125 0.23359375 0.0484375 0.0734375
1 0.65078125 0.16953125 0.053125 0.046875
1 0.45546875 0.14140625 0.0453125 0.0546875
1 0.54375 0.11015625 0.03125 0.0359375
1 0.56953125 0.17265625 0.053125 0.0453125
1 0.4546875 0.19921875 0.0671875 0.0453125
1 0.46015625 0.24140625 0.0453125 0.0453125
1 0.33515625 0.16953125 0.0375 0.0390625
1 0.28203125 0.51484375 0.0828125 0.1203125
1 0.1015625 0.51640625 0.0796875 0.0921875
1 0.51171875 0.78359375 0.0484375 0.1734375
1 0.3828125 0.80390625 0.0390625 0.0734375
1 0.29375 0.6359375 0.0453125 0.0546875
0 0.3234375 0.6234375 0.31875 0.659375 0.30977554218750003 0.661025265625 0.2950078109375 0.6678393093749999 0.2768322140625 0.649668534375 0.27967214687499997 0.676356859375 0.28819194531250003 0.683738709375 0.3023916109375 0.6843065796875 0.30750350000000004 0.6922562578125 0.30636754375 0.7064521734375 0.2921875 0.728125 0.2921875 0.7703125 0.2984375 0.775 0.340625 0.7734375 0.353125 0.7640625 0.3578125 0.75 0.3515625 0.7375 0.35 0.7015625 0.365625 0.6703125 0.36875 0.6421875 0.359375 0.621875 0.3518064734375 0.6059451109375 0.322839121875 0.60197029375 0.3234375 0.6234375
0 0.4046875 1 0.41087704843750006 0.9483704515625 0.412581025 0.9018078453125 0.40625 0.8703125 0.4015625 0.865625 0.2921875 0.8671875 0.2734375 0.8609375 0.26875 0.7640625 0.2731852625 0.7395376140625001 0.28875996718749997 0.7482960546874999 0.2953125 0.7109375 0.2953125 0.6890625 0.2796875 0.6625 0.2703125 0.61875 0.2393451046875 0.614462659375 0.2279853734375 0.60367375625 0.2140625 0.615625 0.1953125 0.6328125 0.2015625 0.6609375 0.161195971875 0.7984615796875 0.152108171875 0.8234463765625 0.1424523953125 0.8376422921875 0.11973293125 0.83423528125 0.12143690781250001 0.8154966765625 0.10780522031249999 0.8092504609375 0.0922365609375 0.8245820546875 0.08258080625 0.8109539890624999 0.0578125 0.8171875 0.062701275 0.84729551875 0.07746891875 0.8461598406249999 0.0763329625 0.8717124890625 0.0564534296875 0.8836370703125 0.0450936984375 0.8881798015625 0.037141876562499995 0.8819335640625001 0.0240781671875 0.8898832640625001 0.028622076562499998 0.9103253953125 0.0269181 0.9262248156249999 0.01215045625 0.9438277421875 0 0.975 0 1 0.4046875 1
0 0.545296878125 1 0.538007746875 0.8767917234375 0.4932314375 0.8747096890625 0.4901075578125 0.6977339453125 0.5203055296875 0.69981598125 0.5192641578125 0.6540104984374999 0.510933734375 0.6227794859375 0.4932314375 0.6217384671875 0.48594230781250003 0.6540104984374999 0.4338768671875 0.6550515375 0.42734372656249997 0.6656250015625 0.4255463640625 0.6852415328125 0.4151332765625 0.688364625 0.4172159421875 0.718554621875 0.42033982031250006 0.718554621875 0.42033982031250006 0.739375296875 0.42138119375 0.752908728125 0.414091984375 0.760195971875 0.4224224859375 0.8622172750000001 0.414091984375 1 0.545296878125 1
0 0.6150646156249999 0.760195971875 0.57861880625 0.7414573328125 0.5473795421875 0.7112673765624999 0.5275946593749999 0.6717081015625 0.522388115625 0.6904467015625 0.5275946593749999 0.7060622078125001 0.532801203125 0.8715865546874999 0.54633825 0.8715865546874999 0.554668671875 1 0.6390146703124999 0.998592684375 0.6442212140625 0.9663206531249999 0.6525517953125 0.9975516671875001 0.6942041484375 1 0.6910801906249999 0.9663206531249999 0.701493278125 0.950705146875 0.724402040625 0.9663206531249999 0.7431456296875 0.976730990625 0.7650130203125001 0.950705146875 0.7816740249999999 0.8903251953125 0.798335028125 0.8351503734374999 0.805624159375 0.7987141906249999 0.7900045265625 0.7945500796875 0.7660543921875 0.760195971875 0.72127808125 0.7216777140625 0.71791841875 0.726995784375 0.6747395593750001 0.6604166671875 0.67754314375 0.70502115 0.6442212140625 0.7518676703125 0.6150646156249999 0.760195971875
0 1 0.7203125 0.990625 0.696875 0.9828125 0.6296875 0.9625 0.5515625 0.9265625 0.48125 0.8859375 0.3703125 0.821875 0.240625 0.696875 0.134375 0.653125 0.1234375 0.640625 0.1265625 0.6578125 0.13125 0.7015625 0.1625 0.753125 0.209375 0.7875 0.2671875 0.8546875 0.5046875 0.8734375 0.6328125 0.9125 0.7765625 0.9125 0.8578125 0.94375 0.959375 0.9421875 1 1 1 1 0.7203125
0 0.385976678125 0.751508546875 0.374522296875 0.7619188859375 0.3630678359375 0.7619188859375 0.3672330875 0.771288165625 0.357151334375 0.7795271109375 0.326480090625 0.7869089406249999 0.30267197343749996 0.7879447296875 0.30092069375 0.811325909375 0.3057958515625 0.8441605703124999 0.32704806875000003 0.850506665625 0.3505721625 0.8452015875000001 0.3639672 0.83687855625 0.3639672 0.7948586609375 0.3703570453125 0.771288165625 0.391183221875 0.760877828125 0.409114559375 0.7164062515625 0.385976678125 0.7348519828125 0.385976678125 0.751508546875
0 0.40472018906249996 0.86081709375 0.40680285312500003 0.7952319734375 0.4120093984375 0.722359609375 0.3995136453125 0.722359609375 0.3827107328125 0.765331153125 0.4008863296875 0.7806627453125 0.4020222859375 0.8198434593749999 0.3969103984375 0.8419891171874999 0.3775988875 0.8402855890625001 0.3578612921875 0.85040675625 0.36223955937499996 0.8765625015625 0.40472018906249996 0.86081709375