1 0.16171875 0.90859375 0.1703125 0.1828125
1 0.35625 0.0359375 0.0375 0.05625
1 0.90703125 0.49140625 0.1375 0.159375
1 0.5984375 0.3125 0.090625 0.1109375
1 0.85078125 0.79609375 0.14375 0.1703125
1 0.40546875 0.3359375 0.09375 0.13125
1 0.453125 0.5453125 0.1375 0.1046875
1 0.51875 0.0421875 0.0359375 0.0625
1 0.6375 0.3828125 0.0828125 0.0765625
1 0.503125 0.1265625 0.0546875 0.0890625
1 0.778125 0.16484375 0.0453125 0.078125
1 0.70390625 0.3 0.0671875 0.103125
1 0.928125 0.2828125 0.078125 0.0859375
1 0.11328125 0.18671875 0.0609375 0.0625
1 0.25625 0.3375 0.0875 0.0703125
1 0.9640625 0.75390625 0.071875 0.1109375
1 0.9734375 0.35703125 0.0515625 0.13125
1 0.45546875 0.46171875 0.0578125 0.0796875
1 0.034375 0.39765625 0.0640625 0.078125
1 0.265625 0.13359375 0.040625 0.0765625
1 0.834375 0.21171875 0.0625 0.0546875
1 0.6828125 0.509375 0.0984375 0.09375
1 0.2421875 0.42734375 0.0796875 0.1109375
1 0.0203125 0.47421875 0.0359375 0.084375
1 0.85390625 0.40234375 0.06875 0.0609375
1 0.08984375 0.03828125 0.0421875 0.0453125
1 0.55234375 0.19765625 0.065625 0.0515625
1 0.23984375 0.26171875 0.0421875 0.0640625
1 0.378125 0.1546875 0.0375 0.0359375
1 0.39375 0.1859375 0.028125 0.0421875
1 0.6125 0.13046875 0.059375 0.0609375
1 0.39296875 0.05078125 0.0234375 0.0453125
1 0.37734375 0.09765625 0.04375 0.0390625
1 0.28359375 0.06171875 0.0296875 0.0359375
1 0.06171875 0.07265625 0.0515625 0.0453125
1 0.32109375 0.0296875 0.0265625 0.0453125
1 0.07109375 0.23828125 0.065625 0.0375
1 0.90703125 0.928125 0.1859375 0.14375
1 0.74453125 0.50859375 0.04375 0.05625
1 0.471875 0.62890625 0.1046875 0.1125
0 0.4515625 0.215625 0.4484375 0.2296875 0.475 0.253125 0.4765625 0.2796875 0.4859375 0.290625 0.4875 0.3109375 0.4828125 0.3265625 0.4640625 0.3171875 0.4515625 0.3234375 0.4484375 0.346875 0.45625 0.38125 0.446875 0.425 0.503125 0.478125 0.50625 0.496875 0.525 0.475 0.5453125 0.4734375 0.559375 0.4796875 0.5703125 0.496875 0.5796875 0.496875 0.5984375 0.478125 0.59375 0.440625 0.5609375 0.4140625 0.534375 0.4046875 0.525 0.378125 0.515625 0.3109375 0.5 0.29375 0.4984375 0.265625 0.4859375 0.2234375 0.475 0.2109375 0.465625 0.209375 0.4515625 0.215625
0 0.778125 1 0.796875 0.925 0.79375 0.9125 0.7828125 0.9125 0.753125 0.934375 0.7421875 0.95 0.7234375 0.9578125 0.7078125 0.9484375 0.7 0.925 0.709375 0.834375 0.73125 0.7875 0.73125 0.7328125 0.7421875 0.7109375 0.7609375 0.6953125 0.76875 0.6671875 0.7625 0.65625 0.753125 0.65625 0.7078125 0.6703125 0.6625 0.646875 0.6296875 0.596875 0.6265625 0.4953125 0.621875 0.4875 0.6078125 0.4875 0.596875 0.534375 0.5703125 0.5421875 0.571875 0.5703125 0.5609375 0.6078125 0.521875 0.6765625 0.51875 0.696875 0.509375 0.703125 0.4375 0.715625 0.428125 0.7078125 0.4203125 0.675 0.3984375 0.6609375 0.365625 0.6640625 0.290625 0.6546875 0.1984375 0.6703125 0.1875 0.7078125 0.1578125 0.7203125 0.16875 0.7546875 0.1671875 0.7875 0.153125 0.7984375 0.0890625 0.8125 0.034375 0.846875 0.0234375 0.89375 0.03125 0.9203125 0.0234375 0.953125 0.025 0.978125 0.0453125 0.9890625 0.0515625 1 0.084375 1 0.09375 0.9140625 0.1125 0.8578125 0.1765625 0.8453125 0.240625 0.8203125 0.303125 0.8125 0.315625 0.8265625 0.3453125 0.8265625 0.3546875 0.8328125 0.3546875 0.90625 0.3640625 0.925 0.4703125 0.9390625 0.540625 0.9328125 0.5515625 0.94375 0.565625 0.990625 0.6234375 0.9796875 0.6359375 0.9859375 0.634375 1 0.778125 1
0 0.85 0.6359375 0.853125 0.6625 0.84375 0.703125 0.8328125 0.7171875 0.834375 0.7265625 0.89375 0.7140625 0.9015625 0.6640625 0.8859375 0.64375 0.8890625 0.63125 0.8703125 0.6296875 0.85 0.6359375
0 1 0.615625 0.9890625 0.59375 0.9734375 0.59375 0.9609375 0.6046875 0.953125 0.625 0.95 0.6859375 0.9578125 0.6984375 1 0.6875 1 0.615625
0 0.71875 0.5640625 0.7109375 0.571875 0.7015625 0.59375 0.7203125 0.6375 0.75 0.634375 0.7484375 0.61875 0.7671875 0.60625 0.7765625 0.6078125 0.7828125 0.6234375 0.790625 0.6203125 0.790625 0.5578125 0.7640625 0.5546875 0.71875 0.5640625
0 0.115625 0.390625 0.0890625 0.3921875 0.0765625 0.4140625 0.0765625 0.428125 0.05625 0.440625 0.046875 0.4640625 0.1015625 0.465625 0.15 0.4234375 0.1578125 0.4234375 0.1671875 0.4671875 0.175 0.4734375 0.203125 0.4703125 0.2078125 0.4390625 0.19375 0.390625 0.15 0.3703125 0.115625 0.390625
0 0.48125645468749995 0.3951530015625 0.5437349828125 0.4540457546875 0.563371065625 0.4058608171875 0.54730513125 0.4058608171875 0.5330242703125 0.3737374359375 0.5383796265624999 0.348752665625 0.5383796265624999 0.321983225 0.524098765625 0.2969983875 0.5383796265624999 0.288075240625 0.531239196875 0.270228946875 0.507142815625 0.2950892875 0.48125645468749995 0.3951530015625
0 0.5776517906249999 0.72174015625 0.61335380625 0.61823166875 0.6187091625 0.5539850390625001 0.62584959375 0.4933076140625 0.609783659375 0.49509228437499997 0.5972880078125 0.5629081859375 0.583007146875 0.5397080187500001 0.579437 0.4897383421875 0.57229656875 0.47546132031250005 0.5651561390625 0.48795374062499997 0.55980078125 0.5325694734375 0.5437349828125 0.5575543109375001 0.5348094796875 0.5450618921875 0.516958471875 0.5165077828125 0.525883975 0.4683228453125 0.5116031140625 0.48795374062499997 0.504462684375 0.5147231796875 0.504462684375 0.5414926203125 0.5133881875 0.5878929562499999 0.5339285312500001 0.6522321453125 0.5776517906249999 0.72174015625
0 0.668692040625 0.955526640625 0.754376796875 0.980511478125 0.78472345625 0.9662343890624999 0.8150703890625 0.912695509375 0.7865086671875 0.8912800109375001 0.75080665 0.894849215625 0.7013392453125 0.8508928593749999 0.668692040625 0.955526640625