1 0.79453125 0.48515625 0.071875 0.059375
1 0.07578125 0.37578125 0.0796875 0.0828125
1 0.42578125 0.20390625 0.040625 0.04375
1 0.7125 0.48828125 0.04375 0.0578125
1 0.14609375 0.38046875 0.084375 0.0703125
1 0.33359375 0.05546875 0.065625 0.0625
1 0.37421875 0.30546875 0.05625 0.05
1 0.8625 0.51640625 0.0578125 0.0609375
1 0.24765625 0.31640625 0.0328125 0.046875
1 0.884375 0.05078125 0.071875 0.0796875
1 0.9328125 0.35234375 0.0578125 0.03125
1 0.4640625 0.54765625 0.0875 0.0609375
1 0.62265625 0.86875 0.05 0.0578125
1 0.325 0.85234375 0.0375 0.053125
1 0.45546875 0.69375 0.05625 0.053125
1 0.5671875 0.74453125 0.0640625 0.0609375
1 0.66875 0.76484375 0.075 0.059375
1 0.40234375 0.6625 0.0453125 0.0453125
1 0.35078125 0.68515625 0.0390625 0.04375
1 0.3140625 0.71875 0.0421875 0.0484375
1 0.7609375 0.5265625 0.05625 0.0546875
1 0.61640625 0.44453125 0.0484375 0.040625
1 0.87578125 0.39921875 0.0328125 0.0328125
1 0.7296875 0.36484375 0.0359375 0.0375
1 0.190625 0.45859375 0.0734375 0.075
1 0.5359375 0.5640625 0.0484375 0.0390625
1 0.38671875 0.45625 0.0375 0.0421875
1 0.44296875 0.278125 0.0390625 0.0375
1 0.4125 0.2796875 0.0234375 0.028125
1 0.2859375 0.25703125 0.0484375 0.034375
1 0.125 0.128125 0.0609375 0.0328125
1 0.178125 0.13515625 0.05 0.0359375
1 0.14609375 0.1625 0.0578125 0.0359375
1 0.23671875 0.040625 0.04375 0.0296875
1 0.7953125 0.15078125 0.1265625 0.046875
1 0.82734375 0.23359375 0.0296875 0.0203125
1 0.85859375 0.35859375 0.0328125 0.040625
1 0.16796875 0.246875 0.028125 0.025
1 0.82265625 0.38515625 0.0359375 0.028125
1 0.528125 0.465625 0.0390625 0.03125
1 0.50625 0.44453125 0.021875 0.025
1 0.48515625 0.44453125 0.0203125 0.0234375
1 0.4515625 0.43671875 0.028125 0.028125
1 0.35859375 0.25625 0.0921875 0.0453125
1 0.9484375 0.32421875 0.0453125 0.0359375
1 0.98671875 0.334375 0.0265625 0.034375
1 0.9203125 0.40234375 0.0234375 0.028125
1 0.97265625 0.4203125 0.0265625 0.0359375