1 0.35234375 0.84609375 0.1546875 0.165625
1 0.43046875 0.70859375 0.0734375 0.0953125
1 0.6859375 0.590625 0.05 0.05
1 0.7796875 0.63046875 0.05 0.046875
1 0.82578125 0.4484375 0.075 0.05
1 0.72265625 0.4296875 0.071875 0.059375
1 0.58671875 0.63125 0.0625 0.0421875
1 0.58828125 0.55859375 0.05625 0.053125
1 0.409375 0.453125 0.0328125 0.0421875
1 0.071875 0.67265625 0.0515625 0.0625
1 0.11796875 0.63046875 0.0390625 0.0453125
1 0.62890625 0.60390625 0.0484375 0.059375
1 0.1875 0.9390625 0.08125 0.028125
1 0.7140625 0.7359375 0.0640625 0.0828125
1 0.82734375 0.709375 0.0515625 0.059375
1 0.57734375 0.7140625 0.0796875 0.06875
1 0.8265625 0.56171875 0.1578125 0.075
1 0.6453125 0.50390625 0.0265625 0.03125
1 0.746875 0.50546875 0.0296875 0.0296875
1 0.73203125 0.61328125 0.040625 0.03125
1 0.45234375 0.87890625 0.2015625 0.1453125
1 0.56953125 0.89296875 0.1 0.1125
1 0.2625 0.90234375 0.0765625 0.0796875
1 0.27109375 0.68046875 0.2703125 0.134375
1 0.5609375 0.425 0.034375 0.0328125
1 0.37890625 0.46328125 0.05 0.034375
1 0.37109375 0.50078125 0.0578125 0.0453125
1 0.9109375 0.43671875 0.0375 0.0328125
1 0.85078125 0.63828125 0.0359375 0.0578125
1 0.20078125 0.509375 0.06875 0.0375
1 0.14453125 0.4703125 0.0890625 0.05
1 0.2203125 0.353125 0.04375 0.034375
1 0.2765625 0.33515625 0.0265625 0.021875
1 0.1125 0.36484375 0.053125 0.028125
1 0.15625 0.3125 0.059375 0.0296875
1 0.04453125 0.62265625 0.05625 0.0390625
1 0.0875 0.56953125 0.0328125 0.028125
1 0.18046875 0.55 0.0296875 0.025
1 0.14375 0.54765625 0.034375 0.0296875
1 0.2234375 0.546875 0.040625 0.034375
1 0.0578125 0.48359375 0.0328125 0.0375
1 0.02890625 0.53671875 0.0546875 0.0328125
1 0.0875 0.40546875 0.0328125 0.0375
1 0.340625 0.3453125 0.0578125 0.0515625
1 0.4171875 0.33046875 0.0640625 0.0375
1 0.50390625 0.31015625 0.05 0.0234375
1 0.45859375 0.48203125 0.028125 0.0328125
1 0.54921875 0.484375 0.0265625 0.03125
1 0.63359375 0.47265625 0.0203125 0.0265625
1 0.8203125 0.509375 0.065625 0.04375
1 0.89140625 0.51328125 0.0265625 0.0296875
1 0.91328125 0.62421875 0.028125 0.0453125
1 0.009375 0.4140625 0.01875 0.028125
1 0.01875 0.45234375 0.0375 0.040625
1 0.071875 0.440625 0.04375 0.0203125
1 0.046875 0.29296875 0.0796875 0.0328125
1 0.0953125 0.3265625 0.0234375 0.028125
1 0.19765625 0.43046875 0.0625 0.0421875
1 0.365625 0.39375 0.0546875 0.0328125
1 0.22890625 0.465625 0.053125 0.0375
1 0.28203125 0.44921875 0.03125 0.0296875
1 0.278125 0.50390625 0.0359375 0.034375
1 0.3125 0.52421875 0.0328125 0.034375
0 0.571875 0.4046875 0.571875 0.4453125 0.5609375 0.4796875 0.5609375 0.5046875 0.56875 0.5171875 0.603125 0.5265625 0.625 0.5125 0.625 0.4734375 0.64375 0.453125 0.6453125 0.4171875 0.6359375 0.4046875 0.6171875 0.40625 0.596875 0.3921875 0.5828125 0.3921875 0.571875 0.4046875
0 0.634375 0.8515625 0.6375 0.8625 0.6625 0.8890625 0.7 0.9046875 0.7484375 0.90625 0.75 0.9125 0.746875 0.91875 0.7328125 0.9203125 0.71875 0.9125 0.659375 0.9109375 0.6359375 0.9234375 0.6234375 0.9421875 0.659375 0.95 0.7734375 0.94375 0.784375 0.9015625 0.784375 0.884375 0.7765625 0.8734375 0.784375 0.8609375 0.7375 0.8484375 0.634375 0.8515625
0 1 0.2765625 0.971875 0.284375 0.8734375 0.2859375 0.8265625 0.271875 0.7796875 0.2703125 0.7453125 0.284375 0.7109375 0.284375 0.6921875 0.2796875 0.678125 0.25625 0.64375 0.2515625 0.6125 0.23125 0.5875 0.2296875 0.540625 0.2421875 0.53125 0.26875 0.5171875 0.284375 0.51875 0.29375 0.53125 0.3015625 0.6109375 0.2953125 0.6203125 0.3015625 0.628125 0.315625 0.575 0.3359375 0.571875 0.340625 0.5796875 0.346875 0.615625 0.35625 0.659375 0.3578125 0.6734375 0.3234375 0.771875 0.3109375 0.8125 0.3140625 0.853125 0.3265625 0.8828125 0.3484375 0.8640625 0.3625 0.7953125 0.35625 0.7796875 0.371875 0.73125 0.396875 0.7546875 0.4078125 0.828125 0.4203125 0.890625 0.4234375 0.9125 0.41875 0.9265625 0.428125 0.9328125 0.5109375 0.9234375 0.584375 0.9265625 0.6125 0.9375 0.61875 0.959375 0.5859375 0.9578125 0.5640625 1 0.5453125 1 0.2765625
0 0 0.890625 0.0171875 0.903125 0.0078125 0.9359375 0.0109375 0.9453125 0.128125 0.9453125 0.1546875 0.9390625 0.1703125 0.9234375 0.175 0.9 0.1859375 0.8890625 0.2015625 0.8890625 0.2171875 0.9 0.2375 0.8671875 0.2671875 0.8640625 0.2703125 0.815625 0.2953125 0.79375 0.3109375 0.7703125 0.325 0.7640625 0.3609375 0.765625 0.4171875 0.78125 0.4359375 0.79375 0.44375 0.8234375 0.465625 0.8109375 0.5515625 0.825 0.5796875 0.8234375 0.59375 0.8109375 0.61875 0.8171875 0.6734375 0.8140625 0.68125 0.796875 0.684375 0.7234375 0.696875 0.6984375 0.7140625 0.696875 0.7390625 0.7109375 0.74375 0.7265625 0.74375 0.78125 0.73125 0.821875 0.740625 0.8265625 0.7859375 0.8234375 0.8109375 0.8078125 0.8421875 0.7734375 0.840625 0.7640625 0.815625 0.759375 0.8 0.7484375 0.7984375 0.734375 0.78125 0.7171875 0.778125 0.6875 0.7546875 0.6703125 0.7453125 0.64375 0.7171875 0.640625 0.6828125 0.6484375 0.6578125 0.6375 0.640625 0.6625 0.6265625 0.6671875 0.559375 0.6515625 0.54375 0.6171875 0.534375 0.6109375 0.4984375 0.615625 0.4875 0.6125 0.4796875 0.6 0.475 0.6109375 0.4640625 0.615625 0.4421875 0.6140625 0.4375 0.5953125 0.453125 0.5375 0.471875 0.54375 0.4828125 0.5609375 0.4984375 0.55625 0.5125 0.5125 0.5078125 0.4859375 0.546875 0.45 0.5515625 0.4265625 0.5328125 0.415625 0.4796875 0.4109375 0.4671875 0.4015625 0.4578125 0.403125 0.45625 0.3828125 0.4453125 0.371875 0.403125 0.365625 0.39375 0.375 0.3875 0.4109375 0.3515625 0.4140625 0.3328125 0.4265625 0.3359375 0.4515625 0.35625 0.4671875 0.403125 0.446875 0.4578125 0.45 0.475 0.471875 0.475 0.4984375 0.4671875 0.5140625 0.434375 0.5359375 0.4171875 0.5234375 0.39375 0.559375 0.3640625 0.55625 0.3421875 0.5359375 0.3296875 0.5375 0.315625 0.5875 0.2703125 0.590625 0.2375 0.584375 0.2140625 0.6015625 0.2109375 0.6140625 0.225 0.625 0.253125 0.6203125 0.265625 0.640625 0.40625 0.6625 0.415625 0.66875 0.4421875 0.6484375 0.4671875 0.653125 0.4875 0.68125 0.4859375 0.725 0.471875 0.7515625 0.4484375 0.7578125 0.4 0.7515625 0.190625 0.69375 0.1484375 0.6953125 0.128125 0.7140625 0.1234375 0.73125 0.075 0.7359375 0.053125 0.7546875 0.0125 0.753125 0 0.7578125 0 0.890625
0 0.8596979093750001 0.170289696875 0.861482846875 0.188135990625 0.9328868781249999 0.2024130453125 0.9971506171875 0.19705913749999998 1 0.15446428750000002 0.920391228125 0.1506588015625 0.8596979093750001 0.170289696875
0 0.2670443578125 0.5700466625 0.24740813906249998 0.5896776265625 0.193855115625 0.5896776265625 0.16350845625 0.6039547828125 0.1420873015625 0.5807544796874999 0.1170958625 0.5718313328125 0.1420873015625 0.5950316359375 0.1510128046875 0.6253702125 0.22777205781249998 0.60752391875 0.2938208703125 0.5843237515624999 0.304017815625 0.5450892875 0.28311015624999997 0.5664774578125 0.2670443578125 0.5700466625
0 0.873978496875 0.46475357187500005 0.8543425515624999 0.47367671875 0.8561274890625 0.521861725 0.86505299375 0.5254309296875 0.8775489171874999 0.49866148906249996 0.8989700718750001 0.49866148906249996 0.9221764374999999 0.55220036875 0.9311019406250001 0.5664774578125 0.9290178156250001 0.4625000015625 0.900755009375 0.46118430000000005 0.873978496875 0.46475357187500005
0 0.873978496875 0.64321650625 0.8668382031249999 0.6682012765625001 0.8489871953125 0.7235248265625 0.83827648125 0.7574327421875 0.83649154375 0.7663558890625 0.8829040015625 0.73958645 0.9132509328125 0.7235248265625 0.9114657234375001 0.6878322390625 0.9221764374999999 0.6539242546875 0.900755009375 0.6539242546875 0.873978496875 0.64321650625
0 0.4794712453125 0.628939484375 0.4955371796875 0.600385375 0.5151732609375 0.5986007718749999 0.525883975 0.6110931921875 0.5437349828125 0.596816103125 0.54730513125 0.5700466625 0.54730513125 0.5450618921875 0.5490902046875 0.518292453125 0.529454121875 0.5397080187500001 0.49910746250000004 0.5486311640625 0.48705353125000006 0.5562500015625 0.4759010984375 0.5986007718749999 0.4794712453125 0.628939484375
0 0.5116031140625 0.521861725 0.5401646999999999 0.5147231796875 0.531239196875 0.49152301249999997 0.5049106734375 0.5026785734375 0.5116031140625 0.521861725
0 0.7597321546875 0.455830425 0.7383108625 0.46118430000000005 0.70439405625 0.4629689015625 0.6847578390625 0.455830425 0.67761754375 0.445122609375 0.6597665359375 0.427276315625 0.66512175625 0.4058608171875 0.67761754375 0.3951530015625 0.636560171875 0.388014525 0.59907308125 0.4022915453125 0.6044283015625 0.44333800625 0.656196253125 0.4683228453125 0.6901134671875 0.4808151953125 0.725815484375 0.48795374062499997 0.7472363671875 0.482599865625 0.7579469453125001 0.482599865625 0.8084821015625 0.473660715625 0.7882938765625 0.46475357187500005 0.7597321546875 0.455830425
0 0.7811533093749999 0.5254309296875 0.7918640234375001 0.4897383421875 0.775797953125 0.4683228453125 0.7526785312500001 0.4825892875 0.77044286875 0.512938578125 0.7811533093749999 0.5254309296875
0 0.6972536265625 0.5272155984375 0.6883281218749999 0.5414926203125 0.70439405625 0.5539850390625001 0.7079644765625 0.5878929562499999 0.7347409875 0.5986007718749999 0.74545129375 0.60752391875 0.73117056875 0.5754006046875 0.7347409875 0.530784871875 0.7329556421875 0.5075846359375 0.73117056875 0.50401543125 0.7061791296875 0.5236463265625 0.6972536265625 0.5272155984375
0 0.4187779265625 0.270228946875 0.3812907 0.2720136171875 0.38307591093750004 0.2773674921875 0.4455544390625 0.293429115625 0.4687606671875 0.3023522609375 0.4866116765625 0.288075240625 0.525883975 0.29878305781250003 0.5437349828125 0.3112754078125 0.5526604875000001 0.3166293515625 0.5316963875 0.2616071453125 0.48482660156249996 0.2684443453125 0.4187779265625 0.270228946875
0 0.8811190640625 0.325552496875 0.8239958921874999 0.295213784375 0.7191963875 0.3062500015625 0.89182950625 0.3576758125 0.8811190640625 0.325552496875
0 0.299176090625 0.5325694734375 0.28311015624999997 0.5200770546875 0.2599039265625 0.5468464953125001 0.279540009375 0.5611235156250001 0.3009611640625 0.55933905 0.3241071015625 0.5584821453125 0.299176090625 0.5325694734375
0 0.18314453749999998 0.5843237515624999 0.2045658296875 0.57718534375 0.18314453749999998 0.5700466625 0.147442521875 0.5754006046875 0.12423629218750001 0.5646927875000001 0.10460007499999999 0.5664774578125 0.10817035781249999 0.596816103125 0.1313765875 0.6057392484374999 0.18314453749999998 0.5843237515624999
0 0.66690683125 0.361245084375 0.5615859921874999 0.3469679953125 0.5419497734375 0.3541065390625 0.675832334375 0.38266058125 0.7186747812500001 0.3737374359375 0.754376796875 0.3773067078125 0.7794642453125 0.366517859375 0.682972765625 0.348752665625 0.66690683125 0.361245084375
0 0.6865430484374999 0.846664278125 0.6008581546875 0.82524864375 0.6062135125 0.8359565296874999 0.641915528125 0.8787875250000001 0.7347409875 0.8805722625 0.7839285312500001 0.8441964296875 0.6972536265625 0.8306025859374999 0.6865430484374999 0.846664278125
0 0.7972193796875 0.803833146875 0.7293853593749999 0.7931253984375 0.6276346671875 0.7895560578125 0.5776517906249999 0.8056177484375 0.67761754375 0.834171790625 0.6972536265625 0.8198948375 0.790624959375 0.8464285734375 0.7972193796875 0.803833146875
0 0.24740813906249998 0.379091378125 0.21706148125000002 0.388014525 0.24205291875 0.41299929375 0.284895365625 0.38266058125 0.31167187812499997 0.391583728125 0.3205973828125 0.3630296859375 0.290624959375 0.3419642875 0.24919335 0.3594604140625 0.24740813906249998 0.379091378125
0 0.22777205781249998 0.3237678265625 0.2509784234375 0.325552496875 0.290624959375 0.301785715625 0.2402678453125 0.3112754078125 0.22777205781249998 0.3237678265625
0 0.1313765875 0.343398790625 0.1420873015625 0.348752665625 0.1688638125 0.348752665625 0.20992105 0.3291217015625 0.1688638125 0.3326909734375 0.1313765875 0.343398790625
0 0.015345034375 0.3416141203125 0 0.3523219375 0.08080353125 0.350892859375 0.047476903125 0.3416141203125 0.015345034375 0.3416141203125
0 0.0617577640625 0.3469679953125 0.008204740625 0.3469679953125 0.0763392453125 0.364285715625 0.0617577640625 0.3469679953125