1 0.6875 0.68984375 0.0796875 0.1234375
1 0.13984375 0.79453125 0.2796875 0.4015625
1 0.48828125 0.38125 0.1125 0.10625
1 0.26640625 0.21484375 0.0546875 0.090625
1 0.23046875 0.30078125 0.0765625 0.0875
1 0.65703125 0.18125 0.065625 0.0453125
1 0.35078125 0.18203125 0.0703125 0.0515625
1 0.4234375 0.16875 0.0734375 0.0390625
1 0.453125 0.53515625 0.15 0.109375
1 0.81328125 0.22890625 0.0484375 0.03125
1 0.74765625 0.15859375 0.028125 0.0390625
0 1 0.2109375 0.9828125 0.203125 0.9390625 0.2203125 0.9265625 0.23125 0.8859375 0.2390625 0.875 0.25 0.8703125 0.275 0.8609375 0.284375 0.8265625 0.290625 0.7578125 0.2875 0.75 0.3140625 0.75625 0.3296875 0.7596763531249999 0.334132103125 0.7526475671874999 0.33725518593750003 0.7448377515625 0.32632435000000004 0.7456186609375 0.318516596875 0.7432758109375001 0.3029010890625 0.744056721875 0.261520003125 0.737027934375 0.2412198265625 0.72921811875 0.2498083734375 0.72921811875 0.291189459375 0.7284370890625 0.340378359375 0.7375 0.359375 0.7328125 0.378125 0.696875 0.4078125 0.678125 0.3828125 0.66875 0.3796875 0.55625 0.3890625 0.5421875 0.3984375 0.49375 0.46875 0.49375 0.4828125 0.51875 0.53125 0.521875 0.5796875 0.53125 0.6046875 0.6109375 0.61875 0.6265625 0.63125 0.64375 0.634375 0.65625 0.6578125 0.6828125 0.6359375 0.690625 0.6390625 0.7078125 0.6671875 0.734375 0.6765625 0.7453125 0.7296875 0.7703125 0.7171875 0.7890625 0.71875 0.83125 0.7765625 0.9515625 0.7828125 0.95 0.8828125 0.8359375 0.8828125 0.8203125 0.921875 0.7671875 0.9125 0.75 0.925 0.7328125 0.91875 0.71875 0.921875 0.725 0.946875 0.7640625 0.9703125 0.7609375 1 1 1 1 0.678125 0.9484375 0.646875 0.9125 0.609375 0.8703125 0.590625 0.796875 0.5390625 0.73125 0.459375 0.73125 0.453125 0.7765625 0.4359375 0.875 0.4328125 0.9375 0.4484375 1 0.4984375 1 0.3484375 0.9515625 0.3390625 0.934375 0.3296875 0.9828125 0.2890625 1 0.284375 1 0.2109375
0 0.3203125 0.3703125 0.2828125 0.36875 0.275 0.3734375 0.2671875 0.4265625 0.275 0.4328125 0.275 0.4453125 0.2671875 0.45 0.23125 0.459375 0.2265625 0.45625 0.225 0.4171875 0.1890625 0.4140625 0.171875 0.428125 0.1515625 0.421875 0.1421875 0.425 0.1390625 0.4421875 0.128125 0.4546875 0.103125 0.4640625 0.0984375 0.49375 0.109375 0.5265625 0.1046875 0.6015625 0.1171875 0.61875 0.1375 0.621875 0.2234375 0.60625 0.2390625 0.59375 0.278125 0.578125 0.287963453125 0.5585113109375001 0.3020211453125 0.5499227484375 0.3238886546875 0.554607434375 0.3265625 0.5640625 0.3390625 0.559375 0.340625 0.5328125 0.3328125 0.5078125 0.3515625 0.490625 0.35625 0.478125 0.3640625 0.3890625 0.359375 0.3640625 0.334375 0.3625 0.3203125 0.3703125
0 0.7203125 1 0.709375 0.9640625 0.7109375 0.9203125 0.7 0.890625 0.575 0.85 0.459375 0.834375 0.4421875 0.834375 0.43125 0.8453125 0.41875 0.809375 0.403125 0.7953125 0.403125 0.7484375 0.384375 0.68125 0.375 0.6765625 0.359375 0.696875 0.2984375 0.721875 0.2859375 0.7328125 0.2859375 0.7515625 0.296875 0.7765625 0.296875 0.8484375 0.2703125 1 0.48125 1 0.48125 0.9515625 0.4640625 0.9171875 0.465625 0.9046875 0.4921875 0.875 0.5078125 0.871875 0.5140625 0.9 0.5296875 0.9046875 0.534375 0.9140625 0.5359375 0.953125 0.525 1 0.7203125 1
0 0.36840458125 0.35911692031250003 0.43713098749999996 0.35287069375 0.4410358953125 0.361459240625 0.4761800671875 0.3294474328125 0.497266546875 0.32788590625 0.5058573328125 0.3232012359375 0.5386585953125 0.33725518593750003 0.5386585953125 0.3489668171875 0.5511542890625 0.3575553625 0.551935259375 0.37707474687500003 0.5831746421874999 0.37082855000000003 0.5808315546875 0.36380161875 0.58707955 0.3567745703125 0.6026991828125 0.360678446875 0.607384940625 0.3684862 0.6261285703125 0.367705496875 0.6237856015625 0.363020796875 0.6159757859375 0.3442822359375 0.6183187546875 0.32788590625 0.6222236624999999 0.2989972125 0.6276905109375 0.2872855828125 0.6394052343750001 0.275573953125 0.6417482031249999 0.26932775625 0.64721505 0.2677662 0.6628346828125 0.26932775625 0.6636155921875 0.2872855828125 0.6776732859375 0.28338170625000003 0.6722064375000001 0.27167007656250003 0.676892375 0.262300765625 0.679235225 0.2560545703125 0.6886071 0.24902757968749997 0.69485485625 0.2560545703125 0.6917309781250001 0.2708892828125 0.69485485625 0.2865047890625 0.69485485625 0.2888471390625 0.6886071 0.30368185312499996 0.6878260703125 0.32163967968749996 0.6925120078125 0.32554355625000003 0.7018837625 0.320078153125 0.70891255 0.3060241734375 0.70891255 0.2872855828125 0.696416915625 0.276354715625 0.71125551875 0.27791627343749997 0.7182843046875 0.27479315937500004 0.7198463640625 0.2732316328125 0.7135984875 0.2630815296875 0.7221892125 0.245904496875 0.7253132109375 0.2396582703125 0.709693578125 0.2302889890625 0.7018837625 0.2193581234375 0.689388009375 0.218577359375 0.689388009375 0.2217004421875 0.68626413125 0.234192865625 0.68157819375 0.24512370312499998 0.6675205 0.2513699 0.6378432953125001 0.25995844687499997 0.6261285703125 0.2708892828125 0.6222236624999999 0.2786970359375 0.6105089390625 0.275573953125 0.6128517890625 0.28338170625000003 0.6019180937499999 0.3122704 0.604261003125 0.318516596875 0.6011371234375 0.3286667296875 0.5878604000000001 0.333351309375 0.5636499828125 0.320078153125 0.55740210625 0.2826009125 0.3693359203125 0.35234384687500003 0.36840458125 0.35911692031250003