1 0.39765625 0.49140625 0.0515625 0.065625
1 0.140625 0.62578125 0.0515625 0.0484375
1 0.06015625 0.9125 0.1203125 0.175
1 0.203125 0.715625 0.059375 0.0703125
1 0.48203125 0.91875 0.475 0.1625
1 0.22421875 0.4875 0.0515625 0.053125
1 0.065625 0.68515625 0.0515625 0.04375
1 0.13359375 0.79765625 0.0578125 0.05625
0 0.2609375 0.35625 0.2421875 0.36875 0.2390625 0.3921875 0.2703125 0.4046875 0.2890625 0.4046875 0.321875 0.3796875 0.325 0.3609375 0.31875 0.3515625 0.2859375 0.3515625 0.2609375 0.35625
0 0.6859375 0.54375 0.634375 0.5625 0.640625 0.5984375 0.634375 0.6328125 0.6140625 0.671875 0.58125 0.6734375 0.5765625 0.715625 0.546875 0.7140625 0.515625 0.7 0.496875 0.646875 0.4671875 0.64375 0.45625 0.6171875 0.4421875 0.6359375 0.428125 0.6390625 0.325 0.59375 0.303125 0.5765625 0.2953125 0.5578125 0.25625 0.5625 0.2359375 0.5578125 0.21875 0.6421875 0.2234375 0.65625 0.2609375 0.61875 0.2859375 0.6140625 0.3 0.6203125 0.3140625 0.653125 0.3421875 0.69375 0.3671875 0.6984375 0.384375 0.6875 0.4015625 0.6859375 0.415625 0.696875 0.4125 0.7265625 0.396875 0.7421875 0.384375 0.7421875 0.365625 0.715625 0.359375 0.71875 0.3140625 0.8109375 0.3078125 0.8515625 0.3296875 0.853125 0.3390625 0.834375 0.3484375 0.8296875 0.371875 0.8375 0.4 0.8328125 0.4078125 0.778125 0.4234375 0.7484375 0.43492264687500004 0.7366875281249999 0.43284006093749994 0.6547928765625 0.44533573437499996 0.6513227640625 0.44672417812500004 0.734605465625 0.465467715625 0.726971203125 0.49375 0.7375 0.514756321875 0.7429337421875 0.5189215468749999 0.7262771906250001 0.5258636046875 0.735299478125 0.529334634375 0.7477918781249999 0.61875 0.7828125 0.65 0.7875 0.65625 0.7734375 0.65625 0.7484375 0.6234375 0.74375 0.6140625 0.7328125 0.6140625 0.7234375 0.628125 0.6953125 0.6609375 0.6921875 0.6625 0.6359375 0.66875 0.6171875 0.678125 0.609375 0.6984375 0.609375 0.70625 0.5890625 0.728125 0.5625 0.7578125 0.55 0.7546875 0.5390625 0.728125 0.5390625 0.6859375 0.54375
0 1 0.475 0.928125 0.475 0.8796875 0.4671875 0.859375 0.4703125 0.865625 0.503125 0.8578125 0.534375 0.8640625 0.553125 0.853125 0.6015625 0.8375 0.6265625 0.8375 0.65625 0.846875 0.6875 0.8796875 0.740625 0.88125 0.7609375 0.8921875 0.778125 0.8890625 0.8203125 0.89375 0.8296875 0.9203125 0.84375 0.94375 0.865625 0.9484375 0.8796875 0.946875 0.928125 0.9390625 0.9359375 0.921875 0.9375 0.9015625 0.9265625 0.890625 0.909375 0.884375 0.8703125 0.865625 0.88125 0.846875 0.903125 0.809375 0.9015625 0.7921875 0.88125 0.7671875 0.884375 0.75 0.903125 0.725 0.8953125 0.675 0.9 0.653125 0.8859375 0.6390625 0.9 0.634375 0.9171875 0.65 0.9390625 0.665625 0.9484375 0.6890625 0.9578125 0.6984375 0.93125 0.709375 0.9234375 0.7328125 0.9328125 0.7375 0.9625 0.73125 1 0.7578125 1 0.7515625 0.9921875 0.75625 0.9828125 0.7765625 0.98125 0.925 1 0.940625 0.96875 0.9484375 0.9671875 0.978125 0.9890625 0.978125 1 1 1 1 0.7515625 0.9796875 0.7625 0.9484375 0.753125 0.9265625 0.7203125 0.9046875 0.703125 0.9 0.678125 0.871875 0.640625 0.8703125 0.5953125 0.8859375 0.553125 0.89375 0.5453125 0.915625 0.546875 0.921875 0.528125 0.9390625 0.525 0.953125 0.5296875 0.965625 0.5484375 0.9640625 0.578125 0.95 0.590625 0.94375 0.609375 0.9453125 0.6296875 0.9546875 0.634375 0.975 0.628125 1 0.609375 1 0.475
0 0.6508207140625 0.8158061062499999 0.64387865625 0.82274633125 0.6466554375 0.8886784703125 0.6695642515625 0.8907605328124999 0.6626221937500001 0.8276044671875 0.684836759375 0.8352387312499999 0.6883077890625 0.8171941296874999 0.7257949703125 0.8158061062499999 0.7334311703124999 0.8206642421874999 0.7431501171875 0.8678577953125 0.7375964484375 0.8747980203125 0.7473152890625 0.8831262687500001 0.751480565625 0.8970067203125 0.7646704343749999 0.8977007578125 0.8028517578125 0.8970067203125 0.7827198296875 0.82205229375 0.7813314390625 0.8081718421874999 0.7848024687499999 0.7866571546875 0.7910502796875 0.8137240171875 0.8257605734375 0.8158061062499999 0.8625535046874999 0.8935366078125 0.8896274921874999 0.8643876828125 0.8708839546875 0.8484251437499999 0.8681071734374999 0.8206642421874999 0.8799086515625 0.8171941296874999 0.8868507109375001 0.82344034375 0.89171013125 0.8012316171875 0.8875448531250001 0.751261990625 0.8590824765624999 0.7429337421875 0.8271489640624999 0.7394636296875 0.8035460062500001 0.729747303125 0.794521309375 0.738075578125 0.8000749765625 0.750567978125 0.8063227875000001 0.7748587671875 0.7924386703125 0.7727767046875 0.791744528125 0.754732103125 0.7959096999999999 0.741545690625 0.7875792500000001 0.734605465625 0.7736951328125 0.733911428125 0.7549515953125 0.720725015625 0.7389848390625 0.708232628125 0.7271833609375 0.718642953125 0.709133965625 0.712396740625 0.71538188125 0.701292403125 0.7216296921875001 0.690882065625 0.7320427796875 0.6957402015625 0.7369022000000001 0.6853298640625 0.743844259375 0.6756135390625 0.7459268984375 0.6665912781250001 0.7348195609375 0.6652032140624999 0.7112166046875 0.673531503125 0.6640105843749999 0.6596510515625 0.65429174375 0.6770016156249999 0.6577627734375 0.722113065625 0.65151485625 0.761672328125 0.6555555390625 0.7909722234375 0.6626221937500001 0.8053957687500001 0.6508207140625 0.8158061062499999
0 0.7795921546875 0.556577859375 0.7974431625 0.576208821875 0.8099388140625001 0.5637165390625001 0.813509096875 0.5280239531250001 0.8045835921875 0.5226699421875 0.7885176578124999 0.490546628125 0.7849475109374999 0.4941158328125 0.7616071015625 0.5116071453125 0.7795921546875 0.556577859375
0 0.921875 0.31484375 0.93515625 0.3453125 1 0.34609375 0.99921875 0.3234375 0.921875 0.31484375
0 0.8796875 0.31328125 0.87578125 0.30625 0.76953125 0.2875 0.7328125 0.28671875 0.74296875 0.3109375 0.77421875 0.3109375 0.78359375 0.3 0.79921875 0.3109375 0.83203125 0.3078125 0.840625 0.31328125 0.84765625 0.3375 0.86875 0.33671875 0.8703125 0.32265625 0.8796875 0.31328125