1 0.64140625 0.2796875 0.053125 0.0703125
1 0.21640625 0.4546875 0.0625 0.0890625
1 0.31953125 0.05546875 0.078125 0.1046875
1 0.04296875 0.05390625 0.08125 0.053125
1 0.959375 0.43046875 0.059375 0.075
1 0.57265625 0.94140625 0.1703125 0.1140625
1 0.71015625 0.95 0.075 0.09375
1 0.8578125 0.27890625 0.0796875 0.1078125
1 0.7375 0.684375 0.0609375 0.084375
1 0.659375 0.725 0.053125 0.0890625
1 0.47734375 0.58125 0.071875 0.075
1 0.89921875 0.43828125 0.0546875 0.090625
1 0.82890625 0.4046875 0.059375 0.084375
1 0.10859375 0.6796875 0.0671875 0.1359375
1 0.38046875 0.45703125 0.071875 0.08125
1 0.6921875 0.81171875 0.0765625 0.1125
1 0.4 0.31328125 0.0546875 0.071875
1 0.65859375 0.08046875 0.0921875 0.071875
1 0.23046875 0.7265625 0.084375 0.096875
1 0.778125 0.5234375 0.0734375 0.090625
1 0.06953125 0.1203125 0.0578125 0.0609375
1 0.93359375 0.06484375 0.0703125 0.059375
1 0.384375 0.665625 0.08125 0.078125
1 0.29609375 0.45625 0.0703125 0.0953125
1 0.9375 0.84296875 0.0703125 0.065625
1 0.62421875 0.51171875 0.1046875 0.1203125
1 0.9328125 0.5890625 0.0703125 0.115625
1 0.896875 0.52890625 0.053125 0.059375
1 0.65703125 0.37734375 0.103125 0.09375
1 0.96640625 0.95625 0.0671875 0.075
1 0.56875 0.7125 0.053125 0.0734375
1 0.0234375 0.7078125 0.0453125 0.1046875
1 0.140625 0.2546875 0.0625 0.071875
1 0.86953125 0.82421875 0.075 0.1203125
1 0.11640625 0.21015625 0.0625 0.0859375
1 0.29453125 0.31015625 0.0484375 0.084375
1 0.5125 0.40625 0.05625 0.0640625
1 0.79921875 0.63203125 0.0734375 0.0609375
1 0.9296875 0.91015625 0.0515625 0.0703125
1 0.196875 0.62109375 0.1015625 0.11875
1 0.346875 0.5703125 0.059375 0.0703125
1 0.83203125 0.5515625 0.0828125 0.0828125
1 0.4296875 0.91875 0.08125 0.1
1 0.86875 0.8578125 0.0671875 0.1015625
1 0.40234375 0.98125 0.1484375 0.0375
1 0.2328125 0.3 0.053125 0.0765625
1 0.5484375 0.715625 0.06875 0.0671875
1 0.32578125 0.9234375 0.0625 0.090625
1 0.52109375 0.7234375 0.0546875 0.0609375
1 0.05859375 0.0921875 0.06875 0.0828125
1 0.4796875 0.328125 0.053125 0.084375
1 0.77734375 0.4078125 0.0640625 0.0578125
1 0.92109375 0.78515625 0.075 0.0421875
1 0.41875 0.5359375 0.05 0.05
1 0.29609375 0.66640625 0.0390625 0.0484375
1 0.409375 0.71171875 0.0578125 0.0703125
1 0.46875 0.7234375 0.0421875 0.0484375
1 0.478125 0.76171875 0.0546875 0.034375
1 0.309375 0.7734375 0.0625 0.0453125
1 0.34609375 0.71640625 0.04375 0.059375
1 0.7390625 0.59453125 0.0546875 0.0609375
1 0.69453125 0.54765625 0.05625 0.053125
1 0.115625 0.54609375 0.0578125 0.05625
1 0.06796875 0.946875 0.0453125 0.05
1 0.9328125 0.97421875 0.071875 0.0515625
1 0.88671875 0.96328125 0.05 0.0578125
1 0.78203125 0.86171875 0.0515625 0.0703125
1 0.8234375 0.8765625 0.046875 0.053125
1 0.7984375 0.8015625 0.059375 0.0546875
1 0.82109375 0.77265625 0.0546875 0.05625
1 0.75390625 0.78671875 0.0453125 0.0765625
1 0.86640625 0.60390625 0.05625 0.05
1 0.8546875 0.56015625 0.0453125 0.0421875
1 0.96328125 0.35234375 0.0734375 0.06875
1 0.71171875 0.25078125 0.0375 0.059375
1 0.55390625 0.26328125 0.0546875 0.0421875
1 0.1890625 0.09609375 0.071875 0.0609375
1 0.24921875 0.07578125 0.0578125 0.0484375
1 0.50703125 0.06328125 0.084375 0.05
1 0.94453125 0.10703125 0.1109375 0.0453125
1 0.9390625 0.1375 0.05 0.0578125
1 0.94375 0.18515625 0.05 0.0546875
1 0.975 0.28671875 0.05 0.075
1 0.98125 0.17734375 0.0375 0.04375
1 0.86328125 0.165625 0.04375 0.034375
1 0.82578125 0.20703125 0.0359375 0.0359375
1 0.72265625 0.1671875 0.05 0.0640625
1 0.55234375 0.15078125 0.0453125 0.040625
1 0.4578125 0.16171875 0.05 0.0453125
1 0.34140625 0.16953125 0.071875 0.071875
1 0.6078125 0.0421875 0.0390625 0.053125
1 0.64140625 0.15703125 0.053125 0.0375
1 0.4 0.23984375 0.0515625 0.0375
1 0.3234375 0.25859375 0.04375 0.034375
1 0.23359375 0.2453125 0.0390625 0.0328125
1 0.21796875 0.21484375 0.0375 0.0359375
1 0.26484375 0.209375 0.0359375 0.0328125
1 0.31875 0.2046875 0.0515625 0.0390625
1 0.434375 0.209375 0.05 0.0453125
1 0.48828125 0.2171875 0.04375 0.0359375
1 0.6390625 0.1953125 0.05 0.040625
1 0.9359375 0.23203125 0.0390625 0.0265625
1 0.7875 0.98671875 0.065625 0.0265625
1 0.84453125 0.94453125 0.0375 0.0453125
1 0.78828125 0.90703125 0.0515625 0.0328125
1 0.55625 0.5984375 0.0328125 0.0390625
1 0.5375 0.57265625 0.046875 0.028125
1 0.5546875 0.540625 0.0359375 0.0265625
1 0.0296875 0.64296875 0.059375 0.0625
1 0.02734375 0.5890625 0.0546875 0.0484375
1 0.07734375 0.61875 0.053125 0.04375
1 0.4984375 0.67109375 0.0453125 0.0390625
1 0.4828125 0.63515625 0.046875 0.0296875
1 0.4484375 0.02578125 0.1890625 0.0515625
1 0.60546875 0.0265625 0.103125 0.05
1 0.72734375 0.08046875 0.0265625 0.0375
1 0.57578125 0.38046875 0.071875 0.0734375
0 0 0.0953125 0.0265625 0.0953125 0.0359375 0.1078125 0.05 0.0984375 0.065625 0.1 0.0875 0.1125 0.1 0.090625 0.103125 0.0375 0.1296875 0.0203125 0.1640625 0.0140625 0.18125 0.0015625 0.0203125 0 0.025 0.0140625 0.0171875 0.0265625 0.0703125 0.0328125 0.0765625 0.0375 0.075 0.0515625 0.0515625 0.0703125 0.034375 0.075 0.0265625 0.0859375 0.015625 0.0734375 0 0.0734375 0 0.0953125
0 0.3578125 0.0984375 0.3453125 0.10625 0.3171875 0.1078125 0.29375 0.1234375 0.234375 0.134375 0.2265625 0.146875 0.2265625 0.171875 0.2359375 0.190625 0.25625 0.1953125 0.2734375 0.1890625 0.278125 0.1734375 0.2921875 0.171875 0.3421875 0.134375 0.3828125 0.1375 0.4234375 0.1546875 0.44375 0.1390625 0.4671875 0.134375 0.50625 0.1140625 0.5331916890625 0.09572625312500001 0.45625 0.0734375 0.37699536718750004 0.0496605265625 0.3578125 0.0984375
0 0.571875 0 0.671875 0.0375 0.7125 0.0453125 0.746875 0.0921875 0.771875 0.1015625 0.796875 0.096875 0.809375 0.1125 0.8203125 0.115625 0.828125 0.125 0.8265625 0.1421875 0.8359375 0.153125 0.846875 0.1515625 0.8578125 0.140625 0.853125 0.1234375 0.85625 0.0875 0.8859375 0.0890625 0.8953125 0.084375 0.9046875 0.071875 0.9109375 0.034375 0.91875 0.0421875 0.95 0.0375 0.959375 0.04375 0.971875 0.0703125 1 0.078125 1 0 0.571875 0
0 1 0.63786263125 0.975 0.6381739546875 0.9015625 0.6459864546875 0.8921875 0.6444239546875 0.8640625 0.6553614546875 0.8484375 0.6506739546875 0.8234375 0.6678614546875 0.78125 0.6741114546875 0.771875 0.7053614546875 0.7828125 0.7569239546875 0.7890625 0.7553614546875 0.7984375 0.7334864546875 0.8125 0.7303614546875 0.85 0.7428614546875 0.8578125 0.7553614546875 0.8859375 0.7678614546875 0.9125 0.7694239546875 0.934375 0.7631739546875 0.95 0.7709864546875 0.9609375 0.8241114546875 0.984375 0.8366114546875 1 0.8287989546875 1 0.63786263125
0 0 0.98125 0.0140625 0.9703125 0.034375 0.965625 0.05 0.928125 0.0640625 0.928125 0.0890625 0.95 0.0921875 0.9671875 0.121875 0.965625 0.1453125 0.978125 0.1484375 0.9875 0.134375 0.9921875 0.134375 1 0.24375 0.9953125 0.259375 0.9765625 0.2640625 0.91875 0.2921875 0.9140625 0.3140625 0.8875 0.334375 0.9 0.3484375 0.91875 0.3578125 0.9203125 0.365625 0.9125 0.3875 0.9109375 0.3921875 0.89375 0.4125 0.88125 0.4375 0.878125 0.446875 0.8921875 0.4546875 0.89375 0.4703125 0.928125 0.4875 0.8984375 0.640625 0.89375 0.65625 0.9203125 0.6515625 0.9375 0.6609375 0.953125 0.675 0.9515625 0.6890625 0.9390625 0.6890625 0.9203125 0.7265625 0.90625 0.7203125 0.8890625 0.7296875 0.875 0.7234375 0.86875 0.696875 0.8671875 0.6703125 0.878125 0.65625 0.8578125 0.64375 0.8140625 0.646875 0.7875 0.634375 0.7484375 0.6234375 0.7421875 0.571875 0.75 0.5140625 0.75 0.496875 0.771875 0.4453125 0.7796875 0.2375 0.79375 0.2046875 0.7796875 0.15 0.734375 0.1203125 0.7296875 0.0390625 0.7390625 0 0.7375 0 0.98125
0 0.8703125 1 0.853125 0.9765625 0.8390625 0.971875 0.8234375 0.9375 0.771875 0.9296875 0.7525918609375 0.9376803468749999 0.7609375 0.9453125 0.7633023015625 0.968018990625 0.803125 0.9828125 0.8171875 1 0.8703125 1
0 1 0.4890625 0.990625 0.4828125 0.9736653859375 0.47728335624999996 0.960388603125 0.462448671875 0.9393021234375001 0.4515177453125 0.930711396875 0.46869480937499997 0.8953125 0.475 0.88125 0.4671875 0.875 0.453125 0.8002873734374999 0.43355991875 0.7315610875 0.40545201875 0.6421875 0.415625 0.4859375 0.440625 0.44650274218749997 0.44422141406250004 0.43244505 0.43172902031250004 0.43322607812499997 0.4239212671875 0.4410358953125 0.4161135140625 0.46993219062499997 0.420017390625 0.48398988281250005 0.41533275 0.47774200625 0.3965941296875 0.382462275 0.4122096359375 0.3887100921875 0.42860590624999995 0.4043297234375 0.4262636171875 0.4160444484375 0.4403175375 0.4261972328125 0.43641366093749995 0.43556898750000006 0.4496868765625 0.43791195624999996 0.46530238281249997 0.4328125 0.4796875 0.40625 0.4921875 0.3734375 0.49375 0.340625 0.4828125 0.3203125 0.4953125 0.2296875 0.4953125 0.196875 0.4828125 0.1859375 0.475 0.1859375 0.4671875 0.1921875 0.4375 0.203125 0.425 0.2171875 0.4234375 0.2453125 0.4515625 0.2546875 0.4484375 0.2640625 0.425 0.2828125 0.421875 0.315625 0.4515625 0.3421875 0.4546875 0.346875 0.434375 0.345756103125 0.417675040625 0.3598137953125 0.4122096359375 0.34028925625 0.3833209734375 0.3067070234375 0.35287069375 0.265625 0.3359375 0.2375 0.321875 0.20127450625 0.31070884374999996 0.1671875 0.2953125 0.11692852812500001 0.2701085203125 0.06304075625 0.2872855828125 0.0296875 0.2921875 0.0421875 0.246875 0.05 0.2390625 0.0765625 0.2328125 0.0875 0.16875 0.078125 0.15625 0.046875 0.159375 0 0.15 0.0015625 0.534375 0.0375 0.5703125 0.0796875 0.5578125 0.0859375 0.5390625 0.1 0.5234375 0.1078125 0.5234375 0.221875 0.6 0.246875 0.6265625 0.2484375 0.646875 0.2609375 0.6578125 0.271875 0.659375 0.296875 0.646875 0.3328125 0.6609375 0.3390625 0.6546875 0.334375 0.6234375 0.309375 0.575 0.3296875 0.55 0.365625 0.5390625 0.3793383359375 0.54989545625 0.40979663125 0.512418215625 0.4328125 0.5265625 0.453125 0.5515625 0.478125 0.55 0.4859375 0.5453125 0.4859375 0.525 0.5140625 0.5015625 0.5328125 0.5046875 0.559375 0.5203125 0.5640625 0.478125 0.598794275 0.462448671875 0.6136328171875001 0.4765025625 0.6453125 0.5015625 0.728125 0.553125 0.7375 0.546875 0.740625 0.50625 0.766705259375 0.482748759375 0.8109375 0.51875 0.81590700625 0.5155413296875 0.8510511781250001 0.539745353125 0.8729186859375 0.545210815625 0.875 0.5140625 0.8890625 0.4921875 0.9734375 0.5703125 0.990625 0.5734375 1 0.5671875 1 0.4890625
0 0.70625 0.2203125 0.71875 0.2296875 0.725 0.265625 0.7515625 0.275 0.7609375 0.284375 0.7890625 0.28125 0.790625 0.2671875 0.80625 0.24375 0.846875 0.2265625 0.840625 0.215625 0.8 0.21875 0.73125 0.209375 0.70625 0.2203125
0 0.984375 0.3375 0.9828125 0.35625 0.9984375 0.36875 0.9984375 0.3328125 0.990625 0.3328125 0.984375 0.3375
0 0.584375 0.271875 0.5734375 0.2875 0.559375 0.29375 0.5625 0.3 0.615625 0.3140625 0.615625 0.321875 0.6046875 0.3328125 0.5703125 0.3421875 0.5890625 0.375 0.6 0.3734375 0.5984375 0.365625 0.634375 0.328125 0.628125 0.315625 0.61875 0.3125 0.6171875 0.271875 0.6046875 0.2640625 0.584375 0.271875
0 0.9078125 0.34375 0.878125 0.35 0.853125 0.34375 0.846875 0.3546875 0.8125 0.3625 0.7703125 0.3625 0.740625 0.3484375 0.69375 0.3421875 0.6828125 0.3328125 0.6640625 0.3328125 0.6625 0.3390625 0.6921875 0.3703125 0.7109375 0.3796875 0.8125 0.3796875 0.834375 0.3703125 0.846875 0.3765625 0.8515625 0.3921875 0.8671875 0.3953125 0.88125 0.375 0.8953125 0.3703125 0.903125 0.359375 0.9125 0.3578125 0.921875 0.365625 0.93125 0.359375 0.93125 0.3390625 0.94375 0.3234375 0.925 0.321875 0.9078125 0.34375