1 0.5921875 0.4 0.3953125 0.4765625
1 0.10859375 0.06796875 0.1921875 0.1359375
1 0.06484375 0.80703125 0.115625 0.2203125
1 0.35078125 0.50078125 0.096875 0.146875
1 0.03359375 0.2046875 0.0640625 0.171875
1 0.8375 0.1875 0.278125 0.3328125
1 0.38203125 0.19765625 0.15 0.2609375
1 0.26015625 0.2640625 0.18125 0.3859375
1 0.88515625 0.57734375 0.08125 0.1625
1 0.92265625 0.56875 0.121875 0.1828125
1 0.75078125 0.93203125 0.184375 0.121875
1 0.3375 0.90703125 0.234375 0.1859375
1 0.9 0.934375 0.1765625 0.128125
1 0.3328125 0.04375 0.1671875 0.0875
1 0.71171875 0.8125 0.2671875 0.25625
1 0.1765625 0.92109375 0.109375 0.1578125
1 0.078125 0.43203125 0.1421875 0.4125
1 0.840625 0.71875 0.1953125 0.253125
1 0.16328125 0.325 0.125 0.3359375
1 0.6484375 0.096875 0.140625 0.19375
1 0.51796875 0.0703125 0.1640625 0.140625
0 0.23203125 0.053125 0.2390625 0.04453125 0.20078125 0.0234375 0.1984375 0.04296875 0.2078125 0.05546875 0.21640625 0.05 0.23203125 0.053125
0 0.89921875 0.0328125 0.9015625 0.01171875 0.88828125 0 0.85546875 0.003125 0.7953125 0.04453125 0.8046875 0.05078125 0.85859375 0.0125 0.89921875 0.0328125
0 0.99921875 0.059375 0.9796875 0.07734375 0.9734375 0.09921875 0.940625 0.12578125 0.93984375 0.13125 0.9578125 0.13671875 0.9984375 0.10546875 0.99921875 0.059375
0 0.53046875 0.1796875 0.5234375 0.19765625 0.5453125 0.23046875 0.5453125 0.24921875 0.553125 0.25234375 0.5953125 0.21640625 0.53046875 0.1796875
0 0.515625 0.19921875 0.515625 0.18359375 0.50234375 0.1703125 0.48671875 0.16875 0.48046875 0.1546875 0.44765625 0.1453125 0.459375 0.17734375 0.459375 0.25234375 0.47734375 0.2484375 0.4921875 0.26953125 0.49375 0.23203125 0.515625 0.19921875
0 1 0.40234375 0.78828125 0.303125 0.74453125 0.2890625 0.7484375 0.31640625 0.78046875 0.3953125 0.79765625 0.3859375 0.82109375 0.4 0.84453125 0.3859375 0.86015625 0.403125 0.88125 0.41015625 0.8828125 0.43984375 0.8734375 0.46640625 0.84921875 0.45 0.8421875 0.45546875 0.8421875 0.47421875 0.84921875 0.4953125 0.87578125 0.490625 0.890625 0.51484375 0.8984375 0.51640625 1 0.42734375 1 0.40234375
0 0.6109375 0.84140625 0.6640625 0.78203125 0.6828125 0.72109375 0.69140625 0.7125 0.70703125 0.7203125 0.71953125 0.71875 0.778125 0.64921875 0.79296875 0.5640625 0.78515625 0.565625 0.77734375 0.578125 0.75546875 0.584375 0.73671875 0.6109375 0.703125 0.61953125 0.7 0.63671875 0.70703125 0.6515625 0.67421875 0.65 0.63984375 0.6859375 0.621875 0.67109375 0.60703125 0.6421875 0.59296875 0.64375 0.578125 0.65703125 0.5859375 0.70234375 0.578125 0.72890625 0.56640625 0.7359375 0.54453125 0.734375 0.5328125 0.71796875 0.5296875 0.67421875 0.5390625 0.66015625 0.5390625 0.64609375 0.50703125 0.6265625 0.49765625 0.6328125 0.47734375 0.6265625 0.46015625 0.6078125 0.42421875 0.5953125 0.4234375 0.58046875 0.40859375 0.571875 0.36796875 0.5703125 0.35703125 0.6015625 0.321875 0.61171875 0.31484375 0.6390625 0.28359375 0.6421875 0.2734375 0.62421875 0.27578125 0.571875 0.26484375 0.571875 0.2578125 0.59296875 0.24140625 0.60625 0.21015625 0.59375 0.2046875 0.57578125 0.21875 0.55234375 0.2203125 0.52890625 0.22890625 0.525 0.24765625 0.5390625 0.27421875 0.490625 0.29140625 0.5015625 0.29921875 0.5 0.34375 0.43359375 0.3375 0.41796875 0.340625 0.38984375 0.33046875 0.3671875 0.20234375 0.478125 0.16796875 0.515625 0.14609375 0.5265625 0 0.65234375 0.00234375 0.690625 0.12109375 0.7421875 0.14140625 0.7265625 0.28828125 0.78125 0.31484375 0.8296875 0.33671875 0.8375 0.35859375 0.8359375 0.38359375 0.853125 0.41640625 0.85625 0.45546875 0.8765625 0.48359375 0.878125 0.50234375 0.9078125 0.51328125 0.9078125 0.53359375 0.9265625 0.5515625 0.93203125 0.5703125 0.92265625 0.6109375 0.84140625