1 0.8765625 0.5859375 0.246875 0.3015625
1 0.11953125 0.14609375 0.2390625 0.2921875
1 0.88359375 0.165625 0.2328125 0.33125
1 0.253125 0.08359375 0.1703125 0.1671875
1 0.22265625 0.50390625 0.240625 0.2484375
1 0.26328125 0.84609375 0.2625 0.2578125
1 0.484375 0.8703125 0.221875 0.228125
1 0.67890625 0.3328125 0.225 0.1953125
1 0.4390625 0.43125 0.25 0.2171875
0 0.64375 0.66875 0.634375 0.6984375 0.64375 0.7140625 0.6453125 0.7375 0.665625 0.74375 0.6765625 0.7375 0.6875 0.71875 0.6953125 0.684375 0.6890625 0.6765625 0.6640625 0.671875 0.6546875 0.6640625 0.64375 0.66875
0 0.025 0.7984375 0.01875 0.8046875 0.0109375 0.8546875 0.025 0.8703125 0.0640625 0.8734375 0.096875 0.8578125 0.1046875 0.80625 0.0875 0.796875 0.0671875 0.796875 0.025 0.7984375
0 0.9578125 0.346875 0.95 0.3859375 0.9015625 0.3890625 0.8296875 0.4140625 0.7546875 0.453125 0.6953125 0.4734375 0.603125 0.528125 0.45 0.596875 0.4375 0.60625 0.4390625 0.6359375 0.4515625 0.653125 0.4578125 0.678125 0.4734375 0.684375 0.496875 0.6671875 0.534375 0.6734375 0.571875 0.6625 0.6078125 0.6421875 0.6453125 0.6078125 0.671875 0.6 0.6953125 0.5796875 0.725 0.565625 0.746875 0.5453125 0.8796875 0.4734375 0.9375 0.4546875 0.9484375 0.434375 1 0.434375 0.996875 0.3328125 0.9578125 0.346875
0 0.0885342765625 0.80204854375 0.10281500156250001 0.82524864375 0.12423629218750001 0.803833146875 0.19028496875 0.768140559375 0.22241683750000002 0.7449403921875 0.1974253984375 0.7378019828125 0.1142856734375 0.7772321453125 0.0885342765625 0.80204854375
0 0.3866460578125 0.6628474015625 0.40449706562500004 0.6896168421875 0.4022321015625 0.632142859375 0.3902162046875 0.64321650625 0.3866460578125 0.6628474015625
0 0.25633364375 0.7288788375 0.2884655125 0.7146016796875 0.31167187812499997 0.7270940984375 0.3027463734375 0.6914015124999999 0.279540009375 0.6878322390625 0.24821424531249997 0.708035715625 0.25633364375 0.7288788375
0 0.6901134671875 0.6806936953125 0.7329556421875 0.6789090921875001 0.7097492765625 0.6574936640625 0.6597665359375 0.646785778125 0.6388392453125 0.6589285734375 0.6901134671875 0.6806936953125