1 0.30546875 0.20703125 0.071875 0.1203125
1 0.74765625 0.07265625 0.16875 0.14375
1 0.259375 0.28046875 0.0640625 0.09375
1 0.9625 0.2109375 0.075 0.090625
1 0.63125 0.065625 0.071875 0.08125
1 0.453125 0.13359375 0.0671875 0.0953125
1 0.53359375 0.196875 0.0828125 0.0640625
1 0.76875 0.2703125 0.278125 0.109375
1 0.97578125 0.14140625 0.0484375 0.0828125
1 0.1 0.26875 0.1 0.084375
1 0.07578125 0.08125 0.0890625 0.0734375
1 0.15234375 0.04140625 0.059375 0.0484375
1 0.52734375 0.0765625 0.0453125 0.06875
1 0.55546875 0.0515625 0.03125 0.05
1 0.5671875 0.0171875 0.0265625 0.034375
1 0.40703125 0.1484375 0.0578125 0.0921875
1 0.35703125 0.19140625 0.05 0.09375
1 0.1921875 0.31640625 0.0890625 0.0703125
1 0.4484375 0.0390625 0.075 0.053125
1 0.2859375 0.13671875 0.0546875 0.0578125
0 0.57734375 0.84375 0.60390625 0.8453125 0.609375 0.83984375 0.6 0.80390625 0.56171875 0.7859375 0.553125 0.77578125 0.5453125 0.75078125 0.5265625 0.72265625 0.4953125 0.60390625 0.47109375 0.5921875 0.43671875 0.559375 0.38515625 0.553125 0.3796875 0.56171875 0.39375 0.57734375 0.3734375 0.61640625 0.34375 0.65078125 0.3484375 0.66796875 0.340625 0.68046875 0.3484375 0.70703125 0.3375 0.71953125 0.3265625 0.78046875 0.3046875 0.80234375 0.303125 0.81640625 0.315625 0.83359375 0.3171875 0.84921875 0.2984375 0.85703125 0.2953125 0.91796875 0.284375 0.93828125 0.26875 0.99921875 0.6078125 0.99921875 0.571875 0.86484375 0.57734375 0.84375