1 0.54609375 0.328125 0.1890625 0.240625
1 0.9421875 0.4046875 0.115625 0.25625
1 0.0828125 0.4875 0.1515625 0.1625
0 0 0.3296875 0.009375 0.3453125 0.0109375 0.3734375 0.01875 0.3921875 0.0515625 0.4015625 0.0515625 0.25 0.040625 0.2046875 0.025 0.1703125 0 0.159375 0 0.3296875
0 1 0.7484375 0.99375 0.7421875 0.984375 0.7390625 0.85 0.7546875 0.8296875 0.7484375 0.8046875 0.7296875 0.7453125 0.7171875 0.7078125 0.7171875 0.696875 0.73125 0.696875 0.7484375 0.7078125 0.7578125 0.728125 0.7625 0.74375 0.778125 0.7640625 0.8515625 0.7453125 0.91875 0.7484375 0.9625 0.73125 1 0.8125 1 0.8234375 0.9875 0.834375 0.965625 0.8390625 0.9234375 0.834375 0.8609375 0.846875 0.85 0.9109375 0.846875 0.9375 0.8265625 0.9625 0.8375 0.98125 0.85625 0.9859375 0.8703125 1 0.878125 1 0.7484375
0 0 0.7640625 0.040625 0.746875 0.0546875 0.7046875 0.0734375 0.690625 0.0890625 0.6921875 0.1 0.7109375 0.140625 0.746875 0.1796875 0.746875 0.221875 0.7578125 0.3015625 0.765625 0.3828125 0.7609375 0.4046875 0.765625 0.4296875 0.75625 0.446875 0.7375 0.4984375 0.734375 0.515625 0.725 0.5125 0.68125 0.53125 0.65625 0.5515625 0.6078125 0.54375 0.559375 0.534375 0.553125 0.4984375 0.5515625 0.41875 0.5515625 0.396875 0.5578125 0.384375 0.56875 0.3859375 0.6078125 0.3796875 0.61875 0.3703125 0.621875 0.35 0.6203125 0.3328125 0.596875 0.309375 0.5875 0.25 0.5890625 0.234375 0.5703125 0.234375 0.54375 0.265625 0.5234375 0.2828125 0.5 0.31875 0.4890625 0.3453125 0.5 0.3546875 0.484375 0.3546875 0.4625 0.34375 0.45 0.3171875 0.4484375 0.2921875 0.453125 0.278125 0.4640625 0.253125 0.43125 0.234375 0.4265625 0.2125 0.44375 0.2046875 0.509375 0.165625 0.5375 0.1453125 0.5703125 0.1375 0.5984375 0.096875 0.6125 0.0546875 0.61875 0.034375 0.61875 0.0140625 0.6078125 0 0.6078125 0 0.7640625
0 0.80625 0.1328125 0.7796875 0.13125 0.7609375 0.1390625 0.69375 0.13125 0.6765625 0.165625 0.6671875 0.2140625 0.6671875 0.4 0.659375 0.45625 0.6640625 0.525 0.7 0.665625 0.721875 0.678125 0.7734375 0.6875 0.8734375 0.6859375 0.925 0.678125 0.9765625 0.659375 0.9859375 0.646875 0.9515625 0.6421875 0.890625 0.6484375 0.853125 0.6234375 0.8328125 0.59375 0.83125 0.565625 0.8390625 0.540625 0.884375 0.4890625 0.8890625 0.353125 0.8796875 0.328125 0.8921875 0.31875 0.8921875 0.290625 0.9046875 0.253125 0.9078125 0.19375 0.9015625 0.1734375 0.8796875 0.146875 0.8484375 0.1296875 0.8234375 0.1265625 0.80625 0.1328125
0 0.1313765875 0.30949080625000003 0.13673194375 0.282721365625 0.1545829515625 0.2470287796875 0.179574390625 0.200628478125 0.1974253984375 0.1952745359375 0.22420191093750003 0.18456675312499998 0.22955713125 0.1470895984375 0.179574390625 0.1435202578125 0.12066600937500001 0.170289696875 0.08080353125 0.20803571562499998 0.08496399375 0.31484468125 0.1313765875 0.30949080625000003
0 0.2384826359375 0.25773652812500003 0.2509784234375 0.24524417656250003 0.2652591484375 0.20776692031250002 0.30810159531250003 0.170289696875 0.2652591484375 0.13995101875 0.22063162812499998 0.14530489375 0.23705353125 0.145535715625 0.22777205781249998 0.19705913749999998 0.2384826359375 0.25773652812500003
0 0.345588684375 0.2202593390625 0.3670099765625 0.18456675312499998 0.384860984375 0.1685050953125 0.4169927171875 0.1631511875 0.4562650171875 0.170289696875 0.4794712453125 0.21847473750000002 0.4759010984375 0.1524434046875 0.4384140078125 0.1328125078125 0.399141709375 0.1238893625 0.372365196875 0.1078276703125 0.350944040625 0.1435202578125 0.32238245625 0.17564360625 0.3285713875 0.21026785937499998 0.345588684375 0.2202593390625
0 0.5651561390625 0.1345971109375 0.57229656875 0.170289696875 0.583007146875 0.13995101875 0.6008581546875 0.1435202578125 0.6044283015625 0.17564360625 0.59907308125 0.21133619218750002 0.6276346671875 0.24881338125000002 0.6508410328124999 0.2862906390625 0.6704771140625 0.2969983875 0.6544111796875 0.2630904703125 0.641915528125 0.20955162500000002 0.656196253125 0.1952745359375 0.656196253125 0.1738590375 0.6544642453125 0.13437500156249998 0.5758667156249999 0.122104725 0.5651561390625 0.1345971109375
0 0.068898059375 0.8091870890624999 0.093889496875 0.8413103359375 0.1295915140625 0.816325496875 0.14030209062500001 0.7717098328125 0.1349468703125 0.7449403921875 0.14030209062500001 0.7092478046874999 0.10312495937499999 0.7058035734375 0.08496399375 0.7288788375 0.068898059375 0.8091870890624999