1 0.78984375 0.628125 0.103125 0.171875
1 0.84609375 0.4296875 0.078125 0.1234375
1 0.9015625 0.66796875 0.0921875 0.1484375
1 0.69609375 0.084375 0.0796875 0.115625
1 0.68125 0.296875 0.0765625 0.14375
1 0.7484375 0.471875 0.0921875 0.1125
1 0.02890625 0.4609375 0.0578125 0.146875
1 0.8953125 0.01875 0.078125 0.034375
1 0.62734375 0.465625 0.096875 0.1421875
1 0.978125 0.2890625 0.04375 0.125
1 0.61015625 0.29296875 0.0640625 0.128125
1 0.14609375 0.43125 0.1046875 0.1265625
1 0.03515625 0.2515625 0.0703125 0.15625
1 0.9796875 0.03359375 0.0375 0.0671875
1 0.8453125 0.27890625 0.0703125 0.115625
1 0.89296875 0.153125 0.05 0.1140625
1 0.5109375 0.32421875 0.0953125 0.1
1 0.14609375 0.325 0.0875 0.0796875
1 0.046875 0.0375 0.090625 0.075
0 0 0.40050687500000004 0.0635428375 0.388014525 0.0599725546875 0.40764542031250006 0.0813938453125 0.40764542031250006 0.0921044234375 0.38266058125 0.10638528437500001 0.3416141203125 0.1188809359375 0.2898599109375 0.186714821875 0.2898599109375 0.19028496875 0.37016823125 0.206350903125 0.391583728125 0.2117061234375 0.366598959375 0.24205291875 0.366598959375 0.2599039265625 0.321983225 0.2652591484375 0.293429115625 0.279540009375 0.288075240625 0.29560594375 0.28450596875 0.2866804390625 0.2630904703125 0.2545485703125 0.24524417656250003 0.24205291875 0.2630904703125 0.24919335 0.275582821875 0.23669756249999999 0.30413693125 0.2117061234375 0.3077062046875 0.2009955453125 0.27915209375 0.193855115625 0.25416732343750004 0.2081359765625 0.2238286109375 0.2402678453125 0.21847473750000002 0.2599039265625 0.1809974796875 0.284895365625 0.1738590375 0.2813250828125 0.1470895984375 0.27061450468750003 0.1274586 0.26347407500000003 0.0989045234375 0.2509784234375 0.07035048125 0.22955713125 0.0525041875 0.252763496875 0.013242396875000001 0.25633364375 0.00431925 0.22589281562500002 0.0004464296875 0.193855115625 0.0846275703125 0.1313765875 0.0935507171875 0.12423629218750001 0.0525041875 0.13673194375 0 0.10817035781249999 0.007888454687500001 0.0778235625 0.05785813125 0.101029928125 0.07035048125 0.1117405046875 0.088196775 0.0867490671875 0.13816645156250001 0.06711298437499999 0.2309670875 0.0599725546875 0.3077062046875 0 0.3273371 0 0.40050687500000004
0 0.59907308125 0.7146016796875 0.6169240890625 0.7574327421875 0.636560171875 0.7181709515625 0.6544111796875 0.682478365625 0.6704771140625 0.719955690625 0.6472707484375 0.7592174125 0.6508410328124999 0.7663558890625 0.6704771140625 0.7663558890625 0.6865430484374999 0.73958645 0.702608846875 0.7627866859375 0.7079644765625 0.7734945703125 0.702608846875 0.725309428125 0.7008237734375 0.6878322390625 0.7133195609375 0.6592781296875 0.6918982687499999 0.646785778125 0.6901134671875 0.6200163390625 0.6990389718750001 0.5986007718749999 0.682972765625 0.5807544796874999 0.6579813265625 0.578969809375 0.6169240890625 0.5896776265625 0.603124959375 0.5808035734375 0.6079985859375 0.6253702125 0.59907308125 0.7146016796875
0 0.001064309375 0.7003246578125 0.042121546875 0.682478365625 0.0385514 0.6110931921875 0.051047050000000004 0.543277221875 0 0.5290002015625 0.001064309375 0.7003246578125
0 0.10460007499999999 0.6235855421875 0.12245108281249999 0.6235855421875 0.1510128046875 0.596816103125 0.152797878125 0.5664774578125 0.1295915140625 0.5807544796874999 0.0992448546875 0.5950316359375 0.074253415625 0.5486311640625 0.0741071015625 0.5607142875 0.074253415625 0.6057392484374999 0.10460007499999999 0.6235855421875
0 0.3205973828125 0.578969809375 0.3420185375 0.5861084890625 0.3438036109375 0.6057392484374999 0.315242025 0.6414318359375 0.315242025 0.6789090921875001 0.3330930328125 0.702109396875 0.33487810625000003 0.7449403921875 0.34737389375 0.6592781296875 0.3670099765625 0.616447065625 0.3866460578125 0.5807544796874999 0.3937864875 0.5611235156250001 0.3330356734375 0.5428571453125 0.299176090625 0.5754006046875 0.3205973828125 0.578969809375
0 0.0956745703125 0.7538635390625 0.0921044234375 0.780632978125 0.0564024078125 0.7984792046875 0.001064309375 0.8306025859374999 0 0.9323264046874999 0.3634396921875 0.955526640625 0.813285178125 0.9912192265625 0.9257465843749999 0.9822960796875 0.9721590421874999 0.9715883312500001 1 0.9751575359375 0.9882251125 0.94660349375 0.9346720890625001 0.919834053125 0.9382422359374999 0.9002031578125 0.9757294609375 0.8841414671875001 0.991795259375 0.8502334828125001 0.9882251125 0.82524864375 0.9703741046875001 0.81275629375 0.9328868781249999 0.8270333828125 0.9078955765625001 0.8377411312499999 0.832921396875 0.8716491156249999 0.8454170484375 0.9501726984375001 0.8186405359375 0.8877106703125 0.806144884375 0.9287572000000001 0.7972193796875 0.9448188921874999 0.7633023015625 0.9358957453125001 0.7383108625 0.919834053125 0.7240301375 0.9412495515625 0.6901134671875 0.9269725984375 0.6794026171875001 0.8966338171875 0.66690683125 0.834171790625 0.66512175625 0.8198948375 0.64013031875 0.8074023515625001 0.615139015625 0.8216794406249999 0.6437006015625 0.86094123125 0.649055821875 0.8930646140625 0.65262610625 0.9144801109375 0.65262610625 0.9269725984375 0.636560171875 0.9341111421875 0.497322253125 0.9376803468749999 0.3545141890625 0.9234032578125 0.24383799218750002 0.9019877609375 0.2384826359375 0.8555874250000001 0.22063162812499998 0.7984792046875 0.24919335 0.7449403921875 0.28311015624999997 0.7627866859375 0.27239957812500004 0.7056785328124999 0.3062010234375 0.684759353125 0.26882943125000003 0.6860475687500001 0.252763496875 0.67533995625 0.24383799218750002 0.7038938625 0.21349133281250002 0.6967553859375 0.1974253984375 0.702109396875 0.195640325 0.655708925 0.1760041078125 0.6414318359375 0.17243396093750002 0.6503549828125 0.17243396093750002 0.6789090921875001 0.1581531 0.6860475687500001 0.134374959375 0.6879464296875 0.11352557968749999 0.655708925 0.0921044234375 0.655708925 0.0778235625 0.7128170093749999 0.0956745703125 0.7538635390625