1 0.46171875 0.53046875 0.109375 0.1640625
1 0.52421875 0.80703125 0.1390625 0.215625
1 0.66328125 0.31796875 0.103125 0.1421875
1 0.2140625 0.58671875 0.1171875 0.1796875
1 0.1171875 0.4140625 0.090625 0.1484375
1 0.57109375 0.496875 0.10625 0.1734375
1 0.67109375 0.79765625 0.1484375 0.25625
1 0.34140625 0.8859375 0.16875 0.2078125
1 0.053125 0.66484375 0.103125 0.1671875
1 0.90390625 0.30390625 0.1 0.1
1 0.65078125 0.12890625 0.09375 0.090625
1 0.6 0.19140625 0.0796875 0.09375
1 0.1859375 0.9078125 0.1296875 0.184375
1 0.3078125 0.384375 0.09375 0.1765625
1 0.52734375 0.33359375 0.1484375 0.1515625
1 0.934375 0.5421875 0.13125 0.228125
1 0.31328125 0.16484375 0.1375 0.1546875
1 0.81484375 0.1015625 0.1171875 0.115625
1 0.91328125 0.69375 0.146875 0.2078125
1 0.7390625 0.48515625 0.121875 0.134375
1 0.04140625 0.35859375 0.06875 0.0984375
1 0.33125 0.040625 0.078125 0.08125
1 0.1953125 0.2734375 0.0640625 0.071875
1 0.25625 0.2625 0.046875 0.0671875
1 0.73359375 0.2421875 0.1546875 0.1625
1 0.84296875 0.346875 0.075 0.0921875
0 0.7359375 0.625 0.7390625 0.653125 0.7546875 0.703125 0.771875 0.7234375 0.7671875 0.7953125 0.809375 0.815625 0.8171875 0.8578125 0.8234375 0.8734375 0.8328125 0.878125 0.846875 0.8625 0.85625 0.7609375 0.86875 0.746875 0.8703125 0.7296875 0.8265625 0.6765625 0.809375 0.665625 0.784375 0.6734375 0.778125 0.64375 0.740625 0.621875 0.7359375 0.625