1 0.7140625 0.8421875 0.2171875 0.26875
1 0.4234375 0.67265625 0.1640625 0.2
1 0.27578125 0.5703125 0.2703125 0.246875
1 0.7078125 0.125 0.11875 0.13125
1 0.93359375 0.675 0.1328125 0.228125
1 0.65078125 0.334375 0.1421875 0.140625
1 0.86015625 0.45234375 0.1140625 0.140625
1 0.5421875 0.2984375 0.1140625 0.1328125
1 0.0484375 0.421875 0.0875 0.159375
1 0.8359375 0.6140625 0.115625 0.1828125
1 0.61171875 0.47265625 0.121875 0.128125
1 0.36015625 0.13125 0.0875 0.1296875
1 0.50390625 0.0828125 0.13125 0.1296875
1 0.47578125 0.43671875 0.0765625 0.1234375
1 0.13046875 0.4875 0.128125 0.146875
1 0.87890625 0.04453125 0.0859375 0.0890625
1 0.740625 0.425 0.096875 0.096875
1 0.25234375 0.2828125 0.1328125 0.11875
1 0.89609375 0.19375 0.153125 0.1328125
1 0.96875 0.33828125 0.0625 0.0765625
0 0.16875 1 0.071875 0.9015625 0.0515625 0.875 0.040625 0.8453125 0.025 0.84375 0 0.821875 0 1 0.16875 1
0 0.53125 0.134375 0.45 0.171875 0.4296875 0.1984375 0.384375 0.2109375 0.3609375 0.2046875 0.315625 0.175 0.2546875 0.1625 0.1734375 0.1875 0.1515625 0.1796875 0.0984375 0.1421875 0.0875 0.140625 0.078125 0.1484375 0.0640625 0.1453125 0.040625 0.11875 0.0234375 0.1359375 0.0203125 0.171875 0.0375 0.190625 0.0890625 0.2109375 0.0984375 0.25 0.0828125 0.2765625 0.084375 0.30625 0.090625 0.3171875 0.1171875 0.3234375 0.128125 0.3171875 0.1234375 0.2796875 0.1328125 0.25625 0.1421875 0.2484375 0.209375 0.2359375 0.2703125 0.2328125 0.35 0.259375 0.38125 0.2609375 0.434375 0.225 0.4703125 0.2140625 0.48125 0.203125 0.5296875 0.18125 0.5484375 0.1625 0.578125 0.146875 0.6234375 0.1421875 0.6359375 0.1140625 0.6296875 0.1015625 0.53125 0.134375
0 0.7421875 1 0.7421875 0.9859375 0.73125 0.9703125 0.6203125 0.903125 0.60625 0.903125 0.5875 0.91875 0.5875 0.959375 0.5828125 0.965625 0.5453125 0.95625 0.5203125 0.9328125 0.496875 0.9234375 0.4875 0.9125 0.4984375 0.8875 0.49375 0.83125 0.475 0.80625 0.45625 0.7921875 0.4375 0.7875 0.4140625 0.8046875 0.403125 0.828125 0.3921875 0.834375 0.3578125 0.8015625 0.2859375 0.7515625 0.2859375 0.734375 0.30625 0.70625 0.3046875 0.690625 0.290625 0.6875 0.2671875 0.696875 0.2421875 0.696875 0.2296875 0.65625 0.15 0.609375 0.1296875 0.571875 0.0765625 0.5359375 0.05 0.4953125 0 0.46875 0 0.7796875 0.021875 0.7921875 0.05 0.828125 0.0640625 0.83125 0.1234375 0.86875 0.190625 0.9203125 0.2765625 1 0.3109375 1 0.3140625 0.9953125 0.334375 1 0.7421875 1
0 1 0.5807544796874999 0.94895295 0.5646927875000001 0.95609324375 0.5290002015625 0.9150358703125001 0.49687688750000003 0.873978496875 0.5147231796875 0.920391228125 0.5504157671875001 0.9168210796875 0.5807544796874999 1 0.6276785734375 1 0.5807544796874999
0 0.7650875109374999 0.47546132031250005 0.7400960734375001 0.455830425 0.7204598546875001 0.45761502812500005 0.7276002859374999 0.4861691375 0.7561620078125 0.49152301249999997 0.78472345625 0.5236463265625 0.7775831625 0.5414926203125 0.7865086671875 0.5539850390625001 0.8204254734375 0.5147231796875 0.7882938765625 0.49866148906249996 0.7650875109374999 0.47546132031250005
0 0.6276346671875 0.40764542031250006 0.5919326515625001 0.379091378125 0.5401646999999999 0.37016823125 0.54730513125 0.3897991265625 0.585267815625 0.40669642968749997 0.6276346671875 0.40764542031250006
0 0.4294885046875 0.33447564375 0.48304152812499995 0.361245084375 0.49910746250000004 0.34518339375 0.458050090625 0.3077062046875 0.3937864875 0.2595211984375 0.40806721250000005 0.2916445125 0.4294885046875 0.33447564375
0 0.1188809359375 0.40407614687500004 0.1777893171875 0.3755221046875 0.2027806203125 0.388014525 0.2117061234375 0.3755221046875 0.1652935296875 0.348752665625 0.10312495937499999 0.382142859375 0.1188809359375 0.40407614687500004
0 0.9775143984374999 0.8662951734375 1 0.8787875250000001 0.9959821015625 0.7683035734375 0.9757294609375 0.79491 0.9775143984374999 0.8662951734375
0 0.7865086671875 0.778848309375 0.8222106828125 0.8181102359375 0.8418469 0.77706370625 0.8079298218750001 0.7324479734375 0.78472345625 0.7235248265625 0.7650875109374999 0.7467251296875 0.7865086671875 0.778848309375
0 0.1777893171875 0.088196775 0.22777205781249998 0.066781278125 0.21349133281250002 0.0346578953125 0.2045658296875 0.031088690625 0.1760041078125 0.0417964046875 0.1295915140625 0.0346578953125 0.1170958625 0.0185962375 0.10995543125 0.0507195515625 0.1777893171875 0.088196775