1 0.428125 0.20703125 0.0734375 0.071875
1 0.48125 0.3875 0.090625 0.1078125
1 0.1296875 0.2140625 0.1 0.084375
1 0.10625 0.3828125 0.109375 0.0859375
1 0.5671875 0.27109375 0.0578125 0.06875
1 0.040625 0.24921875 0.08125 0.1078125
1 0.62421875 0.24296875 0.075 0.0796875
1 0.890625 0.16953125 0.071875 0.0671875
1 0.98125 0.20546875 0.0375 0.0859375
1 0.23046875 0.56640625 0.24375 0.2390625
0 1 0.2765625 0.9877490390625001 0.273588115625 0.9810846375000001 0.25693157499999997 0.9569263234375001 0.26775831875 0.9435975203125 0.2511017796875 0.9402653828125 0.25693157499999997 0.8977799328125 0.253600253125 0.8794529234375 0.2394422203125 0.8521487000000001 0.23398279687499998 0.853125 0.228125 0.8453125 0.2203125 0.81875 0.21875 0.7484375 0.1921875 0.7296875 0.1921875 0.7109375 0.2203125 0.70625 0.2640625 0.6828125 0.2703125 0.6484375 0.3078125 0.5984375 0.3140625 0.5828125 0.33125 0.5945507953125 0.3421672515625 0.626206671875 0.34799703125 0.632037975 0.33883593125 0.6453125 0.340625 0.6503649859375 0.352161165625 0.6640625 0.359375 0.7375 0.3890625 0.734375 0.40625 0.6820207984375 0.38963838281249996 0.6695250921875 0.374647503125 0.63125 0.3671875 0.6046875 0.3625 0.578125 0.346875 0.5703125 0.35625 0.56875 0.3765625 0.5795559859375 0.44377213906249996 0.5812220546875 0.4579302046875 0.566227246875 0.4579302046875 0.5462341046875 0.46209434062500004 0.52124269375 0.46792413593750004 0.4984375 0.475 0.46959373906249996 0.47875088125 0.41627877812499997 0.49957155625 0.36129762187500003 0.5278876875 0.33214097656249997 0.5512068375 0.315480034375 0.5595351078124999 0.266330309375 0.6794622125 0.284375 0.7328125 0.3140625 0.81875 0.3821237984375 0.9265536593749999 0.3812907640625 0.9348819296875 0.3754594609375 0.9432102 0.3821237984375 0.9665293187499999 0.3912873671875 0.9840186734374999 0.38045772968749997 1 1 1 1 0.79375 0.975 0.7890625 0.9515625 0.7765625 0.8484375 0.7671875 0.746875 0.7125 0.6640625 0.640625 0.6421875 0.6078125 0.6296875 0.5671875 0.6609375 0.5265625 0.7296875 0.5 0.778125 0.4953125 0.8203125 0.5 0.853125 0.525 0.8828125 0.5375 0.925 0.534375 1 0.5609375 1 0.5140625 0.9453125 0.496875 0.925 0.4734375 0.9078125 0.4671875 0.8984375 0.4578125 0.903125 0.425 0.884375 0.4203125 0.8609375 0.43125 0.8453125 0.4296875 0.825 0.4375 0.80625 0.434375 0.8015625 0.4265625 0.809375 0.4140625 0.8359375 0.40625 0.8875 0.4109375 0.9390625 0.4 1 0.403125 1 0.2765625
0 0.4453125 0.296875 0.4703125 0.303125 0.48125 0.2765625 0.490625 0.275 0.5 0.3078125 0.5140625 0.3109375 0.51875 0.3 0.50625 0.2609375 0.4828125 0.2515625 0.4453125 0.296875
0 0.3953125 0.353125 0.390625 0.3765625 0.3984375 0.3828125 0.415625 0.38125 0.428125 0.365625 0.4375 0.303125 0.421875 0.3015625 0.3953125 0.353125
0 0.4234375 0.428125 0.409375 0.434375 0.384375 0.4265625 0.3734375 0.4390625 0.35 0.446875 0.34375 0.4703125 0.359375 0.5046875 0.375 0.5046875 0.3921875 0.49375 0.4078125 0.4421875 0.425 0.4515625 0.43125 0.478125 0.49375 0.45625 0.496875 0.428125 0.4921875 0.4203125 0.43125 0.4109375 0.4234375 0.428125
0 0.0546875 1 0.053125 0.9875 0.028125 0.9703125 0.01875 0.89375 0.025 0.8515625 0.053125 0.8234375 0.0453125 0.7078125 0.0375 0.678125 0.0328125 0.6953125 0.025 0.7015625 0.0140625 0.7015625 0 0.6890625 0 1 0.0546875 1
0 0.2859375 0.4140625 0.275 0.415625 0.265625 0.4078125 0.2453125 0.4125 0.1390625 0.475 0.04375 0.55 0.0015625 0.5671875 0.0015625 0.640625 0.0296875 0.640625 0.0296875 0.5953125 0.034375 0.5875 0.0453125 0.5921875 0.05 0.6046875 0.059375 0.6046875 0.1421875 0.5703125 0.1796875 0.509375 0.190625 0.496875 0.215625 0.4875 0.228125 0.4671875 0.25 0.45625 0.3 0.45 0.30625 0.4234375 0.3328125 0.3890625 0.328125 0.36875 0.315625 0.3640625 0.2859375 0.4140625