1 0.64765625 0.909375 0.1734375 0.18125
1 0.6828125 0.57890625 0.134375 0.1671875
1 0.81015625 0.63671875 0.18125 0.2125
1 0.50078125 0.37421875 0.1125 0.071875
1 0.35078125 0.27734375 0.0828125 0.103125
1 0.07109375 0.6984375 0.11875 0.165625
1 0.1796875 0.940625 0.1921875 0.1140625
1 0.096875 0.35078125 0.09375 0.153125
1 0.2953125 0.49375 0.165625 0.265625
1 0.42734375 0.45546875 0.0828125 0.103125
1 0.08671875 0.2234375 0.121875 0.0921875
1 0.8546875 0.91171875 0.221875 0.1765625
1 0.9703125 0.8203125 0.059375 0.146875
0 0.559375 1 0.559375 0.8796875 0.534375 0.8078125 0.5234375 0.8 0.5109375 0.8 0.465625 0.8109375 0.3953125 0.7640625 0.378125 0.7609375 0.371875 0.7734375 0.3859375 0.7984375 0.440625 0.8296875 0.4484375 0.84375 0.4421875 0.8828125 0.4484375 0.9140625 0.4328125 0.9375 0.440625 0.946875 0.4625 0.95 0.465625 0.975 0.4609375 0.9890625 0.446875 1 0.559375 1
0 0.271875 0.0390625 0.2640625 0.0515625 0.2875 0.05625 0.2984375 0.06875 0.3203125 0.0734375 0.3277376765625 0.08998141093749999 0.3812907 0.100689159375 0.5453125 0.0921875 0.6276346671875 0.0917660140625 0.6794026171875001 0.08998141093749999 0.6796875 0.0703125 0.6796875 0.0625 0.6703125 0.0578125 0.63125 0.0546875 0.5953125 0.0390625 0.5046875 0.0234375 0.2765625 0.00625 0.271875 0.0390625
0 0.340625 1 0.340625 0.9859375 0.3265625 0.96875 0.315625 0.9171875 0.321875 0.93125 0.34375 0.9265625 0.365625 0.9375 0.38125 0.934375 0.4265625 0.9125 0.4234375 0.8828125 0.4 0.875 0.384375 0.853125 0.365625 0.85 0.3421875 0.821875 0.29375 0.8 0.2828125 0.803125 0.28125 0.8125 0.2953125 0.8640625 0.275 0.8640625 0.2484375 0.7984375 0.2484375 0.7828125 0.2765625 0.7671875 0.2890625 0.753125 0.2890625 0.725 0.26875 0.7109375 0.225 0.7203125 0.215625 0.7109375 0.2046875 0.6875 0.20625 0.6203125 0.1734375 0.6078125 0.140625 0.5453125 0.1203125 0.521875 0.0953125 0.50625 0.075 0.503125 0.059375 0.5109375 0.053125 0.521875 0.09375 0.571875 0.1046875 0.609375 0.1265625 0.6359375 0.1375 0.7 0.1640625 0.740625 0.1671875 0.76875 0.1875 0.784375 0.2203125 0.8765625 0.2625 0.9359375 0.2859375 1 0.340625 1
0 1 0.3328125 0.95625 0.3125 0.934375 0.2921875 0.9125 0.2890625 0.89375 0.275 0.8375 0.2578125 0.8234375 0.221875 0.7984375 0.2203125 0.7421875 0.1953125 0.7140625 0.159375 0.7140625 0.121875 0.709375 0.115625 0.6484375 0.115625 0.60625 0.11875 0.509818040625 0.1131815796875 0.38307591093750004 0.1238893625 0.3671875 0.175 0.365625 0.2203125 0.3734375 0.2296875 0.39375 0.23125 0.4109375 0.2140625 0.4328125 0.2125 0.4546875 0.1828125 0.4796875 0.19375 0.4921875 0.175 0.509375 0.1734375 0.5234375 0.2046875 0.528125 0.240625 0.5234375 0.2703125 0.5046875 0.29375 0.503125 0.3109375 0.5203125 0.3375 0.55 0.35625 0.571875 0.3859375 0.5984375 0.390625 0.628125 0.340625 0.64375 0.334375 0.659375 0.3375 0.675 0.3625 0.6703125 0.39375 0.6859375 0.453125 0.6859375 0.48125 0.6953125 0.4984375 0.728125 0.5078125 0.746875 0.5296875 0.7875 0.5203125 0.8046875 0.5328125 0.809375 0.546875 0.8234375 0.528125 0.8703125 0.51875 0.8703125 0.54375 0.8890625 0.5640625 0.8859375 0.6109375 0.8953125 0.621875 0.909375 0.628125 0.9375 0.6265625 0.95625 0.64375 1 0.64375 1 0.3328125
0 0.66333695625 0.67533995625 0.6883281218749999 0.6967553859375 0.6936833421874999 0.7288788375 0.7329556421875 0.7645714234375001 0.7683035312500001 0.7437500015625 0.6811879640625 0.669985946875 0.66333695625 0.67533995625
0 0.583007146875 0.6128779296875 0.6079985859375 0.6200163390625 0.609783659375 0.6021700453125 0.571874959375 0.567410715625 0.55980078125 0.578969809375 0.583007146875 0.6128779296875