1 0.29765625 0.6734375 0.2703125 0.2640625
1 0.40234375 0.4953125 0.2171875 0.2015625
1 0.49453125 0.325 0.1625 0.165625
1 0.5984375 0.19921875 0.140625 0.1796875
1 0.7328125 0.83125 0.13125 0.2171875
0 0.549554853125 0.363396125 0.546429853125 0.386833625 0.535492353125 0.388396125 0.5245548531249999 0.399333625 0.507367353125 0.45245862499999995 0.529242353125 0.558708625 0.5089298531249999 0.638396125 0.5089298531249999 0.655583625 0.5245548531249999 0.6821461249999999 0.538617353125 0.679021125 0.541742353125 0.639958625 0.5479923531249999 0.632146125 0.601117353125 0.632146125 0.622992353125 0.6180836249999999 0.624554853125 0.6024586249999999 0.612054853125 0.561833625 0.615179853125 0.544646125 0.629242353125 0.5477711249999999 0.6495548531249999 0.5633961249999999 0.668304853125 0.566521125 0.697992353125 0.554021125 0.718304853125 0.5258961249999999 0.7120548531249999 0.49152112499999995 0.687054853125 0.46964612499999997 0.679242353125 0.450896125 0.6495548531249999 0.44620862499999997 0.6261173531249999 0.45402112499999997 0.613617353125 0.44152112499999996 0.580804853125 0.364958625 0.5636173531249999 0.352458625 0.549554853125 0.363396125
0 0 0.215625 0.021875 0.2171875 0.0296875 0.23125 0.0515625 0.225 0.0921875 0.1859375 0.1234375 0.165625 0.15625 0.13125 0.1625 0.1125 0.184375 0.109375 0.215625 0.075 0.2546875 0.0484375 0.3015625 0.003125 0 0 0 0.215625
0 0.4640625 0 0.384375 0.0953125 0.33125 0.1421875 0.3046875 0.1875 0.2703125 0.2171875 0.240625 0.25625 0.1671875 0.3296875 0.15625 0.359375 0.1453125 0.3515625 0.13125 0.353125 0.0875 0.3890625 0.034375 0.440625 0 0.490625 0 1 0.3796875 1 0.3765625 0.99375 0.3578125 0.99375 0.3484375 0.9875 0.3296875 0.9546875 0.315625 0.9109375 0.290625 0.921875 0.25625 0.9015625 0.2484375 0.8890625 0.2234375 0.8890625 0.203125 0.8609375 0.190625 0.828125 0.1828125 0.828125 0.1734375 0.84375 0.159375 0.8453125 0.1328125 0.8265625 0.1234375 0.8046875 0.1171875 0.7421875 0.14375 0.6828125 0.179574390625 0.5611235156250001 0.1652935296875 0.4540457546875 0.1828125 0.45625 0.190625 0.4625 0.2046875 0.478125 0.2109375 0.5203125 0.2265625 0.521875 0.3375 0.375 0.346875 0.3734375 0.3546875 0.3828125 0.3765625 0.384375 0.3828125 0.3796875 0.3859375 0.340625 0.409375 0.340625 0.425 0.3171875 0.4265625 0.290625 0.459375 0.246875 0.503125 0.2078125 0.5203125 0.178125 0.59375 0.1 0.6578125 0.0515625 0.675 0.01875 0.66875 0 0.4640625 0
0 1 0.122104725 0.9810845468749999 0.11139701093750001 0.9543080343750001 0.13995101875 0.9543080343750001 0.1720743328125 0.9650187484374999 0.200628478125 1 0.200628478125 1 0.1720743328125 1 0.122104725
0 0.8507724046874999 0.707463134375 0.8257808296875 0.702109396875 0.8079298218750001 0.725309428125 0.813285178125 0.7467251296875 0.8472019859375 0.7645714234375001 0.8888392453125 0.772767859375 0.8793338546875 0.7288788375 0.8507724046874999 0.707463134375
0 0.5133881875 0.2202593390625 0.49375210625 0.24167490468750003 0.54730513125 0.28450596875 0.61335380625 0.3558911421875 0.649055821875 0.3862298546875 0.66690683125 0.40764542031250006 0.702608846875 0.41478396406250007 0.7168899796875 0.40764542031250006 0.7186747812500001 0.38266058125 0.6883281218749999 0.3505372671875 0.66512175625 0.3326909734375 0.682972765625 0.2969983875 0.656196253125 0.27915209375 0.6222793109375 0.3112754078125 0.5473213875 0.2459821453125 0.5133881875 0.2202593390625