1 0.51796875 0.18515625 0.1046875 0.1234375
1 0.596875 0.12578125 0.1203125 0.0765625
1 0.8625 0.1328125 0.0890625 0.10625
1 0.1015625 0.415625 0.134375 0.334375
1 0.28984375 0.32890625 0.2171875 0.246875
1 0.759375 0.12109375 0.1109375 0.08125
1 0.13125 0.14921875 0.1640625 0.1328125
1 0.8984375 0.3203125 0.203125 0.265625
1 0.3375 0.09296875 0.0921875 0.08125
1 0.4078125 0.07890625 0.0515625 0.053125
1 0.41640625 0.2375 0.05625 0.2015625
1 0.96015625 0.11171875 0.0796875 0.0578125
1 0.74609375 0.26328125 0.10625 0.103125
1 0.60625 0.278125 0.11875 0.1625
0 0.61875 0.58203125 0.62265625 0.590625 0.640625 0.59140625 0.64140625 0.5796875 0.61875 0.58203125
0 0.98203125 0.7078125 0.98125 0.70234375 0.99921875 0.703125 1 0.68984375 0.98515625 0.6984375 0.96796875 0.690625 0.9609375 0.69765625 0.9609375 0.71015625 0.96875 0.74921875 0.97265625 0.7546875 0.996875 0.75703125 1 0.71328125 0.98203125 0.7078125
0 0.640625 0.53359375 0.6328125 0.53046875 0.63046875 0.5171875 0.59453125 0.5171875 0.59296875 0.5296875 0.5625 0.53203125 0.56953125 0.54375 0.59765625 0.5640625 0.6109375 0.56484375 0.6421875 0.56171875 0.640625 0.53359375
0 0.86875 0.62109375 0.84765625 0.6109375 0.79921875 0.6109375 0.77421875 0.6046875 0.7515625 0.61015625 0.75390625 0.628125 0.77109375 0.628125 0.78828125 0.6421875 0.8359375 0.64921875 0.86328125 0.640625 0.86875 0.62109375
0 0.94921875 0.6890625 0.91015625 0.6765625 0.89765625 0.665625 0.88671875 0.671875 0.86953125 0.6578125 0.784375 0.66015625 0.78515625 0.671875 0.80078125 0.6765625 0.83359375 0.703125 0.86640625 0.7140625 0.89453125 0.740625 0.953125 0.74921875 0.95625 0.72265625 0.94921875 0.6890625
0 0.50234375 0.5171875 0.52421875 0.5171875 0.58515625 0.5015625 0.59296875 0.5046875 0.609375 0.49453125 0.6109375 0.48671875 0.603125 0.48203125 0.6109375 0.47890625 0.59609375 0.465625 0.54921875 0.4625 0.5484375 0.43828125 0.53203125 0.434375 0.51875 0.41796875 0.51875 0.40390625 0.52578125 0.3984375 0.54453125 0.403125 0.5625 0.39765625 0.5484375 0.36171875 0.53671875 0.3578125 0.52734375 0.3453125 0.45546875 0.3453125 0.45546875 0.35 0.4625 0.34921875 0.4609375 0.35703125 0.446875 0.37578125 0.4546875 0.39296875 0.4453125 0.39765625 0.4421875 0.40859375 0.453125 0.42421875 0.453125 0.43515625 0.471875 0.45546875 0.45546875 0.4625 0.446875 0.47578125 0.4625 0.51171875 0.484375 0.51953125 0.48828125 0.509375 0.50234375 0.5171875