1 0.15078125 0.0828125 0.0578125 0.0703125
1 0.0375 0.13125 0.075 0.078125
1 0.13828125 0.23828125 0.1234375 0.1640625
1 0.21015625 0.09375 0.0859375 0.0546875
1 0.2765625 0.16875 0.1234375 0.1890625
1 0.496875 0.07109375 0.0453125 0.0515625
1 0.39765625 0.02109375 0.0578125 0.0421875
1 0.12265625 0.37265625 0.1515625 0.1859375
0 0.625 0.27265625 0.625 0.24140625 0.61875 0.23359375 0.6171875 0.21328125 0.60234375 0.2 0.578125 0.20234375 0.5796875 0.17421875 0.5859375 0.16953125 0.57890625 0.1484375 0.55703125 0.1484375 0.53828125 0.13125 0.51796875 0.134375 0.51875 0.22421875 0.54296875 0.240625 0.56953125 0.2359375 0.584375 0.24296875 0.5921875 0.26484375 0.5953125 0.31640625 0.603125 0.31953125 0.6109375 0.31484375 0.625 0.27265625
0 0.348143334375 1 0.378688403125 0.9270026296875 0.328011353125 0.91867438125 0.2849706109375 0.8749509421875 0.2835822203125 0.84857814375 0.29607789375000004 0.8090188015625 0.278722746875 0.8006905265625001 0.2671875 0.75859375 0.25625 0.74609375 0.2953125 0.68046875 0.29296875 0.6671875 0.3046875 0.67421875 0.31015625 0.6953125 0.3125 0.69140625 0.3265625 0.56640625 0.3018263484375 0.5694022921874999 0.2990822109375 0.5604500781249999 0.3 0.54140625 0.33460913593749997 0.5113877890625 0.34609375 0.5234375 0.36953125 0.5046875 0.38359375 0.5109375 0.390625 0.49765625 0.3921875 0.45546875 0.41640625 0.4515625 0.421875 0.43359375 0.4375 0.42109375 0.4375 0.38203125 0.4515625 0.35234375 0.453125 0.27578125 0.4625 0.24453125 0.4765625 0.23203125 0.4765625 0.17421875 0.46875 0.11796875 0.4578125 0.10859375 0.45625 0.09453125 0.44765625 0.0921875 0.4421875 0.11640625 0.4515625 0.12734375 0.453125 0.14921875 0.45078125 0.1546875 0.4328125 0.15859375 0.440625 0.16796875 0.434375 0.17734375 0.44375 0.18828125 0.421875 0.18828125 0.415625 0.09453125 0.40859375 0.084375 0.3875 0.09765625 0.3578125 0.26640625 0.3140625 0.31484375 0.2515625 0.41015625 0.2328125 0.48359375 0.1328125 0.60390625 0.13125 0.64921875 0.103125 0.74921875 0.065625 0.81953125 0.03125 0.84140625 0.0015625 0.88671875 0 0.96171875 0.02578125 0.953125 0.06171875 0.9625 0.07578125 0.9515625 0.0765625 0.96953125 0.0625 0.97734375 0.06640625 1 0.10078125 0.99375 0.10859375 1 0.14296875 1 0.15546875 0.9890625 0.16796875 0.99375 0.1546875 0.95859375 0.15859375 0.95 0.1703125 0.94921875 0.178125 0.91328125 0.209375 0.89296875 0.2140625 0.86328125 0.2046875 0.85703125 0.2153218328125 0.8419100531250001 0.21484375 0.846875 0.21753127968750002 0.842742278125 0.22265625 0.859375 0.244012453125 0.8458019906249999 0.25859375 0.85625 0.2759459125 0.9006298328125 0.289135834375 0.9290847187500001 0.2856648046875 0.9533755078124999 0.2696981015625 0.9741961828125 0.258590765625 0.98321844375 0.25511973593750004 1 0.348143334375 1
0 1 0.40390625 0.9421875 0.33984375 0.9265625 0.31171875 0.9265625 0.28671875 0.88828125 0.228125 0.86953125 0.21875 0.79765625 0.15 0.77734375 0.1421875 0.74921875 0.1203125 0.72890625 0.096875 0.67890625 0.075 0.6734375 0.06171875 0.65 0.04453125 0.64140625 0.0015625 0.58359375 0 0.5765625 0.00390625 0.5765625 0.02109375 0.59375 0.08203125 0.5921875 0.09609375 0.60078125 0.0953125 0.62421875 0.071875 0.6375 0.08046875 0.6421875 0.10703125 0.640625 0.19453125 0.65234375 0.2046875 0.66328125 0.2 0.67734375 0.2046875 0.6828125 0.24609375 0.7078125 0.26171875 0.7171875 0.31796875 0.715625 0.36484375 0.703125 0.40859375 0.703125 0.46328125 0.678125 0.48671875 0.6734375 0.53828125 0.6578125 0.55703125 0.6484375 0.65078125 0.653125 0.68515625 0.634375 0.73359375 0.634375 0.76640625 0.62265625 0.7828125 0.5953125 0.80234375 0.5859375 0.83203125 0.5890625 0.86796875 0.578125 0.88828125 0.578125 0.95546875 0.56171875 0.9703125 0.54921875 0.9703125 0.528125 0.95390625 0.49765625 0.903125 0.4734375 0.96328125 0.4734375 0.99765625 1 0.99921875 1 0.40390625
0 0.35703125 0.7265625 0.35207288124999997 0.7325275453125 0.3347994171875 0.7277510406250001 0.3469275859375 0.7057056187499999 0.359375 0.71640625 0.3546875 0.70390625 0.359375 0.67421875 0.34140625 0.6890625 0.33125 0.68671875 0.334375 0.65234375 0.32890625 0.6421875 0.31458576250000003 0.6352741734375 0.307970390625 0.6958990968750001 0.3109375 0.70390625 0.3140625 0.71640625 0.3390625 0.73828125 0.34375 0.75546875 0.3578125 0.76640625 0.3609375 0.73515625 0.35703125 0.7265625
0 0.4296875 0.62109375 0.4296875 0.61328125 0.4140625 0.59453125 0.4125 0.58046875 0.3984375 0.56796875 0.3984375 0.53984375 0.428125 0.52421875 0.43456195781250007 0.4938162515625 0.44574230625 0.48329632812499995 0.44311162031249995 0.444504125 0.4203125 0.49453125 0.41953125 0.515625 0.39296875 0.5203125 0.38828125 0.5125 0.3765625 0.51015625 0.37578125 0.5 0.35078125 0.5140625 0.3453125 0.50859375 0.3453125 0.51640625 0.35390625 0.5203125 0.37734375 0.5125 0.3921875 0.53671875 0.3859375 0.59140625 0.3703125 0.62421875 0.36875 0.65546875 0.359375 0.67109375 0.37578125 0.6703125 0.4046875 0.69765625 0.4140625 0.63984375 0.4296875 0.62109375
0 0.4484375 0.96484375 0.4609375 0.89765625 0.4484375 0.83359375 0.453125 0.82890625 0.45625 0.77109375 0.46875 0.73671875 0.45625 0.67890625 0.459375 0.64765625 0.44140625 0.634375 0.4375 0.63671875 0.453125 0.67109375 0.44375 0.68203125 0.4546875 0.75390625 0.4484375 0.80078125 0.43125 0.83828125 0.42109375 0.846875 0.40625 0.83984375 0.39609375 0.8140625 0.3765625 0.81640625 0.3890625 0.86328125 0.390625 0.90234375 0.334375 0.99609375 0.4234375 0.99921875 0.4234375 0.98828125 0.4484375 0.96484375