1 0.478125 0.5078125 0.084375 0.1125
1 0.63203125 0.484375 0.06875 0.1421875
1 0.69609375 0.32265625 0.184375 0.18125
1 0.80234375 0.46328125 0.0859375 0.0859375
1 0.76171875 0.5640625 0.08125 0.1015625
1 0.88671875 0.47109375 0.071875 0.0890625
1 0.96953125 0.47421875 0.0609375 0.190625
1 0.95859375 0.3234375 0.0828125 0.096875
1 0.82734375 0.26875 0.0609375 0.065625
1 0.934375 0.2140625 0.0484375 0.1125
1 0.940625 0.09375 0.1109375 0.1171875
1 0.70234375 0.14921875 0.1796875 0.15
1 0.73828125 0.04140625 0.1984375 0.0765625
1 0.3015625 0.0609375 0.171875 0.1109375
1 0.0984375 0.0625 0.196875 0.1140625
1 0.4953125 0.4203125 0.0890625 0.0625
0 0 0.47109375 0.1328125 0.50390625 0.13203125 0.5109375 0.10078125 0.521875 0.08359375 0.5453125 0.07109375 0.55 0 0.54453125 0.00078125 1 1 0.99921875 0.99921875 0.65625 0.93671875 0.646875 0.87109375 0.646875 0.82890625 0.6640625 0.82421875 0.659375 0.81171875 0.6625 0.75078125 0.615625 0.70546875 0.5984375 0.68203125 0.603125 0.65546875 0.61875 0.62109375 0.6109375 0.60859375 0.61875 0.57109375 0.625 0.44609375 0.628125 0.42890625 0.6484375 0.40390625 0.653125 0.34765625 0.68125 0.33359375 0.68125 0.325 0.67265625 0.3296875 0.64609375 0.39140625 0.6109375 0.39375 0.59921875 0.3921875 0.58671875 0.35078125 0.521875 0.34140625 0.5203125 0.328125 0.52890625 0.3296875 0.54609375 0.32109375 0.5546875 0.29921875 0.5515625 0.290625 0.53828125 0.30625 0.49453125 0.2921875 0.38671875 0.2984375 0.36015625 0.31875 0.33828125 0.31796875 0.3203125 0.29921875 0.3140625 0.28984375 0.321875 0.28515625 0.3140625 0.28046875 0.3265625 0.26953125 0.328125 0.265625 0.31484375 0.2703125 0.31015625 0.25234375 0.3046875 0.20078125 0.328125 0.17265625 0.3296875 0.16015625 0.359375 0.14609375 0.3703125 0.12265625 0.375 0.07109375 0.3765625 0.0296875 0.36953125 0.03203125 0.3609375 0.05703125 0.3578125 0.05859375 0.353125 0 0.35703125 0 0.47109375