1 0.39296875 0.65703125 0.1640625 0.20625
1 0.28828125 0.878125 0.221875 0.24375
1 0.88828125 0.61328125 0.1328125 0.175
1 0.83828125 0.5203125 0.121875 0.0953125
1 0.5109375 0.56484375 0.0765625 0.0703125
1 0.47890625 0.490625 0.1109375 0.0828125
1 0.8078125 0.425 0.0921875 0.053125
1 0.7953125 0.46796875 0.0859375 0.05625
1 0.9375 0.40546875 0.071875 0.0453125
1 0.03671875 0.4359375 0.059375 0.0515625
1 0.23984375 0.42421875 0.0921875 0.0796875
1 0.53671875 0.37265625 0.04375 0.0546875
1 0.8203125 0.33984375 0.0515625 0.0453125
1 0.9 0.3515625 0.0578125 0.046875
1 0.9703125 0.3640625 0.059375 0.059375
1 0.859375 0.31796875 0.059375 0.053125
1 0.7484375 0.3421875 0.053125 0.05
1 0.73125 0.309375 0.0375 0.0375
1 0.575 0.30234375 0.053125 0.0390625
1 0.34453125 0.3078125 0.034375 0.028125
1 0.1171875 0.3359375 0.046875 0.065625
1 0.0453125 0.31875 0.0375 0.025
1 0.0140625 0.32734375 0.025 0.0328125
1 0.28515625 0.2828125 0.028125 0.0296875
0 1 0.4875 0.9703125 0.4734375 0.9546875 0.4859375 0.90625 0.4890625 0.9 0.515625 0.9125 0.5375 0.915625 0.571875 0.9375 0.5765625 0.94375 0.5875 0.9515625 0.6359375 1 0.68125 1 0.4875
0 1 0.1875 0.875 0.16875 0.759375 0.1671875 0.6828125 0.18125 0.6765625 0.1890625 0.6859375 0.1984375 0.7671875 0.215625 0.7875 0.2265625 0.825 0.2140625 0.8390625 0.2296875 0.89375 0.234375 0.915625 0.25 1 0.246875 1 0.1875
0 1 0.7203125 0.9859375 0.7265625 0.984375 0.765625 0.9625 0.78125 0.96875 0.8109375 0.95 0.840625 0.9421875 0.878125 0.896875 0.8890625 0.840625 0.8875 0.8109375 0.8953125 0.7578125 0.8765625 0.7625 0.8640625 0.7609375 0.784375 0.7703125 0.778125 0.825 0.7765625 0.828125 0.759375 0.8078125 0.68125 0.8 0.6765625 0.7671875 0.6828125 0.7734375 0.725 0.7703125 0.7453125 0.7421875 0.75 0.7390625 0.7421875 0.7421875 0.70625 0.7296875 0.696875 0.709375 0.6453125 0.709375 0.559375 0.7171875 0.53125 0.715625 0.41875 0.696875 0.3765625 0.696875 0.353125 0.6765625 0.3234375 0.678125 0.2640625 0.66875 0.253125 0.659375 0.253125 0.65 0.2671875 0.6453125 0.3703125 0.6375 0.3953125 0.6234375 0.4109375 0.61875 0.4796875 0.6 0.509375 0.5859375 0.49375 0.5671875 0.4921875 0.54375 0.5328125 0.559375 0.6203125 0.5734375 0.65 0.58125 0.659375 0.6140625 0.653125 0.625 0.6671875 0.6203125 0.715625 0.609375 0.740625 0.5828125 0.765625 0.5671875 0.7609375 0.5453125 0.7640625 0.5484375 0.6953125 0.5328125 0.6703125 0.5234375 0.6703125 0.515625 0.6828125 0.5140625 0.7734375 0.5203125 0.821875 0.5359375 0.840625 0.5546875 0.840625 0.5640625 0.85 0.5734375 0.89375 0.5703125 0.9109375 0.5484375 0.95625 0.5296875 0.971875 0.5015625 0.959375 0.4890625 0.9453125 0.4859375 0.8421875 0.490625 0.8296875 0.5046875 0.81875 0.5078125 0.8 0.496875 0.775 0.490625 0.73125 0.465625 0.7203125 0.4546875 0.771875 0.4609375 0.8171875 0.459375 0.86875 0.446875 0.8546875 0.4453125 0.8390625 0.428125 0.828125 0.415625 0.80625 0.403125 0.8125 0.4125 0.94375 0.4375 0.9796875 0.44375 1 0.7984375 1 0.8140625 0.903125 0.81875 0.9484375 0.8609375 0.95625 0.8828125 0.975 0.8875 1 0.915625 1 0.9234375 0.9796875 0.9375 0.96875 0.9625 0.959375 1 0.9578125 1 0.7203125
0 0.0484375 1 0.06875 0.975 0.08125 0.9171875 0.103125 0.865625 0.08125 0.853125 0.03125 0.9078125 0.01875 0.9546875 0.009375 0.959375 0 0.9796875 0 1 0.0234375 1 0.025 0.9875 0.034375 0.9859375 0.0390625 1 0.0484375 1
0 0.25625 0.6515625 0.246875 0.6703125 0.2171875 0.6671875 0.19375 0.6796875 0.1953125 0.753125 0.18125 0.7796875 0.1796875 0.8 0.1734375 0.79375 0.1703125 0.8 0.175 0.81875 0.1625 0.8359375 0.15625 0.88125 0.1640625 0.9328125 0.1875 0.9 0.1984375 0.8546875 0.2296875 0.8375 0.2390625 0.825 0.25625 0.825 0.2984375 0.7609375 0.303125 0.678125 0.2984375 0.65625 0.29375 0.65 0.2703125 0.6484375 0.25625 0.6515625