1 0.371875 0.69140625 0.08125 0.1296875
1 0.3703125 0.51171875 0.1125 0.125
1 0.0375 0.88046875 0.075 0.146875
1 0.21484375 0.81328125 0.109375 0.1453125
1 0.5015625 0.909375 0.09375 0.11875
1 0.75078125 0.3328125 0.0703125 0.0609375
1 0.45 0.8 0.06875 0.16875
1 0.1515625 0.17890625 0.0703125 0.0640625
1 0.17578125 0.27265625 0.065625 0.0484375
1 0.5453125 0.1859375 0.1015625 0.2
1 0.675 0.18671875 0.065625 0.2109375
1 0.2984375 0.25 0.034375 0.0546875
1 0.33984375 0.29296875 0.0359375 0.0453125
1 0.825 0.27734375 0.0234375 0.05625
1 0.37109375 0.35078125 0.034375 0.05
1 0.1859375 0.346875 0.034375 0.046875
1 0.12109375 0.33671875 0.04375 0.04375
1 0.05078125 0.3453125 0.0328125 0.0765625
1 0.02265625 0.36796875 0.0453125 0.04375
1 0.1015625 0.23046875 0.0828125 0.046875
1 0.040625 0.19296875 0.0703125 0.059375
1 0.3921875 0.2046875 0.0859375 0.053125
1 0.63828125 0.31875 0.0859375 0.059375
1 0.22265625 0.32421875 0.04375 0.05
1 0.27109375 0.32109375 0.028125 0.0703125
1 0.2625 0.18828125 0.0515625 0.0375
1 0.37421875 0.27578125 0.0296875 0.028125
1 0.41953125 0.31796875 0.0265625 0.075
1 0.51015625 0.35 0.0296875 0.04375
1 0.690625 0.35078125 0.0515625 0.028125
1 0.7828125 0.28515625 0.034375 0.04375
1 0.73984375 0.209375 0.04375 0.05
1 0.8296875 0.2 0.034375 0.0421875
1 0.76328125 0.128125 0.084375 0.0375
1 0.275 0.7015625 0.0875 0.1078125
1 0.56875 0.3171875 0.0546875 0.0546875
1 0.33203125 0.24609375 0.0328125 0.0390625
0 1 0.56640625 0.96640625 0.5640625 0.9796875 0.61015625 1 0.61796875 1 0.56640625
0 0.10546875 0.7203125 0.11484375 0.734375 0.13671875 0.7296875 0.1546875 0.70859375 0.1328125 0.67734375 0.11953125 0.6734375 0.09375 0.69453125 0.09140625 0.70625 0.07890625 0.7046875 0.06875 0.71171875 0.06875 0.73203125 0.0796875 0.73515625 0.09921875 0.7203125 0.10546875 0.7203125
0 0.2828125 0.62265625 0.25546875 0.596875 0.203125 0.62109375 0.22890625 0.659375 0.25625 0.66171875 0.28125 0.64765625 0.2828125 0.62265625
0 1 0.04453125 0.91015625 0.0296875 0.89609375 0.0203125 0.87890625 0.01875 0.89609375 0.034375 0.92265625 0.0453125 0.94140625 0.0640625 0.97109375 0.078125 0.984375 0.09453125 0.9796875 0.10234375 0.984375 0.11171875 0.92578125 0.1484375 0.89609375 0.15625 0.87890625 0.153125 0.83984375 0.159375 0.8328125 0.16171875 0.834375 0.16796875 0.84765625 0.1765625 0.86640625 0.1640625 0.89140625 0.1578125 0.94453125 0.175 0.95703125 0.184375 0.98046875 0.1703125 1 0.18515625 1 0.04453125
0 0.45078125 0.4515625 0.4578125 0.43671875 0.45625 0.40859375 0.40234375 0.40625 0.36953125 0.4125 0.35703125 0.421875 0.32734375 0.4125 0.28046875 0.409375 0.26171875 0.3953125 0.22890625 0.403125 0.19921875 0.3953125 0.14140625 0.4078125 0.128125 0.41953125 0.16171875 0.4296875 0.18984375 0.409375 0.21171875 0.4109375 0.22890625 0.43125 0.25859375 0.440625 0.27890625 0.43125 0.30234375 0.4375 0.31640625 0.45 0.33046875 0.4390625 0.34453125 0.4375 0.36015625 0.4625 0.3703125 0.46171875 0.38359375 0.453125 0.45078125 0.4515625
0 0.11484375 0.6421875 0.1203125 0.63359375 0.115625 0.60234375 0.12109375 0.5921875 0.14609375 0.5953125 0.17890625 0.58125 0.22109375 0.5453125 0.24140625 0.546875 0.25859375 0.5328125 0.28359375 0.528125 0.29609375 0.5390625 0.30703125 0.5375 0.315625 0.49453125 0.29609375 0.4859375 0.27890625 0.4875 0.275 0.47578125 0.2796875 0.46328125 0.26171875 0.45625 0.25703125 0.440625 0.2359375 0.44296875 0.23984375 0.4546875 0.2578125 0.45703125 0.24921875 0.5 0.20234375 0.5 0.2046875 0.48828125 0.21875 0.48359375 0.2203125 0.47265625 0.20390625 0.471875 0.19296875 0.4640625 0.17421875 0.46875 0.171875 0.48828125 0.18515625 0.4859375 0.1953125 0.49609375 0.1890625 0.50078125 0.1921875 0.51484375 0.18671875 0.53125 0.17421875 0.5328125 0.16484375 0.5453125 0.11015625 0.553125 0.1 0.57734375 0.08984375 0.5828125 0.07890625 0.584375 0.05703125 0.5703125 0.02421875 0.578125 0 0.59296875 0.00078125 0.60625 0.01640625 0.5953125 0.046875 0.59765625 0.053125 0.61796875 0.0484375 0.64921875 0.05625 0.65234375 0.09765625 0.640625 0.11484375 0.6421875
0 1 0.69296875 0.98203125 0.7125 0.96796875 0.7125 0.94765625 0.696875 0.9078125 0.65546875 0.9078125 0.62734375 0.9203125 0.60546875 0.89453125 0.5984375 0.87578125 0.5703125 0.871875 0.59765625 0.89375 0.64140625 0.8875 0.68515625 0.903125 0.70390625 0.9078125 0.72421875 0.91875 0.73828125 0.9125 0.78203125 0.88671875 0.7859375 0.87421875 0.775 0.84765625 0.765625 0.84296875 0.7515625 0.81640625 0.7515625 0.8 0.73359375 0.80078125 0.7125 0.81171875 0.7109375 0.84609375 0.728125 0.86796875 0.728125 0.86875 0.71171875 0.84765625 0.6921875 0.8171875 0.68515625 0.8140625 0.64609375 0.78828125 0.61875 0.7703125 0.60859375 0.76640625 0.58125 0.73046875 0.59375 0.721875 0.59296875 0.71796875 0.578125 0.70625 0.58203125 0.696875 0.53828125 0.70390625 0.525 0.71796875 0.528125 0.72265625 0.5359375 0.73203125 0.5328125 0.73515625 0.5078125 0.74921875 0.515625 0.76171875 0.509375 0.77421875 0.515625 0.78515625 0.53125 0.8 0.50390625 0.82578125 0.478125 0.83984375 0.4734375 0.84765625 0.4625 0.86640625 0.4671875 0.89296875 0.4453125 0.91796875 0.453125 0.93046875 0.4390625 0.94140625 0.4359375 0.96171875 0.4546875 0.98515625 0.44375 0.990625 0.47109375 0.99921875 0.4734375 1 0.38828125 0.86171875 0.3921875 0.82109375 0.4078125 0.73828125 0.4078125 0.70390625 0.396875 0.69921875 0.403125 0.68203125 0.4015625 0.67421875 0.4078125 0.66015625 0.4015625 0.64453125 0.4046875 0.63984375 0.3984375 0.58046875 0.4015625 0.51328125 0.4203125 0.48671875 0.4109375 0.484375 0.43203125 0.50234375 0.4390625 0.5140625 0.45703125 0.5109375 0.57109375 0.51953125 0.590625 0.53984375 0.5828125 0.55625 0.58984375 0.55390625 0.6109375 0.5171875 0.59609375 0.521875 0.63671875 0.53828125 0.640625 0.5453125 0.66015625 0.53984375 0.6703125 0.53359375 0.6703125 0.52265625 0.646875 0.51875 0.65546875 0.5296875 0.67265625 0.5328125 0.70859375 0.5453125 0.72265625 0.5484375 0.73828125 0.546875 0.75859375 0.5328125 0.78515625 0.54375 0.81171875 0.5640625 0.83515625 0.58984375 0.8359375 0.60546875 0.846875 0.63359375 0.8390625 0.65546875 0.8421875 0.67109375 0.8171875 0.6875 0.81484375 0.69921875 0.784375 0.72578125 0.78125 0.82109375 0.8 0.8390625 0.81640625 0.84765625 0.8390625 0.87265625 0.853125 0.89375 0.85703125 0.92734375 0.80625 0.94609375 0.7984375 0.97109375 0.7703125 1 0.76484375 1 0.69296875