1 0.2359375 0.34375 0.1734375 0.4546875
1 0.38046875 0.44921875 0.0734375 0.1125
1 0.8421875 0.44765625 0.178125 0.29375
1 0.5265625 0.18828125 0.1 0.2375
1 0.58203125 0.328125 0.128125 0.1828125
1 0.4578125 0.39921875 0.0609375 0.0859375
1 0.60546875 0.12265625 0.146875 0.2375
1 0.85703125 0.15234375 0.075 0.1984375
1 0.33515625 0.03671875 0.1015625 0.0515625
0 0.6953125 1 0.6984375 0.9875 0.6921875 0.9765625 0.65625 0.9640625 0.6578125 0.9578125 0.66875 0.9578125 0.675 0.95 0.665625 0.946875 0.6265625 0.8734375 0.6234375 0.846875 0.584375 0.7234375 0.5796875 0.678125 0.5515625 0.5984375 0.5515625 0.515625 0.5421875 0.490625 0.4984375 0.490625 0.46875 0.5046875 0.4484375 0.503125 0.4421875 0.51875 0.4421875 0.5734375 0.43125 0.596875 0.4125 0.596875 0.4046875 0.584375 0.4125 0.5140625 0.4046875 0.4984375 0.3734375 0.5109375 0.3609375 0.5328125 0.3515625 0.5375 0.34375 0.5265625 0.3296875 0.5265625 0.3140625 0.515625 0.2625 0.5234375 0.25 0.5140625 0.25 0.5 0.1953125 0.509375 0.16875 0.5234375 0.1453125 0.515625 0.128125 0.5234375 0.109375 0.4984375 0.0984375 0.46875 0.0921875 0.4203125 0.0640625 0.3390625 0.0515625 0.2640625 0.0421875 0.2515625 0.0265625 0.25 0 0.2796875 0 0.3765625 0.0234375 0.459375 0.034375 0.5796875 0.046875 0.5890625 0.075 0.5453125 0.1 0.534375 0.1125 0.5390625 0.1171875 0.5984375 0.1109375 0.6078125 0.090625 0.6171875 0.0890625 0.6390625 0.1046875 0.6640625 0.1296875 0.6734375 0.13125 0.6953125 0.1109375 0.7234375 0.05625 0.753125 0 0.7734375 0 0.88125 0.0171875 0.890625 0.0296875 0.88125 0.0453125 0.8796875 0.1 0.91875 0.121875 0.9171875 0.16875 0.93125 0.1875 0.95 0.2 0.98125 0.215625 0.9890625 0.2171875 1 0.346875 1 0.346875 0.975 0.3578125 0.93125 0.3375 0.9015625 0.3359375 0.8828125 0.346875 0.8359375 0.3671875 0.81875 0.3875 0.771875 0.3875 0.753125 0.3765625 0.7328125 0.3828125 0.70625 0.3734375 0.6703125 0.35625 0.659375 0.334375 0.6609375 0.31875 0.653125 0.3015625 0.5859375 0.328125 0.5515625 0.35 0.5421875 0.35625 0.559375 0.378125 0.5703125 0.3875 0.584375 0.390625 0.628125 0.4046875 0.6515625 0.428125 0.765625 0.4421875 0.7984375 0.4484375 0.8390625 0.4609375 0.8515625 0.4578125 0.9109375 0.46875 0.9578125 0.446875 0.9796875 0.43125 0.953125 0.4203125 0.9484375 0.415625 1 0.6953125 1
0 0.5359375 0.4296875 0.5234375 0.4515625 0.51875 0.5546875 0.5265625 0.5984375 0.5359375 0.5921875 0.53125 0.5671875 0.5375 0.5671875 0.5453125 0.4828125 0.5546875 0.4671875 0.565625 0.46875 0.5875 0.4984375 0.575 0.5453125 0.58125 0.5546875 0.5828125 0.578125 0.59375 0.584375 0.5984375 0.5796875 0.5984375 0.521875 0.6125 0.4796875 0.6140625 0.41875 0.609375 0.4125 0.565625 0.409375 0.5359375 0.4296875
0 0.765625 0.61875 0.728125 0.61875 0.71875 0.625 0.7171875 0.646875 0.73125 0.6703125 0.73125 0.721875 0.715625 0.73125 0.6828125 0.7265625 0.684375 0.8 0.7609375 0.8421875 0.8 0.8484375 0.80625 0.8015625 0.8203125 0.7640625 0.821875 0.734375 0.83125 0.7265625 0.8796875 0.7125 0.909375 0.6890625 0.9171875 0.6796875 0.91875 0.6453125 0.9078125 0.628125 0.896875 0.6265625 0.8015625 0.63125 0.7765625 0.609375 0.765625 0.61875
0 0.4794712453125 0.445122609375 0.41163749687499995 0.47546132031250005 0.40271199218750003 0.4933076140625 0.41520764374999997 0.49866148906249996 0.42413314687500003 0.49866148906249996 0.450909659375 0.482599865625 0.4955371796875 0.4843844671875 0.5383796265624999 0.48795374062499997 0.54730513125 0.44869188125 0.5339285312500001 0.4245535734375 0.49910746250000004 0.42549171250000006 0.4794712453125 0.445122609375