1 0.8953125 0.85625 0.165625 0.134375
1 0.77578125 0.55390625 0.090625 0.0765625
1 0.725 0.6484375 0.10625 0.1203125
1 0.82890625 0.64296875 0.0890625 0.0890625
1 0.95078125 0.5796875 0.0984375 0.090625
1 0.0390625 0.753125 0.071875 0.1453125
1 0.94453125 0.45078125 0.1109375 0.0984375
1 0.86875 0.4953125 0.0671875 0.053125
0 0.8078125 0.7 0.7953125 0.7171875 0.7875 0.75 0.7359375 0.75625 0.7203125 0.7671875 0.7234375 0.8015625 0.7171875 0.825 0.7453125 0.8484375 0.753125 0.875 0.784375 0.90625 0.796875 0.9046875 0.8 0.8984375 0.803125 0.84375 0.8109375 0.815625 0.821875 0.8015625 0.8484375 0.7921875 0.853125 0.784375 0.853125 0.753125 0.875 0.69375 0.8515625 0.690625 0.8078125 0.7
0 1 0.071875 0.9109375 0.071875 0.83125 0.078125 0.715625 0.0765625 0.65 0.084375 0.63125 0.0921875 0.4515625 0.0984375 0.446875 0.1046875 0.4765625 0.125 0.4796875 0.1390625 0.5015625 0.15 0.5046875 0.215625 0.515625 0.2328125 0.509375 0.240625 0.4828125 0.25 0.4890625 0.278125 0.4953125 0.284375 0.528125 0.2828125 0.54375 0.2921875 0.5640625 0.3625 0.56875 0.3671875 0.6 0.3625 0.6125 0.3671875 0.621875 0.3796875 0.615625 0.421875 0.646875 0.43125 0.659375 0.41875 0.66875 0.465625 0.68125 0.4765625 0.728125 0.4734375 0.759375 0.4515625 0.78125 0.446875 0.8375 0.44375 0.846875 0.4296875 0.809375 0.4046875 0.809375 0.3921875 0.8203125 0.384375 0.8625 0.3828125 0.896875 0.4 0.9125 0.4 0.928125 0.378125 0.971875 0.3640625 1 0.3703125 1 0.071875
0 0 1 0.3484375 0.9984375 0.3546875 0.8984375 0.353125 0.7484375 0.3671875 0.7109375 0.371875 0.6765625 0.378125 0.4875 0.365625 0.48125 0.353125 0.4875 0.3296875 0.45625 0.315625 0.4546875 0.290625 0.484375 0.28125 0.54375 0.25 0.5234375 0.2375 0.490625 0.2734375 0.45 0.290625 0.4078125 0.29375 0.38125 0.3015625 0.3734375 0.340625 0.3765625 0.346875 0.390625 0.34375 0.4125 0.3703125 0.4234375 0.3796875 0.4375 0.3921875 0.4328125 0.396875 0.3796875 0.409375 0.35 0.4125 0.315625 0.40625 0.3109375 0.39375 0.3140625 0.384375 0.34375 0.353125 0.353125 0.328125 0.346875 0.3234375 0.325 0.315625 0.3171875 0.2484375 0.3265625 0.140625 0.321875 0.0234375 0.325 0.0109375 0.3125 0.015625 0.29375 0.0421875 0.2640625 0.0703125 0.253125 0.1140625 0.25 0.13125 0.2640625 0.2671875 0.2765625 0.2828125 0.2765625 0.30625 0.2640625 0.31875 0.2734375 0.328125 0.309375 0.353125 0.2796875 0.3828125 0.26875 0.38125 0.25 0.35 0.2421875 0.353125 0.2140625 0.3359375 0.190625 0.334375 0.1765625 0.38125 0.1578125 0.3859375 0.1375 0.35625 0.11875 0.278125 0.11875 0.24375 0.1046875 0.21875 0.103125 0 0.1078125 0 0.165625 0.0390625 0.1578125 0.0578125 0.178125 0.0578125 0.1921875 0.05 0.203125 0 0.2046875 0 0.6046875 0.0234375 0.6125 0.0390625 0.6109375 0.053125 0.625 0.0671875 0.6796875 0.06875 0.7890625 0.0625 0.8078125 0.0625 0.8734375 0.0578125 0.88125 0.0265625 0.8921875 0 0.8890625 0 1
0 1 0.9000000015625 0.9543080343750001 0.9037723625 0.9346720890625001 0.9251879953125 0.9061103671874999 0.912695509375 0.8579126984375 0.9162648499999999 0.8543425515624999 0.9448188921874999 0.8989700718750001 0.9858652843750001 0.9114657234375001 0.9983577718750001 0.9614486 0.9965731703125 1 0.9698037296875001 1 0.9000000015625
0 0.9114657234375001 0.694970715625 0.9168210796875 0.7181709515625 0.9346720890625001 0.7413711203125 0.94895295 0.748509596875 0.9703741046875001 0.73958645 0.9632335375000001 0.7235248265625 0.9614486 0.694970715625 0.9685888953124999 0.67533995625 0.9424106734375 0.6433035734375 0.9168210796875 0.6503549828125 0.9114657234375001 0.694970715625
0 0.6508410328124999 1 0.64013031875 0.9840806828125 0.6276346671875 0.9644497875000001 0.6383452453125 0.9037723625 0.61335380625 0.8841414671875001 0.6169240890625 0.8573720265624999 0.6187091625 0.8413103359375 0.6115687328125 0.8234640421874999 0.6079985859375 0.785986853125 0.6329900234375 0.7699251625 0.6437006015625 0.75207886875 0.66690683125 0.7288788375 0.668692040625 0.71103254375 0.6704771140625 0.6271548140625 0.672262459375 0.616447065625 0.6883281218749999 0.5878929562499999 0.6794026171875001 0.573615934375 0.6579813265625 0.600385375 0.6312048140625001 0.6039547828125 0.6294197406250001 0.5718313328125 0.5937177250000001 0.5290002015625 0.563371065625 0.5022307609375 0.5687262859375 0.47189204843750004 0.583007146875 0.47189204843750004 0.5937177250000001 0.45761502812500005 0.6075892453125 0.41339285937500003 0.550875278125 0.42549171250000006 0.5116031140625 0.42549171250000006 0.5062477578125 0.427276315625 0.6044283015625 1 0.6508410328124999 1