1 0.30703125 0.44921875 0.0828125 0.0890625
1 0.87734375 0.31796875 0.0890625 0.0671875
1 0.56875 0.50078125 0.0984375 0.0890625
1 0.953125 0.4578125 0.0875 0.08125
1 0.221875 0.57109375 0.171875 0.109375
1 0.4734375 0.51328125 0.1 0.071875
1 0.78359375 0.478125 0.1328125 0.0765625
1 0.940625 0.56484375 0.11875 0.1203125
1 0.70859375 0.36796875 0.1265625 0.0796875
1 0.55625 0.3796875 0.0796875 0.1328125
1 0.4015625 0.4390625 0.0640625 0.0546875
1 0.36171875 0.5421875 0.11875 0.084375
1 0.62109375 0.31875 0.0703125 0.084375
1 0.3375 0.3109375 0.0484375 0.034375
1 0.2875 0.31484375 0.0375 0.0359375
1 0.240625 0.3015625 0.0421875 0.034375
1 0.21875 0.46796875 0.0859375 0.0671875
1 0.7671875 0.2984375 0.1125 0.05
1 0.49453125 0.26328125 0.0359375 0.03125
1 0.290625 0.271875 0.0390625 0.0375
1 0.15390625 0.259375 0.0453125 0.0296875
1 0.16484375 0.22578125 0.04375 0.0265625
1 0.43828125 0.2109375 0.034375 0.0203125
1 0.8828125 0.39296875 0.1078125 0.0484375
1 0.65703125 0.47734375 0.0828125 0.0640625
1 0.42578125 0.34140625 0.1171875 0.090625
1 0.5546875 0.259375 0.0421875 0.0265625
1 0.19609375 0.3109375 0.0359375 0.0296875
1 0.14140625 0.31328125 0.0359375 0.028125
1 0.01328125 0.2375 0.0265625 0.0265625
1 0.053125 0.3671875 0.075 0.0546875
1 0.09609375 0.29375 0.0765625 0.040625
1 0.06875 0.23671875 0.04375 0.025
1 0.26015625 0.22421875 0.0390625 0.021875
0 1 0.8171875 0.984375 0.8375 0.9828125 0.875 0.9765625 0.884375 0.934375 0.878125 0.8953125 0.90625 0.8734375 0.9125 0.8578125 0.903125 0.8359375 0.9 0.8359375 0.8625 0.8296875 0.8484375 0.79375 0.8359375 0.7453125 0.7984375 0.7421875 0.7828125 0.7609375 0.75625 0.75625 0.734375 0.7517380296875 0.730507596875 0.754376796875 0.6896168421875 0.7186747812500001 0.6771244234375 0.7015625 0.5828125 0.71875 0.559375 0.715625 0.5453125 0.70625 0.5390625 0.659375 0.5296875 0.5921875 0.528125 0.546875 0.54375 0.4796875 0.55625 0.478125 0.5734375 0.490625 0.59375 0.48125 0.6078125 0.4140625 0.625 0.3921875 0.625 0.3859375 0.6328125 0.390625 0.678125 0.43125 0.6875 0.45 0.703125 0.4375 0.721875 0.3953125 0.7296875 0.38125 0.7296875 0.371875 0.7203125 0.375 0.628125 0.36875 0.5859375 0.284375 0.60625 0.2828125 0.621875 0.2765625 0.6265625 0.2328125 0.61875 0.178125 0.6328125 0.1375 0.603125 0.1265625 0.584375 0.0796875 0.5875 0.0703125 0.5796875 0.0734375 0.56875 0.1109375 0.553125 0.2015625 0.5390625 0.2265625 0.525 0.2859375 0.5234375 0.3203125 0.5046875 0.31875 0.490625 0.2765625 0.4859375 0.2625 0.49375 0.1765625 0.5046875 0.1546875 0.5125 0.06875 0.521875 0.0546875 0.534375 0 0.55 0 0.6078125 0.040625 0.609375 0.103125 0.625 0.1203125 0.6421875 0.14375 0.696875 0.1390625 0.759375 0.1140625 0.8046875 0.0984375 0.80625 0.0609375 0.76875 0 0.75 0 1 1 1 1 0.8171875
0 0.1359375 0.1921875 0.134375 0.1984375 0.215625 0.2015625 0.234375 0.19375 0.2328125 0.1890625 0.190625 0.1890625 0.1359375 0.1921875
0 0.3296875 0.2 0.378125 0.203125 0.65 0.2 0.503125 0.1921875 0.328125 0.1921875 0.3296875 0.2
0 1 0.221875 0.946875 0.221875 0.73125 0.2296875 0.7671875 0.246875 0.7828125 0.2390625 0.8359375 0.2390625 0.8609375 0.2453125 0.9015625 0.2421875 1 0.2515625 1 0.221875
0 0.23125 0.353125 0.1671875 0.3484375 0.1546875 0.3546875 0.1515625 0.3640625 0.1453125 0.3546875 0.0953125 0.35625 0.090625 0.359375 0.09375 0.4125 0.1 0.4171875 0.13125 0.4140625 0.1484375 0.4359375 0.1609375 0.4359375 0.2078125 0.4125 0.259375 0.375 0.2890625 0.371875 0.3125 0.3609375 0.359375 0.359375 0.3578125 0.3484375 0.3453125 0.3453125 0.2734375 0.35 0.2375 0.3453125 0.23125 0.353125