1 0.36015625 0.8046875 0.125 0.2015625
1 0.88828125 0.93359375 0.1109375 0.1328125
1 0.81640625 0.21796875 0.1078125 0.1546875
1 0.56875 0.06484375 0.146875 0.1296875
1 0.2859375 0.10625 0.0890625 0.13125
1 0.43046875 0.6625 0.15 0.1921875
1 0.21875 0.08515625 0.075 0.125
1 0.4953125 0.3328125 0.14375 0.228125
1 0.44140625 0.471875 0.14375 0.1640625
1 0.1671875 0.65234375 0.209375 0.26875
1 0.0546875 0.43125 0.109375 0.16875
1 0.10703125 0.0875 0.1296875 0.175
0 0.1171875 1 0.0953125 0.94375 0.059375 0.9109375 0.0333634609375 0.8890485984375 0.0171875 0.940625 0.003686165625 0.9843031953124999 0 1 0.1171875 1
0 0.22801811718749998 0 0.2350469640625 0.0214280125 0.3100211859375 0.030016543750000003 0.3600040203125 0.0628091140625 0.4240444890625 0.0698360890625 0.42560642812499994 0.091186378125 0.31998374531249996 0.5185272328125 0.340625 0.5359375 0.334375 0.571875 0.3078125 0.65 0.3 0.6609375 0.284375 0.659375 0.2671875 0.7265625 0.2609375 0.728125 0.26875 0.64375 0.2875 0.6140625 0.330136471875 0.4486640046875 0.31139290000000003 0.46037563437499995 0.29889720625 0.490045121875 0.284375 0.4953125 0.2625 0.503125 0.2453125 0.49375 0.2578125 0.4265625 0.2734375 0.4015625 0.278125 0.321875 0.2996781765625 0.3161742765625 0.303583084375 0.3005587703125 0.2848395734375 0.2810393859375 0.265625 0.2796875 0.253125 0.271875 0.2375 0.271875 0.21142729062500001 0.2849432625 0.1973695984375 0.274012396875 0.190625 0.3 0.1765625 0.353125 0.159375 0.365625 0.1375 0.3703125 0.1109375 0.4390625 0.0921875 0.45625 0.0671875 0.50625 0.025 0.5265625 0.0140625 0.5046875 0 0.4921875 0.000562228125 0.673015903125 0.016962859375 0.6761389875 0.027115614062499998 0.6940968437499999 0.021006079687500002 0.7164925109375 0 0.702109396875 0 0.8291709703125001 0.023210706249999997 0.848959696875 0.040625 0.85625 0.077879478125 0.8903407828125 0.096875 0.9 0.11875 0.9171875 0.1453125 0.9640625 0.178125 1 0.403125 1 0.3125 0.9296875 0.2921875 0.921875 0.284375 0.909375 0.284375 0.8703125 0.3015625 0.83125 0.328125 0.7390625 0.3265625 0.715625 0.3484375 0.6265625 0.35625 0.565625 0.40589172187500006 0.3584682890625 0.4238542640625 0.3662760421875 0.443378803125 0.2921023859375 0.43478801875000006 0.2639944546875 0.4418168640625 0.219490284375 0.4683702515625 0.22272684531250003 0.5558401671875 0.24771166249999998 0.5847364625 0.2609848484375 0.7539933765625 0.3080303796875 0.80253808125 0.3964019359375 0.8829793296874999 0.4291944765625 0.9384288921874999 0.46511014375000004 0.9579534328125 0.5595839484375 0.964201309375 0.855384278125 0.986849728125 0.86319203125 0.9782590015625001 0.9693774953125001 0.9415528906249999 0.96235050625 0.9454577984375 1 1 1 1 0 0.707540775 0 0.7036358671875 0.006323912499999999 0.6919211437499999 0.0508281125 0.6583390296875 0.0648820625 0.6372524312500001 0.0516089046875 0.620070859375 0.1242210046875 0.4917996984375 0.10873364375000001 0.4943328328125 0.051878246875 0.5068285265625 0 0.450597875 0 0.22801811718749998 0
0 0.5109375 0.446875 0.49375 0.4609375 0.4796875 0.5125 0.49375 0.5328125 0.4953125 0.5578125 0.5234375 0.5546875 0.5359375 0.575 0.5453125 0.5515625 0.55625 0.4375 0.546875 0.415625 0.5203125 0.415625 0.5109375 0.446875
0 0.4546875 1 0.4625 0.965625 0.459375 0.915625 0.4265625 0.8875 0.4265625 0.8625 0.4421875 0.821875 0.4421875 0.8046875 0.434375 0.7953125 0.415625 0.809375 0.39375 0.903125 0.3875 0.9046875 0.3546875 0.884375 0.3453125 0.903125 0.3234375 0.8984375 0.3171875 0.9046875 0.3171875 0.921875 0.325 0.9328125 0.4125 1 0.4546875 1
0 0.6671875 1 0.665625 0.95625 0.68125 0.9546875 0.6875 0.940625 0.6953125 0.853125 0.6859375 0.8484375 0.6824228640625 0.8367220484375 0.7011268890625 0.8352261453125 0.6948790125000001 0.7993104921875 0.676916590625 0.7602717250000001 0.659375 0.725 0.65 0.7203125 0.63125 0.740625 0.621875 0.7421875 0.5796875 0.73125 0.5375 0.75 0.525 0.7078125 0.5234375 0.6671875 0.5078125 0.6609375 0.4984375 0.678125 0.4890625 0.7453125 0.48125 0.7625 0.4421875 0.74375 0.4203125 0.746875 0.4421875 0.7828125 0.496875 0.81875 0.4875 0.90625 0.465625 1 0.6671875 1
0 0.0234375 0.3484375 0.071875 0.35625 0.1015625 0.3 0.0859375 0.2578125 0.06875 0.2734375 0.0609375 0.271875 0.0515625 0.2484375 0.0484375 0.2 0 0.1703125 0.0015625 0.378125 0.0234375 0.3484375
0 0.0234375 0 0.0234375 0.03125 0.009375 0.065625 0.015625 0.0828125 0.0296875 0.084375 0.0421875 0.0625 0.0515625 0.0625 0.0671875 0.046875 0.0890625 0 0.0234375 0