1 0.4140625 0.1109375 0.1890625 0.1234375
1 0.8796875 0.75859375 0.203125 0.15625
1 0.93515625 0.15859375 0.1265625 0.1359375
1 0.95 0.6046875 0.09375 0.1640625
1 0.41875 0.2484375 0.1859375 0.121875
1 0.59140625 0.090625 0.19375 0.10625
1 0.146875 0.38359375 0.15 0.1234375
1 0.73984375 0.04375 0.1328125 0.0875
1 0.81640625 0.43359375 0.15 0.109375
1 0.34765625 0.71015625 0.2421875 0.1640625
1 0.93046875 0.25625 0.1203125 0.1046875
1 0.56875 0.3296875 0.1921875 0.1046875
1 0.34140625 0.34375 0.215625 0.1578125
1 0.925 0.04765625 0.140625 0.0953125
1 0.0359375 0.56484375 0.071875 0.1015625
1 0.70625 0.80390625 0.1484375 0.128125
1 0.78828125 0.196875 0.1859375 0.103125
1 0.4453125 0.496875 0.159375 0.115625
1 0.60390625 0.2015625 0.2328125 0.1125
1 0.05703125 0.175 0.1140625 0.13125
1 0.7859375 0.2953125 0.1375 0.1078125
1 0.71015625 0.7 0.1125 0.078125
1 0.625 0.46484375 0.15625 0.11875
1 0.22265625 0.5203125 0.16875 0.1234375
1 0.65 0.66640625 0.203125 0.121875
1 0.23046875 0.13984375 0.2 0.1171875
1 0.22109375 0.271875 0.1828125 0.1296875
1 0.07734375 0.31640625 0.1546875 0.1125
1 0.034375 0.42421875 0.06875 0.0984375
0 0.79030781875 0 0.8135140468750001 0.057076268750000006 0.7974481124999999 0.0767071984375 0.708193071875 0.08741498125 0.6555326531250001 0.049937759375 0.6430370015625 0.034768403125 0.68125 0.0015625 0 0 0 0.1234375 0.0203125 0.121875 0.0828125 0.1609375 0.1109375 0.1921875 0.1140625 0.2046875 0.10639141875 0.2198226828125 0 0.2465920875 0 0.27693080000000003 0.0403426078125 0.25908450781250003 0.08318505468750001 0.26979232343750004 0.14744865625 0.3358235546875 0.18850602968750002 0.3269004078125 0.1385231515625 0.285853946875 0.125 0.2484375 0.1390625 0.2484375 0.215625 0.2140625 0.2140625 0.203125 0.1890625 0.1984375 0.1484375 0.1609375 0.1296875 0.125 0.2125 0.0859375 0.2265625 0.0859375 0.2734375 0.1109375 0.3234375 0.1609375 0.30625 0.19375 0.2578125 0.2 0.246875 0.2109375 0.2484375 0.2203125 0.297619953125 0.2605240078125 0.3078125 0.2703125 0.325 0.2703125 0.334375 0.2625 0.3359375 0.2515625 0.3234375 0.23125 0.3265625 0.2234375 0.4078125 0.1921875 0.446875 0.196875 0.52700538125 0.269447153125 0.565385075 0.2640932796875 0.5287904546875 0.22929299374999998 0.510046909375 0.231969965625 0.48594807500000003 0.214123671875 0.484375 0.1890625 0.50625 0.178125 0.50758861875 0.17410914375 0.5680626859375 0.1534462640625 0.5118320515625 0.11061515 0.496875 0.075 0.5828125 0.040625 0.5921615874999999 0.039229976562500005 0.6376816453124999 0.065999415625 0.6930197421875001 0.113292103125 0.6787390171875 0.13203069843749998 0.593054125 0.1498769921875 0.6573177265625 0.198954315625 0.6930197421875001 0.2284006921875 0.6796314859375 0.2524931953125 0.6715985875 0.2667702171875 0.7037303203125 0.2426777140625 0.7358621890625 0.23107762968749998 0.7135484296875 0.21590827343750002 0.7001601734375 0.183784959375 0.7394323359375 0.1704002390625 0.79655564375 0.14541541875 0.893843584375 0.21590827343750002 0.9295456 0.2078774625 0.8688521453125 0.156123234375 0.9331158828125 0.096338128125 1 0.134707653125 0.9982719546875 0.075814915625 0.9652476156249999 0.083845709375 0.9295456 0.0883072828125 0.9045541609375001 0.09366120781250001 0.8599266406250001 0.0704609890625 0.8483235953125 0.0365530390625 0.8920585109375001 0 0.79030781875 0
0 1 0.22393911875 0.975065725 0.2275083921875 0.9955944125 0.26498558125 0.9938092015625 0.277478 0.9859375 0.28125 0.971875 0.3046875 0.9140625 0.3140625 0.884375 0.3109375 0.8765625 0.3203125 0.8734375 0.3421875 0.8640625 0.325 0.85625 0.325 0.8390625 0.3453125 0.8046875 0.35625 0.803125 0.3703125 0.884375 0.425 0.89375 0.45 0.8828125 0.46875 0.834375 0.4828125 0.7984375 0.484375 0.7640625 0.4671875 0.759375 0.4421875 0.74375 0.425 0.74375 0.415625 0.784375 0.3765625 0.76875 0.36875 0.7515625 0.3421875 0.7109375 0.3046875 0.7 0.2734375 0.6703125 0.2609375 0.6328125 0.2609375 0.584375 0.2671875 0.578125 0.2796875 0.59375 0.3 0.6484375 0.2984375 0.65625 0.30625 0.671875 0.340625 0.6703125 0.3546875 0.6609375 0.3671875 0.55 0.3828125 0.484375 0.3515625 0.475 0.353125 0.4671875 0.3640625 0.46341158125000004 0.3929317078125 0.4402052171875 0.403639525 0.40660120781250003 0.40861655781249995 0.4062882734375 0.407208728125 0.3116780125 0.41613187500000004 0.29025672187499996 0.40185485468750004 0.2724057125 0.4000702515625 0.18672095625000001 0.31976193125 0.2206377625 0.3875778328125 0.2206377625 0.42862429375 0.256339778125 0.4571784046875 0.2938270046875 0.492870990625 0.302752509375 0.5606868921875 0.304442203125 0.569133171875 0.2652652828125 0.5785331859375 0.16875 0.5828125 0.15625 0.5671875 0.1484375 0.540625 0.13125 0.5203125 0.1296875 0.503125 0.1359375 0.4859375 0.175 0.453125 0.178125 0.44375 0.1140625 0.4328125 0.0828125 0.409375 0.0640625 0.3734375 0.028125 0.38125 0.0265625 0.39375 0.0640625 0.4328125 0.065625 0.4484375 0.04375 0.465625 0 0.46875 0 0.525 0.0265625 0.525 0.0390625 0.5453125 0.05625 0.5546875 0.0671875 0.5875 0.0515625 0.6109375 0 0.6125 0 1 0.3953125 1 0.4 0.9890625 0.4 0.8421875 0.4078125 0.834375 0.4203125 0.8453125 0.415625 0.8703125 0.4203125 0.9078125 0.4171875 1 0.8109375 1 0.827572175 0.9693670375 0.8625 0.98125 0.93125 1 1 1 1 0.9953125 0.965625 0.9828125 0.9293228656249999 0.9747208453124999 0.9293228656249999 0.9390282578125 0.9734375 0.9328125 1 0.93125 1 0.690625 0.9114718578125001 0.6517029609375 0.8625 0.6671875 0.8359375 0.6765625 0.796875 0.675 0.765625 0.6859375 0.7546875 0.725 0.6765625 0.7421875 0.6578125 0.7296875 0.63125 0.7296875 0.596875 0.7125 0.5546875 0.6859375 0.5453125 0.6703125 0.61875 0.6375 0.70625 0.6171875 0.7484375 0.6140625 0.75625 0.6203125 0.8421875 0.625 0.8953125 0.6125 0.9 0.609375 0.896875 0.5828125 0.946875 0.53125 0.98125 0.5453125 1 0.5625 1 0.28640114687499996 1 0.271875 1 0.22393911875