1 0.4296875 0.25625 0.078125 0.1640625
1 0.5140625 0.2765625 0.0703125 0.10625
1 0.271875 0.3296875 0.1203125 0.1953125
1 0.4 0.93515625 0.1828125 0.1296875
1 0.29140625 0.1078125 0.0890625 0.1171875
1 0.51484375 0.75859375 0.1453125 0.240625
1 0.22734375 0.690625 0.1453125 0.2484375
1 0.259375 0.93359375 0.15625 0.1328125
1 0.34453125 0.15859375 0.075 0.1046875
1 0.65 0.2734375 0.05 0.1015625
1 0.54765625 0.9453125 0.10625 0.109375
0 1 0.5986007718749999 0.9882251125 0.5932468984375 0.9614486 0.6253702125 0.952523096875 0.5718313328125 0.8882593578125 0.5504157671875001 0.874687325 0.5528827875 0.8704083499999999 0.5272155984375 0.8436318375 0.5058000328125 0.8596979093750001 0.4683228453125 0.9025402187499999 0.427276315625 0.927531521875 0.41478396406250007 0.9168210796875 0.38266058125 0.9382422359374999 0.3933683984375 0.9453825296874999 0.3987222734375 0.952523096875 0.3719528328125 0.957878453125 0.3541065390625 0.979299609375 0.3594604140625 0.9882251125 0.336260246875 0.9989355546875001 0.3576758125 0.9953654078125 0.2648750734375 0.9739442515625001 0.270228946875 0.9257465843749999 0.2470287796875 0.8989700718750001 0.2309670875 0.8793338546875 0.2309670875 0.8525573421875 0.22204394062500002 0.8150703890625 0.2131207953125 0.77044286875 0.2131207953125 0.7293853593749999 0.2131207953125 0.7186747812500001 0.2131207953125 0.6794026171875001 0.21490546562500001 0.6794026171875001 0.148874165625 0.6883281218749999 0.1078276703125 0.702608846875 0.10604306875 0.7079644765625 0.0989045234375 0.682972765625 0.0935507171875 0.661551609375 0.05785813125 0.6811879640625 0.0417964046875 0.6990389718750001 0.063211971875 0.702608846875 0.03644253125 0.6847578390625 0.009673090625 0.66690683125 0.00431925 0.645485675 0.023950112500000002 0.6204942359375 0.02216554375 0.6079985859375 0.00610381875 0.6276346671875 0.2291824859375 0.649055821875 0.22204394062500002 0.672262459375 0.23810563281250002 0.675832334375 0.2969983875 0.6579813265625 0.321983225 0.5455200578125 0.30949080625000003 0.48839675 0.3077062046875 0.4687606671875 0.4897383421875 0.44019908125 0.600385375 0.33487810625000003 0.7235248265625 0.3179934484375 0.7334543734375 0.30988666875000004 0.7699251625 0.3027463734375 0.8216794406249999 0.21046781874999998 0.8257345812500001 0.1456574484375 0.8877106703125 0.17581589375 0.8272573453125001 0.14030209062500001 0.8288179843749999 0.0635428375 0.8716491156249999 0.19017853125 1 0.2045658296875 0.9590958453124999 0.22598698437500003 0.9430342890625001 0.2973910171875 0.94660349375 0.3063165203125 0.9341111421875 0.3330930328125 0.9341111421875 0.32238245625 0.889495409375 0.2117061234375 0.8841414671875001 0.24205291875 0.868079775 0.3295228859375 0.87343371875 0.3670099765625 0.8645105718749999 0.35680425 0.782427071875 0.3762563359375 0.7154936859375 0.41244607499999997 0.67524318125 0.4598351640625 0.6485705171875 0.52101539375 0.631826921875 0.5797990609375 0.6479836171875 0.59744158125 0.6855206046875 0.634775096875 0.6771244234375 0.6462977546875 0.713108003125 0.636560171875 0.7378019828125 0.6539881359375 0.799036046875 0.649012015625 0.8582811250000001 0.6060366593750001 0.8884418374999999 0.610108015625 0.933214859375 0.6010605734375 0.992459971875 0.6008581546875 1 0.8278649296875 1 0.8721935593750001 1 0.9650187484374999 1 1 1 1 0.5986007718749999
0 0 0 0 0.8805722625 0.009989814062500001 0.81275629375 0.036766325 0.7378019828125 0.0653279109375 0.5861084890625 0.0921044234375 0.452261153125 0.10638528437500001 0.3630296859375 0.1170958625 0.2720136171875 0.1170958625 0.25059805156250003 0.1349468703125 0.182782184375 0.0956745703125 0.063211971875 0.1385170171875 0.166720459375 0.16339281562500002 0 0 0
0 0.1700892453125 0 0.068898059375 0.6360779609375 0.033196042187500004 0.894849215625 0.015345034375 0.9216186562500001 0 0.9751575359375 0.008204740625 1 0.19028496875 1 0.19028496875 0.8787875250000001 0.186714821875 0.7574327421875 0.156368025 0.7502942671875 0.143872375 0.7128170093749999 0.1510128046875 0.67533995625 0.1617233828125 0.60752391875 0.1777893171875 0.596816103125 0.1545829515625 0.5486311640625 0.127806440625 0.50936930625 0.1153107890625 0.46475357187500005 0.14922759531250002 0.4201378390625 0.1849296109375 0.44869188125 0.2027806203125 0.4933076140625 0.21706148125000002 0.42549171250000006 0.2081359765625 0.3719528328125 0.22241683750000002 0.336260246875 0.20992105 0.30413693125 0.21349133281250002 0.25059805156250003 0.2313423421875 0.2470287796875 0.25633364375 0.2470287796875 0.315242025 0.25059805156250003 0.318812171875 0.27379821875 0.3330930328125 0.288075240625 0.345588684375 0.293429115625 0.3491589671875 0.321983225 0.37772055312499997 0.34518339375 0.40628213906250005 0.318413953125 0.3973566359375 0.28450596875 0.37772055312499997 0.2630904703125 0.3795056265625 0.23632103125 0.3783807828125 0.2261999421875 0.41163749687499995 0.22204394062500002 0.4169927171875 0.182782184375 0.436628934375 0.18456675312499998 0.46162023750000003 0.21133619218750002 0.48839675 0.2291824859375 0.5437349828125 0.22739788437500003 0.5562306343750001 0.2291824859375 0.550875278125 0.3237678265625 0.634775096875 0.318413953125 0.6294197406250001 0.23275175781250002 0.641915528125 0.15601274375000002 0.6169240890625 0 0.1700892453125 0
0 0.26347407500000003 0.5147231796875 0.26882943125000003 0.4861691375 0.2884655125 0.47367671875 0.325952603125 0.49509228437499997 0.345588684375 0.512938578125 0.399141709375 0.42549171250000006 0.3795056265625 0.40407614687500004 0.3866460578125 0.3808759796875 0.37772055312499997 0.3576758125 0.3402334640625 0.33447564375 0.3295228859375 0.4237071109375 0.2081359765625 0.42549171250000006 0.2009955453125 0.4593996984375 0.2027806203125 0.5254309296875 0.15669638749999998 0.551785715625 0.21706148125000002 0.5397080187500001 0.2402678453125 0.5325694734375 0.26882943125000003 0.5504157671875001 0.2741846515625 0.5932468984375 0.3027463734375 0.61823166875 0.33666317968750004 0.628939484375 0.33666317968750004 0.7556482765625 0.46519052031249997 0.6128779296875 0.33666317968750004 0.5165077828125 0.31675786562499997 0.5325694734375 0.29560594375 0.5325694734375 0.2759698625 0.5325694734375 0.26347407500000003 0.5147231796875
0 0.42695536093750003 0.3783826 0.420169778125 0.4204420875 0.3966464390625 0.43174840468750003 0.3330930328125 0.50401543125 0.40343202187499994 0.57827828125 0.42469349999999995 0.5253647140625 0.4509310984375 0.5954638625 0.5008925375 0.33447564375 0.3758373265625 0.3313483046875 0.3771944234375 0.3756690640625 0.40343202187499994 0.3526041765625 0.42695536093750003 0.3783826
0 0.9125 0 0.9140625 0.0203125 0.896875 0.0890625 0.9046875 0.1375 0.9265625 0.1484375 0.959375 0.1484375 0.984375 0.1625 1 0.1609375 1 0.0375 0.98125 0.0390625 0.9640625 0.0265625 0.953125 0.0078125 0.940625 0.0078125 0.9390625 0 0.9125 0