1 0.61875 0.91015625 0.2640625 0.1578125
1 0.8453125 0.5640625 0.0828125 0.109375
1 0.11796875 0.65078125 0.046875 0.075
1 0.94140625 0.43671875 0.0578125 0.078125
1 0.115625 0.26796875 0.0484375 0.0609375
1 0.86953125 0.39375 0.0953125 0.1078125
1 0.96953125 0.6265625 0.0609375 0.1171875
1 0.52109375 0.65546875 0.0859375 0.115625
1 0.83828125 0.7796875 0.125 0.140625
1 0.3640625 0.50546875 0.059375 0.059375
1 0.40234375 0.56328125 0.0609375 0.0625
1 0.5671875 0.39296875 0.0546875 0.075
1 0.68359375 0.30546875 0.0484375 0.0515625
1 0.27421875 0.29453125 0.0578125 0.0359375
1 0.97734375 0.23984375 0.0265625 0.0453125
1 0.82109375 0.19140625 0.0328125 0.0359375
1 0.85859375 0.21640625 0.03125 0.0390625
1 0.51796875 0.1515625 0.034375 0.0359375
1 0.415625 0.12890625 0.025 0.028125
1 0.96796875 0.36640625 0.0640625 0.0515625
1 0.51640625 0.26171875 0.0296875 0.0453125
1 0.31171875 0.25 0.0296875 0.0359375
1 0.77421875 0.2015625 0.0328125 0.0328125
1 0.90546875 0.15078125 0.0421875 0.03125
1 0.70546875 0.18984375 0.0328125 0.0328125
1 0.5609375 0.15625 0.0296875 0.0296875
1 0.48125 0.40234375 0.034375 0.0453125
0 1 0.70078125 0.94609375 0.6609375 0.90546875 0.65 0.8640625 0.68984375 0.8640625 0.71015625 0.87890625 0.7171875 0.89140625 0.7140625 0.8953125 0.69765625 0.91171875 0.6828125 0.92890625 0.6859375 0.94453125 0.70625 0.96953125 0.703125 0.978125 0.70859375 0.978125 0.73984375 0.9890625 0.75390625 0.9703125 0.79609375 0.95390625 0.80625 0.93828125 0.796875 0.9109375 0.79296875 1 0.87578125 1 0.70078125
0 1 0.20390625 0.98984375 0.2046875 0.9859375 0.19921875 0.9921875 0.18984375 0.96953125 0.178125 0.95390625 0.2015625 0.92734375 0.2046875 0.91875 0.19296875 0.92265625 0.1703125 0.87421875 0.15625 0.82421875 0.1515625 0.81015625 0.1421875 0.76796875 0.140625 0.74765625 0.1296875 0.72890625 0.1328125 0.71171875 0.1265625 0.621875 0.12109375 0.62890625 0.1328125 0.65546875 0.1421875 0.659375 0.15546875 0.67890625 0.165625 0.68984375 0.159375 0.71171875 0.1703125 0.73828125 0.1578125 0.75390625 0.1796875 0.77421875 0.175 0.80078125 0.196875 0.81484375 0.1734375 0.83515625 0.175 0.84140625 0.2171875 0.84921875 0.2046875 0.86953125 0.1953125 0.88671875 0.2203125 0.92265625 0.2203125 0.93203125 0.2296875 0.95546875 0.215625 0.96796875 0.2234375 0.98515625 0.2171875 1 0.23671875 1 0.20390625
0 0 0.99921875 0.4890625 0.99921875 0.490625 0.98046875 0.5109375 0.95703125 0.56171875 0.925 0.63984375 0.8625 0.6625 0.81328125 0.675 0.81171875 0.6671875 0.80078125 0.67421875 0.8078125 0.68359375 0.80625 0.6953125 0.79296875 0.66015625 0.784375 0.65234375 0.7671875 0.63046875 0.7671875 0.625 0.74453125 0.63046875 0.728125 0.65703125 0.7171875 0.66953125 0.721875 0.67578125 0.7328125 0.70234375 0.7375 0.72578125 0.765625 0.73515625 0.765625 0.77421875 0.753125 0.7796875 0.74765625 0.77734375 0.740625 0.80234375 0.7328125 0.8296875 0.70234375 0.8234375 0.68203125 0.821875 0.63046875 0.78046875 0.59375 0.76796875 0.59375 0.759375 0.58671875 0.7765625 0.55859375 0.7921875 0.55390625 0.8 0.52734375 0.81796875 0.5046875 0.8296875 0.50859375 0.84140625 0.53125 0.89375 0.56328125 0.8984375 0.58984375 0.89453125 0.615625 0.9015625 0.60859375 0.9 0.59921875 0.91484375 0.5921875 0.921875 0.57890625 0.9078125 0.53359375 0.91875 0.53046875 0.92734375 0.49375 0.93515625 0.4890625 0.946875 0.50234375 0.94375 0.53359375 0.94921875 0.5453125 0.96171875 0.5390625 0.96953125 0.546875 0.978125 0.53515625 0.975 0.52578125 0.98203125 0.5203125 1 0.52890625 0.99921875 0.50625 0.97421875 0.4984375 0.96796875 0.4890625 0.94453125 0.48125 0.93671875 0.4703125 0.91328125 0.4671875 0.83828125 0.43125 0.8296875 0.42109375 0.8328125 0.39609375 0.815625 0.38515625 0.8171875 0.36796875 0.83125 0.34921875 0.86640625 0.3328125 0.88984375 0.33125 0.92265625 0.34375 0.93671875 0.35625 0.96953125 0.340625 0.99921875 0.3453125 1 0.29609375 0.97734375 0.2828125 0.94140625 0.2796875 0.92265625 0.2671875 0.89453125 0.265625 0.88359375 0.2515625 0.87109375 0.25625 0.86640625 0.2515625 0.84921875 0.2625 0.8484375 0.25234375 0.83671875 0.2484375 0.83125 0.25078125 0.828125 0.29453125 0.8140625 0.29921875 0.81328125 0.3125 0.80078125 0.3125 0.79765625 0.25 0.77734375 0.2484375 0.69609375 0.2203125 0.66640625 0.2171875 0.65546875 0.1984375 0.62421875 0.19375 0.60234375 0.1984375 0.571875 0.18984375 0.5671875 0.21640625 0.578125 0.22265625 0.58125 0.23515625 0.63984375 0.2359375 0.6484375 0.24765625 0.64375 0.26953125 0.65859375 0.2796875 0.68671875 0.271875 0.74453125 0.2828125 0.75 0.28828125 0.74375 0.33984375 0.7296875 0.34609375 0.71640625 0.3703125 0.7046875 0.37421875 0.70234375 0.3890625 0.67734375 0.3859375 0.66796875 0.3765625 0.64296875 0.3765625 0.60078125 0.3609375 0.5859375 0.36171875 0.59375 0.36796875 0.60234375 0.39375 0.678125 0.41640625 0.6734375 0.43359375 0.65859375 0.4390625 0.65078125 0.4515625 0.63046875 0.4609375 0.62421875 0.4703125 0.61328125 0.4703125 0.609375 0.48515625 0.63984375 0.484375 0.64765625 0.478125 0.66015625 0.4890625 0.68671875 0.4859375 0.69140625 0.5 0.70234375 0.4859375 0.703125 0.51171875 0.7109375 0.52890625 0.70703125 0.55625 0.7203125 0.54453125 0.725 0.51171875 0.73515625 0.5015625 0.7515625 0.49765625 0.7484375 0.48828125 0.7578125 0.45390625 0.76484375 0.453125 0.77265625 0.4640625 0.77734375 0.459375 0.7828125 0.46328125 0.7671875 0.48515625 0.7671875 0.49765625 0.78125 0.50703125 0.778125 0.53671875 0.76640625 0.546875 0.73046875 0.546875 0.725 0.55390625 0.7359375 0.55703125 0.740625 0.57578125 0.71953125 0.58125 0.7125 0.60078125 0.70234375 0.6046875 0.69609375 0.5953125 0.67578125 0.59375 0.65859375 0.5796875 0.63046875 0.5734375 0.625 0.55078125 0.61328125 0.5484375 0.609375 0.53359375 0.596875 0.52734375 0.59453125 0.5 0.58359375 0.4953125 0.56484375 0.4984375 0.5625 0.51484375 0.55234375 0.515625 0.5484375 0.49453125 0.5171875 0.46953125 0.51484375 0.4546875 0.49609375 0.45 0.49296875 0.4390625 0.46875 0.43671875 0.46640625 0.4109375 0.45546875 0.409375 0.43984375 0.4203125 0.43671875 0.4390625 0.42265625 0.4390625 0.41953125 0.4453125 0.40703125 0.4390625 0.40546875 0.453125 0.44184691562499995 0.44771927187499994 0.46010981093750003 0.4794307921875 0.47741158749999996 0.45156308437500003 0.49663575 0.4534849828125 0.49663575 0.491923153125 0.45626503749999997 0.5217127390625 0.63408846875 0.6485587078124999 0.63408846875 0.66777779375 0.3716786921875 0.8493981265625001 0.2784415328125 0.5207517984375001 0.3130450109375 0.5024936531249999 0.31208381875 0.42657830781249995 0.3582217640625 0.4006325171875 0.3591829578125 0.47846979687499996 0.3764847328125 0.4688602546875 0.375 0.43515625 0.3765625 0.41640625 0.3875 0.40546875 0.3765625 0.39453125 0.37890625 0.3796875 0.41171875 0.3765625 0.421875 0.39140625 0.42421875 0.4109375 0.45546875 0.40625 0.47109375 0.378125 0.49765625 0.3796875 0.51796875 0.3671875 0.53828125 0.3703125 0.546875 0.35859375 0.5484375 0.33203125 0.6015625 0.28359375 0.58046875 0.2796875 0.57734375 0.265625 0.53984375 0.2640625 0.540625 0.25234375 0.53515625 0.25 0.53125 0.29453125 0.55 0.30703125 0.55 0.31640625 0.5390625 0.33359375 0.54296875 0.3421875 0.51953125 0.3421875 0.5171875 0.33046875 0.503125 0.32578125 0.4984375 0.27578125 0.48046875 0.2828125 0.47109375 0.2828125 0.4703125 0.27734375 0.5 0.26640625 0.496875 0.21640625 0.51484375 0.2078125 0.53515625 0.2125 0.54375 0.18515625 0.540625 0.17421875 0.52421875 0.1796875 0.49609375 0.1703125 0.5 0.15703125 0.48828125 0.1484375 0.48359375 0.1703125 0.45859375 0.1703125 0.45234375 0.1546875 0.39296875 0.153125 0.38046875 0.1484375 0.378125 0.14140625 0.39921875 0.1265625 0.40859375 0.1109375 0.42265625 0.1109375 0.45546875 0.1359375 0.47109375 0.1296875 0.48828125 0.1421875 0.49921875 0.140625 0.51171875 0.128125 0.54140625 0.1234375 0.5484375 0.11796875 0.54609375 0.109375 0.51171875 0.1109375 0.47265625 0.096875 0.36953125 0.109375 0.31484375 0.10625 0.3109375 0.09453125 0.296875 0.08359375 0.29765625 0.078125 0.3109375 0.07578125 0.31328125 0.0625 0.34296875 0.0609375 0.3716786921875 0.0517725 0.40078125 0.0453125 0.7157911593749999 0.05561633125 0.7157911593749999 0.0450458125 0.38671875 0.0296875 0.28359375 0.028125 0.23203125 0.028125 0.17734375 0.0328125 0.09453125 0.053125 0.0573636640625 0.07291349999999999 0.0929283359375 0.07291349999999999 0.14771716875000002 0.077718271875 0.1765534125 0.0652258734375 0.2178853921875 0.0748354171875 0.253125 0.07265625 0.265625 0.07890625 0.265625 0.09765625 0.26328125 0.1078125 0.24609375 0.1140625 0.12109375 0.1234375 0.08359375 0.1203125 0.078125 0.12421875 0.079139853125 0.1304973671875 0 0.15234375 0.00078125 0.2765625 0.0125 0.26796875 0.0078125 0.25546875 0.03359375 0.24375 0.09140625 0.240625 0.13359375 0.25 0.2092345046875 0.2250758015625 0.23807074843749998 0.22123196875 0.42935118125000005 0.2558263453125 0.423583946875 0.274084453125 0.384174428125 0.2856159125 0.37552354062500004 0.3086788296875 0.3409200625 0.3019521421875 0.3447648359375 0.26927968281250003 0.3207346328125 0.2750454296875 0.29574323593749996 0.2760063703125 0.3053553171875 0.307717853125 0.28997600156250003 0.318288371875 0.24479924843749998 0.3125226234375 0.2419155953125 0.2904206828125 0.22749747343750001 0.2923426 0.2063509234375 0.3067569125 0.1784758734375 0.3038740578125 0.1390625 0.28515625 0.12109375 0.2953125 0.09765625 0.2953125 0.0921875 0.26796875 0.07734375 0.2515625 0.0703125 0.25234375 0.05546875 0.2875 0 0.28828125 0 0.34765625 0.01953125 0.346875 0.053125 0.36015625 0.04296875 0.36875 0 0.37421875 0 0.55390625 0.04765625 0.5296875 0.059375 0.53671875 0.03984375 0.5625 0 0.56328125 0 0.608198621875 0 0.6437539375 0 0.68795781875 0 0.700450253125 0 0.72255219375 0 0.99921875
0 0.4375 0.20859375 0.42578125 0.2078125 0.42109375 0.1953125 0.41328125 0.2015625 0.40859375 0.1890625 0.39296875 0.1875 0.38828125 0.196875 0.38046875 0.1953125 0.371875 0.20234375 0.37421875 0.225 0.38203125 0.225 0.38515625 0.2140625 0.40703125 0.21875 0.40546875 0.225 0.421875 0.23046875 0.4375 0.21640625 0.4375 0.20859375
0 0.71953125 0.2765625 0.72265625 0.2671875 0.73828125 0.2828125 0.75234375 0.2859375 0.75703125 0.2703125 0.7671875 0.27734375 0.76875 0.25234375 0.75078125 0.2421875 0.73828125 0.2421875 0.73359375 0.234375 0.71015625 0.234375 0.70234375 0.2265625 0.69140625 0.23125 0.67578125 0.2203125 0.67109375 0.2328125 0.65078125 0.2375 0.6421875 0.23359375 0.6515625 0.20078125 0.64765625 0.196875 0.59609375 0.1984375 0.57734375 0.1875 0.5703125 0.19609375 0.56875 0.22109375 0.5421875 0.22890625 0.5375 0.25546875 0.54921875 0.2734375 0.596875 0.28828125 0.62109375 0.2734375 0.71953125 0.2765625
0 0.6390625 0.43359375 0.63046875 0.421875 0.60859375 0.4140625 0.6015625 0.41484375 0.60078125 0.425 0.56953125 0.43125 0.54453125 0.41875 0.5421875 0.40234375 0.53515625 0.396875 0.521875 0.41640625 0.521875 0.45546875 0.54296875 0.4734375 0.55703125 0.4546875 0.571875 0.46484375 0.57421875 0.4765625 0.5828125 0.47734375 0.63671875 0.4421875 0.6390625 0.43359375
0 0.7296875 0.33046875 0.7296875 0.32109375 0.72578125 0.3140625 0.71015625 0.3109375 0.70234375 0.3359375 0.66953125 0.3296875 0.65625 0.32109375 0.65703125 0.2984375 0.62421875 0.29375 0.609375 0.30703125 0.60703125 0.3171875 0.59140625 0.3125 0.5796875 0.32578125 0.58515625 0.340625 0.62578125 0.35 0.6515625 0.34921875 0.71640625 0.346875 0.7296875 0.33046875