1 0.50625 0.596875 0.19375 0.090625
1 0.67421875 0.590625 0.1203125 0.075
1 0.83046875 0.5953125 0.1 0.0703125
1 0.953125 0.59765625 0.09375 0.065625
1 0.33515625 0.4640625 0.0953125 0.046875
1 0.45390625 0.46484375 0.0890625 0.0515625
1 0.66484375 0.490625 0.121875 0.0578125
1 0.79765625 0.49609375 0.109375 0.05
1 0.8171875 0.35703125 0.096875 0.05625
1 0.2203125 0.55234375 0.1015625 0.0609375
0 0.0203125 1 0.0421875 0.934375 0.0765625 0.88125 0.1890625 0.7765625 0.203125 0.7515625 0.2046875 0.73125 0.196875 0.721875 0.1328125 0.71875 0.090625 0.703125 0.0578125 0.7015625 0 0.7109375 0 1 0.0203125 1
0 1 0.66875 0.9484375 0.6828125 0.9015625 0.66875 0.8625 0.66875 0.8203125 0.68125 0.7859375 0.7015625 0.678125 0.715625 0.5796875 0.7140625 0.5234375 0.7203125 0.421875 0.7109375 0.390625 0.721875 0.378125 0.7375 0.365625 0.7796875 0.3421875 0.8078125 0.328125 0.8609375 0.2921875 0.9125 0.2796875 0.940625 0.228125 1 1 1 1 0.66875
0 0 0 0 0.3515625 0.053125 0.3359375 0.1296875 0.3296875 0.1484375 0.34375 0.1625 0.365625 0.178125 0.365625 0.196875 0.3515625 0.246875 0.2859375 0.31875 0.2828125 0.3453125 0.265625 0.3609375 0.2296875 0.3734375 0.2171875 0.3953125 0.20625 0.44375 0.1953125 0.478125 0.175 0.775 0.196875 0.8828125 0.1921875 0.8921875 0.203125 0.89375 0.2171875 0.8875 0.2515625 0.8796875 0.25625 0.8671875 0.253125 0.8625 0.2296875 0.853125 0.2234375 0.6296875 0.2265625 0.5390625 0.2171875 0.515625 0.2203125 0.4375 0.253125 0.34375 0.3171875 0.3140625 0.3265625 0.278125 0.3703125 0.246875 0.3890625 0.246875 0.396875 0.259375 0.4125 0.2859375 0.4203125 0.3671875 0.4234375 0.3921875 0.409375 0.4015625 0.41875 0.5078125 0.4234375 0.5453125 0.40625 0.56875 0.375 0.6078125 0.359375 0.64375 0.3296875 0.684375 0.33125 0.703125 0.3453125 0.740625 0.35 0.7609375 0.3203125 0.7734375 0.325 0.821875 0.31875 0.8515625 0.328125 0.8765625 0.3453125 0.884375 0.3609375 0.8875 0.3921875 0.90625 0.4265625 1 0.440625 1 0 0 0