1 0.3171875 0.18203125 0.2703125 0.3234375
1 0.91875 0.1953125 0.1625 0.2703125
1 0.065625 0.203125 0.13125 0.3125
1 0.2375 0.9421875 0.3078125 0.115625
1 0.69453125 0.171875 0.2171875 0.3265625
1 0.94765625 0.95078125 0.0984375 0.0984375
1 0.57578125 0.93828125 0.1640625 0.11875
0 0 0.9964307281250001 0.0578125 0.9964307281250001 0.059375 0.9495557281250001 0.0765625 0.9089307281250001 0.11484375 0.8972119781250001 0.14453125 0.9034619781250001 0.17265625 0.9003369781250001 0.178125 0.8917432281250001 0.1796875 0.8526807281250001 0.19296875 0.8378369781250001 0.21796875 0.8378369781250001 0.2296875 0.8448682281250001 0.2296875 0.8761182281250001 0.23515625 0.8815869781250001 0.3136472640625 0.879422278125 0.32578125 0.8925244781250001 0.36015625 0.901899478125 0.3828125 0.9151807281250001 0.38828125 0.9362744781250001 0.40234375 0.9393994781250001 0.46484375 0.9222119781250001 0.47578125 0.8831494781250001 0.52734375 0.8878369781250001 0.56953125 0.8768994781250001 0.60703125 0.878461978125 0.6203125 0.8651807281250001 0.61875 0.8214307281250001 0.6015625 0.733930728125 0.60625 0.721430728125 0.6234375 0.708930728125 0.615625 0.677680728125 0.63515625 0.656586978125 0.64609375 0.653461978125 0.66015625 0.633149478125 0.69296875 0.640961978125 0.71953125 0.634711978125 0.73046875 0.625336978125 0.74296875 0.626899478125 0.76484375 0.659711978125 0.80703125 0.662836978125 0.82109375 0.687836978125 0.83984375 0.689399478125 0.8515625 0.697993228125 0.8546875 0.715180728125 0.84375 0.737055728125 0.85625 0.763618228125 0.8703125 0.774555728125 0.8734375 0.796430728125 0.86171875 0.8097119781250001 0.846875 0.8136182281250001 0.840625 0.8339307281250001 0.8234375 0.851118228125 0.8140625 0.8792432281250001 0.80390625 0.8893994781250001 0.74921875 0.8893994781250001 0.73359375 0.8753369781250001 0.67109375 0.8643994781250001 0.64453125 0.8456494781250001 0.62890625 0.8425244781250001 0.625 0.874555728125 0.63984375 0.878461978125 0.64453125 0.886274478125 0.65546875 0.8831494781250001 0.69609375 0.901899478125 0.70703125 0.933149478125 0.72734375 0.909711978125 0.72578125 0.9206494781250001 0.74140625 0.9159619781250001 0.74609375 0.9065869781250001 0.75390625 0.9081494781250001 0.7609375 0.9354932281250001 0.75625 0.9401807281250001 0.7625 0.9433057281250001 0.75234375 0.9534619781250001 0.72265625 0.9534619781250001 0.721875 0.9620557281250001 0.74140625 0.956586978125 0.73984375 0.9706494781250001 0.76328125 0.9753369781250001 0.7734375 0.9714307281250001 0.7765625 0.9433057281250001 0.80234375 0.917524478125 0.81640625 0.9112744781250001 0.85859375 0.9081494781250001 0.89296875 0.9268994781250001 0.896875 0.9089307281250001 0.9140625 0.8948682281250001 0.915625 0.8620557281250001 0.92578125 0.8503369781250001 0.95234375 0.8487744781250001 0.96953125 0.855024478125 0.975 0.8683057281250001 0.965625 0.8761182281250001 0.965625 0.8964307281250001 0.98203125 0.9050244781250001 0.99765625 0.901899478125 1 0.335493228125 0.99296875 0.328461978125 0.96796875 0.331586978125 0.91796875 0.325336978125 0.90234375 0.314399478125 0.86328125 0.309711978125 0.86015625 0.303461978125 0.85234375 0.308149478125 0.8453125 0.213618228125 0.83671875 0.198774478125 0.80703125 0.201899478125 0.8015625 0.221430728125 0.8015625 0.272993228125 0.803125 0.305805728125 0.8171875 0.327680728125 0.8125 0.360493228125 0.7765625 0.372993228125 0.77265625 0.412836978125 0.74296875 0.415961978125 0.7296875 0.405805728125 0.7234375 0.515180728125 0.71484375 0.528461978125 0.69296875 0.528461978125 0.68046875 0.526899478125 0.675 0.519868228125 0.678125 0.426118228125 0.6734375 0.391743228125 0.65390625 0.383149478125 0.6484375 0.374555728125 0.671875 0.366743228125 0.659375 0.358930728125 0.659375 0.266743228125 0.63671875 0.261274478125 0.57734375 0.261274478125 0.5703125 0.283930728125 0.5484375 0.310493228125 0.5484375 0.322993228125 0.53046875 0.323774478125 0.5296875 0.310493228125 0.50625 0.277680728125 0.515625 0.232368228125 0.49296875 0.209711978125 0.44609375 0.208149478125 0.4375 0.213618228125 0.4375 0.290180728125 0.44375 0.327680728125 0.43984375 0.333149478125 0.4109375 0.335493228125 0.4078125 0.399555728125 0.39765625 0.419086978125 0.37109375 0.419086978125 0.36015625 0.411274478125 0.32109375 0.414399478125 0.3140625 0.401118228125 0.315625 0.341743228125 0.29453125 0.326899478125 0.19921875 0.323774478125 0.1796875 0.296430728125 0.1859375 0.246430728125 0.16640625 0.237836978125 0.13359375 0.237836978125 0.121875 0.252680728125 0.1234375 0.294868228125 0.1359375 0.329243228125 0.12734375 0.348774478125 0.09609375 0.355024478125 0.0859375 0.347993228125 0.07578125 0.325336978125 0.00078125 0.323774478125 0 0.507368228125 0.03359375 0.508149478125 0.05390625 0.536274478125 0.08671875 0.539399478125 0.10234375 0.547211978125 0.13125 0.594868228125 0.1390625 0.619868228125 0.1359375 0.638618228125 0.121875 0.655805728125 0.1234375 0.683930728125 0.1453125 0.705805728125 0.1328125 0.738618228125 0.11328125 0.748774478125 0.09765625 0.734711978125 0.08984375 0.734711978125 0.0609375 0.752680728125 0.059375 0.8136182281250001 0.04921875 0.8253369781250001 0.0375 0.8167432281250001 0.03203125 0.759711978125 0.0296875 0.8073682281250001 0.02265625 0.8175244781250001 0 0.827680728125 0 0.8948682281250001 0.01875 0.9104932281250001 0.0171875 0.921430728125 0 0.9386182281250001 0 0.9964307281250001
0 0.00078125 0 0.01640625 0.0609375 0.1359375 0.06640625 0.1390625 0.12578125 0.1296875 0.15078125 0.121875 0.22421875 0.15 0.22578125 0.146875 0.19765625 0.159375 0.17578125 0.171875 0.11015625 0.175 0.00234375 0.14453125 0 0.13359375 0.009375 0.13046875 0 0.07109375 0 0.06328125 0.0109375 0.04765625 0.0125 0.02265625 0.0109375 0.01328125 0 0.00078125 0
0 0.19375 0.14921875 0.209375 0.05546875 0.19296875 0.0109375 0.184375 0.03515625 0.1765625 0.16328125 0.1625 0.22109375 0.16484375 0.228125 0.184375 0.22890625 0.190625 0.21953125 0.19375 0.14921875
0 0.4859375 0.02578125 0.48046875 0.0203125 0.44765625 0.0234375 0.41796875 0.0515625 0.38984375 0.05625 0.3875 0.06796875 0.39609375 0.090625 0.4390625 0.10078125 0.4328125 0.19296875 0.43984375 0.1984375 0.4671875 0.19765625 0.4828125 0.19140625 0.4859375 0.02578125
0 0.58125 0.01171875 0.56015625 0.0140625 0.52265625 0.0015625 0.50703125 0.0046875 0.496875 0.01640625 0.4890625 0.19453125 0.5734375 0.19609375 0.5796875 0.18515625 0.58125 0.01171875
0 0.821875 0.13359375 0.8140625 0.00078125 0.79765625 0 0.8 0.06328125 0.7921875 0.09609375 0.796875 0.10546875 0.7984375 0.17890625 0.815625 0.18046875 0.821875 0.17890625 0.821875 0.13359375
0 0.92265625 0 0.91015625 0.0125 0.89609375 0.0140625 0.86328125 0.0125 0.84453125 0 0.828125 0.00078125 0.8296875 0.17109375 0.83359375 0.1796875 0.846875 0.17890625 0.85 0.07890625 0.88203125 0.065625 0.91796875 0.065625 0.93359375 0.075 0.98828125 0.0734375 0.9921875 0.05546875 1 0.05234375 0.99921875 0 0.92265625 0