1 0.4953125 0.6859375 0.1171875 0.115625
1 0.46953125 0.815625 0.1265625 0.071875
1 0.3765625 0.58203125 0.05625 0.059375
1 0.4 0.52265625 0.075 0.0703125
1 0.140625 0.58203125 0.0890625 0.0671875
1 0.36328125 0.64296875 0.046875 0.0515625
1 0.07265625 0.7109375 0.1078125 0.0859375
1 0.34296875 0.78359375 0.0578125 0.0515625
1 0.3984375 0.75546875 0.05 0.034375
1 0.8015625 0.72578125 0.0375 0.0515625
1 0.93984375 0.77109375 0.065625 0.0671875
1 0.74765625 0.621875 0.059375 0.0703125
1 0.5203125 0.45625 0.0515625 0.0359375
1 0.23125 0.66171875 0.05625 0.0640625
1 0.18984375 0.7171875 0.0546875 0.0421875
1 0.28203125 0.44921875 0.0671875 0.05
1 0.33203125 0.42734375 0.034375 0.0375
1 0.46328125 0.878125 0.1609375 0.0765625
1 0.3734375 0.33515625 0.025 0.040625
1 0.21875 0.33203125 0.0390625 0.034375
0 0.70625 0.91015625 0.7 0.82578125 0.6625 0.76640625 0.65625 0.73046875 0.64296875 0.725 0.6328125 0.70703125 0.6421875 0.68671875 0.634375 0.65078125 0.6515625 0.63359375 0.6515625 0.60859375 0.61875 0.56328125 0.625 0.51640625 0.61328125 0.5140625 0.6078125 0.55390625 0.6140625 0.55703125 0.6140625 0.56953125 0.59375 0.57890625 0.6078125 0.61171875 0.603125 0.62890625 0.6109375 0.63984375 0.59375 0.67109375 0.6015625 0.73984375 0.58046875 0.7890625 0.57734375 0.76875 0.575 0.77734375 0.58125 0.79609375 0.58125 0.80390625 0.5765625 0.80234375 0.58125 0.84140625 0.5765625 0.84453125 0.5828125 0.84765625 0.5828125 0.88046875 0.5765625 0.87890625 0.58125 0.88671875 0.578125 0.95078125 0.59375 0.97265625 0.59296875 1 0.721875 0.99921875 0.721875 0.96171875 0.70625 0.91015625
0 0.70703125 0.834375 0.7046875 0.84453125 0.7109375 0.84609375 0.7125 0.83671875 0.70703125 0.834375
0 0.365625 0.91015625 0.3734375 0.88828125 0.384375 0.87890625 0.3921875 0.83984375 0.40078125 0.8515625 0.4109375 0.84609375 0.415625 0.78515625 0.45078125 0.7828125 0.49453125 0.790625 0.5015625 0.78515625 0.49765625 0.778125 0.48125 0.77421875 0.47265625 0.7421875 0.44140625 0.740625 0.434375 0.73359375 0.4375 0.70703125 0.44765625 0.6921875 0.465625 0.68515625 0.43984375 0.6828125 0.4328125 0.66015625 0.40859375 0.64375 0.390625 0.65546875 0.38046875 0.6796875 0.33828125 0.6796875 0.325 0.68671875 0.303125 0.76171875 0.2921875 0.77265625 0.284375 0.79609375 0.31015625 0.80625 0.31484375 0.765625 0.36015625 0.7609375 0.3671875 0.74140625 0.3765625 0.73359375 0.378125 0.70546875 0.40234375 0.6890625 0.409375 0.68984375 0.3984375 0.69921875 0.4078125 0.71484375 0.40625 0.73515625 0.4234375 0.75078125 0.41875 0.77578125 0.38046875 0.7734375 0.36328125 0.8125 0.32578125 0.8078125 0.31875 0.81171875 0.3375 0.86015625 0.334375 0.88515625 0.3234375 0.90703125 0.30390625 0.93125 0.26328125 0.9390625 0.23984375 0.93125 0.2140625 0.99921875 0.3890625 0.99921875 0.3671875 0.97421875 0.365625 0.91015625
0 0.7078125 0.91640625 0.7 0.82265625 0.6609375 0.76328125 0.65625 0.73203125 0.634375 0.71484375 0.6328125 0.70234375 0.640625 0.68671875 0.6375 0.66796875 0.61328125 0.646875 0.590625 0.67109375 0.6015625 0.74140625 0.578125 0.76015625 0.57265625 0.7734375 0.5421875 0.76953125 0.540625 0.76171875 0.5515625 0.75390625 0.54609375 0.74375 0.51796875 0.74375 0.5 0.77734375 0.50546875 0.790625 0.52890625 0.79375 0.534375 0.81328125 0.5453125 0.81953125 0.5453125 0.83984375 0.5375 0.84921875 0.5453125 0.87578125 0.5421875 0.91953125 0.53515625 0.928125 0.51484375 0.925 0.5046875 0.93359375 0.5140625 0.96015625 0.515625 0.99921875 0.57890625 1 0.56171875 0.99375 0.55625 0.98359375 0.55625 0.96796875 0.56640625 0.95625 0.57734375 0.9578125 0.5921875 0.97109375 0.58359375 1 0.721875 0.99921875 0.721875 0.95859375 0.7078125 0.91640625
0 0.2879018125 0.7662760046875 0.2832981515625 0.7557560703124999 0.2921875 0.73046875 0.3078125 0.68984375 0.3082895328125 0.6746573484375 0.3082895328125 0.6444125875 0.3010551875 0.6555900078125 0.275406096875 0.6536175265625 0.2681717515625 0.664794921875 0.281982784375 0.6674249125 0.259375 0.69453125 0.2640625 0.71484375 0.26015625 0.7265625 0.24765625 0.725 0.23203125 0.725 0.2203125 0.72890625 0.22109375 0.7375 0.25633374375 0.758386059375 0.2556760359375 0.8267655265625 0.2879018125 0.7662760046875
0 0.209639225 1 0.23002699531249998 0.9319647546875001 0.2328125 0.92265625 0.2227926 0.9098367296875001 0.22805396875 0.8953718593750001 0.22739631093749998 0.8651270734375001 0.2339729984375 0.8526346828125 0.247126371875 0.8381697875 0.2484416890625 0.7835977046875 0.2234503078125 0.8348823124999999 0.22739631093749998 0.8592096328125001 0.222134940625 0.9039192890625 0.19648585000000002 0.944683984375 0.1866208203125 0.9637513249999999 0.1640625 0.98515625 0.1583410703125 0.96046385 0.15636806875 0.924301625 0.15 0.97890625 0.14140625 0.9890625 0.12109375 0.9953125 0.1125 0.98671875 0.11796875 0.9734375 0.134375 0.97109375 0.1359375 0.90703125 0.1234375 0.88203125 0.1078125 0.87421875 0.10703125 0.8625 0.09453125 0.8625 0.0828125 0.88203125 0.084375 0.89609375 0.10625 0.90859375 0.1140625 0.93984375 0.1 0.98359375 0.03828125 0.9859375 0.02734375 0.9828125 0.02265625 0.9734375 0.01328125 0.9734375 0 0.98515625 0.00078125 1 0.209639225 1
0 0.246875 0.76796875 0.19765625 0.7625 0.19140625 0.75 0.16484375 0.7484375 0.15703125 0.7125 0.12265625 0.7109375 0.1203125 0.74296875 0.1109375 0.76328125 0.13046875 0.7671875 0.14609375 0.7625 0.15234375 0.7921875 0.19296875 0.7875 0.2 0.79453125 0.2015625 0.81171875 0.225 0.83671875 0.2484375 0.77734375 0.246875 0.76796875
0 0.24921875 0.6234375 0.30546875 0.6265625 0.3125 0.60703125 0.2796875 0.60234375 0.2765625 0.58828125 0.2828125 0.57109375 0.27265625 0.5625 0.20546875 0.5578125 0.21171875 0.5703125 0.23671875 0.5796875 0.2453125 0.58984375 0.21328125 0.603125 0.21015625 0.6125 0.2 0.61328125 0.19296875 0.63125 0.18828125 0.6265625 0.1828125 0.63203125 0.225 0.63828125 0.23984375 0.634375 0.24921875 0.6234375
0 0.3375 0.62265625 0.3484375 0.61640625 0.34609375 0.521875 0.3359375 0.52890625 0.334375 0.56953125 0.3140625 0.61484375 0.315625 0.67109375 0.3203125 0.67265625 0.328125 0.66796875 0.3375 0.62265625
0 0.6453125 0.24609375 0.6469889734375001 0.2207359609375 0.654880978125 0.19969614062500002 0.64765625 0.196875 0.63984375 0.2109375 0.625 0.21640625 0.6141055375 0.23520085625 0.61015625 0.2453125 0.6 0.24609375 0.596875 0.26015625 0.6171875 0.26484375 0.62421875 0.246875 0.6453125 0.24609375
0 0.6002944546875 0.289115503125 0.6002944546875 0.266103178125 0.58671875 0.2625 0.56953125 0.271875 0.5640625 0.28359375 0.565625 0.36953125 0.5890625 0.38828125 0.5953125 0.41015625 0.59375 0.42578125 0.5765625 0.45703125 0.61328125 0.490625 0.6328125 0.49140625 0.615625 0.37421875 0.6002944546875 0.289115503125
0 1 0.54765625 0.9556303328125001 0.542961328125 0.86328125 0.5390625 0.799043496875 0.5312496984374999 0.7765625 0.52890625 0.77483305 0.535934353125 0.778347471875 0.5433517250000001 0.7984375 0.56015625 0.790625 0.57421875 0.7955290734375 0.587465528125 0.8072437984375 0.587465528125 0.8193490062500001 0.5808289640625001 0.8287207921874999 0.5780962171875 0.8392640312499999 0.593711725 0.8408260015625 0.5777058359375 0.8345781546875 0.564823046875 0.8236444 0.5585768343749999 0.8265625 0.55078125 0.84453125 0.540625 0.8609375 0.54921875 0.8665983875000001 0.5698980828125 0.8751892031249999 0.57497315 0.8806560812500001 0.5862943671874999 0.884375 0.60078125 0.8927612890625 0.599957921875 0.8974471671875 0.6073752921875 0.9052569828125 0.6054233546875001 0.9103333749999999 0.616744603125 0.9169717078125 0.62338118125 0.921875 0.62109375 0.9017425609374999 0.5851231921875 0.915625 0.57734375 0.9103333749999999 0.5706788609375 0.8923708046875 0.5695076859375 0.8751892031249999 0.5624807109375001 0.9109375 0.56015625 0.91540976875 0.5472556015625 0.94921875 0.5609375 0.9642211187499999 0.582390490625 0.971875 0.60546875 0.9837456578125 0.607765675 1 0.61015625 1 0.54765625
0 0.909375 0.50390625 0.9052569828125 0.49377248749999997 0.9044760140625 0.47854736249999996 0.9109375 0.47421875 0.9109375 0.45078125 0.90703125 0.44375 0.89921875 0.440625 0.8890625 0.44765625 0.8875 0.45546875 0.884375 0.46328125 0.8779226265625001 0.47464348593750005 0.8779226265625001 0.48947821406249997 0.87323675 0.4965052046875 0.8693318421875 0.487916671875 0.86953125 0.475 0.8568361171875001 0.47737620312500006 0.8552741781250001 0.49182055 0.8513692703125001 0.49416286875 0.85097875625 0.47464348593750005 0.8470738484375 0.4652741984375 0.8400450312500001 0.4660549609375 0.8390625 0.47734375 0.840625 0.48671875 0.83671875 0.490625 0.81640625 0.4953125 0.803338890625 0.4953340296875 0.7986530125 0.4980667453125 0.7984375 0.51015625 0.80234375 0.515625 0.81796875 0.515625 0.82421875 0.51875 0.84453125 0.5171875 0.86171875 0.5265625 0.9 0.52734375 0.9025235593750001 0.508216834375 0.909375 0.50390625
0 0.9796875 0.53203125 0.978125 0.53046875 0.978125 0.52734375 0.96953125 0.525 0.9588715265625 0.5215681484375 0.959375 0.50703125 0.95390625 0.5015625 0.94921875 0.5015625 0.94765625 0.5 0.93046875 0.4953125 0.9265625 0.50234375 0.9232587375 0.518757353125 0.92890625 0.525 0.934375 0.52734375 0.93671875 0.5375 0.94140625 0.5375 0.94296875 0.5390625 0.9557475999999999 0.532499003125 0.95703125 0.540625 0.978125 0.53984375 0.9796875 0.53828125 0.9796875 0.53203125
0 0.3749174484375 0.5121020140625 0.37421875 0.459375 0.346875 0.47265625 0.3578125 0.49296875 0.35 0.51640625 0.3566945453125 0.5266764828125 0.354091271875 0.56259215625 0.3749174484375 0.5121020140625
0 0.42265625 0.984375 0.4082393390625 1 0.4484375 0.99921875 0.44140625 0.984375 0.42265625 0.984375
0 0.4640625 0.99921875 0.496875 0.99921875 0.48359375 0.9828125 0.4640625 0.99921875