1 0.471875 0.53984375 0.078125 0.06875
1 0.84140625 0.89921875 0.08125 0.0875
1 0.521875 0.3921875 0.0578125 0.05625
1 0.56875 0.365625 0.0515625 0.05
1 0.7140625 0.6765625 0.0515625 0.0546875
1 0.22578125 0.57734375 0.0484375 0.0359375
1 0.28203125 0.5546875 0.0328125 0.0328125
1 0.8203125 0.49375 0.0984375 0.0453125
1 0.80625 0.54453125 0.040625 0.03125
1 0.8140625 0.6125 0.0328125 0.0359375
1 0.71484375 0.5671875 0.034375 0.0265625
1 0.6359375 0.52578125 0.03125 0.025
1 0.67421875 0.490625 0.0578125 0.053125
1 0.70859375 0.44453125 0.0484375 0.034375
1 0.7546875 0.79453125 0.065625 0.0640625
1 0.72109375 0.84921875 0.0375 0.0484375
1 0.97109375 0.91171875 0.0296875 0.03125
1 0.8703125 0.6421875 0.028125 0.0328125
1 0.24140625 0.6625 0.0453125 0.0453125
1 0.20078125 0.68515625 0.0484375 0.0484375
1 0.1140625 0.6484375 0.034375 0.034375
1 0.390625 0.5921875 0.0703125 0.05
1 0.20078125 0.48046875 0.084375 0.053125
1 0.2671875 0.42734375 0.059375 0.0390625
1 0.3484375 0.48203125 0.040625 0.0265625
1 0.66328125 0.39609375 0.0375 0.0296875
1 0.934375 0.35625 0.0734375 0.046875
1 0.95546875 0.284375 0.053125 0.0390625
1 0.740625 0.259375 0.040625 0.0328125
1 0.14609375 0.61953125 0.04375 0.025
1 0.98828125 0.6984375 0.0234375 0.0328125
1 0.75390625 0.5875 0.021875 0.025
1 0.7421875 0.52421875 0.028125 0.0359375
1 0.3 0.534375 0.053125 0.0375
1 0.2296875 0.5296875 0.028125 0.0390625
1 0.25703125 0.54296875 0.021875 0.0328125
1 0.18203125 0.5578125 0.0296875 0.0390625
1 0.2046875 0.56875 0.028125 0.034375
1 0.71953125 0.36640625 0.0328125 0.03125
1 0.83125 0.3609375 0.05 0.0328125
0 0.0765625 0 0 0.015625 0 0.2109375 0.0765625 0.2109375 0.1328125 0.221875 0.16875 0.2421875 0.1859375 0.2828125 0.209375 0.28125 0.2265625 0.2890625 0.278125 0.2640625 0.2984375 0.2609375 0.3046875 0.265625 0.303125 0.2734375 0.284375 0.2953125 0.3 0.3265625 0.3203125 0.3328125 0.334375 0.3296875 0.3546875 0.3390625 0.4171875 0.340625 0.425 0.3515625 0.425 0.365625 0.4171875 0.375 0.36875 0.3921875 0.3578125 0.4078125 0.2953125 0.440625 0.290625 0.4578125 0.3125 0.484375 0.3015625 0.4984375 0.2890625 0.503125 0.2890625 0.509375 0.3046875 0.5171875 0.328125 0.5484375 0.2921875 0.5828125 0.2734375 0.5890625 0.2296875 0.61875 0.2171875 0.634375 0.2578125 0.6578125 0.2625 0.6953125 0.28125 0.721875 0.3 0.7234375 0.3140625 0.696875 0.3265625 0.6921875 0.346875 0.7 0.40625 0.746875 0.4640625 0.725 0.4734375 0.7046875 0.496875 0.6828125 0.5046875 0.6390625 0.515625 0.6421875 0.5296875 0.6609375 0.5328125 0.6765625 0.53125 0.709375 0.5390625 0.7359375 0.534375 0.7890625 0.540625 0.8109375 0.5671875 0.84375 0.60625 0.871875 0.6078125 0.8796875 0.6015625 0.8890625 0.565625 0.8828125 0.5265625 0.89375 0.5328125 0.9421875 0.521875 1 0.675 1 0.6765625 0.96875 0.7109375 0.925 0.6859375 0.8890625 0.6890625 0.825 0.675 0.8078125 0.659375 0.8 0.653125 0.803125 0.646875 0.8234375 0.6296875 0.8234375 0.58125 0.80625 0.55625 0.7234375 0.5609375 0.7125 0.58125 0.7421875 0.615625 0.7625 0.6328125 0.73125 0.6609375 0.709375 0.665625 0.6984375 0.6609375 0.6828125 0.646875 0.6671875 0.6203125 0.659375 0.6109375 0.6125 0.6125 0.5421875 0.6453125 0.5125 0.65625 0.5203125 0.665625 0.51875 0.646875 0.503125 0.6359375 0.4671875 0.6171875 0.45 0.6109375 0.403125 0.590625 0.396875 0.5671875 0.3796875 0.5609375 0.365625 0.5421875 0.3625 0.5296875 0.3484375 0.490625 0.328125 0.4859375 0.26875 0.4453125 0.228125 0.421875 0.225 0.4109375 0.23125 0.390625 0.23125 0.34375 0.2171875 0.3 0.19375 0.2890625 0.1484375 0.19375 0.1453125 0.175 0.1328125 0.121875 0.1140625 0.1265625 0.1 0.1453125 0.0953125 0.165625 0.0765625 0.19375 0.0765625 0.246875 0.0546875 0.2765625 0.0484375 0.3328125 0.053125 0.384375 0.040625 0.4265625 0.046875 0.459375 0.025 0.4640625 0.0125 0.459375 0 0.0765625 0