1 0.79609375 0.48671875 0.065625 0.0515625
1 0.71171875 0.48984375 0.04375 0.0515625
1 0.07890625 0.39609375 0.0765625 0.075
1 0.8625 0.509375 0.0515625 0.0484375
1 0.1515625 0.4 0.078125 0.059375
1 0.4609375 0.54296875 0.0875 0.0625
1 0.334375 0.125 0.0703125 0.0578125
1 0.66640625 0.725 0.0734375 0.0515625
1 0.56875 0.7078125 0.065625 0.05625
1 0.41015625 0.63984375 0.0546875 0.040625
1 0.7609375 0.52421875 0.0546875 0.04375
1 0.73359375 0.384375 0.040625 0.0375
1 0.8 0.20234375 0.128125 0.0421875
1 0.16015625 0.20234375 0.0890625 0.059375
1 0.3703125 0.29453125 0.059375 0.034375
1 0.4296875 0.246875 0.04375 0.0375
1 0.365625 0.66015625 0.06875 0.0390625
1 0.4234375 0.68359375 0.0515625 0.040625
1 0.6234375 0.81015625 0.040625 0.053125
0 0 0.7203125 0.10625 0.7265625 0.115625 0.721875 0.12630028437500002 0.6566196046874999 0.1296875 0.6265625 0.1333291296875 0.55484946875 0.13176713125 0.5337685875 0.1177094984375 0.5080029484375 0.0911561125 0.48379889531250003 0.0677266640625 0.46896418124999995 0.0497640921875 0.46115642812499996 0.0560119390625 0.48379889531250003 0.0903751125 0.5072221546875 0.10599474375 0.5314262078125 0.0802223578125 0.51034526875 0.05 0.5015625 0.0375 0.484375 0.0359375 0.4640625 0.034925429687499995 0.4510063546875 0.0216487375 0.4431986015625 0 0.436952375 0 0.4517871171875 0.0138389203125 0.46037563437499995 0 0.4671875 0 0.7203125
0 1 0.41482132812500006 0.9799131421875 0.40545201875 0.9666364796875 0.37890564531250004 0.92290158125 0.4007673484375 0.9400831515625001 0.4077943984375 0.9814752015625 0.42106752500000005 0.983037140625 0.44292928906249995 0.960388603125 0.4538600953125 0.9078125 0.4375 0.884375 0.4453125 0.859375 0.4453125 0.840625 0.453125 0.8317936671874999 0.46127700000000005 0.7503045984375001 0.43668303281250004 0.737027934375 0.4226290828125 0.7229702421875001 0.41872520625 0.6925120078125 0.4226290828125 0.6823592234375 0.41638285625 0.5886413703125 0.3898365125 0.42932117031250006 0.365632459375 0.46993219062499997 0.3851518421875 0.37699536718750004 0.3898365125 0.40901560156250005 0.40545201875 0.40745366250000004 0.41482132812500006 0.430102140625 0.41482132812500006 0.4386929265625 0.3953019453125 0.4511886203125 0.4077943984375 0.4793039453125 0.43043683593750004 0.5167910859375 0.44761386875 0.524600903125 0.4226290828125 0.5449064124999999 0.42106752500000005 0.5862984609375 0.42887527812500004 0.662053653125 0.44761386875 0.6640625 0.45625 0.640625 0.4640625 0.6136328171875001 0.4757217984375 0.56875 0.471875 0.5375 0.5 0.5328125 0.5109375 0.521875 0.5 0.4921875 0.4984375 0.471875 0.4890625 0.4637334328125 0.4890625 0.42854014218750003 0.4658410671875 0.3973008765625 0.48379889531250003 0.3543468890625 0.4720872640625 0.3270125328125 0.4588141078125 0.1973695984375 0.5158107015625 0.1723782109375 0.5236184546875 0.17784505781249998 0.5587533453125 0.1973695984375 0.562657221875 0.1953125 0.65625 0.1859375 0.7109375 0.190625 0.7265625 0.2359375 0.740625 0.2671875 0.7390625 0.385275628125 0.754301515625 0.384375 0.7546875 0.375 0.775 0.3546875 0.7828125 0.35625 0.8140625 0.3421875 0.8375 0.3421875 0.8765625 0.31875 0.909375 0.3375 0.9484375 0.328125 0.9609375 0.3265625 0.975 0.3609375 1 1 1 1 0.4984375 0.9859375 0.503125 0.978125 0.496875 0.9689794484375 0.485091109375 0.978351203125 0.4694756015625 0.9892850171875001 0.47728335624999996 1 0.46401016874999995 1 0.41482132812500006
0 0.2796875 0.1046875 0.2890625 0.1234375 0.284375 0.146875 0.234375 0.159375 0.2296875 0.1640625 0.2328125 0.1734375 0.2640625 0.1765625 0.2796875 0.16875 0.3515625 0.1578125 0.3453125 0.1484375 0.3015625 0.1421875 0.290625 0.1296875 0.290625 0.1203125 0.3078125 0.1015625 0.2828125 0.0984375 0.2796875 0.1046875
0 0 0.234375 0.01875 0.228125 0.0359375 0.2125 0.096875 0.2 0.1 0.1828125 0.0890625 0.16875 0.0953125 0.125 0.16875 0.1140625 0.2125 0.0984375 0.1890625 0.09375 0.1734375 0.103125 0.0828125 0.1015625 0.05625 0.109375 0 0.1 0.0015625 0.115625 0.08125 0.125 0.0828125 0.140625 0.0734375 0.165625 0.0671875 0.1671875 0.0515625 0.1546875 0.028125 0.1546875 0.021875 0.140625 0 0.140625 0 0.234375
0 0.34140625 0.4234375 0.3578125 0.41953125 0.3734375 0.39765625 0.3703125 0.37578125 0.37890625 0.3671875 0.40823463125000004 0.3664132515625 0.445721771875 0.37578256250000003 0.42307329375 0.3617285828125 0.48398988281250005 0.3203474953125 0.3996438453125 0.34689386875 0.36953125 0.353125 0.3515625 0.34765625 0.35 0.33359375 0.36328125 0.3140625 0.31328125 0.3140625 0.29921875 0.30625 0.26484375 0.31875 0.24891437187499998 0.30317043125 0.21923710624999998 0.3156628546875 0.1473867640625 0.30551278125 0.12161440625 0.30082811249999997 0.100527896875 0.30551278125 0.10599474375 0.3211282890625 0.10208983593750001 0.32503216562500004 0.1208334359375 0.33049756874999997 0.0614788171875 0.3289360421875 0.0560119390625 0.31644361875000004 0.0255536453125 0.3265936921875 0.044297215625000004 0.33362068125 0.0770984484375 0.339866878125 0.1489487625 0.34533231249999996 0.15832051875 0.3281552484375 0.1723782109375 0.3234706078125 0.1801880265625 0.3281552484375 0.17706408906249999 0.339866878125 0.21455122968749998 0.3414284359375 0.25750521718749997 0.32737448593749996 0.2703125 0.35078125 0.25703125 0.3609375 0.23359375 0.3625 0.2265625 0.36015625 0.22578125 0.35 0.19140625 0.346875 0.16953125 0.359375 0.14765625 0.3625 0.1497297328125 0.354701621875 0.12161440625 0.348455425 0.100527896875 0.35392082812500003 0.0966229890625 0.3437707546875 0.064602725 0.34220919843750003 0.056792909375 0.34298999218750004 0.018524828125 0.339866878125 0.12890625 0.3734375 0.21640625 0.375 0.2171875 0.38828125 0.2015625 0.40234375 0.221875 0.40390625 0.215625 0.41953125 0.21953125 0.4328125 0.24296875 0.428125 0.29140625 0.446875 0.2473524328125 0.467133253125 0.223922984375 0.4585447953125 0.23173280156249998 0.47494100625 0.2371996484375 0.484310315625 0.25750521718749997 0.47494100625 0.29577326875 0.45776397187500006 0.30904999218749996 0.4515177453125 0.32578125 0.440625 0.34140625 0.4234375
0 0.10390625 0.41875 0.08046875 0.4296875 0.04375 0.42421875 0.115625 0.46015625 0.12734375 0.428125 0.10390625 0.41875