1 0.43828125 0.3140625 0.1609375 0.1546875
1 0.1390625 0.18828125 0.121875 0.1359375
1 0.6859375 0.61484375 0.1625 0.2609375
1 0.09921875 0.43984375 0.184375 0.2890625
1 0.95390625 0.2765625 0.0515625 0.0625
1 0.46484375 0.2375 0.05625 0.0609375
1 0.715625 0.1359375 0.0375 0.0453125
1 0.25625 0.446875 0.19375 0.184375
1 0.53046875 0.7890625 0.4390625 0.421875
1 0.69921875 0.18828125 0.1328125 0.0609375
1 0.671875 0.2359375 0.0921875 0.059375
1 0.028125 0.1984375 0.05625 0.103125
0 1 0.321537365625 0.9280381500000001 0.3043602875 0.8983608249999999 0.270006175 0.8928939781249999 0.2778139296875 0.90070379375 0.2590753234375 0.9195674 0.258079759375 0.9065611562500001 0.24892525000000001 0.8782354203124999 0.24558732343749998 0.8974595828125 0.213875821875 0.932063134375 0.1783205359375 0.9637830328125 0.179281475 0.96762780625 0.15141379531250002 0.9643537765625 0.1411782453125 0.9237427265625 0.1411782453125 0.9166837453125 0.126428990625 0.8955371968750001 0.12258516875 0.9022656234375 0.150452846875 0.881119075 0.18600815312500002 0.8695846062499999 0.22444632343749998 0.8486175171875001 0.24482819218750002 0.8009612671875 0.2659219421875 0.8118987671875001 0.2784219421875 0.8103362671875001 0.2877969421875 0.8048675171875 0.2776406921875 0.7801922203125 0.2897912046875 0.7821146078125001 0.34168275000000004 0.7801922203125 0.377238046875 0.7986175171875 0.3807656921875 0.8056487671875001 0.3799844421875 0.8181487671875001 0.3393594421875 0.8181487671875001 0.339119028125 0.8243987671875 0.3284219421875 0.8283050171875 0.3338906921875 0.8361175171875 0.3323281921875 0.8462737671875 0.3049844421875 0.8478362671875 0.2690469421875 0.8509612671875001 0.2940469421875 0.8704925171875001 0.2932656921875 0.878055315625 0.2903063671875 0.8928939781249999 0.2992852515625 0.9174948796875 0.32192774687500003 0.9213997875000001 0.3242700671875 0.9522485671875 0.3332489953125 1 0.3551107 1 0.321537365625
0 0 0.81171875 0.03359375 0.8078125 0.06328125 0.8421875 0.08046875 0.8453125 0.09921875 0.859375 0.0953125 0.81953125 0.10546875 0.7984375 0.1140625 0.81171875 0.1171875 0.83359375 0.115625 0.85078125 0.10625 0.86484375 0.115625 0.86796875 0.19375 0.82421875 0.196875 0.81328125 0.1890625 0.79296875 0.2015625 0.78046875 0.2015625 0.77265625 0.18828125 0.775 0.1875 0.76171875 0.20546875 0.7375 0.240625 0.71953125 0.20703125 0.5328125 0.15390625 0.5515625 0.1515625 0.56171875 0.16171875 0.5703125 0.1453125 0.56484375 0.14609375 0.55 0.125 0.56484375 0.11875 0.57734375 0.12890625 0.58125 0.13359375 0.575 0.145256159375 0.5928823624999999 0.1484375 0.58515625 0.1546875 0.58515625 0.15625 0.60078125 0.15 0.60546875 0.1546875 0.61953125 0.146875 0.61953125 0.14765625 0.609375 0.140625 0.61171875 0.14375 0.62109375 0.1375 0.61953125 0.13125 0.58984375 0.12109375 0.584375 0.11875 0.59609375 0.13125 0.62421875 0.10390625 0.6421875 0.08984375 0.6421875 0.08359375 0.6484375 0.0796875 0.63984375 0.0859375 0.62109375 0.109375 0.60859375 0.10234375 0.5734375 0.06328125 0.58125 0.03671875 0.5953125 0.02421875 0.609375 0.0015625 0.61328125 0.0234375 0.63203125 0.01171875 0.63125 0.00390625 0.6375 0 0.62421875 0 0.65859375 0.0078125 0.66328125 0 0.66640625 0.00625 0.67109375 0 0.67265625 0 0.73671875 0.00546875 0.7328125 0.00859375 0.740625 0.0140625 0.73515625 0.0140625 0.74765625 0 0.75078125 0.0046875 0.76171875 0 0.76484375 0 0.81171875
0 0.3046875 0.69296875 0.36328125 0.65 0.37578125 0.6484375 0.39453125 0.6578125 0.453125 0.61328125 0.4546875 0.58671875 0.465625 0.57421875 0.4625 0.55078125 0.453125 0.53828125 0.45546875 0.5078125 0.46484375 0.509375 0.478125 0.52421875 0.4796875 0.54609375 0.4734375 0.56328125 0.47890625 0.5671875 0.50390625 0.5546875 0.5125 0.56640625 0.5125 0.47109375 0.51796875 0.4546875 0.525 0.58515625 0.56015625 0.6203125 0.57109375 0.5828125 0.60390625 0.5890625 0.6078125 0.54296875 0.653125 0.50078125 0.6578125 0.41328125 0.665625 0.41484375 0.6640625 0.45546875 0.67109375 0.471875 0.70625 0.44453125 0.7265625 0.41328125 0.71875 0.38671875 0.721875 0.37421875 0.74375 0.35390625 0.7552007515625 0.3618628109375 0.7561620171875 0.312854140625 0.75859375 0.296875 0.76171875 0.2859375 0.7869206484375 0.29171315781249996 0.7869206484375 0.26480644531249997 0.76015625 0.271875 0.75078125 0.29375 0.74609375 0.271875 0.72578125 0.2859375 0.70703125 0.28125 0.7078125 0.28671875 0.69453125 0.296875 0.68984375 0.2890625 0.68203125 0.290625 0.6671875 0.31015625 0.665625 0.33515625 0.65859375 0.3390625 0.62890625 0.3421875 0.61875 0.33515625 0.61953125 0.2984375 0.58515625 0.3109375 0.578125 0.32265625 0.5765625 0.34453125 0.525 0.37109375 0.51796875 0.4140625 0.50546875 0.40625 0.48515625 0.415625 0.45078125 0.3875 0.4421875 0.41953125 0.42421875 0.4390625 0.415625 0.43984375 0.40859375 0.45625 0.39375 0.44453125 0.39453125 0.4390625 0.37734375 0.4296875 0.3765625 0.48984375 0.36796875 0.496875 0.3625 0.49453125 0.3671875 0.48359375 0.365625 0.43203125 0.3625 0.41953125 0.35390625 0.4140625 0.3515625 0.45703125 0.34609375 0.465625 0.33046875 0.4671875 0.21640625 0.5265625 0.2125 0.53515625 0.221875 0.54609375 0.240625 0.65234375 0.24453125 0.659375 0.24921875 0.65 0.2578125 0.65390625 0.265625 0.68671875 0.2640625 0.70703125 0.28125 0.73359375 0.2953125 0.72578125 0.3046875 0.69296875
0 0.3609375 0.32734375 0.3671875 0.32890625 0.36953125 0.3484375 0.3890625 0.33046875 0.3578125 0.30078125 0.35390625 0.2765625 0.31171875 0.3015625 0.30390625 0.315625 0.28203125 0.30625 0.27265625 0.3140625 0.25859375 0.3140625 0.2421875 0.33046875 0.24765625 0.3609375 0.29609375 0.3484375 0.353125 0.40703125 0.359375 0.39765625 0.3609375 0.32734375
0 0.96171875 0.8859375 0.93984375 0.8765625 0.92578125 0.88125 0.89453125 0.8484375 0.88125 0.85703125 0.87109375 0.8765625 0.84765625 0.8921875 0.83125 0.84609375 0.81796875 0.8328125 0.80078125 0.8265625 0.79609375 0.8171875 0.76640625 0.8 0.73828125 0.796875 0.72109375 0.784375 0.690625 0.77890625 0.68125 0.80859375 0.678125 0.84921875 0.7609375 0.96640625 0.76953125 0.9875 0.78515625 0.9921875 0.78984375 1 1 0.99921875 0.99921875 0.8859375 0.96171875 0.8859375
0 0.578125 0.24765625 0.56484375 0.2453125 0.55859375 0.253125 0.54609375 0.24375 0.53984375 0.25625 0.52734375 0.253125 0.52265625 0.24375 0.50625 0.24765625 0.5125 0.25546875 0.5 0.26328125 0.51875 0.26953125 0.52265625 0.2875 0.53515625 0.284375 0.58125 0.30078125 0.58046875 0.2296875 0.578125 0.24765625
0 0.62578125 0.29375 0.628125 0.27890625 0.6328125 0.28046875 0.6328125 0.27265625 0.6265625 0.27265625 0.61875 0.25703125 0.61640625 0.234375 0.6109375 0.23515625 0.60625 0.25546875 0.609375 0.29609375 0.61171875 0.2890625 0.62578125 0.29375