1 0.453125 0.43125 0.2328125 0.1453125
1 0.7640625 0.66015625 0.0828125 0.1078125
1 0.18515625 0.5109375 0.0734375 0.06875
1 0.08203125 0.765625 0.15 0.128125
1 0.18671875 0.43046875 0.1453125 0.0859375
1 0.83359375 0.5703125 0.0671875 0.04375
1 0.43046875 0.89609375 0.0609375 0.0703125
1 0.35234375 0.94609375 0.05625 0.06875
1 0.27890625 0.96015625 0.0578125 0.0796875
1 0.2546875 0.92890625 0.0796875 0.053125
1 0.21640625 0.365625 0.1 0.0390625
0 1 0.271875 0.9734375 0.271875 0.9546875 0.2875 0.8328125 0.2796875 0.81875 0.2921875 0.8484375 0.309375 0.8546875 0.3234375 0.853125 0.34375 0.8421875 0.3640625 0.809375 0.36875 0.8 0.346875 0.8015625 0.2984375 0.76875 0.275 0.7484375 0.225 0.7359375 0.2125 0.584375 0.178125 0.3625 0.1703125 0.134375 0.146875 0.1265625 0.140625 0.128125 0.134375 0.1609375 0.1 0.1703125 0.0671875 0.1703125 0.053125 0.165625 0.0515625 0.14375 0.078125 0.0544513125 0.0880359796875 0 0.0864744828125 0.0450795265625 0.1020899890625 0.0630420984375 0.099747609375 0.09584333125 0.10052837343750001 0.10599608593750001 0.11926699375000001 0.09375 0.1328125 0.0640625 0.165625 0.0515625 0.1703125 0 0.1671875 0 0.3515625 0.01875 0.3421875 0.059375 0.3421875 0.0765625 0.35 0.0796875 0.3578125 0.0734375 0.3703125 0.0640625 0.3734375 0 0.36875 0.0046875 0.48125 0 0.4890625 0 0.5625 0.034375 0.590625 0.1390625 0.5921875 0.153125 0.54375 0.1515625 0.5078125 0.14375 0.490625 0.115625 0.48125 0.115625 0.4640625 0.1421875 0.4 0.16875 0.3796875 0.16875 0.365625 0.178125 0.35 0.23125 0.3484375 0.2625 0.35625 0.2671875 0.3671875 0.253793159375 0.44442077187500006 0.24045167968749998 0.492156759375 0.2359375 0.49375 0.2234375 0.540625 0.228125 0.59375 0.209375 0.6234375 0.21875 0.66875 0.2359375 0.6765625 0.2515625 0.675 0.2671875 0.6421875 0.278125 0.634375 0.290625 0.634375 0.3078125 0.68125 0.3015625 0.7109375 0.315625 0.7328125 0.3015625 0.7421875 0.26875 0.7484375 0.253125 0.76875 0.2375 0.775 0.259375 0.8078125 0.328125 0.8234375 0.3890625 0.8140625 0.4203125 0.8015625 0.4296875 0.790625 0.4421875 0.7921875 0.4796875 0.8375 0.5453125 0.8828125 0.584375 0.8671875 0.6203125 0.865625 0.6515625 0.8375 0.6953125 0.825 0.7828125 0.784375 0.8671875 0.665625 0.9109375 0.61875 0.9328125 0.56875 0.9703125 0.5453125 0.98125 0.528125 1 0.396875 1 0.271875
0 0.6953125 0 0.7 0.01875 0.734375 0.015625 0.7421875 0.0296875 0.7640625 0.040625 0.771875 0.0359375 0.8078125 0.04375 0.834375 0.0390625 0.8484375 0.046875 0.9203125 0.053125 1 0.05 1 0.03125 0.95625 0.028125 0.959375 0 0.6953125 0
0 0.7916979890625 0.17445998125 0.7768592671875 0.17445998125 0.7948218687499999 0.18851393125 0.8237181640625 0.19163704374999999 0.852614578125 0.19163704374999999 0.8781249828125001 0.1857421875 0.822156225 0.1760215375 0.7916979890625 0.17445998125
0 0.020869109375 0.0097163828125 0.0357077421875 0.0214280125 0.040393649999999996 0.033139671875 0.0552322828125 0.040166617187499996 0.0700709453125 0.0393858546875 0.077099790625 0.0339204203125 0.08569063593750001 0.037824296875 0.0950623625 0.048755178125 0.088033515625 0.0565629328125 0.0778808203125 0.0628091140625 0.0825666390625 0.063589878125 0.1005292390625 0.05734368125 0.11927277968750001 0.051097484375 0.1364544109375 0.036262740625 0.1364544109375 0.0354819765625 0.11224396249999999 0.024551110937500002 0.0661660359375 0.0104971609375 0.0265624828125 0 0.020869109375 0.0097163828125
0 0.22080038906250002 0.1151210828125 0.2332960828125 0.1151210828125 0.252820621875 0.13542121406250002 0.281716978125 0.1315173375 0.291869703125 0.125271140625 0.3012415171875 0.125271140625 0.31451818125000003 0.1369827703125 0.3285758734375 0.12761346093749998 0.33872859843750003 0.13542121406250002 0.34419550625 0.1307365734375 0.36450101562500004 0.1260519046875 0.40198815625 0.1291750171875 0.421512696875 0.1338596578125 0.4402562078125 0.139325090625 0.45665686875 0.13307889374999998 0.48555316406250004 0.13464045156249999 0.5222592765625 0.139325090625 0.5355359984375 0.139325090625 0.569118171875 0.1486944015625 0.62378694375 0.15103672031249998 0.6792365671875 0.1572829171875 0.71516176875 0.166652228125 0.73312436875 0.1650906703125 0.636282578125 0.1416674109375 0.620662946875 0.13307889374999998 0.636282578125 0.122148028125 0.6323776703124999 0.1198057078125 0.598795615625 0.116682609375 0.5495936328125001 0.117463371875 0.5105445515625 0.1041902015625 0.4550948703125 0.0940401125 0.41135991250000004 0.0901362359375 0.3434145359375 0.08857469375 0.3004605484375 0.08857469375 0.2567255296875 0.0831092609375 0.23095317343750002 0.08857469375 0.2101562328125 0.0880859375 0.22080038906250002 0.1151210828125