1 0.05625 0.840625 0.1125 0.1921875
1 0.1125 0.6984375 0.2234375 0.09375
1 0.1234375 0.5328125 0.178125 0.11875
1 0.77890625 0.9453125 0.25625 0.0953125
1 0.24140625 0.33671875 0.1140625 0.0734375
1 0.94296875 0.4921875 0.1140625 0.121875
1 0.7953125 0.67578125 0.2296875 0.0859375
1 0.80625 0.7625 0.2375 0.090625
1 0.25546875 0.221875 0.1171875 0.1140625
1 0.08125 0.1359375 0.128125 0.071875
1 0.68359375 0.05859375 0.0984375 0.1
1 0.3328125 0.05859375 0.1578125 0.0703125
1 0.146875 0.040625 0.1203125 0.0609375
0 0.6453125 0.76953125 0.59296875 0.7640625 0.5875 0.76953125 0.603125 0.81171875 0.5953125 0.83203125 0.61875 0.83671875 0.6375 0.83203125 0.6453125 0.76953125
0 0 0.67421875 0.0421875 0.67421875 0.08984375 0.6640625 0.09921875 0.6546875 0.21171875 0.65625 0.2203125 0.63515625 0.221875 0.58203125 0.05078125 0.5796875 0.01328125 0.5859375 0 0.60234375 0 0.67421875
0 0.51328125 0 0.5078125 0.01015625 0.5109375 0.03984375 0.4953125 0.05546875 0.4859375 0.10234375 0.4984375 0.11015625 0.4984375 0.13828125 0.4703125 0.15390625 0.4515625 0.23203125 0.4375 0.25859375 0.421875 0.27109375 0.4171875 0.29453125 0.4046875 0.30234375 0.40703125 0.3125 0.42109375 0.3140625 0.4359375 0.33046875 0.4375 0.36171875 0.4265625 0.37578125 0.4203125 0.40234375 0.40078125 0.4078125 0.39609375 0.4171875 0.39296875 0.4078125 0.3875 0.41171875 0.390625 0.44921875 0.40625 0.46640625 0.40625 0.48203125 0.396875 0.50078125 0.38359375 0.5078125 0.35234375 0.5078125 0.34140625 0.515625 0.31484375 0.5171875 0.3046875 0.52421875 0.3015625 0.55859375 0.3125 0.56640625 0.30234375 0.5703125 0.3015625 0.57734375 0.31875 0.58359375 0.33046875 0.61875 0.35078125 0.6171875 0.3546875 0.61171875 0.35625 0.62265625 0.3734375 0.64140625 0.371875 0.67109375 0.35703125 0.71875 0.32421875 0.728125 0.30390625 0.7203125 0.29375 0.72265625 0.29375 0.75703125 0.32421875 0.759375 0.3359375 0.77109375 0.340625 0.80078125 0.3296875 0.81640625 0.3296875 0.83046875 0.26640625 0.8296875 0.2578125 0.83984375 0.26484375 0.853125 0.28671875 0.853125 0.3109375 0.86484375 0.3140625 0.89140625 0.2953125 0.92109375 0.3453125 0.95859375 0.3453125 0.98359375 0.33046875 1 0.4375 0.99921875 0.4390625 0.92578125 0.4546875 0.90546875 0.465625 0.87265625 0.5015625 0.85234375 0.5015625 0.75703125 0.49375 0.73828125 0.4984375 0.71796875 0.490625 0.71484375 0.50703125 0.7140625 0.5046875 0.73359375 0.515625 0.73828125 0.50625 0.74609375 0.509375 0.77265625 0.52265625 0.7734375 0.53515625 0.784375 0.559375 0.76328125 0.56640625 0.740625 0.58359375 0.7390625 0.5921875 0.73046875 0.5953125 0.69140625 0.6046875 0.67578125 0.57578125 0.6734375 0.5765625 0.65390625 0.646875 0.64609375 0.6421875 0.62734375 0.64765625 0.58125 0.81796875 0.5828125 0.83046875 0.571875 0.87578125 0.5703125 0.88125 0.56171875 0.875 0.54609375 0.89375 0.53671875 0.8875 0.50234375 0.87734375 0.5 0.83125 0.51640625 0.8359375 0.54453125 0.82890625 0.553125 0.77265625 0.5546875 0.76171875 0.5484375 0.73203125 0.5546875 0.65859375 0.540625 0.65546875 0.5484375 0.61171875 0.5515625 0.60546875 0.559375 0.59296875 0.5578125 0.5796875 0.56484375 0.58125 0.55078125 0.5984375 0.54453125 0.5921875 0.53984375 0.5890625 0.51484375 0.60859375 0.4984375 0.63125 0.51328125 0.64296875 0.540625 0.67890625 0.525 0.69140625 0.528125 0.69375 0.50234375 0.67578125 0.5015625 0.66484375 0.478125 0.63203125 0.46875 0.609375 0.45078125 0.603125 0.43984375 0.6078125 0.38203125 0.5640625 0.31484375 0.565625 0.26796875 0.571875 0.26015625 0.5703125 0.17734375 0.54140625 0.1734375 0.5390625 0.15859375 0.546875 0.15390625 0.5484375 0.13984375 0.5625 0.13203125 0.5578125 0.11640625 0.5640625 0.09453125 0.578125 0.08984375 0.578125 0.06796875 0.565625 0.06328125 0.57734375 0 0.51328125 0