1 0.41328125 0.49609375 0.1046875 0.0796875
1 0.96484375 0.78046875 0.0703125 0.1796875
1 0.57421875 0.525 0.0515625 0.103125
1 0.35234375 0.61328125 0.2078125 0.0625
1 0.79453125 0.67109375 0.08125 0.1203125
1 0.91015625 0.55078125 0.1109375 0.096875
1 0.7734375 0.55859375 0.0890625 0.103125
1 0.68828125 0.275 0.065625 0.1578125
1 0.190625 0.33828125 0.33125 0.2609375
1 0.43984375 0.3875 0.096875 0.09375
1 0.73046875 0.49296875 0.06875 0.071875
1 0.79453125 0.24921875 0.053125 0.034375
1 0.43828125 0.22265625 0.071875 0.0359375
1 0.678125 0.56796875 0.0484375 0.075
1 0.91015625 0.6765625 0.0734375 0.075
1 0.6703125 0.4875 0.0484375 0.053125
1 0.81328125 0.4703125 0.04375 0.0796875
1 0.93125 0.47265625 0.0796875 0.06875
1 0.56015625 0.4125 0.0609375 0.0640625
1 0.909375 0.3390625 0.0390625 0.0640625
1 0.9578125 0.3515625 0.04375 0.05
1 0.94921875 0.4109375 0.075 0.0390625
1 0.953125 0.09765625 0.09375 0.0609375
1 0.46875 0.1078125 0.090625 0.03125
1 0.3390625 0.5046875 0.04375 0.0546875
1 0.684375 0.38671875 0.1015625 0.0515625
1 0.584375 0.35390625 0.0703125 0.05625
1 0.44296875 0.3203125 0.0703125 0.040625
1 0.58515625 0.246875 0.0828125 0.0484375
1 0.53828125 0.178125 0.090625 0.0390625
1 0.3828125 0.184375 0.146875 0.0375
0 1 0.878125 0.9546875 0.871875 0.9265625 0.8203125 0.8328125 0.815625 0.7734375 0.796875 0.7609375 0.7796875 0.7671875 0.7375 0.7640625 0.721875 0.75 0.715625 0.7125 0.7234375 0.7046875 0.7203125 0.703125 0.671875 0.7515625 0.6546875 0.7578125 0.63125 0.7484375 0.621875 0.703125 0.6125 0.6328125 0.6140625 0.60625 0.6 0.590625 0.5796875 0.55625 0.5765625 0.54375 0.54375 0.475 0.5421875 0.4671875 0.5453125 0.4671875 0.559375 0.475 0.571875 0.46875 0.5828125 0.4515625 0.590625 0.453125 0.6203125 0.4453125 0.6328125 0.265625 0.6421875 0.2515625 0.6328125 0.2609375 0.5640625 0.2734375 0.565625 0.2859375 0.58125 0.315625 0.5703125 0.40625 0.56875 0.41875 0.5609375 0.4203125 0.5453125 0.403125 0.5390625 0.3203125 0.5390625 0.296875 0.5328125 0.2921875 0.478125 0.2609375 0.475 0.2328125 0.4890625 0.2375 0.5109375 0.2328125 0.51875 0.1703125 0.5328125 0.153125 0.5296875 0.1515625 0.51875 0.19375 0.509375 0.2203125 0.4921875 0.2 0.4859375 0.10625 0.509375 0 0.5171875 0 0.5875 0.0140625 0.584375 0.040625 0.6 0.08125 0.603125 0.0859375 0.596875 0.0828125 0.5765625 0.09375 0.5703125 0.140625 0.5671875 0.178125 0.5796875 0.1875 0.5953125 0.184375 0.609375 0.1671875 0.621875 0.14375 0.628125 0.1453125 0.6453125 0.1828125 0.68125 0.2140625 0.6828125 0.2375 0.6953125 0.284375 0.7328125 0.2890625 0.746875 0.2765625 0.753125 0.25625 0.7515625 0.1984375 0.70625 0.1515625 0.696875 0.0859375 0.6390625 0.059375 0.628125 0.0234375 0.6234375 0 0.609375 0 0.6515625 0.0125 0.66875 0.115625 0.715625 0.1265625 0.73125 0.1265625 0.75 0.1140625 0.7546875 0.078125 0.7375 0.0375 0.7125 0.015625 0.6890625 0 0.6875 0 1 0.20625 1 0.2109375 0.9828125 0.2203125 0.98125 0.23125 1 0.38712213125 1 0.45043369375 1 0.46043023281249995 1 0.675 1 0.634375 0.96875 0.6171875 0.9625 0.5921875 0.9359375 0.565625 0.9328125 0.528125 0.9140625 0.5265625 0.8734375 0.5328125 0.8671875 0.546875 0.8671875 0.58125 0.9 0.6015625 0.903125 0.6234375 0.915625 0.6484375 0.9171875 0.659375 0.9234375 0.6640625 0.940625 0.6859375 0.9453125 0.6953125 0.95625 0.759375 0.9671875 0.7859375 0.9984375 1 1 1 0.878125