1 0.590625 0.84609375 0.065625 0.1265625
1 0.23984375 0.878125 0.0640625 0.084375
1 0.6390625 0.528125 0.0890625 0.109375
1 0.22265625 0.53203125 0.1265625 0.1421875
1 0.825 0.49453125 0.1171875 0.1171875
1 0.36328125 0.35390625 0.0984375 0.0921875
1 0.53828125 0.5671875 0.1046875 0.1421875
1 0.553125 0.38359375 0.0609375 0.115625
1 0.25 0.31875 0.071875 0.0640625
1 0.39609375 0.58203125 0.10625 0.115625
1 0.0703125 0.34765625 0.0734375 0.090625
1 0.74921875 0.3140625 0.0703125 0.078125
1 0.91875 0.2078125 0.0859375 0.0671875
1 0.96484375 0.3890625 0.0703125 0.1796875
1 0.11328125 0.76953125 0.06875 0.090625
1 0.31640625 0.55234375 0.090625 0.0984375
1 0.81953125 0.2875 0.0546875 0.0703125
1 0.6203125 0.16640625 0.05625 0.0640625
1 0.478125 0.52421875 0.0859375 0.1078125
1 0.6578125 0.815625 0.065625 0.0984375
1 0.8484375 0.71171875 0.0484375 0.0671875
1 0.153125 0.79765625 0.0515625 0.0609375
1 0.5125 0.19296875 0.053125 0.05
1 0.965625 0.17265625 0.06875 0.0546875
1 0.434375 0.38125 0.0625 0.0703125
1 0.74765625 0.5390625 0.1125 0.103125
1 0.8984375 0.44296875 0.0671875 0.075
1 0.56640625 0.19375 0.0484375 0.046875
1 0.03125 0.26171875 0.0453125 0.03125
1 0.03984375 0.2953125 0.046875 0.040625
1 0.7671875 0.0984375 0.0375 0.0421875
1 0.4375 0.18046875 0.0546875 0.0421875
1 0.709375 0.353125 0.04375 0.0453125
1 0.09921875 0.4015625 0.0671875 0.059375
1 0.115625 0.45234375 0.046875 0.0671875
0 0.04296875 0.15625 0.059375 0.13671875 0.03984375 0.1203125 0.00859375 0.1171875 0.009375 0.12890625 0 0.13515625 0.0015625 0.18203125 0.02109375 0.15625 0.04296875 0.15625
0 0.98203125 0.278125 0.99921875 0.278125 1 0.23671875 0.91796875 0.290625 0.9140625 0.29609375 0.921875 0.29921875 0.96953125 0.2984375 0.98203125 0.278125
0 0 0.46796875 0.03984375 0.50625 0.04296875 0.5015625 0.053125 0.50390625 0.053125 0.51171875 0.04609375 0.515625 0.03984375 0.5109375 0.034375 0.52265625 0.046875 0.53359375 0.046875 0.55234375 0.0671875 0.56171875 0.0703125 0.54921875 0.0609375 0.53203125 0.06953125 0.5296875 0.07578125 0.5359375 0.08203125 0.521875 0.09140625 0.5359375 0.1078125 0.52109375 0.0953125 0.51328125 0.0765625 0.48671875 0.0765625 0.46953125 0.0609375 0.46171875 0.0625 0.45078125 0.0734375 0.44453125 0.0625 0.42109375 0.0640625 0.41171875 0.046875 0.40390625 0.03203125 0.3765625 0.01875 0.37265625 0.015625 0.32890625 0.00078125 0.3109375 0 0.40703125 0.00625 0.41171875 0 0.41328125 0 0.46796875
0 0.35546875 0.4859375 0.3609375 0.46484375 0.375 0.44765625 0.31484375 0.4359375 0.24765625 0.4015625 0.21015625 0.3734375 0.20078125 0.359375 0.18984375 0.3578125 0.1890625 0.34453125 0.1578125 0.32109375 0.140625 0.29140625 0.140625 0.27421875 0.1328125 0.26171875 0.1359375 0.24609375 0.128125 0.23984375 0.1265625 0.22109375 0.11015625 0.2171875 0.10625 0.23203125 0.1125 0.26328125 0.0984375 0.27421875 0.0921875 0.30390625 0.10390625 0.3203125 0.12109375 0.315625 0.12734375 0.328125 0.1375 0.33046875 0.140625 0.35703125 0.134375 0.36328125 0.134375 0.38046875 0.15625 0.41953125 0.17578125 0.3984375 0.18515625 0.4 0.19140625 0.4140625 0.20859375 0.421875 0.23359375 0.4171875 0.2484375 0.43203125 0.25390625 0.484375 0.26796875 0.4921875 0.28515625 0.484375 0.31015625 0.4859375 0.31640625 0.4984375 0.325 0.49765625 0.32890625 0.484375 0.35546875 0.4859375
0 0.70234375 0.4796875 0.71484375 0.484375 0.72265625 0.4703125 0.74140625 0.5 0.74375 0.47109375 0.75625 0.44765625 0.76796875 0.4390625 0.79765625 0.4375 0.80234375 0.425 0.82578125 0.4234375 0.83125 0.40859375 0.83828125 0.40625 0.85859375 0.4078125 0.86328125 0.4203125 0.87578125 0.421875 0.8859375 0.38671875 0.909375 0.36015625 0.9078125 0.30390625 0.87578125 0.325 0.86328125 0.3265625 0.84296875 0.3484375 0.80859375 0.3625 0.79609375 0.375 0.75546875 0.3859375 0.74921875 0.4046875 0.73828125 0.3953125 0.71796875 0.4171875 0.66328125 0.428125 0.61953125 0.4234375 0.60390625 0.4359375 0.57421875 0.4453125 0.54921875 0.4453125 0.53515625 0.4546875 0.52109375 0.4484375 0.390625 0.45546875 0.3921875 0.46484375 0.40703125 0.471875 0.42734375 0.4734375 0.44453125 0.4640625 0.45546875 0.465625 0.4625 0.47109375 0.459375 0.49140625 0.49140625 0.515625 0.50078125 0.503125 0.51484375 0.5 0.52109375 0.4859375 0.54765625 0.5015625 0.57734375 0.5 0.575 0.46328125 0.58359375 0.453125 0.59765625 0.453125 0.609375 0.47109375 0.60703125 0.5 0.62578125 0.4984375 0.64296875 0.484375 0.65546875 0.4828125 0.665625 0.48828125 0.6765625 0.51484375 0.684375 0.51640625 0.690625 0.48984375 0.70234375 0.4796875
0 0.9734375 0.49140625 0.9859375 0.49609375 0.98359375 0.5046875 0.97265625 0.503125 0.95703125 0.5109375 0.94609375 0.4984375 0.92734375 0.4921875 0.909375 0.50234375 0.90703125 0.5296875 0.89765625 0.5171875 0.85546875 0.5453125 0.80546875 0.55 0.8046875 0.56015625 0.8125 0.56640625 0.80625 0.59140625 0.79609375 0.6 0.7609375 0.59609375 0.76875 0.60859375 0.76875 0.64140625 0.775 0.64921875 0.7565051828125 0.69494939375 0.71953125 0.6984375 0.69453125 0.740625 0.67890625 0.7421875 0.64921875 0.721875 0.63671875 0.7046875 0.6109375 0.69921875 0.61875 0.75859375 0.618259103125 0.763728734375 0.617043103125 0.7606248734375 0.6 0.79296875 0.6203125 0.89140625 0.61640625 0.9 0.59609375 0.9078125 0.584375 0.90078125 0.5640625 0.81484375 0.56953125 0.8015625 0.59375 0.78984375 0.59375 0.70703125 0.5765625 0.70234375 0.571875 0.67578125 0.57890625 0.6421875 0.56640625 0.6421875 0.55546875 0.6640625 0.51484375 0.671875 0.48671875 0.6609375 0.47890625 0.678125 0.47109375 0.6640625 0.44140625 0.68125 0.39453125 0.6734375 0.34140625 0.6734375 0.31796875 0.653125 0.2921875 0.69921875 0.2953125 0.71015625 0.30859375 0.7234375 0.31640625 0.7234375 0.34453125 0.721875 0.36171875 0.7078125 0.37421875 0.70625 0.3984375 0.72421875 0.4046875 0.74140625 0.4046875 0.74921875 0.3890625 0.76796875 0.3953125 0.81640625 0.375 0.83984375 0.37265625 0.8515625 0.353125 0.84765625 0.3484375 0.87578125 0.34296875 0.878125 0.3109375 0.86484375 0.3109375 0.82890625 0.30234375 0.8140625 0.28671875 0.8109375 0.26796875 0.796875 0.23984375 0.796875 0.2400366859375 0.79719548125 0.23105807500000003 0.7950061546875 0.246875 0.73984375 0.2765625 0.71953125 0.296875 0.68359375 0.303125 0.66328125 0.29453125 0.65 0.25703125 0.640625 0.23671875 0.65 0.2328125 0.60546875 0.22578125 0.603125 0.21953125 0.609375 0.22421875 0.6 0.20546875 0.5984375 0.19140625 0.5796875 0.15234375 0.55625 0.14296875 0.55625 0.0953125 0.59765625 0.09375 0.62421875 0.10234375 0.6484375 0.08359375 0.634375 0.05546875 0.634375 0.05 0.62890625 0.04453125 0.5859375 0.03046875 0.5859375 0.01328125 0.571875 0 0.57890625 0.00078125 1 1 0.99921875 0.99921875 0.459375 0.9734375 0.47734375 0.9734375 0.49140625
0 0.63203125 0.63125 0.64921875 0.6078125 0.66171875 0.6078125 0.6765625 0.61796875 0.67890625 0.5578125 0.603125 0.60390625 0.603125 0.63203125 0.6140625 0.63828125 0.62109375 0.63125 0.63203125 0.63125