1 0.82734375 0.73515625 0.1171875 0.1515625
1 0.88046875 0.15703125 0.084375 0.065625
1 0.9609375 0.1359375 0.078125 0.0703125
1 0.75859375 0.35234375 0.0890625 0.11875
1 0.5171875 0.034375 0.04375 0.046875
1 0.9609375 0.359375 0.078125 0.075
1 0.17265625 0.74140625 0.1140625 0.134375
1 0.859375 0.3546875 0.1125 0.084375
1 0.96328125 0.596875 0.0734375 0.115625
1 0.95234375 0.74765625 0.0921875 0.1296875
1 0.2015625 0.3375 0.071875 0.0671875
1 0.24921875 0.19375 0.0671875 0.0625
1 0.0265625 0.33515625 0.053125 0.075
1 0.4765625 0.59921875 0.0921875 0.0984375
1 0.4921875 0.440625 0.06875 0.1546875
1 0.33984375 0.42734375 0.065625 0.075
1 0.96640625 0.4328125 0.0609375 0.0796875
1 0.3859375 0.33203125 0.1125 0.059375
1 0.31640625 0.1875 0.0734375 0.059375
1 0.50390625 0.08359375 0.0453125 0.0515625
1 0.50390625 0.18359375 0.04375 0.065625
1 0.48671875 0.7796875 0.0921875 0.1
1 0.8453125 0.07734375 0.05625 0.0609375
1 0.8375 0.63515625 0.075 0.0546875
0 0.9547624546875 0.3132089890625 0.9766299640625 0.3069627625 0.9797538421875001 0.2952511328125 0.9844397796875001 0.2843202953125 1 0.26636246875 0.990625 0.26328222343749996 0.9859375 0.23359472343749998 1 0.2148447234375 0.99921875 0.1687509734375 0.92578125 0.1703134734375 0.92109375 0.1796884734375 0.84765625 0.1859384734375 0.83125 0.1992197234375 0.823557521875 0.223419825 0.8118427984375 0.276512571875 0.8134047375 0.303839709375 0.825900490625 0.281197271875 0.8337103062500001 0.2788548921875 0.87109375 0.2812509734375 0.8765625 0.2914072234375 0.8118427984375 0.317893659375 0.868854478125 0.317112865625 0.8790072640625001 0.33038605312499997 0.9196182828125 0.3350706921875 0.953200515625 0.3296052890625 0.9547624546875 0.3132089890625
0 1 0.47540855000000004 0.97734375 0.478125 0.89453125 0.4734375 0.88984375 0.4828125 0.85859375 0.484375 0.84609375 0.5 0.79765625 0.515625 0.68984375 0.5140625 0.67578125 0.503125 0.6671875 0.48671875 0.6859375 0.46640625 0.6875 0.45546875 0.675 0.42421875 0.6796875 0.39453125 0.70859375 0.3890625 0.7125 0.38046875 0.7109375 0.36640625 0.696875 0.36328125 0.7046875 0.35859375 0.70234375 0.353125 0.6734375 0.34921875 0.6671875 0.31484375 0.6734375 0.30546875 0.6755675109375 0.267379378125 0.68415835625 0.249421521875 0.6703125 0.21171875 0.6765625 0.19296875 0.66171875 0.184375 0.64296875 0.19375 0.62265625 0.19375 0.60859375 0.1640625 0.6015625 0.19296875 0.58984375 0.196875 0.5796875 0.21484375 0.578125 0.23671875 0.56328125 0.240625 0.48046875 0.2421875 0.44140625 0.253125 0.39296875 0.246875 0.29921875 0.2484375 0.29921875 0.240625 0.3203125 0.23984375 0.30390625 0.2359375 0.3203125 0.23203125 0.31015625 0.225 0.29453125 0.2265625 0.29140625 0.2328125 0.27265625 0.2265625 0.18828125 0.23125 0.1875 0.18984375 0.2015625 0.18671875 0.203125 0.17109375 0.2125 0.16953125 0.21875 0.15234375 0.21640625 0.146875 0.20390625 0.1671875 0.20078125 0.1546875 0.19375 0.15859375 0.2046875 0.14609375 0.20078125 0.1421875 0.18203125 0.15 0.184375 0.16484375 0.17890625 0.1671875 0.17734375 0.1578125 0.175 0.17265625 0.15859375 0.1765625 0.1515625 0.18984375 0.1265625 0.20859375 0.1109375 0.23203125 0.1078125 0.24921875 0.0864702046875 0.2573990265625 0.0724125421875 0.255056646875 0.064602725 0.224606396875 0.023210706249999997 0.24646810000000002 0.0130579515625 0.268329834375 0 0.27145291718750003 0 0.3034647234375 0.024772675 0.297999290625 0.0497640921875 0.3050262515625 0.0661646953125 0.2792606703125 0.08568929374999999 0.29175309375 0.098965928125 0.3073686 0.09375 0.33828125 0.078125 0.34921875 0.0765625 0.36484375 0.0625 0.38203125 0.050116340625 0.3923034015625 0.0390625 0.42578125 0.0359375 0.44453125 0 0.46484375 0 0.50078125 0.0046875 0.50234375 0 0.51484375 0.0109375 0.51953125 0.00625 0.52265625 0.05 0.52578125 0.01171875 0.5265625 0.0046875 0.53671875 0.01640625 0.546875 0.03203125 0.5484375 0.03984375 0.559375 0.03984375 0.5484375 0.04765625 0.5484375 0.04609375 0.5546875 0.06328125 0.55 0.0625 0.56171875 0.0671875 0.56171875 0.06875 0.55078125 0.0765625 0.54609375 0.0765625 0.48984375 0.06875 0.48671875 0.0765625 0.47890625 0.06796875 0.4703125 0.05703125 0.4828125 0.0390625 0.47890625 0.0484375 0.45703125 0.0625 0.45234375 0.0609375 0.39921875 0.090625 0.38203125 0.096875 0.37265625 0.10466996875000001 0.361853240625 0.11716569218749999 0.366537821875 0.13203125 0.3734375 0.14918592656250002 0.373564871875 0.1546875 0.35703125 0.1671484984375 0.32749905468749996 0.17886322187499998 0.3118835484375 0.199949790625 0.3118835484375 0.1874540375 0.28065253437500004 0.195263853125 0.2564485109375 0.21640625 0.25 0.22109375 0.265625 0.23984375 0.2625 0.25390625 0.2671875 0.2515625 0.29453125 0.2546875 0.30703125 0.26171875 0.309375 0.27578125 0.303125 0.27890625 0.3078125 0.29140625 0.2984375 0.31015625 0.2984375 0.31953125 0.3109375 0.33671875 0.2984375 0.34765625 0.3046875 0.35390625 0.296875 0.373327653125 0.30954122812499996 0.4334632125 0.3071989671875 0.4420540578125 0.31344510468750003 0.4420540578125 0.3540454875 0.4537687828125 0.346237734375 0.48735095624999997 0.3298414046875 0.4912558640625 0.2962680421875 0.53515625 0.2953125 0.58359375 0.2671875 0.59375 0.27734375 0.6171875 0.34140625 0.6171875 0.35859375 0.60625 0.37578125 0.609375 0.47578125 0.6046875 0.49140625 0.6140625 0.50234375 0.628125 0.54453125 0.640625 0.55859375 0.653125 0.59453125 0.6515625 0.63046875 0.634375 0.66328125 0.6328125 0.70390625 0.61484375 0.71875 0.60078125 0.7203125 0.6015625 0.73515625 0.596875 0.73828125 0.6015625 0.76953125 0.625 0.78359375 0.640625 0.83671875 0.6359375 0.85078125 0.60078125 0.8953125 0.56953125 0.9109375 0.55390625 0.9015625 0.54140625 0.909375 0.53203125 0.9078125 0.5296875 0.89453125 0.540625 0.88671875 0.53125 0.88203125 0.5296875 0.86328125 0.5359375 0.83203125 0.54609375 0.8296875 0.54609375 0.8234375 0.49921875 0.8359375 0.45390625 0.8328125 0.446875 0.82734375 0.4453125 0.76953125 0.4546875 0.74453125 0.47890625 0.7390625 0.4828125 0.73046875 0.478125 0.69921875 0.47109375 0.7015625 0.4609375 0.69140625 0.44650274218749997 0.68294881875 0.46056043437499994 0.650156278125 0.5456873828125001 0.650156278125 0.5558401671875 0.6376638546875 0.5456873828125001 0.605652078125 0.5167910859375 0.592378890625 0.515229146875 0.6446908453125 0.43671875 0.6484375 0.42890625 0.634375 0.41953125 0.634375 0.4265625 0.70546875 0.4234375 0.74140625 0.36484375 0.81875 0.33828125 0.8125 0.30234375 0.8296875 0.27109375 0.8359375 0.25859375 0.8296875 0.25 0.69609375 0.23173280156249998 0.6962220046875001 0.1984375 0.82421875 0.2109375 0.87578125 0.196875 0.93828125 0.16796875 0.9703125 0.13984375 0.9859375 0.12421875 0.9859375 0.09296875 0.971875 0.075 0.93046875 0.0890625 0.89609375 0.1 0.88671875 0.109375 0.79921875 0.1234375 0.77734375 0.1234375 0.76328125 0.11484375 0.7578125 0.10703125 0.7609375 0.08984375 0.7796875 0.02578125 0.8171875 0.0140625 0.84296875 0 0.85703125 0.0078125 0.88203125 0.021875 0.89453125 0.0265625 0.91015625 0.021875 0.94296875 0 0.96328125 0 0.99765625 0.34453125 1 0.3515625 0.97421875 0.38203125 0.9578125 0.42890625 0.978125 0.46015625 0.971875 0.50703125 0.978125 0.53828125 1 1 0.99921875 1 0.86328125 0.92734375 0.8625 0.925 0.83984375 0.909375 0.80703125 0.90234375 0.803125 0.79921875 0.8125 0.7890625 0.79609375 0.7703125 0.72265625 0.7765625 0.68359375 0.7953125 0.66328125 0.78125 0.63671875 0.78984375 0.634375 0.80390625 0.6140625 0.86171875 0.6125 0.86875 0.61796875 0.8796875 0.68359375 0.89296875 0.721875 0.90625 0.71796875 0.9046875 0.69921875 0.91015625 0.6921875 0.96484375 0.6921875 0.9796875 0.67734375 1 0.64921875 0.9453125 0.64140625 0.928125 0.60078125 0.925 0.57265625 0.93515625 0.55 1 0.5519245265625 1 0.47540855000000004
0 0.3098309609375 0 0.28874448125 0.0161393921875 0.2801536359375 0.0419050015625 0.27312485 0.0606435765625 0.2848395734375 0.07860141875 0.26796875 0.103125 0.2348567390625 0.121544046875 0.194245659375 0.14340577968749998 0.180968996875 0.182444546875 0.22734375 0.1625 0.2859375 0.16171875 0.35859375 0.1578125 0.365625 0.14921875 0.36875 0.13515625 0.359375 0.12578125 0.3546875 0.10234375 0.3625 0.08984375 0.3671875 0.04453125 0.3828125 0.01640625 0.36484375 0 0.3098309609375 0
0 0.625 0.10859375 0.625 0.08203125 0.603125 0.00078125 0.54765625 0 0.5375 0.05703125 0.5203125 0.05859375 0.5265625 0.07421875 0.5265625 0.13046875 0.5546875 0.12578125 0.546875 0.08046875 0.56484375 0.0484375 0.58203125 0.05 0.603125 0.07890625 0.6015625 0.11015625 0.584375 0.13828125 0.5953125 0.14609375 0.615625 0.13359375 0.625 0.10859375
0 0.84765625 0 0.8390625 0.04453125 0.86484375 0.0609375 0.8734375 0.07421875 0.871875 0.10859375 0.89609375 0.10625 0.91875 0.12578125 0.92890625 0.1109375 0.9453125 0.10546875 0.94375 0.09140625 0.93515625 0.1 0.9203125 0.07890625 0.9234375 0.06015625 0.9421875 0.04765625 0.88671875 0 0.84765625 0