1 0.84765625 0.9078125 0.2953125 0.184375
1 0.490625 0.08359375 0.2765625 0.1578125
1 0.7046875 0.0453125 0.2515625 0.090625
1 0.23828125 0.13515625 0.2125 0.121875
1 0.0625 0.1671875 0.125 0.15
1 0.38125 0.421875 0.1953125 0.11875
1 0.62890625 0.37421875 0.2078125 0.1203125
1 0.84453125 0.30078125 0.2453125 0.1203125
1 0.1578125 0.90703125 0.315625 0.1828125
0 1 0.409375 0.9859375 0.409375 0.834375 0.4390625 0.7359375 0.471875 0.7265625 0.478125 0.709375 0.509375 0.55 0.51875 0.3703125 0.5578125 0.3078125 0.5578125 0.26875 0.546875 0.2 0.5109375 0.1849296109375 0.470107446875 0.152797878125 0.4361994625 0.126021365625 0.41299929375 0.0671875 0.35625 0.0385514 0.330906371875 0 0.29375 0 0.4453125 0.05 0.484375 0.09375 0.4890625 0.1125 0.5015625 0.1140625 0.534375 0.1546875 0.56875 0.1609375 0.584375 0.153125 0.596875 0.1265625 0.6109375 0 0.65 0 0.7625 0.0265625 0.7234375 0.1125 0.7109375 0.134375 0.68125 0.1578125 0.6734375 0.19375 0.675 0.2078125 0.68125 0.21875 0.7046875 0.215625 0.746875 0.2515625 0.7390625 0.321875 0.7359375 0.353125 0.709375 0.3765625 0.7140625 0.41875 0.7109375 0.4328125 0.7 0.434375 0.68125 0.4484375 0.66875 0.5328125 0.64375 0.5984375 0.6375 0.609375 0.6296875 0.61875 0.6109375 0.659375 0.615625 0.721875 0.5921875 0.7640625 0.5875 0.828125 0.5375 0.8734375 0.525 0.96875 0.48125 1 0.475 1 0.409375
0 0.3795056265625 0.29878305781250003 0.40271199218750003 0.3077062046875 0.431273578125 0.30949080625000003 0.48304152812499995 0.3380448484375 0.5330242703125 0.3237678265625 0.5544455609375001 0.321983225 0.5847922203125 0.305921534375 0.6222793109375 0.282721365625 0.55980078125 0.2309670875 0.5919326515625001 0.2309670875 0.588362503125 0.22204394062500002 0.529454121875 0.22204394062500002 0.4723309515625 0.2309670875 0.41342257031249996 0.2559519265625 0.36205353125 0.280803790625 0.3795056265625 0.29878305781250003