1 0.0390625 0.24375 0.05625 0.0765625
1 0.73671875 0.4171875 0.0703125 0.0578125
1 0.10390625 0.415625 0.0546875 0.075
1 0.0375 0.3078125 0.0703125 0.059375
1 0.225 0.30078125 0.0671875 0.0546875
1 0.0890625 0.48828125 0.0984375 0.0453125
0 1 0.484375 1 0.4401808376912689 0.9765711272864557 0.4372414369797782 0.9559900547151237 0.3931506225328355 0.9545198819670855 0.4666353319658751 0.9328125 0.4609375 0.9234375 0.4453125 0.9140625 0.4421875 0.88125 0.453125 0.8734375 0.4625 0.85 0.440625 0.828125 0.4421875 0.803125 0.453125 0.796875 0.465625 0.775 0.4734375 0.7515625 0.4609375 0.7171875 0.453125 0.6984375 0.48125 0.678125 0.4734375 0.6578125 0.4515625 0.634375 0.453125 0.5875 0.4765625 0.5609375 0.4828125 0.5015625 0.46875 0.4140625 0.4703125 0.396875 0.465625 0.36942685070896925 0.437976329205955 0.3859375 0.390625 0.3609375 0.3578125 0.3046875 0.259375 0.28125 0.23125 0.2793293236320734 0.22529605719473808 0.28520967814892556 0.17973557042425276 0.26977381764120967 0.15548555660275792 0.2296875 0.1546875 0.221875 0.134375 0.2125 0.1265625 0.18303889695333297 0.12829619813417778 0.16980821144884928 0.10919017760609587 0.15437229486191656 0.11286441447935802 0.15625 0.140625 0.140625 0.1671875 0.16760303644561708 0.18954205127334434 0.19553466432144795 0.1873375147558276 0.23522683299333275 0.2615571444472466 0.2578125 0.30625 0.252993401505921 0.33494609306742557 0.225 0.3359375 0.203125 0.3203125 0.15 0.328125 0.13526119876136394 0.2990901361515633 0.11982533825364805 0.29394622695475847 0.11541507236600893 0.27337047803872855 0.1190902799192373 0.26602200429220424 0.1080646572595522 0.24250691072908892 0.06910746280325294 0.24691598376412238 0.07719293624412042 0.30349923721879946 0.0703125 0.3328125 0.040231512659441825 0.335614745706502 0 0.33487988151252795 0 0.35791366556332804 0 0.36930021974611243 0 1 0.10101165885761323 1 0.22523368537257613 0.906908320911864 0.315625 0.990625 0.30388316065919374 0.9664310031102344 0.29138742133068707 0.9370371081241375 0.30314807428517454 0.922340160631089 0.33401985137982315 0.9010295755532878 0.34375 0.9171875 0.35901127395761956 0.9164613592081075 0.38841293438344665 0.9318931428629273 0.3955037957959843 0.9045083623663965 0.35948675055850277 0.8758493035420709 0.3778627883246447 0.8405766912296005 0.3477260976040153 0.7942812561685331 0.4116746865985025 0.7531297863686758 0.442546463693151 0.8383720986476785 0.4046875 0.909375 0.4171875 0.8953125 0.4921875 0.9453125 0.5844675412105544 0.9206950856177463 0.5924949430807127 0.8978947247816436 0.5991102718131504 0.8949553240701528 0.6013154187767741 0.8222055068632901 0.5602112050067771 0.804589206029104 0.5697667109976409 0.7443317437333675 0.6138692016363815 0.7575589908706706 0.6947237678074061 0.7031802739335102 0.7145699222423695 0.7318393327578357 0.7167750131267765 0.7729907745254904 0.6881084390749684 0.8288391918183962 0.6491512165790608 0.8200210177161266 0.612399141046777 0.8156119166488903 0.6101939940831531 0.9118769395476793 0.6491512165790608 0.867786097068534 0.6697324013088265 0.8920361108900288 0.6932537072178014 0.8758694069768296 0.7138348919475671 0.8773391633969803 0.7278006357864616 0.857498222610519 0.7461766735526035 0.838392202082437 0.7696980355407953 0.841331574761725 0.7836638354589065 0.8729300342975413 0.7888091036017395 0.8442710315376214 0.8027749035198507 0.8325134286916583 0.8321192068619764 0.8295124125934322 0.8321184643353602 0.8295539806098142 0.8630482849611096 0.8310437283359129 0.8696636697727641 0.8053240702230781 0.877014084879221 0.7979755964765538 0.9365524360256774 0.8075286067405948 0.9784497797007944 0.7796044121102433 0.9998286505082763 0.7992875385604453 0.9997660508045791 0.725960559367057 0.9769797191111896 0.709059047324289 0.9666891828255236 0.7296347962403191 0.939492725442537 0.7369832699868433 0.9350823754360729 0.7142029845532966 0.9608088283086715 0.6870136260847164 0.9622788888982761 0.6730515287695407 0.9431679329957655 0.6620288181497542 0.9519882965333932 0.6265026371395239 0.9497832056489862 0.5878092445227407 0.983595160002061 0.5956390417976815 0.9997660508045791 0.5863395721991981 1 0.484375
0 0 0.278125 0.0203125 0.271875 0.0140625 0.246875 0.0171875 0.2109375 0.03125 0.20625 0.0484375 0.209375 0.0703125 0.2390625 0.075 0.2359375 0.0765625 0.196875 0.0859375 0.1890625 0.0875 0.1703125 0.0734375 0.15625 0.0515625 0.1546875 0.046875 0.1625 0 0.1609375 0 0.278125
0 0.36875 0 0.38125 0.071875 0.3921875 0.0765625 0.4015625 0.0671875 0.4328125 0.0640625 0.4390625 0.0765625 0.4375 0.1015625 0.50625 0.1171875 0.525 0.15 0.5515625 0.14375 0.55 0.1328125 0.53125 0.1109375 0.51875 0.1015625 0.496875 0.096875 0.4875 0.0640625 0.475 0.0625 0.4609375 0.05 0.4546875 0.028125 0.4296875 0.0078125 0.428125 0 0.36875 0
0 0.596875 0.0125 0.603125 0.03125 0.6171875 0.0390625 0.6234375 0.0375 0.625 0.015625 0.6359375 0.0015625 0.5734375 0 0.578125 0.0078125 0.596875 0.0125
0 0.146875 0 0.1578125 0.0515625 0.175 0.0796875 0.1796875 0.075 0.1796875 0.0375 0.1734375 0.0234375 0.178125 0 0.146875 0
0 0.6515625 0 0.6546875 0.015625 0.665625 0.0265625 0.6609375 0.0796875 0.7375 0.1359375 0.7078125 0.159375 0.696875 0.15625 0.6828125 0.1375 0.65625 0.1453125 0.6515625 0.1625 0.6796875 0.1875 0.69375 0.190625 0.7171875 0.175 0.74375 0.16875 0.7640625 0.16875 0.784375 0.178125 0.803125 0.1625 0.853125 0.1546875 0.8796875 0.165625 0.8953125 0.165625 0.9109859359374999 0.14681388906249998 0.903773475 0.1351660828125 0.8287993124999999 0.13750843125 0.8116177406249999 0.128139121875 0.8116177406249999 0.143754628125 0.7953125 0.14375 0.7765625 0.1234375 0.771875 0.096875 0.7453125 0.059375 0.7109375 0.0375 0.6734375 0 0.6515625 0
0 0.47032874375 0.14402398593750002 0.46564280625 0.17057034375 0.450023175 0.20180135781250003 0.47501462187500004 0.1791588609375 0.4953125 0.1875 0.5007869781250001 0.1541740734375 0.47579559062500004 0.112792971875 0.47032874375 0.14402398593750002
0 0.3195992703125 0.15651639374999998 0.3117894546875 0.161981828125 0.308665515625 0.17681654062500002 0.3234375 0.1859375 0.3297520546875 0.2049244703125 0.3399047796875 0.2096091109375 0.3399047796875 0.190089728125 0.3421875 0.1484375 0.3375 0.1390625 0.3265625 0.1359375 0.3195992703125 0.15651639374999998
0 0.3625 0.13125 0.3609375 0.153125 0.4015625 0.1578125 0.4015625 0.1203125 0.375 0.11875 0.3625 0.13125
0 0.4953125 0.228125 0.5078125 0.2359375 0.51875 0.26875 0.5296875 0.28125 0.5359375 0.321875 0.55 0.3265625 0.55625 0.3 0.575 0.3046875 0.578125 0.3765625 0.590625 0.3890625 0.6015625 0.390625 0.6078125 0.3546875 0.5984375 0.3328125 0.5984375 0.303125 0.5640625 0.271875 0.5203125 0.2171875 0.496875 0.2078125 0.4953125 0.228125
0 0.8359375 0.3390625 0.8421875 0.3515625 0.9109375 0.409375 0.93125 0.4125 0.9359375 0.3875 0.90625 0.340625 0.878125 0.3296875 0.8390625 0.29375 0.8359375 0.3390625