1 0.7234375 0.7484375 0.115625 0.1625
1 0.70546875 0.88828125 0.134375 0.196875
1 0.94375 0.71484375 0.1125 0.128125
1 0.8015625 0.5046875 0.0359375 0.0890625
1 0.7609375 0.45 0.040625 0.06875
1 0.1625 0.64765625 0.1078125 0.065625
1 0.67890625 0.32421875 0.0671875 0.0484375
1 0.55078125 0.35390625 0.046875 0.0609375
1 0.74375 0.384375 0.0859375 0.03125
1 0.87578125 0.346875 0.08125 0.0453125
1 0.63046875 0.18359375 0.0359375 0.0390625
1 0.6375 0.30546875 0.0421875 0.0515625
1 0.48671875 0.24609375 0.040625 0.03125
1 0.546875 0.1875 0.034375 0.040625
1 0.47109375 0.17890625 0.0328125 0.0359375
0 0.4234375 0.303125 0.4203125 0.315625 0.428125 0.3234375 0.434375 0.390625 0.4421875 0.403125 0.4515625 0.4578125 0.4625 0.54375 0.46875 0.6859375 0.4578125 0.6875 0.4453125 0.6640625 0.446875 0.6 0.44375 0.590625 0.43125 0.584375 0.4140625 0.5890625 0.409375 0.6046875 0.4140625 0.6375 0.39375 0.65 0.3765625 0.6390625 0.35625 0.6359375 0.353125 0.5984375 0.25625 0.590625 0.2296875 0.590625 0.2203125 0.596875 0.2125 0.621875 0.2078125 0.684375 0.2109375 0.6953125 0.2421875 0.7125 0.2421875 0.7359375 0.2109375 0.7734375 0.1984375 0.8171875 0.21875 0.8546875 0.2296875 0.9140625 0.246875 0.9171875 0.2453125 0.9265625 0.2359375 0.925 0.2328125 0.93125 0.2359375 0.959375 0.2296875 0.96875 0.2296875 0.9890625 0.2390625 0.996875 0.375 0.9984375 0.3828125 0.8140625 0.3734375 0.7921875 0.353125 0.7765625 0.3640625 0.7671875 0.3765625 0.7734375 0.3875 0.8046875 0.390625 0.9890625 0.3953125 1 0.634375 0.9953125 0.6453125 0.98125 0.64375 0.9390625 0.6359375 0.9296875 0.65 0.86875 0.64375 0.8171875 0.6609375 0.7984375 0.653125 0.696875 0.6328125 0.671875 0.621875 0.6734375 0.609375 0.7234375 0.6046875 0.80625 0.56875 0.8515625 0.559375 0.8515625 0.5453125 0.796875 0.55 0.7109375 0.525 0.6625 0.5 0.5921875 0.4953125 0.5375 0.503125 0.4890625 0.4953125 0.4484375 0.4703125 0.3890625 0.46875 0.3640625 0.453125 0.3328125 0.4484375 0.30625 0.4328125 0.296875 0.4234375 0.303125
0 0.0350555625 0.5772967359375001 0.070460078125 0.5793788109375 0.0954515046875 0.591871303125 0.1256494765625 0.6054046546875 0.156888740625 0.6054046546875 0.1745909578125 0.60124054375 0.183962753125 0.5835429624999999 0.17667362343749998 0.5741736421875 0.13085602031250002 0.565845459375 0.0861978921875 0.5341145843749999 0.0569231109375 0.561681228125 0.0350555625 0.5772967359375001
0 0.571329596875 0.310792103125 0.5671644265625 0.3360885859375 0.5817426859375 0.34826930312500004 0.5869492296875001 0.3680489609375 0.6067341125 0.36284379218749996 0.6067341125 0.380541375 0.5994449828125 0.3888696375 0.6275602890624999 0.42010065 0.648386465625 0.4596599265625 0.669212640625 0.47735750781249997 0.693162775 0.4565368328125 0.7087824078125 0.44092132656249994 0.6858736453125001 0.40240306875 0.6754605578125 0.3867875609375 0.669212640625 0.40240306875 0.6660886828125 0.42114166875 0.6515104234375 0.41697755625 0.653593009375 0.39407480625 0.6587995531249999 0.38366446875000004 0.66713005625 0.380541375 0.6556755953125 0.3659668859375 0.6410973359375001 0.3441051921875 0.635890790625 0.3493103609375 0.6223537453125 0.3451462109375 0.5796601 0.30871002812500004 0.5734122625 0.2882010484375 0.5614583093750001 0.27369475312499997 0.5432142921875001 0.29757034843749997 0.571329596875 0.310792103125
0 1 1 0.9982662875000001 0.8497683609375001 0.9816052828125 0.8154141734374999 0.9888944125 0.7810600671875 0.9618204796875001 0.7873063328125001 0.930581215625 0.7873063328125001 0.9441182609375 0.83623485 0.940994303125 0.8705890359374999 0.9003831640625 0.8206193421875 0.8712266453125 0.7810600671875 0.9076724531249999 0.7644035031249999 0.9149615828125001 0.7612804093750001 0.8847635328125 0.723803209375 0.8858049046875 0.6665463515625001 0.87435044375 0.645725675 0.8566482265625 0.6207408484375 0.838946009375 0.6436436 0.838946009375 0.65717703125 0.8587308124999999 0.6727925375 0.8379046359375 0.6800797828125 0.8233263765625001 0.664464275 0.8285329203125 0.62802809375 0.8066653718750001 0.5863867421875 0.8025002000000001 0.545786409375 0.7712609359375 0.5051861343749999 0.745228215625 0.5145553953124999 0.7327325421875 0.49373472031250004 0.7190103921875 0.49635416718750003 0.7077410359375 0.5162348890625 0.72023686875 0.520399040625 0.7223194546875 0.539137640625 0.724402040625 0.556835221875 0.726484625 0.565163484375 0.692121403125 0.549547978125 0.6889976046874999 0.5786969156249999 0.711906365625 0.5984765734375 0.7275259984375 0.61929725 0.750434759375 0.6335126546875001 0.7618892203125001 0.6616204953125 0.750434759375 0.6730718515625 0.7462695890625 0.6855643046875 0.76397180625 0.7209593890625 0.773343521875 0.7428211625000001 0.7816740249999999 0.7761342109375 0.7712609359375 0.838316925 0.75355871875 0.8487272625 0.7514761328125 0.8560144671875 0.7723023078125 0.9476254328125 0.7608478484375001 0.976774409375 0.768136978125 1 0.826450334375 0.9975950859375 0.811871915625 0.9486665296875 0.8191612046875001 0.9330510234375 0.8295742921875 0.9247227203125 0.8514416828125 0.9497075468749999 0.8628961437499999 0.993430934375 0.8649787281249999 1 0.89621799375 1 0.8701852734375001 0.9424202640624999 0.882680946875 0.932009925 0.9035071234375 0.967405090625 0.9045484953124999 0.9851027125 0.9149615828125001 1 0.9586965218750001 0.9955130499999999 0.9534899781249999 0.9632409390625 0.9430768890625 0.9424202640624999 0.92953984375 0.91639441875 0.9566139359375001 0.9309689078125001 0.9722335671875 0.9632409390625 0.9774401125000001 1 1 1