1 0.803125 0.690625 0.1328125 0.1390625
1 0.2125 0.3828125 0.425 0.30625
1 0.93515625 0.315625 0.121875 0.1515625
1 0.96796875 0.65546875 0.0640625 0.128125
1 0.58203125 0.328125 0.2921875 0.2484375
1 0.77265625 0.05859375 0.2953125 0.1140625
1 0.1828125 0.08515625 0.365625 0.1703125
0 0 0.99921875 0.1390625 0.99921875 0.1421875 0.75859375 0.15 0.63671875 0.1484375 0.59921875 0.140625 0.59296875 0.1484375 0.57578125 0.1484375 0.55078125 0.13828125 0.5328125 0.11015625 0.5296875 0.11328125 0.5171875 0.10546875 0.5140625 0.08984375 0.5234375 0.0828125 0.51484375 0.0765625 0.44765625 0.06796875 0.4390625 0.0625 0.43984375 0.05859375 0.4875 0.05 0.48203125 0.04296875 0.425 0.0296875 0.42421875 0.0265625 0.46484375 0.01796875 0.471875 0.0125 0.41015625 0.00078125 0.4046875 0 0.53203125 0.01015625 0.534375 0.01796875 0.546875 0.03984375 0.5484375 0.07421875 0.5640625 0.078125 0.57578125 0.0921875 0.58203125 0.0921875 0.59453125 0.07578125 0.609375 0.0078125 0.61328125 0.00625 0.64140625 0 0.64921875 0 0.99921875
0 1 0.45859375 0.975 0.44453125 0.98828125 0.425 1 0.42265625 0.99921875 0.4015625 0.96953125 0.39375 0.9640625 0.39921875 0.9546875 0.47734375 0.94296875 0.4828125 0.934375 0.47109375 0.9359375 0.44921875 0.93125 0.44296875 0.9390625 0.43359375 0.9359375 0.39765625 0.92578125 0.39375 0.92109375 0.4015625 0.91015625 0.39375 0.9078125 0.38203125 0.8875 0.36953125 0.89140625 0.365625 0.87890625 0.3640625 0.87578125 0.3703125 0.85546875 0.3671875 0.83984375 0.3625 0.83203125 0.353125 0.825 0.37109375 0.8234375 0.42578125 0.815625 0.44609375 0.8171875 0.49296875 0.80859375 0.50625 0.796875 0.49140625 0.79765625 0.4359375 0.76640625 0.44375 0.753125 0.43515625 0.74765625 0.4171875 0.72734375 0.4078125 0.69296875 0.4125 0.67578125 0.4265625 0.66015625 0.421875 0.65546875 0.409375 0.62734375 0.4125 0.61328125 0.4078125 0.609375 0.43671875 0.60078125 0.4390625 0.59375 0.43203125 0.59375 0.41328125 0.58046875 0.4078125 0.57578125 0.425 0.55 0.42421875 0.54296875 0.46875 0.534375 0.46796875 0.5296875 0.43046875 0.51953125 0.4296875 0.4890625 0.43671875 0.4921875 0.44609375 0.48203125 0.4734375 0.42265625 0.4984375 0.36015625 0.5015625 0.33359375 0.49375 0.31484375 0.5015625 0.30859375 0.5109375 0.28359375 0.5171875 0.25546875 0.4953125 0.24453125 0.496875 0.2421875 0.48828125 0.21953125 0.4703125 0.2140625 0.48203125 0.21875 0.49765625 0.2078125 0.50234375 0.20234375 0.53125 0.1875 0.52578125 0.1859375 0.51484375 0.178125 0.51328125 0.17890625 0.5015625 0.17421875 0.515625 0.159375 0.51484375 0.1828125 0.52578125 0.171875 0.53359375 0.16875 0.56015625 0.1671875 0.62421875 0.171875 0.64453125 0.165625 0.65859375 0.15703125 1 0.2973910171875 1 0.3170270984375 1 0.82890625 1 0.85703125 1 0.93984375 1 0.95078125 1 1 0.99921875 1 0.93046875 0.96484375 0.9234375 0.9546875 0.91015625 0.95859375 0.8953125 0.97109375 0.89375 0.98984375 0.86875 1 0.86640625 1 0.72890625 0.957878453125 0.7181709515625 0.9507378875000001 0.7663558890625 0.89182950625 0.75207886875 0.8472019859375 0.7752790359375 0.7365257890625 0.7360172453125 0.7269366546875 0.7340999234375001 0.73117056875 0.6325086890625 0.7579469453125001 0.6253702125 0.8561274890625 0.6539242546875 0.8704083499999999 0.7003246578125 0.925 0.67421875 0.940625 0.65390625 0.9421875 0.60390625 0.96640625 0.5984375 1 0.61015625 1 0.45859375
0 0.27890625 0.1875 0.28125 0.17265625 0.26796875 0.1765625 0.24765625 0.171875 0.2390625 0.18046875 0.2453125 0.18984375 0.2375 0.19765625 0.2484375 0.19921875 0.25078125 0.1875 0.27890625 0.1875
0 0.1578125 0.21640625 0.15703125 0.203125 0.21796875 0.203125 0.2171875 0.21640625 0.23203125 0.2171875 0.2328125 0.17109375 0.22109375 0.171875 0.21875 0.18515625 0.21171875 0.1875 0.19453125 0.1828125 0.13046875 0.1890625 0.128125 0.21796875 0.1390625 0.22421875 0.14140625 0.21875 0.1578125 0.21640625
0 0.61171875 0 0.346875 0.00234375 0.34375 0.06015625 0.3453125 0.07578125 0.3515625 0.07890625 0.346875 0.08984375 0.3609375 0.12578125 0.33984375 0.15 0.29375 0.15703125 0.2921875 0.19296875 0.29765625 0.203125 0.32578125 0.2015625 0.33515625 0.1890625 0.34296875 0.1890625 0.34609375 0.2 0.35703125 0.2015625 0.3609375 0.18671875 0.36953125 0.184375 0.375 0.20078125 0.38984375 0.2140625 0.40078125 0.1890625 0.41953125 0.1859375 0.434375 0.19453125 0.43671875 0.2265625 0.45 0.21640625 0.4546875 0.18046875 0.46171875 0.178125 0.471875 0.18984375 0.47421875 0.2234375 0.51484375 0.2234375 0.52734375 0.2203125 0.53359375 0.2109375 0.53671875 0.2171875 0.54609375 0.2171875 0.55078125 0.203125 0.5640625 0.20078125 0.5640625 0.18203125 0.57109375 0.175 0.5734375 0.20078125 0.58046875 0.2125 0.63515625 0.2140625 0.68359375 0.228125 0.6875 0.24921875 0.6828125 0.27890625 0.70859375 0.296875 0.7234375 0.29921875 0.74921875 0.2921875 0.7625 0.27890625 0.7546875 0.25234375 0.76015625 0.240625 0.8125 0.23203125 0.815625 0.14296875 0.80078125 0.1390625 0.7921875 0.15078125 0.7859375 0.20078125 0.78046875 0.203125 0.778125 0.16796875 0.76875 0.15390625 0.76953125 0.103125 0.72421875 0.109375 0.63046875 0.0875 0.60703125 0.0875 0.603125 0.08203125 0.60546875 0.0671875 0.625 0.06640625 0.62734375 0.03125 0.66484375 0.028125 0.71640625 0.0140625 0.721875 0.01171875 0.72265625 0 0.68828125 0 0.67421875 0 0.62578125 0 0.61171875 0
0 0.4609375 0.27109375 0.4640625 0.24921875 0.44453125 0.240625 0.33046875 0.2609375 0.353125 0.29609375 0.38046875 0.321875 0.3890625 0.32265625 0.43671875 0.3015625 0.4609375 0.27109375
0 0.20625 0.25078125 0.16015625 0.2484375 0.15390625 0.2375 0.10390625 0.23125 0.06796875 0.234375 0.0546875 0.22265625 0.05234375 0.203125 0.00859375 0.19375 0 0.19609375 0.0015625 0.28984375 0.03828125 0.2671875 0.20625 0.25078125
0 0.94609375 0.0359375 0.9234375 0.04140625 0.9234375 0.06484375 0.93046875 0.0703125 0.94921875 0.0671875 0.97109375 0.075 1 0.07421875 0.99921875 0.040625 0.94609375 0.0359375