1 0.18828125 0.65 0.3109375 0.2890625
1 0.53359375 0.33984375 0.234375 0.1609375
1 0.9140625 0.7171875 0.1703125 0.271875
1 0.96953125 0.0578125 0.0609375 0.1015625
1 0.634375 0.73359375 0.3109375 0.25
1 0.42734375 0.70703125 0.2296875 0.2125
1 0.68984375 0.38515625 0.1125 0.1
1 0.24921875 0.29296875 0.1640625 0.1015625
1 0.95078125 0.3828125 0.0984375 0.1375
1 0.87109375 0.05234375 0.1171875 0.0734375
1 0.32734375 0.05234375 0.071875 0.059375
0 0 0.39921875 0.028125 0.42421875 0.03671875 0.4625 0.05859375 0.4515625 0.0625 0.43671875 0.08671875 0.4203125 0.11171875 0.4234375 0.11796875 0.4515625 0.16484375 0.465625 0.17734375 0.465625 0.18984375 0.453125 0.23203125 0.4546875 0.2484375 0.46953125 0.2578125 0.50546875 0.259375 0.52109375 0.2453125 0.53828125 0.2578125 0.55078125 0.2609375 0.56953125 0.28671875 0.5796875 0.29921875 0.603125 0.31015625 0.6046875 0.33046875 0.58125 0.35703125 0.5734375 0.38359375 0.58125 0.40625 0.59921875 0.40859375 0.6109375 0.43671875 0.609375 0.43984375 0.5984375 0.45234375 0.596875 0.453125 0.62109375 0.44296875 0.625 0.45703125 0.625 0.4609375 0.61796875 0.4546875 0.58828125 0.4390625 0.58203125 0.44296875 0.56875 0.44921875 0.5671875 0.45546875 0.58125 0.48203125 0.575 0.49921875 0.5796875 0.503125 0.59453125 0.51484375 0.6015625 0.51875 0.55078125 0.53359375 0.53125 0.56484375 0.5171875 0.57265625 0.51875 0.603125 0.55078125 0.60546875 0.578125 0.6109375 0.56640625 0.63359375 0.55 0.65234375 0.5484375 0.68046875 0.59375 0.6875 0.59296875 0.6828125 0.56953125 0.6875 0.55234375 0.69921875 0.54375 0.73203125 0.5359375 0.7515625 0.54921875 0.753125 0.56796875 0.740625 0.58359375 0.74375 0.58984375 0.79921875 0.6265625 0.8171875 0.64765625 0.83828125 0.6125 0.87421875 0.60625 0.8921875 0.59296875 0.89453125 0.578125 0.90703125 0.590625 0.94609375 0.5984375 0.95078125 0.6109375 1 0.61015625 0.99921875 0.4625 0.990625 0.47109375 0.990625 0.49609375 0.98515625 0.5015625 0.95546875 0.503125 0.92421875 0.51875 0.90078125 0.5078125 0.88515625 0.5140625 0.83671875 0.5171875 0.72421875 0.5171875 0.71796875 0.5109375 0.69140625 0.509375 0.66796875 0.5171875 0.66015625 0.534375 0.659375 0.52265625 0.64765625 0.5125 0.57734375 0.509375 0.35546875 0.4703125 0.34296875 0.453125 0.31953125 0.4515625 0.26796875 0.4328125 0.20546875 0.40625 0.19921875 0.3921875 0.14140625 0.3734375 0.078125 0.31171875 0.07421875 0.3015625 0.046875 0.28984375 0.0453125 0.27734375 0.028125 0.26328125 0.0296875 0.25234375 0.0078125 0.23359375 0 0.20546875 0 0.34296875 0.00625 0.34609375 0 0.35234375 0 0.39921875
0 0.31953125 1 0.34453125 0.971875 0.37734375 0.98125 0.38828125 1 0.44296875 0.9953125 0.48203125 1 0.50390625 0.9796875 0.53203125 0.96875 0.57265625 0.978125 0.60078125 1 1 0.99921875 0.99921875 0.85 0.9875 0.85703125 0.978125 0.88359375 0.96640625 0.8921875 0.88828125 0.896875 0.87578125 0.903125 0.78359375 0.884375 0.74765625 0.9078125 0.70234375 0.9203125 0.58515625 0.9046875 0.47890625 0.909375 0.44765625 0.890625 0.4390625 0.87890625 0.43671875 0.83125 0.4234375 0.83984375 0.4 0.88359375 0.38671875 0.8875 0.37734375 0.8640625 0.34921875 0.8671875 0.31328125 0.859375 0.26484375 0.8484375 0.25703125 0.8375 0.23671875 0.8328125 0.2359375 0.82421875 0.24453125 0.815625 0.25703125 0.8140625 0.271875 0.78984375 0.26328125 0.775 0.24140625 0.790625 0.23046875 0.78125 0.20703125 0.7765625 0.18515625 0.759375 0.14765625 0.7578125 0.10859375 0.721875 0.04921875 0.7046875 0.03046875 0.684375 0 0.69921875 0.00078125 1 0.09140625 1 0.0640625 0.97734375 0.0640625 0.96484375 0.07109375 0.9578125 0.0890625 0.95859375 0.10546875 1 0.31953125 1