1 0.54296875 0.2421875 0.1421875 0.159375
1 0.3203125 0.1703125 0.0765625 0.13125
1 0.71875 0.19453125 0.0859375 0.1703125
1 0.26328125 0.33359375 0.1296875 0.15
1 0.83515625 0.08359375 0.084375 0.090625
1 0.8296875 0.196875 0.084375 0.1359375
1 0.3921875 0.109375 0.0640625 0.0859375
1 0.20078125 0.23046875 0.1484375 0.10625
1 0.14140625 0.0234375 0.0640625 0.046875
1 0.76328125 0.5515625 0.0875 0.0953125
1 0.425 0.33359375 0.0546875 0.065625
1 0.62109375 0.3328125 0.0515625 0.0921875
1 0.26796875 0.14140625 0.0453125 0.0734375
1 0.7234375 0.0453125 0.0453125 0.090625
1 0.05625 0.359375 0.1125 0.121875
1 0.89375 0.12421875 0.0578125 0.0609375
1 0.66953125 0.04609375 0.0359375 0.05625
1 0.60625 0.02578125 0.05 0.0515625
1 0.0640625 0.02890625 0.05625 0.0578125