1 0.1640625 0.909375 0.171875 0.18125
1 0.35625 0.03515625 0.0390625 0.05625
1 0.59765625 0.309375 0.0921875 0.1109375
1 0.9078125 0.49453125 0.134375 0.1640625
1 0.8453125 0.79140625 0.1015625 0.1765625
1 0.4515625 0.58671875 0.13125 0.1859375
1 0.39921875 0.334375 0.0984375 0.1375
1 0.50234375 0.125 0.0625 0.0953125
1 0.11484375 0.18515625 0.0609375 0.0609375
1 0.5140625 0.0390625 0.0375 0.0703125
1 0.7046875 0.30390625 0.078125 0.0953125
1 0.9734375 0.34765625 0.053125 0.128125
1 0.96171875 0.74609375 0.0765625 0.11875
1 0.8546875 0.39921875 0.0765625 0.071875
1 0.69453125 0.509375 0.1375 0.0953125
1 0.78203125 0.1625 0.0484375 0.06875
1 0.93046875 0.28125 0.0765625 0.0890625
1 0.25078125 0.43515625 0.075 0.0671875
1 0.2390625 0.3765625 0.046875 0.053125
1 0.2546875 0.328125 0.078125 0.0515625
1 0.240625 0.2640625 0.04375 0.06875
1 0.07109375 0.2375 0.053125 0.04375
1 0.253125 0.2140625 0.034375 0.0328125
1 0.39609375 0.18515625 0.025 0.04375
1 0.378125 0.1578125 0.0390625 0.0390625
1 0.54375 0.19375 0.053125 0.04375
1 0.0875 0.040625 0.04375 0.0328125
1 0.5921875 0.09296875 0.0375 0.0359375
1 0.61953125 0.1359375 0.0515625 0.046875
1 0.91328125 0.92734375 0.1734375 0.1453125
1 0.31953125 0.0296875 0.03125 0.053125
1 0.03515625 0.39765625 0.0703125 0.0734375
1 0.01796875 0.46484375 0.0359375 0.0640625
1 0.39296875 0.053125 0.0234375 0.05
0 0.778125 1 0.7828125 0.9578125 0.79375 0.9375 0.8125 0.925 0.8125 0.9109375 0.7984375 0.89375 0.7828125 0.89375 0.7671875 0.909375 0.75 0.89375 0.7296875 0.89375 0.7109375 0.8828125 0.7078125 0.834375 0.73125 0.7875 0.73125 0.7296875 0.7390625 0.7140625 0.759375 0.7 0.7734375 0.6578125 0.790625 0.6515625 0.8359375 0.6578125 0.8421875 0.6921875 0.8296875 0.7171875 0.8328125 0.725 0.853125 0.7265625 0.890625 0.7171875 0.896875 0.7078125 0.8984375 0.6671875 0.8890625 0.6390625 0.8890625 0.6140625 0.88125 0.609375 0.784375 0.6296875 0.7640625 0.6546875 0.7203125 0.659375 0.7 0.6046875 0.646875 0.525 0.6328125 0.4796875 0.6046875 0.4609375 0.596875 0.36875 0.58125 0.3578125 0.55625 0.3046875 0.5375 0.28125 0.5234375 0.2328125 0.496875 0.1890625 0.4796875 0.1375 0.46875 0.125 0.4453125 0.1234375 0.4390625 0.1578125 0.459375 0.1984375 0.4546875 0.2328125 0.4671875 0.25625 0.4671875 0.26875 0.4484375 0.29375 0.4515625 0.38125 0.44375 0.421875 0.4453125 0.4296875 0.4875 0.46875 0.5203125 0.64375 0.515625 0.6953125 0.4453125 0.7140625 0.43125 0.7109375 0.41875 0.640625 0.3734375 0.6515625 0.315625 0.65 0.2515625 0.6578125 0.1984375 0.6703125 0.1859375 0.709375 0.1546875 0.7203125 0.1640625 0.759375 0.1375 0.790625 0.0765625 0.8171875 0.025 0.8265625 0.0125 0.875 0.0109375 0.9703125 0.01875 0.9828125 0.0390625 0.990625 0.0421875 1 0.0875 1 0.0953125 0.9203125 0.1109375 0.8578125 0.228125 0.828125 0.25625 0.8328125 0.2671875 0.81875 0.2953125 0.8125 0.3125 0.828125 0.3421875 0.825 0.3515625 0.83125 0.3546875 0.90625 0.365625 0.928125 0.45 0.940625 0.5359375 0.93125 0.546875 0.9375 0.5609375 0.990625 0.621875 0.9796875 0.6328125 0.9859375 0.628125 1 0.778125 1
0 0.7109375 0.5578125 0.7203125 0.5609375 0.696875 0.578125 0.7203125 0.6375 0.75 0.6359375 0.7671875 0.609375 0.7765625 0.6125 0.7796875 0.6265625 0.7875 0.625 0.79375 0.590625 0.7921875 0.5546875 0.734375 0.5515625 0.73125 0.5578125 0.740625 0.5625 0.7375 0.565625 0.721875 0.5609375 0.7234375 0.5515625 0.7171875 0.5515625 0.7109375 0.5578125
0 1 0.615625 0.99375 0.5984375 0.978125 0.5890625 0.9640625 0.6 0.9375 0.60625 0.934375 0.64375 0.925 0.65625 0.9390625 0.665625 0.95 0.6890625 0.959375 0.6953125 1 0.690625 1 0.615625
0 0.1420873015625 0.3719528328125 0.13316179687500002 0.38266058125 0.10995543125 0.3933683984375 0.10460007499999999 0.3933683984375 0.0653279109375 0.41835316875000006 0.0528322609375 0.45761502812500005 0.04390675625 0.482599865625 0.0885342765625 0.4593996984375 0.10995543125 0.455830425 0.126021365625 0.434414859375 0.143872375 0.4165685671875 0.1456574484375 0.41299929375 0.1545829515625 0.41299929375 0.1652935296875 0.42906098593750003 0.1706488859375 0.44690727812500003 0.1777893171875 0.45761502812500005 0.19921047187500002 0.45761502812500005 0.2009955453125 0.45761502812500005 0.2027806203125 0.44333800625 0.2081359765625 0.4022915453125 0.21349133281250002 0.361245084375 0.186714821875 0.3326909734375 0.159938309375 0.3576758125 0.1420873015625 0.3719528328125
0 0.284895365625 0.4540457546875 0.30988666875000004 0.4540457546875 0.3545141890625 0.445122609375 0.3902162046875 0.44690727812500003 0.431273578125 0.4415534046875 0.4598351640625 0.4308455875 0.4544799421875 0.3987222734375 0.3920014140625 0.41299929375 0.35629939843749997 0.41299929375 0.2928571015625 0.4245535734375 0.284895365625 0.4540457546875