1 0.7765625 0.33671875 0.2640625 0.19375
1 0.91015625 0.93984375 0.1796875 0.1203125
1 0.56640625 0.25703125 0.171875 0.065625
1 0.39765625 0.35703125 0.0875 0.1140625
1 0.140625 0.371875 0.1515625 0.075
1 0.35859375 0.06484375 0.2078125 0.1
0 0.7859573578125 0.36033952812500003 0.7935440218750001 0.347847109375 0.8560225515625 0.3581087421875 0.8662868937500001 0.32018536875 0.9006500718750001 0.32330845625000004 0.915625 0.27578125 0.7368670859375 0.2608464296875 0.7047352499999999 0.330893134375 0.7033964453125 0.348739428125 0.740625 0.35703125 0.7859573578125 0.36033952812500003
0 0.84678959375 0.50460599375 0.8253683031250001 0.49835985312500003 0.8353889609375 0.4861556046875 0.8507683125 0.4861556046875 0.866628225 0.43570550625 0.86230278125 0.41168164999999995 0.86640625 0.3859375 0.85234375 0.390625 0.82421875 0.3875 0.8 0.45234375 0.77734375 0.4578125 0.76484375 0.475 0.7515625 0.47890625 0.75625 0.48671875 0.74921875 0.4921875 0.64609375 0.4875 0.6390625 0.48203125 0.63203125 0.45625 0.59921875 0.4546875 0.59183971875 0.43957292499999995 0.57013663125 0.4389153890625 0.55703125 0.4390625 0.515625 0.44765625 0.53046875 0.453125 0.5328125 0.46328125 0.565625 0.49765625 0.5734375 0.54609375 0.571875 0.56640625 0.55546875 0.5859375 0.52734375 0.5875 0.5171875 0.59609375 0.5125 0.61484375 0.51640625 0.625 0.56953125 0.6296875 0.57734375 0.6375 0.58984375 0.634375 0.72734375 0.6515625 0.734375 0.64765625 0.7328125 0.61640625 0.7453125 0.56171875 0.80703125 0.5546875 0.85078125 0.571875 0.86875 0.59296875 0.86875 0.62578125 0.8375 0.64453125 0.83515625 0.6609375 0.8952641343750001 0.6740432281250001 1 0.690944740625 0.999755571875 0.5221913890625001 0.8480174859374999 0.505669728125 0.84678959375 0.50460599375
0 0 0.49620472343750005 0.01171875 0.49375 0.03515625 0.4921875 0.04453125 0.484375 0.07578125 0.484375 0.10390625 0.4765625 0.1359375 0.49453125 0.1375 0.54765625 0.13046875 0.5828125 0.34453125 0.6078125 0.402655978125 0.6087789781249999 0.383912434375 0.6542870468750001 0.36873910468750004 0.66588713125 0.3508880953125 0.72745685625 0.276806384375 0.7310260953125 0.14113875 1 0.4515625 0.99921875 0.44375 0.94453125 0.384375 0.81953125 0.384375 0.80546875 0.475 0.61953125 0.471875 0.56015625 0.4421875 0.52890625 0.4359375 0.50390625 0.4484375 0.45078125 0.43359375 0.4421875 0.39453125 0.4421875 0.3890625 0.44453125 0.39296875 0.4609375 0.38671875 0.45625 0.36015625 0.475 0.33359375 0.4796875 0.27109375 0.471875 0.25546875 0.4609375 0.23515625 0.4671875 0.20859375 0.4484375 0.10234375 0.4515625 0.07890625 0.446875 0.06796875 0.45625 0.0390625 0.45546875 0.02890625 0.4578125 0.00703125 0.4578125 0 0.47890625 0 0.49620472343750005
0 0 0.430158853125 0.02109185625 0.430158853125 0.0417578453125 0.4311197921875 0.0662686453125 0.43256123906250005 0.0874152328125 0.43496362499999996 0.19453125 0.4421875 0.20625 0.42421875 0.2078125 0.41171875 0.20078125 0.40625 0.07673480625 0.394120146875 0.067603321875 0.359525790625 0.080579615625 0.346072434375 0.18203125 0.3453125 0.22265625 0.35625 0.23515625 0.3453125 0.26484375 0.3453125 0.2640625 0.32265625 0.25546875 0.325 0.25078125 0.3140625 0.21796875 0.3078125 0.2109375 0.28203125 0.19921875 0.265625 0.18984375 0.2609375 0.17421875 0.2640625 0.16953125 0.2546875 0.14921875 0.2484375 0.13984375 0.2484375 0.10234375 0.2953125 0.06953125 0.2921875 0.04765625 0.265625 0 0.33359375 0 0.430158853125
0 0.581222525 0.3892510953125 0.6018884421874999 0.369551540625 0.63120531875 0.378200125 0.636972553125 0.35994199843749997 0.614864809375 0.3479300703125 0.5903539734375001 0.3445667265625 0.568726790625 0.3440862921875 0.5629595203125 0.33735956875 0.5596627062499999 0.3366900796875 0.565625 0.32265625 0.5576728828124999 0.31141381562500003 0.59296875 0.296875 0.5953125 0.28671875 0.48671875 0.2703125 0.478125 0.26328125 0.478125 0.23515625 0.46953125 0.2265625 0.41640625 0.2234375 0.409375 0.23203125 0.415625 0.26171875 0.42421875 0.2734375 0.4421875 0.27890625 0.4453125 0.29921875 0.4234375 0.36640625 0.443769734375 0.3878096859375 0.4293516125 0.3945363734375 0.4255067640625 0.40847018124999995 0.4 0.41171875 0.53046875 0.4140625 0.5432547609375 0.39405586718749996 0.54765625 0.4125 0.575 0.41328125 0.5796875 0.41015625 0.5768970453125 0.3998216140625 0.581222525 0.3892510953125
0 0.5703125 0.16328125 0.57421875 0.1296875 0.51640625 0.13125 0.49453125 0.1375 0.45703125 0.134375 0.44375 0.14609375 0.446875 0.15390625 0.4375 0.15703125 0.4390625 0.16953125 0.42890625 0.1703125 0.415625 0.18984375 0.42109375 0.2 0.43984375 0.2015625 0.46171875 0.190625 0.49140625 0.1921875 0.50078125 0.20625 0.51328125 0.2109375 0.571875 0.21640625 0.58125 0.21484375 0.5703125 0.16328125
0 0.1625 0.05546875 0.15625 0.03984375 0.1609375 0.02734375 0.19609375 0.025 0.209375 0.01484375 0.2140625 0.00078125 0.07421875 0 0.075 0.07265625 0.128125 0.07578125 0.16015625 0.071875 0.1625 0.05546875