1 0.04140625 0.82109375 0.0828125 0.1578125
1 0.653125 0.8796875 0.328125 0.1859375
1 0.221875 0.45390625 0.146875 0.0859375
1 0.24453125 0.58515625 0.0609375 0.040625
1 0.2234375 0.7390625 0.1078125 0.075
1 0.7671875 0.49609375 0.14375 0.0921875
1 0.940625 0.21328125 0.0671875 0.053125
1 0.91640625 0.11015625 0.0765625 0.040625
1 0.7390625 0.05 0.0609375 0.034375
1 0.31953125 0.28359375 0.153125 0.0578125
1 0.3859375 0.57421875 0.1703125 0.0671875
0 0.2640625 0.315625 0.2078125 0.3125 0.115625 0.334375 0.1 0.353125 0.1 0.4390625 0.125 0.4640625 0.1578125 0.465625 0.1421875 0.428125 0.1546875 0.4046875 0.1421875 0.4 0.13125 0.3859375 0.1375 0.365625 0.153125 0.35625 0.1828125 0.353125 0.2046875 0.3609375 0.2109375 0.390625 0.2421875 0.3890625 0.3 0.3625 0.33125 0.3625 0.3625 0.3859375 0.3671875 0.41875 0.3578125 0.4265625 0.3578125 0.434375 0.371875 0.44375 0.3703125 0.453125 0.2 0.50625 0.1890625 0.5234375 0.2015625 0.540625 0.2109375 0.5765625 0.2265625 0.5796875 0.2640625 0.5703125 0.2765625 0.6109375 0.2875 0.6171875 0.3203125 0.6 0.321875 0.5640625 0.35 0.54375 0.3921875 0.54375 0.40625 0.5578125 0.453125 0.5796875 0.4609375 0.5765625 0.459375 0.5640625 0.4484375 0.5546875 0.4609375 0.534375 0.4640625 0.5078125 0.4546875 0.490625 0.453125 0.4640625 0.459375 0.4546875 0.478125 0.446875 0.525 0.440625 0.5375 0.421875 0.5234375 0.4140625 0.509375 0.3953125 0.4890625 0.3875 0.465625 0.3671875 0.428125 0.3515625 0.40625 0.325 0.3921875 0.3171875 0.3015625 0.3078125 0.2640625 0.315625
0 1 0.7171875 0.9875 0.7046875 0.9734375 0.7015625 0.9046875 0.7328125 0.8984375 0.7234375 0.903125 0.7078125 0.8984375 0.7 0.8671875 0.7015625 0.8453125 0.715625 0.815625 0.7078125 0.803125 0.6828125 0.7875 0.6734375 0.7796875 0.6578125 0.775 0.61875 0.79375 0.59375 0.7890625 0.5609375 0.7453125 0.5578125 0.71875 0.5203125 0.665625 0.4859375 0.65625 0.490625 0.6515625 0.50625 0.665625 0.521875 0.6671875 0.5640625 0.6859375 0.603125 0.6859375 0.6140625 0.6734375 0.634375 0.6859375 0.6515625 0.6921875 0.703125 0.7203125 0.7546875 0.7296875 0.7921875 0.7484375 0.8203125 0.7640625 0.8328125 0.7984375 0.8359375 0.815625 0.8546875 0.8296875 0.896875 0.821875 0.921875 0.79375 0.9296875 0.7390625 0.965625 0.6921875 0.9703125 0.6828125 0.9796875 0.68125 1 1 1 1 0.7171875
0 0 0.453125 0.0328125 0.4390625 0.0484375 0.4203125 0.0765625 0.425 0.109375 0.45 0.115625 0.490625 0.109375 0.503125 0.1328125 0.5359375 0.128125 0.5546875 0.1140625 0.56875 0.0796875 0.578125 0.025 0.6046875 0.0375 0.646875 0.0796875 0.634375 0.0890625 0.6546875 0.1 0.65625 0.1203125 0.64375 0.1453125 0.640625 0.1734375 0.6265625 0.1921875 0.6015625 0.171875 0.5703125 0.1671875 0.5375 0.1953125 0.5296875 0.1953125 0.5171875 0.1625 0.4796875 0.1453125 0.4328125 0.1484375 0.4046875 0.13125 0.3859375 0.115625 0.3359375 0.09375 0.3203125 0.0484375 0.3015625 0.0359375 0.278125 0.0359375 0.2515625 0.0453125 0.2421875 0.071875 0.2390625 0.084375 0.2421875 0.1125 0.26875 0.1296875 0.2703125 0.140625 0.2578125 0.1421875 0.2328125 0.15625 0.2078125 0.178125 0.203125 0.1953125 0.1796875 0.2078125 0.175 0.221875 0.175 0.2390625 0.1859375 0.2671875 0.18125 0.28125 0.1859375 0.2890625 0.1421875 0.284375 0.121875 0.271875 0.1171875 0.2484375 0.13125 0.2046875 0.1234375 0.1015625 0.146875 0.0203125 0.1546875 0.0125 0.1453125 0.0140625 0.125 0.0265625 0.1125 0.109375 0.10625 0.146875 0.090625 0.2 0.08125 0.2109375 0.0640625 0.23125 0.0546875 0.23125 0.046875 0.2125 0.040625 0.19375 0.0421875 0.16875 0.065625 0.1484375 0.0703125 0.09375 0.046875 0.084375 0.05 0.05625 0.08125 0.0265625 0.078125 0 0.0875 0 0.16875 0.0171875 0.1765625 0.021875 0.2078125 0.0171875 0.2328125 0 0.2453125 0 0.453125
0 0.4390625 0.2265625 0.39375 0.246875 0.2515625 0.284375 0.2421875 0.2890625 0.2421875 0.3 0.253125 0.309375 0.2671875 0.309375 0.43125 0.2671875 0.484375 0.265625 0.5 0.2546875 0.503125 0.23125 0.4953125 0.2234375 0.48125 0.221875 0.4390625 0.2265625
0 1 0.2609375 0.975 0.246875 0.9234375 0.2390625 0.903125 0.2 0.8765625 0.1953125 0.8609375 0.1796875 0.8359375 0.1765625 0.83125 0.1875 0.8421875 0.2421875 0.8625 0.240625 0.8828125 0.253125 0.8859375 0.26875 0.8765625 0.2921875 0.8890625 0.3015625 0.921875 0.3078125 0.975 0.3359375 1 0.3375 1 0.2609375
0 0.3203125 0.671875 0.2890625 0.6625 0.2828125 0.6890625 0.2640625 0.709375 0.275 0.7703125 0.2140625 0.796875 0.175 0.7953125 0.1515625 0.8078125 0.1453125 0.8203125 0.1625 0.846875 0.178125 0.8484375 0.1921875 0.8375 0.2125 0.8375 0.225 0.8453125 0.234375 0.8625 0.240625 0.8625 0.265625 0.8328125 0.2921875 0.83125 0.33125 0.8171875 0.346875 0.7796875 0.321875 0.7609375 0.31875 0.7328125 0.3234375 0.71875 0.3375 0.7046875 0.3546875 0.6984375 0.3671875 0.678125 0.3703125 0.6609375 0.3609375 0.6546875 0.3203125 0.671875
0 0.584375 0.7 0.54375 0.71875 0.4765625 0.7734375 0.3890625 0.8 0.375 0.809375 0.371875 0.81875 0.428125 0.8265625 0.478125 0.846875 0.5046875 0.865625 0.515625 0.865625 0.5234375 0.8578125 0.525 0.8265625 0.540625 0.78125 0.559375 0.75625 0.5828125 0.75 0.6078125 0.753125 0.6296875 0.7796875 0.6578125 0.7859375 0.675 0.7765625 0.6875 0.7421875 0.709375 0.734375 0.7109375 0.715625 0.6984375 0.690625 0.684375 0.68125 0.659375 0.68125 0.584375 0.7
0 0.28125 1 0.275 0.9828125 0.2359375 0.9390625 0.2359375 0.878125 0.23125 0.86875 0.1859375 0.884375 0.1578125 0.8609375 0.1234375 0.853125 0.090625 0.8609375 0.0328125 0.8921875 0.025 0.9171875 0 0.9375 0 1 0.28125 1
0 0.7365257890625 0.30413693125 0.7008237734375 0.3237678265625 0.6865430484374999 0.3648142890625 0.6437006015625 0.3844452515625 0.6704771140625 0.4165685671875 0.6794026171875001 0.43263025781250003 0.806144884375 0.38266058125 0.7775831625 0.361245084375 0.81149996875 0.3380448484375 0.80971503125 0.3166293515625 0.759374959375 0.304017859375 0.7365257890625 0.3023522609375 0.7365257890625 0.30413693125
0 0.7900788140625 0.42906098593750003 0.8079298218750001 0.42906098593750003 0.8168553265625 0.4379841328125 0.8561274890625 0.4593996984375 0.840061690625 0.477245990625 0.8543425515624999 0.5165077828125 0.8507724046874999 0.5450618921875 0.8971848625 0.5754006046875 0.9293167312499999 0.5486311640625 0.8953999250000001 0.500446159375 0.893614715625 0.43263025781250003 0.8257808296875 0.3933683984375 0.7186747812500001 0.4361994625 0.759374959375 0.4357142875 0.7900788140625 0.42906098593750003
0 0.6865430484374999 0.477245990625 0.7370535312500001 0.4357142875 0.661551609375 0.4629689015625 0.6865430484374999 0.477245990625
0 0.55 1 0.5328125 0.996875 0.521875 0.9875 0.515625 0.9734375 0.5265625 0.9484375 0.5171875 0.9390625 0.4859375 0.9359375 0.3984375 0.9640625 0.3484375 1 0.55 1
0 0.10817035781249999 0.6200163390625 0.1510128046875 0.6485705171875 0.179574390625 0.652139653125 0.21884655468749997 0.6253702125 0.21026781562500002 0.569642859375 0.174219034375 0.5878929562499999 0.10817035781249999 0.6200163390625
0 0.0564024078125 0.6896168421875 0.0724683421875 0.7181709515625 0.0921044234375 0.6610628000000001 0.08526781562499999 0.6388392875 0.04390675625 0.6574936640625 0.0564024078125 0.6896168421875
0 0.00463445625 0.8074023515625001 0.031410968750000004 0.7752790359375 0.020700390625000002 0.7556482765625 0.0403364734375 0.7306633031249999 0.027840821874999998 0.6860475687500001 0.00267853125 0.6991071453125 0.00463445625 0.8074023515625001