1 0.20625 0.48359375 0.1078125 0.146875
1 0.48515625 0.384375 0.0671875 0.053125
1 0.20546875 0.37265625 0.103125 0.084375
1 0.4390625 0.19921875 0.059375 0.0609375
1 0.6265625 0.36796875 0.0515625 0.0671875
1 0.10703125 0.79453125 0.075 0.0796875
1 0.865625 0.440625 0.0875 0.0921875
1 0.52578125 0.49453125 0.109375 0.1234375
1 0.1203125 0.709375 0.065625 0.0515625
1 0.49375 0.325 0.0328125 0.046875
1 0.046875 0.709375 0.0546875 0.0484375
1 0.21328125 0.696875 0.04375 0.0515625
1 0.2375 0.2296875 0.0671875 0.071875
1 0.08671875 0.4125 0.046875 0.0359375
0 1 0.53515625 0.98828125 0.5359375 0.97265625 0.5234375 0.93828125 0.515625 0.92109375 0.528125 0.88046875 0.5265625 0.86484375 0.5453125 0.85859375 0.5328125 0.82734375 0.5203125 0.78515625 0.5234375 0.78046875 0.53125 0.75390625 0.521875 0.740625 0.49921875 0.7453125 0.47890625 0.7578125 0.46171875 0.75 0.43984375 0.7375 0.43359375 0.7375 0.42265625 0.7234375 0.40390625 0.703125 0.35546875 0.6765625 0.32578125 0.6765625 0.27578125 0.65859375 0.25 0.63828125 0.2484375 0.61171875 0.2359375 0.59609375 0.240625 0.56875 0.26796875 0.58984375 0.2859375 0.61171875 0.2828125 0.62421875 0.2921875 0.64375 0.34921875 0.6640625 0.35703125 0.6703125 0.38046875 0.6640625 0.40390625 0.65390625 0.41875 0.6421875 0.42109375 0.65390625 0.4296875 0.68203125 0.43125 0.6875 0.43671875 0.6890625 0.45859375 0.703125 0.47421875 0.7140625 0.51328125 0.65234375 0.5203125 0.640625 0.53203125 0.6375 0.54609375 0.6453125 0.58515625 0.63984375 0.59375 0.6265625 0.58671875 0.6109375 0.54296875 0.59296875 0.5328125 0.5890625 0.55390625 0.57421875 0.5578125 0.5739452515625 0.5581250703125 0.49805356562499997 0.5594880296875 0.4859375 0.55546875 0.4821837609375 0.5569477171874999 0.48607853749999996 0.5308596015625 0.4890625 0.51796875 0.4796875 0.51171875 0.4734375 0.48515625 0.471875 0.44140625 0.49140625 0.4390625 0.4984375 0.44765625 0.50625 0.48359375 0.503125 0.51171875 0.51171875 0.5171875 0.5296875 0.51171875 0.5203125 0.46640625 0.52265625 0.4515625 0.55390625 0.446875 0.56953125 0.43125 0.60859375 0.43125 0.6359375 0.42109375 0.61953125 0.4 0.58203125 0.403125 0.553125 0.35859375 0.54609375 0.3328125 0.5171875 0.33984375 0.515625 0.36015625 0.5234375 0.39140625 0.51484375 0.40625 0.47109375 0.4078125 0.46640625 0.4203125 0.4546875 0.41953125 0.4578125 0.40859375 0.45 0.40390625 0.45 0.37265625 0.45390625 0.3609375 0.4765625 0.35703125 0.478125 0.30703125 0.49296875 0.303125 0.51484375 0.315625 0.5171875 0.29921875 0.5359375 0.28671875 0.540625 0.26796875 0.51328125 0.2578125 0.48984375 0.2734375 0.43203125 0.275 0.4234375 0.26484375 0.421875 0.22265625 0.415625 0.21640625 0.4078125 0.18046875 0.39921875 0.178125 0.39296875 0.1859375 0.38359375 0.1859375 0.365625 0.16953125 0.3625 0.14296875 0.371875 0.11328125 0.3578125 0.09921875 0.3543529578125 0.10574046875000001 0.35539424999999997 0.12760218125 0.347584434375 0.1281227109375 0.337171346875 0.11927391875 0.3465431421875 0.11927391875 0.3408159515625 0.09793271406250001 0.336130053125 0.0922070375 0.3215517140625 0.0708658515625 0.32332194531249997 0.0690960890625 0.33873332500000003 0.0729479078125 0.349667059375 0.07502998281249999 0.3626834203125 0.0635786078125 0.3578125 0.04765625 0.3796875 0.04296875 0.375 0.01484375 0.35703125 0 0.35390625 0.0046875 0.35234375 0 0.29628764687500003 0.0003384609375 0.29580704999999996 0.0229208765625 0.28571437187500004 0.029647562500000002 0.2693738265625 0.028206143750000003 0.265625 0.00546875 0.265625 0.03359375 0.2650483828125 0.0406985328125 0.280427734375 0.0334913765625 0.28955918281250004 0.0368547203125 0.2943652234375 0.051749503125 0.28763679531249997 0.0623200046875 0.2684126328125 0.05847618125 0.265625 0.06796875 0.27578125 0.0765625 0.28571437187500004 0.072410025 0.3010936875 0.08057813124999999 0.311186365625 0.0983557890625 0.28571437187500004 0.10796533125 0.29628764687500003 0.11469201874999999 0.2986906671875 0.126703946875 0.301574284375 0.133430615625 0.2953125 0.14140625 0.2929234328125 0.14544254375000001 0.2833113515625 0.16370067187499998 0.270815653125 0.14880588749999998 0.2671875 0.15234375 0.2609375 0.18828125 0.2671875 0.21640625 0.2796875 0.23046875 0.27890625 0.2484375 0.23515625 0.25 0.22890625 0.265625 0.19453125 0.2640625 0.1875 0.24921875 0.1875 0.21171875 0.2046875 0.18828125 0.17734375 0.1859375 0.16953125 0.171875 0.15078125 0.171875 0.1640625 0.17734375 0.1578125 0.17890625 0.16171875 0.1859375 0.1484375 0.18828125 0.1625 0.19296875 0.1578125 0.23046875 0.171875 0.24453125 0.175 0.26328125 0.1703125 0.27109375 0.12578125 0.275 0.10546875 0.265625 0.109375 0.27109375 0.09296875 0.2796875 0.08984375 0.2890625 0.07109375 0.2890625 0.0578125 0.27890625 0.0578125 0.26328125 0.06796875 0.25 0.078125 0.25078125 0.07890625 0.2640625 0.0859375 0.26015625 0.08125 0.25703125 0.084375 0.24453125 0.0734375 0.23203125 0.069179515625 0.21677659375 0.0730243625 0.1989989546875 0.0860006578125 0.1850651109375 0.090625 0.19296875 0.109375 0.18671875 0.1109375 0.15546875 0.09765625 0.1546875 0.0953125 0.14453125 0.097054565625 0.1341345421875 0.110992090625 0.13509549999999998 0.11796875 0.1265625 0.15703125 0.1203125 0.20078125 0.125 0.20078125 0.115625 0.1828125 0.11484375 0.18984375 0.10625 0.20078125 0.1125 0.21171875 0.109375 0.203125 0.09765625 0.21875 0.08671875 0.20390625 0.084375 0.20390625 0.0921875 0.18984375 0.09375 0.1875 0.07890625 0.18046875 0.0765625 0.171875 0.09453125 0.1796875 0.09921875 0.16875 0.10234375 0.16796875 0.115625 0.12734375 0.1171875 0.1028218 0.0966573296875 0.12444898281250001 0.09569637187499999 0.1278132328125 0.10050114375000001 0.149440415625 0.101942571875 0.16481973125 0.099059715625 0.16626155781250002 0.0961768421875 0.14030893125 0.0947354140625 0.134375 0.08984375 0.1328125 0.06640625 0.15625 0.05703125 0.15328522656250002 0.0298710015625 0.1475179921875 0.04716818125 0.136464084375 0.0519729515625 0.135502890625 0.030831951562499998 0.1453125 0.02109375 0.1436731453125 0.009690959374999999 0.1523240328125 0.018339553124999998 0.1640625 0.01015625 0.1625 0.00078125 0.14609375 0 0.13046875 0.015625 0.12265625 0.015625 0.1296875 0.01953125 0.1171875 0.02421875 0.1140625 0.04296875 0.0984375 0.05546875 0.109375 0.06640625 0.109375 0.07578125 0.103125 0.07890625 0.1078125 0.08359375 0.09375 0.09453125 0.0984375 0.09921875 0.09140625 0.1078125 0.078125 0.11015625 0.084375 0.11484375 0.078125 0.11640625 0.075 0.14609375 0.0720631328125 0.15959986406249999 0.0625 0.16640625 0.0609375 0.20234375 0.0587010046875 0.23195179531250001 0.0399574390625 0.25117087968749996 0.040625 0.26328125 0.02421875 0.2796875 0 0.28046875 0 0.308993903125 0.0120823890625 0.325810603125 0.008718175 0.3392639953125 0 0.3459906453125 0 0.3604049421875 0.0120823890625 0.3690535453125 0.0140048125 0.38250691875 0.0212138734375 0.3786630875 0.02129916875 0.3772347625 0.03419016875 0.38923356875000004 0.029384128125 0.40508932968750005 0.0409186328125 0.4116670453125 0.046205270312500005 0.4256008890625 0.035151398437499995 0.4356909015625 0.0216944703125 0.43280804531249994 0.0212138734375 0.41839373125 0.028903531249999996 0.40638180312500005 0.023136296875 0.3996551171875 0.0111211953125 0.40878418906249997 0 0.42704231718749996 0 0.4430470296875 0 0.58671875 0.03984375 0.5875 0.0375 0.62578125 0.06328125 0.634375 0.071875 0.62578125 0.0703125 0.61171875 0.05625 0.59921875 0.078125 0.56328125 0.0796875 0.55078125 0.09921875 0.5484375 0.1015625 0.56640625 0.11015625 0.575 0.12890625 0.575 0.1390625 0.56015625 0.134375 0.55390625 0.1484375 0.53515625 0.1484375 0.45859375 0.1546875 0.42421875 0.14609375 0.415625 0.13515625 0.415625 0.13046875 0.4234375 0.109375 0.42421875 0.109375 0.44296875 0.12109375 0.4421875 0.1234375 0.45546875 0.13125 0.45859375 0.1234375 0.46328125 0.125 0.50859375 0.11953125 0.5171875 0.0953125 0.51484375 0.0921875 0.49453125 0.084375 0.49140625 0.0875 0.48671875 0.0796875 0.48359375 0.084375 0.47890625 0.07578125 0.4703125 0.05546875 0.478125 0.0546875 0.49453125 0.03671875 0.5015625 0.01015625 0.4921875 0.0046875 0.48203125 0.00625 0.45703125 0.01484375 0.4453125 0.02421875 0.4390625 0.0609375 0.43984375 0.0609375 0.41484375 0.04765625 0.4125 0.0390625 0.39765625 0.046875 0.37734375 0.0625 0.36171875 0.0625 0.34140625 0.06831308593749999 0.3262910734375 0.071875 0.31484375 0.10390625 0.3140625 0.10859375 0.328125 0.12734375 0.328125 0.13046875 0.3234375 0.1421875 0.33359375 0.146875 0.34921875 0.140625 0.36015625 0.15390625 0.3703125 0.17265625 0.3375 0.24765625 0.3328125 0.2546875 0.34453125 0.2559627296875 0.3560506953125 0.2538666625 0.35802979375 0.2484375 0.41328125 0.259375 0.42578125 0.25625 0.56953125 0.271875 0.58203125 0.28051008125 0.6153753640625 0.278125 0.61640625 0.275 0.65546875 0.24296875 0.665625 0.240625 0.68828125 0.25859375 0.7375 0.29140625 0.7453125 0.33046875 0.7375 0.3473075859375 0.7626785265625 0.345756103125 0.763855203125 0.33359375 0.8 0.30078125 0.8 0.290625 0.80859375 0.2859375 0.82734375 0.275 0.83984375 0.2796875 0.84453125 0.26796875 0.846875 0.26328125 0.8609375 0.225 0.84765625 0.23125 0.88984375 0.22421875 0.9 0.21171875 0.9 0.2046875 0.89296875 0.1984375 0.87890625 0.20390625 0.8609375 0.18203125 0.8625 0.17578125 0.86875 0.16953125 0.8625 0.15703125 0.8625 0.14765625 0.846875 0.05703125 0.846875 0.0453125 0.86640625 0.0484375 0.87578125 0.04375 0.88359375 0.03125 0.88203125 0.0390625 0.89140625 0.03203125 0.890625 0.028125 0.90234375 0.0359375 0.90703125 0 0.91015625 0 0.91953125 0.00625 0.92109375 0 0.92734375 0 0.98671875 0.06484375 0.9859375 0.08203125 0.9671875 0.09453125 0.9640625 0.13828125 0.96875 0.16015625 0.925 0.21171875 0.909375 0.2328125 0.93203125 0.228125 0.97421875 0.24765625 0.9796875 0.26328125 1 0.32578125 1 0.3296875 0.98046875 0.33828125 0.971875 0.38353465781249996 0.9616298015625 0.4046875 0.96640625 0.40859375 0.990625 0.43203125 0.990625 0.44453125 1 0.51796875 1 0.5203125 0.98203125 0.57734375 0.93125 0.60234375 0.9234375 0.6110741484375 0.89893625 0.6284410968749999 0.8828443140625 0.63046875 0.8875 0.64296875 0.8890625 0.6703125 0.93828125 0.68984375 0.946875 0.690625 0.90390625 0.70703125 0.8875 0.72578125 0.8828125 0.74296875 0.8890625 0.75390625 0.9078125 0.76015625 0.90625 0.7625 0.89296875 0.7578125 0.88984375 0.7625 0.88671875 0.740625 0.87578125 0.7390625 0.85546875 0.7453125 0.83984375 0.7359375 0.79609375 0.76171875 0.7671875 0.77734375 0.765625 0.7890625 0.78046875 0.796875 0.82578125 0.7828125 0.86953125 0.79765625 0.8703125 0.81171875 0.890625 0.85859375 0.915625 0.87421875 0.915625 0.87890625 0.9078125 0.8921875 0.92890625 0.8921875 0.94609375 0.88671875 0.9546875 0.88203125 0.9390625 0.8828125 0.96171875 0.87734375 0.9640625 0.86953125 0.95625 0.86953125 0.9625 0.8546875 0.96484375 0.86015625 0.9703125 0.84765625 0.9703125 0.84140625 0.9578125 0.82890625 0.9546875 0.80703125 0.95625 0.8078125 0.96171875 0.79296875 0.9703125 0.77578125 0.946875 0.76328125 0.9703125 0.73359375 0.9671875 0.71796875 0.978125 0.70078125 0.978125 0.69921875 0.9734375 0.6890625 0.99765625 1 0.99921875 0.99921875 0.9296875 0.98203125 0.93125 0.97734375 0.9390625 0.97421875 0.9328125 0.96171875 0.9484375 0.95234375 0.946875 0.94765625 0.9546875 0.91484375 0.95625 0.909375 0.94921875 0.909375 0.89453125 0.925 0.88203125 0.92578125 0.875 0.93046875 0.8796875 0.95390625 0.8625 0.97421875 0.86875 1 0.86171875 1 0.78359375 0.990625 0.78515625 0.98828125 0.7984375 0.971875 0.80078125 0.96953125 0.821875 0.9609375 0.82109375 0.96796875 0.815625 0.9390625 0.81640625 0.9375 0.84453125 0.93046875 0.8546875 0.92265625 0.8546875 0.91796875 0.84375 0.91015625 0.846875 0.9078125 0.83203125 0.896875 0.82734375 0.90234375 0.815625 0.9140625 0.81171875 0.90703125 0.7984375 0.896875 0.79609375 0.896875 0.77890625 0.90546875 0.7609375 0.94296875 0.7578125 0.95390625 0.7375 0.98671875 0.721875 1 0.73515625 1 0.53515625
0 0.603125 0.14140625 0.580666121875 0.1027830375 0.578125 0.08203125 0.5640625 0.06953125 0.5484375 0.03828125 0.534375 0.02734375 0.5364505625 0.0172581125 0.52347423125 0.0004414125 0.47265625 0 0.46580174375 0.0129338203125 0.470607784375 0.0335943515625 0.4922349671875 0.015816684375 0.49896343125 0.0417624484375 0.5167457671875 0.027348134375 0.5292415015625 0.03071146875 0.5350087359375 0.0350357609375 0.537892353125 0.049930553125 0.5436596234375 0.0643448671875 0.5249160578125001 0.0744348984375 0.51290095625 0.056176753125 0.512420359375 0.0441648328125 0.49992462499999996 0.049930553125 0.5023276453125 0.0585791375 0.512420359375 0.073473940625 0.5143427468749999 0.083563953125 0.5140625 0.10234375 0.53828125 0.09375 0.55390625 0.1046875 0.5625 0.11953125 0.559375 0.13359375 0.5671875 0.16484375 0.58046875 0.1765625 0.596875 0.17890625 0.60625 0.16015625 0.603125 0.14140625
0 0.9671875 0.44296875 0.9375 0.42421875 0.9109375 0.36953125 0.871875 0.31953125 0.84765625 0.3078125 0.84375 0.31796875 0.85625 0.34140625 0.85625 0.36015625 0.8652184359374999 0.34823091562499997 0.86762145625 0.37081334374999997 0.8724274968750001 0.3842667 0.8700244765624999 0.39243481562500004 0.8825201375 0.41117343125000005 0.89549650625 0.3842667 0.901263740625 0.4006029296875 0.9015625 0.43671875 0.92265625 0.453125 0.93515625 0.440625 0.95703125 0.459375 0.9671875 0.46015625 0.971875 0.45546875 0.9671875 0.44296875
0 0.81796875 0.0140625 0.8140625 0.03046875 0.80078125 0.0296875 0.8 0.03984375 0.8296875 0.06171875 0.8296875 0.01953125 0.81796875 0.0140625
0 1 0.25703125 0.9875 0.24765625 0.984375 0.23671875 0.97734375 0.2359375 0.97109375 0.25 0.95078125 0.25 0.9515625 0.26015625 0.97421875 0.28125 0.98515625 0.2828125 0.99375 0.29765625 1 0.29140625 1 0.25703125
0 0.61328125 0 0.65625 0.03828125 0.659375 0.05703125 0.67109375 0.0578125 0.675 0.07421875 0.6828125 0.07578125 0.69140625 0.0609375 0.71796875 0.0609375 0.71875 0.05546875 0.708060884375 0.044072099999999996 0.7018130171875 0.0493573421875 0.6864337015624999 0.043591621875 0.6854725078125 0.028696828125 0.690625 0.02890625 0.678125 0.00703125 0.67109375 0 0.61328125 0
0 1 0.15546875 0.88203125 0.0609375 0.84921875 0.04375 0.8375 0.06796875 0.84375 0.08203125 0.93671875 0.1671875 0.9421875 0.14140625 0.95859375 0.1390625 0.971875 0.15390625 0.959375 0.17734375 0.9609375 0.19296875 1 0.21953125 1 0.15546875
0 0.8296875 0.20078125 0.8359375 0.20234375 0.83203125 0.1875 0.8296875 0.20078125
0 0.8652184359374999 0.22377053593750001 0.842630059375 0.212719565625 0.8368627515625 0.230497259375 0.85704818125 0.262208725 0.875 0.24921875 0.88155894375 0.246833453125 0.8652184359374999 0.22377053593750001
0 0.8301343234375 0.2357824640625 0.8390625 0.22109375 0.839265771875 0.206473403125 0.8243670890624999 0.21944625312500002 0.8234375 0.23359375 0.8140625 0.28828125 0.84375 0.27578125 0.8301343234375 0.2357824640625
0 0.7306492609374999 0.263650134375 0.7397807453125 0.263650134375 0.7436255921875 0.2751815921875 0.7441061890625 0.287673990625 0.74921875 0.296875 0.76171875 0.2765625 0.7801515671875 0.27950589375 0.7984375 0.27578125 0.796875 0.23203125 0.8125 0.21796875 0.815625 0.20234375 0.825 0.19453125 0.8015625 0.14765625 0.76171875 0.1046875 0.74609375 0.1 0.72578125 0.1 0.71875 0.10703125 0.72265625 0.115625 0.7359375 0.11796875 0.74170316875 0.13584322499999998 0.7515625 0.15390625 0.765625 0.15859375 0.765625 0.17578125 0.7578125 0.18515625 0.79453125 0.1859375 0.7960114421875 0.2007076375 0.7883217484375 0.219926721875 0.78203125 0.221875 0.77109375 0.2296875 0.74609375 0.2265625 0.73828125 0.240625 0.72265625 0.2390625 0.71953125 0.228125 0.70703125 0.2296875 0.709375 0.25703125 0.6950845890624999 0.257403953125 0.6624034984375 0.25596250781249996 0.680185834375 0.2790254234375 0.70703125 0.2828125 0.7140625 0.30078125 0.7265625 0.30390625 0.7244014296875 0.2852716046875 0.7306492609374999 0.263650134375