1 0.8078125 0.6015625 0.1109375 0.1078125
1 0.7015625 0.4828125 0.071875 0.0671875
1 0.30078125 0.328125 0.028125 0.034375
1 0.60703125 0.48125 0.04375 0.071875
1 0.9390625 0.9703125 0.0671875 0.059375
1 0.9296875 0.52734375 0.0875 0.0671875
1 0.025 0.49296875 0.05 0.0671875
1 0.11796875 0.4609375 0.059375 0.04375
1 0.06640625 0.49296875 0.028125 0.0296875
1 0.1640625 0.43984375 0.0375 0.04375
1 0.3703125 0.2484375 0.0390625 0.0296875
1 0.68359375 0.303125 0.0359375 0.0484375
1 0.75625 0.325 0.0546875 0.05
1 0.88203125 0.31640625 0.0609375 0.0421875
1 0.90546875 0.39765625 0.0828125 0.065625
1 0.98359375 0.36640625 0.0328125 0.0578125
1 0.8609375 0.49140625 0.059375 0.071875
1 0.7875 0.4734375 0.0484375 0.053125
1 0.9515625 0.4796875 0.059375 0.04375
1 0.34375 0.28984375 0.0453125 0.028125
1 0.628125 0.3078125 0.025 0.0265625
0 1 0.62109375 0.85859375 0.5625 0.83671875 0.5609375 0.85 0.59609375 0.846875 0.61640625 0.8609375 0.63828125 0.8609375 0.65078125 0.84296875 0.6578125 0.83828125 0.6734375 0.80390625 0.678125 0.79375 0.66796875 0.796875 0.64453125 0.7609375 0.56484375 0.76796875 0.55625 0.81640625 0.5546875 0.81875 0.54921875 0.80546875 0.540625 0.76953125 0.5296875 0.71015625 0.553125 0.68828125 0.540625 0.67578125 0.5453125 0.61484375 0.534375 0.60859375 0.525 0.59296875 0.521875 0.578125 0.56484375 0.56640625 0.5640625 0.5515625 0.55390625 0.5421875 0.53515625 0.546875 0.48671875 0.53671875 0.4875 0.5328125 0.48203125 0.5328125 0.42265625 0.5171875 0.40703125 0.5171875 0.37734375 0.53125 0.34296875 0.5296875 0.31328125 0.49140625 0.3109375 0.48125 0.38203125 0.4453125 0.45703125 0.403125 0.57421875 0.365625 0.64609375 0.3578125 0.69609375 0.24375 0.99921875 0.91328125 1 0.9234375 0.95546875 0.93515625 0.94375 0.95234375 0.946875 0.9609375 0.95703125 0.97265625 1 1 0.99921875 1 0.75546875 0.98125 0.75390625 1 0.75234375 1 0.62109375
0 0 0.90703125 0.0046875 0.91171875 0.1 0.78515625 0.1015625 0.77421875 0.090625 0.75703125 0.09375 0.74296875 0.10234375 0.734375 0.12265625 0.7421875 0.1375 0.72890625 0.1984375 0.64453125 0.19375 0.61484375 0.19921875 0.609375 0.21484375 0.6125 0.225 0.60703125 0.2390625 0.57734375 0.25 0.57109375 0.2609375 0.55078125 0.259375 0.52890625 0.27734375 0.5296875 0.3078125 0.48984375 0.3046875 0.47109375 0.3171875 0.45703125 0.31171875 0.4453125 0.28984375 0.44375 0.28046875 0.453125 0.24140625 0.453125 0.2171875 0.47265625 0.20703125 0.4890625 0.16171875 0.5234375 0.13828125 0.528125 0.09296875 0.565625 0.0515625 0.58046875 0.0546875 0.59921875 0.06875 0.60859375 0.075 0.64921875 0.09609375 0.6515625 0.11328125 0.6453125 0.115625 0.65859375 0.08046875 0.6859375 0.04921875 0.6890625 0.034375 0.70078125 0.040625 0.72109375 0.01875 0.74453125 0 0.78359375 0 0.90703125
0 0.3984375 0.34296875 0.35859375 0.3328125 0.33984375 0.359375 0.296875 0.38046875 0.3078125 0.38359375 0.38046875 0.3765625 0.3984375 0.34296875
0 0.571875 0.37109375 0.5890625 0.35234375 0.58828125 0.34375 0.57578125 0.3421875 0.5671875 0.33359375 0.5828125 0.29921875 0.57734375 0.2734375 0.5671875 0.27734375 0.5765625 0.28515625 0.553125 0.32265625 0.546875 0.37421875 0.534375 0.40859375 0.53828125 0.4265625 0.54921875 0.425 0.56171875 0.4375 0.571875 0.43671875 0.5765625 0.42421875 0.571875 0.37109375
0 0.079608771875 1 0.350944040625 0.50936930625 0.337499959375 0.489285715625 0 1 0.079608771875 1
0 0.143872375 1 0.1617233828125 0.9698037296875001 0.1777893171875 0.9715883312500001 0.27061450468750003 0.7984792046875 0.26882943125000003 0.7717098328125 0.258118853125 0.761002015625 0.27239957812500004 0.75207886875 0.279540009375 0.7627866859375 0.384860984375 0.5272155984375 0.36205353125 0.5183035734375 0.0885342765625 1 0.143872375 1