1 0.63515625 0.9671875 0.096875 0.065625
1 0.42109375 0.8015625 0.140625 0.16875
1 0.3109375 0.83671875 0.1328125 0.1328125
1 0.17578125 0.89765625 0.1171875 0.1734375
1 0.0640625 0.9265625 0.128125 0.146875
1 0.7296875 0.61015625 0.1171875 0.109375
1 0.6953125 0.51171875 0.1328125 0.1171875
1 0.66953125 0.40703125 0.1328125 0.0890625
1 0.634375 0.31796875 0.109375 0.0859375
1 0.58984375 0.22734375 0.1046875 0.1046875
1 0.78515625 0.0578125 0.0984375 0.0890625
1 0.8375 0.12890625 0.115625 0.0765625
1 0.9015625 0.29296875 0.1234375 0.090625
1 0.94296875 0.38203125 0.1140625 0.1046875
1 0.3515625 0.24375 0.0984375 0.08125
1 0.22265625 0.26953125 0.109375 0.1015625
1 0.109375 0.25 0.096875 0.1
1 0.084375 0.15234375 0.0984375 0.075
1 0.071875 0.09296875 0.08125 0.0671875
1 0.32421875 0.06796875 0.0734375 0.0828125
0 0.9609375 1 0.9671875 0.9875 0.9484375 0.9671875 0.9140625 0.9546875 0.9061103671874999 0.9454346671874999 0.893614715625 0.9275883734375 0.871875 0.9203125 0.8703125 0.890625 0.853125 0.8765625 0.85 0.815625 0.861482846875 0.7937410375 0.8561274890625 0.7616177234375 0.89182950625 0.7437714296875 0.8686234125000001 0.70272496875 0.832921396875 0.7205712609375 0.802574465625 0.7402021578125 0.7625 0.8078125 0.73125 0.8109375 0.684375 0.8 0.66875 0.7859375 0.6453125 0.68125 0.6140625 0.6265625 0.6 0.58125 0.58657729375 0.555153934375 0.5687262859375 0.5158921421875 0.5401646999999999 0.4694917390625 0.5223136921875 0.4230915390625 0.497322253125 0.36062951249999997 0.48839675 0.32672139218749996 0.4598351640625 0.2981674859375 0.41163749687499995 0.3124443703125 0.3203125 0.40625 0.2109375 0.428125 0.15 0.4328125 0.0984375 0.4296875 0.0859375 0.4171875 0.08125 0.396875 0.0734375 0.3890625 0 0.3515625 0 0.4140625 0.0375 0.4625 0.059375 0.5078125 0.059375 0.590625 0.0875 0.6078125 0.084375 0.6296875 0.0703125 0.646875 0.0671875 0.690625 0.0796875 0.7375 0.09375 0.7640625 0.1015625 0.7703125 0.146875 0.778125 0.1859375 0.775 0.190625 0.76875 0.1921875 0.709375 0.2109375 0.6875 0.253125 0.6875 0.284375 0.728125 0.34375 0.7234375 0.415625 0.696875 0.465625 0.690625 0.4921875 0.7078125 0.5125 0.7421875 0.4723309515625 0.75804845 0.49375210625 0.8044487859375 0.5026776109375 0.8365721687500001 0.5026776109375 0.9043880703125 0.5562306343750001 0.8901110484375 0.5812220734375 0.8954649234375 0.58657729375 0.91509581875 0.6 0.91875 0.596875 0.928125 0.5984375 0.940625 0.628125 0.946875 0.65 0.9671875 0.6625 0.9703125 0.671875 0.9578125 0.6890625 0.9671875 0.7168899796875 1 0.7525918609375 1 0.7668724484375 1 0.78472345625 1 0.7921875 1 0.9609375 1