1 0.2375 0.746875 0.1140625 0.090625
1 0.33046875 0.35234375 0.06875 0.05
1 0.1734375 0.0640625 0.0625 0.0640625
1 0.01484375 0.82421875 0.0265625 0.0703125
1 0.7640625 0.57109375 0.0578125 0.040625
1 0.73671875 0.44296875 0.0625 0.0375
1 0.7984375 0.5109375 0.046875 0.0375
1 0.5171875 0.56796875 0.0640625 0.040625
1 0.13046875 0.61484375 0.0484375 0.06875
1 0.75234375 0.121875 0.05 0.0296875
1 0.2203125 0.15625 0.0515625 0.021875
1 0.59453125 0.6578125 0.0421875 0.0375
1 0.55625 0.61875 0.0421875 0.0359375
1 0.5 0.64921875 0.028125 0.028125
1 0.22890625 0.31328125 0.0390625 0.034375
1 0.025 0.3953125 0.0390625 0.040625
0 0.81484375 1 1 0.99921875 0.99921875 0.684375 0.96015625 0.6984375 0.92421875 0.7203125 0.86796875 0.7296875 0.81015625 0.7640625 0.70234375 0.80625 0.65078125 0.81875 0.646875 0.82734375 0.6859375 0.88046875 0.6859375 0.89453125 0.67578125 0.903125 0.62421875 0.903125 0.57265625 0.871875 0.54609375 0.8625 0.53359375 0.84375 0.5218674921875001 0.7965027484375 0.3603158140625 0.8562878390625001 0.32461379687499997 0.77597951875 0.2906969234375 0.7840103296875001 0.29605221249999997 0.8170259796874999 0.2246481796875 0.8348722734375 0.231656803125 0.8459864625 0.2273258578125 0.84290311875 0.1487813953125 0.866995621875 0.14610371718749998 0.8598570765625 0.13450060156250002 0.8348722734375 0.0389977015625 0.867887921875 0.0354275546875 0.891088090625 0.0140062625 0.9026882078125 0 0.8973343 0.0006180078125000001 0.9151805921875 0.030072198437499996 0.9267806765625 0.030072198437499996 0.9392730953124999 0.041675346875000005 0.9660426046874999 0.028287090625 0.9803195562499999 0 0.98210419375 0 0.9999504859374999 0.4718846140625 1 0.45403360625 0.975857984375 0.4531410703125 0.9508731796875001 0.47109375 0.9234375 0.49140625 0.9015625 0.50546875 0.9 0.56171875 0.915625 0.60625 0.95703125 0.6078125 0.96796875 0.5984375 0.98203125 0.60078125 1 0.66484375 1 0.69140625 0.978125 0.71484375 0.971875 0.73359375 0.9734375 0.75703125 1 0.81484375 1