1 0.56796875 0.74453125 0.0390625 0.0390625
1 0.9578125 0.1859375 0.084375 0.09375
1 0.23828125 0.76875 0.0734375 0.046875
1 0.9609375 0.7203125 0.0625 0.0484375
1 0.63046875 0.51484375 0.034375 0.028125
1 0.3328125 0.72578125 0.040625 0.0421875
1 0.85625 0.68125 0.0296875 0.028125
1 0.9015625 0.7390625 0.0453125 0.040625
1 0.915625 0.63984375 0.0203125 0.028125
1 0.94765625 0.6375 0.0296875 0.028125
1 0.425 0.4546875 0.040625 0.0296875
1 0.1203125 0.74375 0.05625 0.0453125
0 0.05078125 0.6703125 0.04296875 0.6765625 0.03984375 0.6703125 0.015625 0.70390625 0.01953125 0.7 0.0515625 0.72734375 0.0734375 0.68359375 0.05078125 0.6703125
0 0.16484375 0.715625 0.175 0.69140625 0.1625 0.68671875 0.16015625 0.675 0.14140625 0.6703125 0.13828125 0.6921875 0.1125 0.69140625 0.1046875 0.71171875 0.1046875 0.71953125 0.1125 0.71953125 0.14140625 0.7125 0.16484375 0.715625
0 0.26953125 0.6765625 0.25234375 0.6765625 0.23984375 0.6859375 0.21640625 0.6765625 0.209375 0.68046875 0.203125 0.71328125 0.2171875 0.72265625 0.2125 0.75078125 0.2234375 0.75078125 0.271875 0.74296875 0.26953125 0.6765625
0 0.95546875 0.7546875 0.95390625 0.775 0.94296875 0.765625 0.89296875 0.76875 0.8921875 0.78046875 0.87734375 0.7921875 0.80546875 0.7984375 0.77265625 0.7984375 0.75390625 0.7890625 0.70390625 0.7921875 0.67578125 0.7765625 0.65546875 0.7734375 0.653125 0.79296875 0.64453125 0.7921875 0.62265625 0.8140625 0.57734375 0.8125 0.54609375 0.815625 0.53046875 0.825 0.46953125 0.828125 0.4484375 0.81953125 0.4328125 0.78046875 0.43125 0.76953125 0.446875 0.75390625 0.434375 0.73359375 0.4296875 0.70078125 0.42109375 0.690625 0.40859375 0.6875 0.40390625 0.6765625 0.39296875 0.675 0.390625 0.68671875 0.37734375 0.690625 0.3734375 0.70234375 0.3859375 0.73203125 0.3984375 0.74453125 0.3953125 0.75546875 0.41328125 0.8140625 0.38984375 0.79375 0.3765625 0.78984375 0.37265625 0.7578125 0.3703125 0.77421875 0.36640625 0.7671875 0.3625 0.76953125 0.36484375 0.790625 0.32890625 0.78125 0.32265625 0.79375 0.31171875 0.7765625 0.29453125 0.803125 0.20703125 0.796875 0.203125 0.76796875 0.20859375 0.7515625 0.196875 0.75390625 0.18125 0.79765625 0.15703125 0.8109375 0.1453125 0.81015625 0.13828125 0.790625 0.12265625 0.796875 0.09921875 0.7953125 0.08203125 0.7765625 0.06015625 0.815625 0.03828125 0.8125 0.03125 0.80390625 0.02890625 0.784375 0 0.81171875 0.00078125 1 1 0.99921875 0.99921875 0.7578125 0.95546875 0.7546875
0 0.171875 0.26015625 0.1359611375 0.255577221875 0.1241230796875 0.24571479687500003 0.0925549859375 0.24571479687500003 0.06953658124999999 0.240454815625 0 0.22890625 0.00078125 0.2375 0.01640625 0.2421875 0.03203125 0.259375 0.04609375 0.2625 0.05769855 0.2814463515625 0.09452801250000001 0.29722621718750003 0.15078125 0.2765625 0.171875 0.26015625
0 0 0.16512868593750002 0.05859375 0.1546875 0.05625 0.16328125 0.07734375 0.171875 0.18984375 0.19375 0.25390625 0.190625 0.29921875 0.196875 0.3484375 0.21484375 0.39140625 0.1984375 0.4046875 0.18671875 0.315625 0.16640625 0.32265625 0.1578125 0.3546875 0.14921875 0.3640348078125 0.1400441375 0.40211696718749995 0.1305261015625 0.4056871609375 0.1221978453125 0.360464615625 0.1216029546875 0.336663271875 0.1245773375 0.30390625 0.1265625 0.19296875 0.1328125 0.16953125 0.1390625 0.0935982609375 0.137513890625 0.0324351 0.140801365625 0 0.14609375 0 0.16512868593750002
0 1 0.24765625 0.92578125 0.2265625 0.91484375 0.2359375 0.90703125 0.2296875 0.88359375 0.25625 0.86640625 0.259375 0.8640625 0.23671875 0.8890625 0.20078125 0.87421875 0.19375 0.84296875 0.1828125 0.83203125 0.1859375 0.81328125 0.1734375 0.78359375 0.1703125 0.74609375 0.15625 0.56953125 0.1265625 0.41171875 0.1203125 0.3921875 0.12734375 0.41484375 0.1390625 0.44765625 0.1453125 0.45625 0.15859375 0.45703125 0.1875 0.57421875 0.2140625 0.59296875 0.2109375 0.61171875 0.21875 0.62265625 0.2140625 0.62890625 0.2203125 0.65234375 0.2265625 0.66328125 0.2234375 0.66796875 0.2328125 0.70703125 0.2421875 0.72734375 0.2328125 0.73203125 0.2484375 0.74453125 0.2484375 0.75 0.23359375 0.75859375 0.23125 0.765625 0.23671875 0.765625 0.25390625 0.78515625 0.2640625 0.80078125 0.246875 0.81015625 0.2484375 0.81640625 0.2609375 0.85390625 0.2578125 0.8640625 0.26484375 0.87578125 0.290625 0.89453125 0.2890625 0.92890625 0.2984375 0.9390625 0.31015625 0.94296875 0.334375 1 0.35703125 1 0.24765625
0 0.94453125 0.69375 0.9563415578125 0.6744285343749999 0.97409859375 0.667853584375 0.9642335624999999 0.654703684375 0.93359375 0.653125 0.92734375 0.659375 0.91171875 0.65625 0.903125 0.63515625 0.91796875 0.6140625 0.92421875 0.6125 0.92734375 0.621875 0.93828125 0.6234375 0.95703125 0.6078125 0.96640625 0.6484375 0.975 0.64453125 0.9640625 0.63515625 0.96953125 0.6125 0.975 0.61171875 0.97734375 0.6265625 0.98515625 0.621875 0.99921875 0.63125 1 0.5568118625 0.9542095234374999 0.5107872125 0.8858120156249999 0.5035547765625 0.9640625 0.59296875 0.95703125 0.603125 0.94765625 0.5984375 0.8546875 0.48828125 0.853125 0.47734375 0.85546875 0.471875 0.86640625 0.471875 0.90390625 0.484375 0.94453125 0.4890625 0.97578125 0.503125 0.98203125 0.5140625 0.99921875 0.5234375 1 0.36484375 0.95546875 0.34375 0.93359375 0.3421875 0.92109375 0.3515625 0.89453125 0.3515625 0.84765625 0.33125 0.7796875 0.44609375 0.7421875 0.52265625 0.7296875 0.53515625 0.7046875 0.59140625 0.69375 0.60078125 0.703125 0.60859375 0.6875 0.61328125 0.70859375 0.61875 0.72265625 0.6296875 0.75859375 0.625 0.77265625 0.6390625 0.79609375 0.6359375 0.81171875 0.640625 0.83671875 0.634375 0.840625 0.64453125 0.828125 0.64765625 0.83671875 0.6640625 0.86640625 0.665625 0.88359375 0.7 0.9234375 0.71953125 0.9171875 0.71015625 0.94453125 0.69375
0 0.60741501875 0.6996838953125 0.6069343859375 0.6838281359375 0.61328125 0.6734375 0.6319257828125 0.672296678125 0.6410573046875 0.6852695828125 0.6400961109375001 0.700164365625 0.6843116703125001 0.7232272828124999 0.6891177109375 0.6987229203124999 0.6838310359374999 0.683347665625 0.692001290625 0.6771014484375 0.6948849453125 0.6578823640625 0.6838310359374999 0.6578823640625 0.6708547406250001 0.683347665625 0.643460325 0.66749190625 0.63288705 0.638663296875 0.6314452234375 0.6136784828125 0.63984375 0.603125 0.66015625 0.6015625 0.67421875 0.6109375 0.7059388531249999 0.6156003796875 0.6890625 0.58984375 0.7 0.56484375 0.6453827109375 0.5467264046875 0.62890625 0.56875 0.58515625 0.559375 0.578125 0.55390625 0.5890625 0.53046875 0.573772734375 0.519819675 0.58125 0.50859375 0.6213525078125001 0.46024052187500003 0.739100503125 0.49051057656249997 0.7477513921875001 0.4765767328125 0.628125 0.44765625 0.6357706296875001 0.43093140625000004 0.6689323546875 0.4338142796875 0.678125 0.43984375 0.6765625 0.45234375 0.68203125 0.4546875 0.6970198046875 0.45584046562499997 0.6934431171875 0.456396690625 0.7501544124999999 0.46888910624999997 0.76015625 0.453125 0.77890625 0.4515625 0.796875 0.41796875 0.80625 0.37734375 0.8140625 0.37421875 0.8328125 0.33046875 0.8421875 0.32421875 0.84375 0.30703125 0.83828125 0.3 0.81640625 0.303125 0.78515625 0.2859375 0.76953125 0.3 0.74453125 0.296875 0.68203125 0.3421875 0.66015625 0.3421875 0.62421875 0.365625 0.61640625 0.3625 0.60234375 0.3765625 0.58046875 0.375 0.56953125 0.365625 0.54921875 0.3765625 0.54453125 0.36875 0.52109375 0.3625 0.50703125 0.3671875 0.5015625 0.36171875 0.50234375 0.3734375 0.51328125 0.3703125 0.559375 0.38515625 0.5609375 0.40390625 0.53515625 0.415625 0.53515625 0.421875 0.53828125 0.4171875 0.56171875 0.421875 0.56484375 0.40625 0.58046875 0.4046875 0.590625 0.41015625 0.59140625 0.440625 0.5904890140625 0.4427130953125 0.55546875 0.4375 0.52734375 0.4265625 0.51484375 0.4296875 0.45859375 0.4140625 0.453125 0.40703125 0.4546875 0.38984375 0.490625 0.36640625 0.4597606390625 0.339922740625 0.4860908828125 0.33635348593750003 0.5253631140625 0.32564573750000003 0.49457011875 0.322968765625 0.49010736718750003 0.3131533015625 0.46556223125 0.30779944375 0.448157490625 0.3060147734375 0.4405708265625 0.31404561875 0.4195958703125 0.32430723437500003 0.371398153125 0.309137878125 0.344621640625 0.2966454765625 0.330340846875 0.29976858125 0.35533225156250003 0.3189533765625 0.3740758140625 0.31761487499999996 0.40352997031250004 0.334568884375 0.41245547499999996 0.34126124375 0.4338766984375 0.343938146875 0.4374468796875 0.325199553125 0.4570829953125 0.316722590625 0.46868614375 0.3211841640625 0.4700249828125 0.3309995953125 0.45234375 0.340625 0.415625 0.37734375 0.42421875 0.3921875 0.4328125 0.39296875 0.42890625 0.4 0.36640625 0.4125 0.34375 0.42421875 0.36484375 0.4390625 0.3752832421875 0.4424628640625 0.39066255625 0.42660712187499994 0.410367315625 0.43141189375 0.4390625 0.42890625 0.444490234375 0.43172659687500003 0.38729834375 0.455750453125 0.3930655765625 0.4571918984375 0.43824236718750004 0.44037519999999997 0.45625 0.46328125 0.4125 0.47109375 0.428125 0.48359375 0.4265625 0.49921875 0.41796875 0.509375 0.39296875 0.525 0.37734375 0.525 0.36171875 0.534375 0.33671875 0.5328125 0.29921875 0.540625 0.28671875 0.5625 0.25546875 0.553125 0.23515625 0.5625 0.23046875 0.5515625 0.20546875 0.5515625 0.20234375 0.540625 0.1875 0.54453125 0.18984375 0.565625 0.26328125 0.59375 0.2609375 0.60390625 0.26796875 0.6125 0.284375 0.60859375 0.2765625 0.59765625 0.2890625 0.59765625 0.290625 0.57421875 0.29921875 0.5671875 0.296875 0.57734375 0.30703125 0.575 0.3109375 0.58046875 0.31484375 0.621875 0.32578125 0.621875 0.33046875 0.609375 0.39921875 0.6 0.42109375 0.609375 0.4234375 0.61796875 0.43671875 0.625 0.43984375 0.6125 0.44765625 0.61875 0.44609375 0.640625 0.47421875 0.634375 0.478125 0.62421875 0.49765625 0.6125 0.51953125 0.5875 0.54609375 0.5859375 0.55859375 0.6 0.578125 0.60703125 0.583384815625 0.6309756515625 0.5761757546874999 0.6429875796875 0.584375 0.65234375 0.596875 0.68515625 0.60405080625 0.7217858359375 0.614143446875 0.714098209375 0.627600375 0.7189029812500001 0.60741501875 0.6996838953125
0 0.671875 0.5046875 0.675 0.5109375 0.7203125 0.5203125 0.73125 0.5078125 0.73125 0.4984375 0.6828125 0.4875 0.671875 0.5046875
0 0.6921875 0.55 0.709375 0.553125 0.725 0.5390625 0.725 0.5296875 0.7171875 0.525 0.65 0.5078125 0.6609375 0.528125 0.6921875 0.55
0 0.5359375 0.3046875 0.5390625 0.31875 0.559375 0.321875 0.5890625 0.30625 0.578125 0.296875 0.5578125 0.29375 0.5359375 0.3046875
0 0.615625 0.30625 0.68398290625 0.3250313859375 0.6938009468749999 0.3183390265625 0.7116519546875 0.3054004734375 0.6884456578125 0.3036158375 0.6719334890625001 0.311646665625 0.6451569765625 0.3036158375 0.65625 0.290625 0.64375 0.2890625 0.615625 0.30625