1 0.27109375 0.728125 0.0828125 0.1125
1 0.19296875 0.7484375 0.0703125 0.10625
1 0.40703125 0.50625 0.0828125 0.0421875
1 0.1296875 0.75390625 0.0609375 0.1046875
1 0.546875 0.72265625 0.0609375 0.115625
1 0.625 0.73125 0.06875 0.0859375
1 0.3453125 0.71171875 0.071875 0.0953125
1 0.69296875 0.73515625 0.0703125 0.1
1 0.76953125 0.73828125 0.0671875 0.115625
1 0.1390625 0.57890625 0.1046875 0.053125
1 0.1546875 0.6234375 0.0609375 0.0828125
1 0.8421875 0.7421875 0.0875 0.1390625
1 0.6453125 0.37265625 0.078125 0.0375
1 0.38125 0.596875 0.096875 0.0546875
1 0.65234375 0.6265625 0.0765625 0.0515625
1 0.74921875 0.46171875 0.0890625 0.0390625
1 0.815625 0.59765625 0.0953125 0.0484375
1 0.91328125 0.76640625 0.103125 0.1234375
1 0.53828125 0.61015625 0.0796875 0.0546875
1 0.12109375 0.5125 0.0578125 0.0515625
1 0.5453125 0.5703125 0.0796875 0.0359375
1 0.54609375 0.51953125 0.0828125 0.0390625
1 0.62265625 0.48671875 0.0734375 0.0578125
1 0.61171875 0.42421875 0.0640625 0.0515625
1 0.5421875 0.4328125 0.0453125 0.0453125
1 0.41484375 0.45703125 0.08125 0.053125
1 0.64296875 0.55703125 0.084375 0.0375
0 1 0.6333833624999999 0.9828125 0.6484375 0.953125 0.6359375 0.9414382078125 0.6112707046875 0.9477609953125 0.60721456875 0.94923094375 0.5726767359375 0.92570975 0.5572449390624999 0.918359334375 0.5271162078125 0.9058635390625 0.4940480765625 0.8889575625000001 0.45951024374999994 0.8801370859375 0.42129818124999996 0.909375 0.4078125 0.9015625 0.34375 0.8890625 0.325 0.871875 0.315625 0.83125 0.3015625 0.7953125 0.2984375 0.784375 0.3078125 0.79375 0.33125 0.8265625 0.3625 0.8515625 0.3765625 0.8546875 0.409375 0.84375 0.4515625 0.8296875 0.45 0.784375 0.3984375 0.765625 0.3875 0.7578125 0.334375 0.75 0.3203125 0.7328125 0.328125 0.7234375 0.340625 0.70625 0.3453125 0.6859375 0.3203125 0.6581921484375 0.30543798906249997 0.617764865625 0.31572585000000003 0.5993888265625 0.3061728265625 0.58125 0.3046875 0.522209525 0.28412740468750003 0.51265385 0.3083773765625 0.4766368609375 0.31572585000000003 0.4531154984375 0.3208697734375 0.45330085000000003 0.360194190625 0.385677053125 0.3800350328125 0.41360859687499996 0.4101637921875 0.4106684203125 0.4233910390625 0.39596758906249996 0.43147434999999995 0.45844611718749995 0.43441375000000004 0.451095703125 0.5061752609375 0.44962564218749995 0.5262697281250001 0.381266759375 0.529209071875 0.3614206609375 0.5240651359374999 0.3459848 0.5703605703125 0.409375 0.5796875 0.4203125 0.5875 0.421875 0.6171875 0.3984375 0.6546875 0.3875 0.6921875 0.384375 0.7390625 0.38527968437500004 0.74629998125 0.3842069359375 0.7445450359375 0.35627539218750004 0.7496889734375001 0.32760876250000004 0.750423809375 0.311437815625 0.77320409375 0.23499354375 0.782503578125 0.16883980781250002 0.798670225 0.1431133546875 0.8060187000000001 0.1467885625 0.8346777578125 0.139438146875 0.8626019812499999 0.1217971390625 0.897874621875 0.11812193124999999 0.92285944375 0.11812193124999999 0.9485791015625 0.10415613125 0.9551927390625 0.0901903328125 0.930942753125 0.0923954796875 0.8868519109375 0.0754895015625 0.8670110546875 0.065198909375 0.864071653125 0.0666690265625 0.83908683125 0.0901903328125 0.8067535640625 0.09974589375000001 0.780299040625 0.093130509375 0.7148976421875 0.12106210937499999 0.704356240625 0.1541389765625 0.7102350421875 0.17472010625 0.6940683937500001 0.1872158453125 0.6918638578125 0.19015596562499998 0.6999472234375 0.2107371515625 0.6977426312499999 0.24895928750000001 0.6793714468750001 0.2937968640625 0.6793714468750001 0.3195233171875 0.6793714468750001 0.323198525 0.669083571875 0.33348906093749997 0.6683487359375 0.3283437921875 0.6536517890625 0.3356942078125 0.639689678125 0.3415745625 0.6316063671875 0.3246685859375 0.632341203125 0.3165831390625 0.6264624296875 0.3121729015625 0.6154397203124999 0.2798310640625 0.6117654828125 0.2563097015625 0.6066215453125 0.24969437343749998 0.61764425625 0.246019165625 0.6286669671875 0.251164434375 0.6426290781249999 0.24895928750000001 0.6507123874999999 0.2379336640625 0.654386625 0.22543798124999997 0.63649680625 0.2291131890625 0.6259554046875 0.2423439578125 0.6208114953125 0.24381401875000003 0.6002357468749999 0.2291131890625 0.6009705828125 0.2269080421875 0.5789251625 0.22617301093750003 0.5612888140625001 0.2452840796875 0.539978284375 0.24160887187500002 0.5318949187500001 0.22764312812499998 0.5318949187500001 0.2283781578125 0.4968757765625 0.218087565625 0.4689515828125 0.2754208265625 0.4616031078125 0.2960019546875 0.48511822968749996 0.37391634375 0.48511822968749996 0.3915573515625 0.43588345000000006 0.348189890625 0.39399714375 0.3173181703125 0.39252744375000004 0.2915917171875 0.40208045468750003 0.25851484999999996 0.40208045468750003 0.181335490625 0.43735315 0.171779928125 0.447640996875 0.128412525 0.4601334078125 0.1173869015625 0.4755651921875 0.114446725 0.4873227671875 0.1453184453125 0.4873227671875 0.148096646875 0.529678971875 0.0784296796875 0.5402317828125 0.06960920312499999 0.557868103125 0.028446862499999996 0.5666863328125 0 0.560072640625 0 0.62131849375 0 1 0.696875 1 0.69375 0.96875 0.70625 0.9171875 0.703125 0.875 0.7078125 0.8671875 0.7234375 0.8625 0.7328125 0.878125 0.753125 0.8796875 0.7703125 0.9046875 0.7875 0.8890625 0.8203125 0.8828125 0.8359375 0.8828125 0.8453125 0.890625 0.8625 0.8859375 0.871875 0.8953125 0.871875 0.9390625 0.8625 0.9484375 0.8375 0.940625 0.821875 0.9421875 0.7984375 0.9796875 0.7953125 1 0.8140625 1 0.825 0.9859375 0.8625 0.975 0.8859375 0.9875 0.8953125 1 1 1 1 0.6333833624999999
0 0.8185282703125001 0.6856243125 0.8440876671875 0.70549859375 0.8599912671875 0.717423175 0.8764628875 0.7083377765625001 0.8923665312500001 0.7037950890625 0.928125 0.73125 0.984375 0.8515625 0.9796875 0.8578125 0.9484375 0.853125 0.9296875 0.8265625 0.896875 0.825 0.8875 0.8015625 0.8734375 0.7921875 0.8359375 0.7921875 0.8 0.784375 0.7234375 0.7890625 0.659375 0.775 0.6078125 0.775 0.584375 0.7609375 0.56875 0.76875 0.5390625 0.76875 0.51875 0.7609375 0.515625 0.7171875 0.5234375 0.6765625 0.5296875 0.6703125 0.5609375 0.675 0.6025142421874999 0.6842618859375 0.603984415625 0.661481571875 0.6091296828125 0.6460497890625 0.51875 0.6390625 0.5046875 0.6140625 0.5109375 0.4421875 0.5203125 0.3859375 0.5359375 0.3765625 0.55625 0.3765625 0.5671875 0.3921875 0.584375 0.396875 0.6015625 0.3875 0.60625 0.3703125 0.6171875 0.3640625 0.65 0.3609375 0.6765625 0.375 0.6765625 0.3859375 0.631180928125 0.389588071875 0.6348561359375 0.39767138125 0.642941525 0.42118650312500006 0.6539671484375 0.45866370781250004 0.6863090421875 0.568155978125 0.692189396875 0.6475195171875 0.6657278578125 0.648254353125 0.627505721875 0.648254353125 0.6304458421875 0.6644209734375 0.625300575 0.6835269937499999 0.6649927703125 0.681322484375 0.6649927703125 0.6541330984375 0.6863090421875 0.6533982625 0.69375 0.6890625 0.7359375 0.6984375 0.7578125 0.6796875 0.8125 0.684375 0.8141543671875 0.6803309921875 0.8185282703125001 0.6856243125
0 0.9796875 0.4703125 0.9765625 0.490625 0.9875 0.490625 1 0.5078125 0.996875 0.44375 0.9796875 0.4703125
0 0 0.56171875 0.0140625 0.56171875 0.0171875 0.54453125 0.02578125 0.540625 0.0296875 0.54609375 0.0453125 0.51171875 0.0703125 0.50234375 0.07890625 0.44375 0.18515625 0.4390625 0.20078125 0.434375 0.20390625 0.4234375 0.23359375 0.421875 0.24296875 0.4125 0.26328125 0.4140625 0.265625 0.40546875 0.26328125 0.4 0.25390625 0.4 0.22890625 0.40625 0.06484375 0.40625 0.0625 0.39296875 0.07578125 0.378125 0.09921875 0.3765625 0.11171875 0.365625 0.12265625 0.3671875 0.13203125 0.3609375 0.21640625 0.3609375 0.23203125 0.35625 0.26328125 0.3640625 0.27421875 0.353125 0.30234375 0.346875 0.3125 0.35234375 0.3171875 0.36484375 0.3140625 0.40546875 0.32734375 0.4078125 0.34375 0.40078125 0.3375 0.36171875 0.3453125 0.34921875 0.390625 0.34140625 0.38984375 0.3296875 0.36171875 0.328125 0.35625 0.31796875 0.353125 0.30859375 0.3609375 0.26640625 0.35234375 0.2578125 0.3453125 0.26015625 0.34609375 0.3046875 0.33203125 0.3078125 0.32578125 0.2984375 0.3125 0.29453125 0.3125 0.28359375 0.30703125 0.28125 0.29453125 0.3 0.23671875 0.296875 0.23203125 0.303125 0.22109375 0.303125 0.2171875 0.32421875 0.20546875 0.3296875 0.19140625 0.3296875 0.1859375 0.31015625 0.17578125 0.3046875 0.12734375 0.3125 0.12265625 0.328125 0.09609375 0.328125 0.084375 0.30546875 0.084375 0.28359375 0.09609375 0.2671875 0.11796875 0.2625 0.15234375 0.2734375 0.17421875 0.2484375 0.26484375 0.25 0.26875 0.25234375 0.2578125 0.26328125 0.27421875 0.265625 0.2796875 0.26328125 0.28125 0.23671875 0.30390625 0.2328125 0.33671875 0.2359375 0.35703125 0.24375 0.35390625 0.2484375 0.36953125 0.2421875 0.38515625 0.2453125 0.4046875 0.26640625 0.41171875 0.2859375 0.42734375 0.259375 0.44453125 0.2703125 0.4515625 0.26640625 0.45703125 0.2484375 0.49453125 0.25 0.50703125 0.265625 0.528125 0.26953125 0.5265625 0.29453125 0.5171875 0.29921875 0.5140625 0.31015625 0.53046875 0.3109375 0.53671875 0.2921875 0.546875 0.29765625 0.54921875 0.265625 0.56171875 0.265625 0.56484375 0.28125 0.5796875 0.27890625 0.578125 0.24765625 0.58203125 0.2390625 0.59296875 0.2375 0.609375 0.24921875 0.6125 0.26328125 0.62890625 0.2796875 0.6421875 0.28203125 0.64765625 0.2984375 0.66953125 0.3 0.67578125 0.3109375 0.69140625 0.3109375 0.71484375 0.296875 0.72421875 0.2796875 0.74453125 0.2828125 0.7429811890625 0.326230603125 0.75703888125 0.3371614703125 0.7734394828125 0.3176420875 0.792183053125 0.31373820937499997 0.7773443906249999 0.294999590625 0.7726585140625 0.2731378859375 0.753125 0.26328125 0.753125 0.25078125 0.7625 0.24765625 0.76640625 0.2359375 0.79765625 0.2296875 0.82265625 0.234375 0.83359375 0.253125 0.84921875 0.240625 0.86953125 0.2390625 0.88359375 0.2484375 0.90703125 0.2484375 0.921875 0.26484375 0.925 0.29140625 0.93828125 0.2953125 0.9484375 0.25234375 0.96171875 0.24375 0.97421875 0.25 0.971875 0.23671875 0.9765625 0.23203125 0.96953125 0.221875 0.95234375 0.221875 0.94296875 0.2296875 0.94296875 0.21875 0.959375 0.21640625 0.92578125 0.209375 0.88046875 0.2171875 0.84609375 0.2109375 0.65546875 0.203125 0.51328125 0.203125 0.44296875 0.2125 0.38515625 0.2125 0.35703125 0.20625 0.31171875 0.215625 0.29453125 0.2109375 0.27734375 0.21875 0.20390625 0.2109375 0.19453125 0.2171875 0.17421875 0.2125 0.13671875 0.2203125 0.10390625 0.2171875 0.00078125 0.225 0 0.42421875 0.01484375 0.4140625 0.02578125 0.4140625 0.0453125 0.44609375 0.04140625 0.46875 0 0.46953125 0 0.56171875