1 0.584375 0.60078125 0.0953125 0.0546875
1 0.23203125 0.6046875 0.0390625 0.0421875
1 0.7765625 0.62265625 0.0609375 0.0453125
1 0.45546875 0.59765625 0.0953125 0.059375
1 0.34453125 0.59609375 0.0890625 0.0625
1 0.31640625 0.3859375 0.0578125 0.0484375
1 0.7796875 0.52578125 0.0578125 0.05
1 0.746875 0.49375 0.04375 0.0328125
1 0.5453125 0.4921875 0.0375 0.0328125
1 0.31171875 0.50703125 0.1 0.040625
1 0.06171875 0.48515625 0.0421875 0.0390625
1 0.071875 0.5984375 0.14375 0.071875
1 0.9421875 0.484375 0.053125 0.0375
1 0.3953125 0.47578125 0.0671875 0.028125
1 0.46796875 0.49140625 0.0609375 0.0421875
1 0.19453125 0.50078125 0.1046875 0.0375
1 0.94375 0.60390625 0.1125 0.0734375
1 0.98515625 0.48671875 0.0296875 0.053125
1 0.703125 0.2875 0.05625 0.040625
0 0 0.43046875 0.01484375 0.4484375 0.07265625 0.45 0.078125 0.43515625 0.0953125 0.42421875 0.11328125 0.3953125 0.14765625 0.384375 0.17109375 0.3609375 0.18515625 0.36875 0.20859375 0.3609375 0.22421875 0.3734375 0.24765625 0.3765625 0.2515625 0.38984375 0.2421875 0.42265625 0.26640625 0.4234375 0.2671875 0.43203125 0.27421875 0.4328125 0.29375 0.36796875 0.34765625 0.3546875 0.37734375 0.3640625 0.396875 0.38046875 0.38125 0.41484375 0.38125 0.43984375 0.38828125 0.446875 0.625 0.46640625 0.65703125 0.4609375 0.66640625 0.44375 0.69609375 0.45625 0.72734375 0.4546875 0.74140625 0.4625 0.77109375 0.4640625 0.82265625 0.45 0.83515625 0.4390625 0.84765625 0.4390625 0.86484375 0.4515625 0.94296875 0.4390625 0.94921875 0.4484375 0.97421875 0.459375 0.99921875 0.45625 1 0.27265625 0.92109375 0.2765625 0.8503787546874999 0.2944475796875 0.8533341890624999 0.26810201562499997 0.8695308203125001 0.2641365328125 0.8840747578125001 0.270745665625 0.90423795625 0.2717370328125 0.9237400265625 0.2466223359375 0.9286981843750001 0.2439786796875 0.93984375 0.24375 0.96484375 0.2515625 0.97421875 0.2625 0.99921875 0.2640625 1 0.21953125 0.82890625 0.2359375 0.821875 0.23203125 0.82421875 0.225 0.86015625 0.21875 0.8625 0.20546875 0.871875 0.20078125 0.81953125 0.190625 0.8140625 0.18203125 0.82421875 0.171875 0.85546875 0.171875 0.86328125 0.1859375 0.90234375 0.1875 0.91015625 0.1953125 0.93046875 0.190625 0.94609375 0.196875 0.97265625 0.1734375 0.99453125 0.1703125 1 0.15859375 0.88671875 0.1546875 0.77109375 0.1640625 0.7578125 0.15859375 0.76953125 0.1484375 0.81640625 0.146875 0.81640625 0.140625 0.83515625 0.1390625 0.84609375 0.13125 0.87265625 0.13125 0.88671875 0.140625 0.92578125 0.1375 0.928125 0.13046875 0.26484375 0.09375 0.25078125 0.090625 0.23984375 0.078125 0.20234375 0.075 0.17421875 0.065625 0 0.07109375 0 0.19609375 0.04765625 0.196875 0.04921875 0.2015625 0.065625 0.19453125 0.06015625 0.209375 0.00234375 0.2125 0 0.24765625 0.01484375 0.225 0.03203125 0.21875 0.04453125 0.2234375 0.0546875 0.24296875 0.06875 0.25078125 0.03515625 0.278125 0 0.28984375 0 0.43046875
0 1 0.6701308828125 0.90626694375 0.6646545374999999 0.8273867546875 0.655892390625 0.8527487140625001 0.6889313359375 0.85078125 0.6890625 0.8578125 0.70234375 0.840625 0.70703125 0.8453125 0.73359375 0.8359375 0.73828125 0.8390625 0.74296875 0.834375 0.74609375 0.840625 0.76171875 0.834375 0.76796875 0.8328125 0.78671875 0.84375 0.80546875 0.840625 0.85234375 0.82890625 0.878125 0.81171875 0.8765625 0.80625 0.86953125 0.803125 0.83359375 0.7765625 0.81015625 0.775 0.76953125 0.7578125 0.73046875 0.73359375 0.7046875 0.721875 0.70078125 0.6875 0.63515625 0.6759921671875 0.614886315625 0.6520426421875001 0.5681970734374999 0.620908246875 0.56500465 0.68125 0.66015625 0.67890625 0.6671875 0.66328125 0.671875 0.50234375 0.6625 0.46171875 0.6625 0.42421875 0.6703125 0.36796875 0.6609375 0.30234375 0.6953125 0.18828125 0.7109375 0.13984375 0.7109375 0.12578125 0.71875 0.07109375 0.715625 0.02734375 0.69375 0 0.69296875 0.00078125 1 1 0.99921875 1 0.70703125 1 0.6701308828125
0 0.9375 0.553125 0.8734375 0.553125 0.8703125 0.5671875 0.878125 0.5765625 0.8921875 0.5765625 0.909375 0.5703125 0.9984375 0.565625 0.9875 0.55 0.953125 0.54375 0.9375 0.553125
0 0.6088341609375 0.536069828125 0.5804555734375 0.5287324812499999 0.5559912859375 0.5292216296875 0.5520769859375 0.5355806609375 0.5520769859375 0.54096139375 0.5545234140625 0.5487878890625 0.5941555890625 0.545363790625 0.5956233859375 0.5571035906249999 0.5453125 0.5625 0.475 0.5625 0.4734375 0.56875 0.4796875 0.5734375 0.546875 0.5671875 0.8234375 0.5703125 0.83125 0.5625 0.8296875 0.55625 0.6125 0.5546875 0.6088341609375 0.536069828125
0 0.33125 0.553125 0.265625 0.5546875 0.2765625 0.559375 0.2875 0.5546875 0.2921875 0.5671875 0.38125 0.5609375 0.3828125 0.54375 0.3453125 0.540625 0.33125 0.553125
0 0.15546875 0.546875 0.075 0.54140625 0.08203125 0.5640625 0.1453125 0.56640625 0.15625 0.55859375 0.15546875 0.546875
0 0.51171875 0.5171875 0.4359375 0.51171875 0.43984375 0.534375 0.5046875 0.54140625 0.5171875 0.53671875 0.51171875 0.5171875