1 0.51484375 0.20703125 0.4 0.2828125
1 0.1765625 0.4890625 0.3390625 0.25625
1 0.309375 0.340625 0.4859375 0.3015625
1 0.58984375 0.05078125 0.3015625 0.1015625
1 0.87890625 0.9203125 0.2421875 0.159375
0 0.5265625 0.46328125 0.515625 0.42265625 0.51015625 0.4171875 0.48671875 0.421875 0.48359375 0.4046875 0.38898046875 0.453153465625 0.3409200625 0.4416220078125 0.326501940625 0.45411444218749997 0.4745279328125 0.48486494999999996 0.48359375 0.4859375 0.5171875 0.48984375 0.5234375 0.48515625 0.5265625 0.46328125
0 0.6984375 0.47109375 0.68125 0.44765625 0.678125 0.43359375 0.66015625 0.4234375 0.64296875 0.421875 0.6421875 0.43515625 0.6265625 0.43984375 0.6203125 0.46640625 0.60078125 0.4703125 0.596875 0.47734375 0.59765625 0.5 0.6328125 0.51015625 0.68984375 0.4828125 0.6984375 0.47109375
0 0.30703125 0.640625 0.3428424484375 0.6399101046875 0.34380364218750004 0.5966671640625 0.3274631328125 0.5764871390625 0.30703125 0.5796875 0.24287678906250001 0.546697571875 0.2178853921875 0.5687995124999999 0.2592173703125 0.5899405125 0.2611397578125 0.6091595984375 0.22749747343750001 0.6283786828125 0.2296875 0.65546875 0.2375 0.66171875 0.27265625 0.6609375 0.30703125 0.640625
0 0.06484375 0.321875 0.10078125 0.2984375 0.18359375 0.2640625 0.19140625 0.2515625 0.23984375 0.2265625 0.24609375 0.2171875 0.25859375 0.2171875 0.26640625 0.190625 0.27734375 0.203125 0.29765625 0.2015625 0.30390625 0.2125 0.32109375 0.2140625 0.3296875 0.20546875 0.3140625 0.20234375 0.3078125 0.19140625 0.3125 0.18203125 0.359375 0.15390625 0.35625 0.13203125 0.36171875 0.1234375 0.37578125 0.1234375 0.38671875 0.1390625 0.396875 0.11796875 0.4389632625 0.086366875 0.2399932078125 0.0642648984375 0.1755922203125 0.080601128125 0.13046875 0.09375 0.09453125 0.0921875 0.0859375 0.07265625 0.09140625 0.0625 0.06015625 0.046875 0.00078125 0.040625 0.0015625 0.07734375 0.0203125 0.09609375 0.009375 0.11015625 0.0140625 0.12578125 0.040625 0.15078125 0.034375 0.16328125 0.0421875 0.17578125 0.0421875 0.20078125 0.015625 0.21796875 0.0203125 0.25703125 0 0.27265625 0.0015625 0.29140625 0.0265625 0.31015625 0.003125 0.35078125 0.01484375 0.359375 0.03125 0.35859375 0.0578125 0.33828125 0.06484375 0.321875
0 1 0.37109375 0.9796875 0.36953125 0.984375 0.35546875 0.975 0.31640625 0.95078125 0.3046875 0.93671875 0.284375 0.8953125 0.29140625 0.896875 0.28359375 0.9078125 0.27890625 0.9125 0.26328125 0.9078125 0.24609375 0.89921875 0.240625 0.82890625 0.2296875 0.7984551171875001 0.20873957187499997 0.7840369953125 0.2164271984375 0.6475454703125 0.3000302265625 0.5927567093749999 0.2904206828125 0.549502196875 0.3451950828125 0.49375209531250003 0.37402371093750003 0.56584270625 0.390359940625 0.589872909375 0.390359940625 0.6014074500000001 0.381081896875 0.602368790625 0.3615313140625 0.6119808718749999 0.3599408953125 0.6158255718750001 0.37786750625 0.65331263125 0.3605703375 0.67578125 0.3734375 0.69453125 0.378125 0.71015625 0.3765625 0.72265625 0.3609375 0.73671875 0.359375 0.728125 0.37421875 0.73984375 0.3890625 0.78515625 0.3984375 0.7953125 0.41171875 0.76875 0.42421875 0.759375 0.47265625 0.74765625 0.484375 0.72265625 0.4859375 0.71796875 0.4984375 0.70703125 0.496875 0.70234375 0.515625 0.69765625 0.5046875 0.68984375 0.5046875 0.63828125 0.534375 0.60390625 0.53125 0.58203125 0.5359375 0.55859375 0.5625 0.49921875 0.571875 0.42890625 0.5625 0.4140625 0.54296875 0.4149330578125 0.5197908234375 0.42742879375 0.495766965625 0.36206661093750003 0.48231361093749997 0.3765625 0.51953125 0.3765625 0.53203125 0.3890625 0.54609375 0.36171875 0.546875 0.34375 0.56328125 0.34375 0.57421875 0.359375 0.60078125 0.3609375 0.63984375 0.38203125 0.64375 0.41015625 0.6609375 0.428125 0.67734375 0.44140625 0.7015625 0.45078125 0.70625 0.48046875 0.7015625 0.4921875 0.71328125 0.4875 0.72578125 0.47421875 0.7359375 0.45390625 0.7359375 0.42265625 0.765625 0.40546875 0.76875 0.38828125 0.7828125 0.35859375 0.7875 0.34140625 0.8 0.31953125 0.796875 0.30234375 0.7828125 0.27265625 0.7828125 0.26328125 0.76875 0.2359375 0.76171875 0.234375 0.74140625 0.246875 0.73359375 0.23359375 0.721875 0.21796875 0.721875 0.209375 0.72890625 0.21875 0.75078125 0.20859375 0.7578125 0.1875 0.69453125 0.1734375 0.68671875 0.165625 0.67109375 0.171875 0.65234375 0.16953125 0.6390625 0.12578125 0.6578125 0.09453125 0.6796875 0.04453125 0.671875 0.028125 0.67578125 0.040625 0.69765625 0.0453125 0.72421875 0.07890625 0.7421875 0.0875 0.75390625 0.0921875 0.81328125 0.10546875 0.825 0.13046875 0.8296875 0.140625 0.83828125 0.1453125 0.85234375 0.1328125 0.87578125 0.1578125 0.89453125 0.15546875 0.9078125 0.1 0.92890625 0.1 0.94609375 0.0921875 0.95859375 0.09921875 1 0.28984375 1 0.29921875 0.978125 0.3125 0.98046875 0.31953125 1 0.70234375 1 0.7171875 0.86328125 0.69609375 0.853125 0.659375 0.81328125 0.6671875 0.73984375 0.67890625 0.721875 0.70703125 0.7109375 0.72109375 0.6984375 0.76328125 0.6984375 0.76875 0.71171875 0.79453125 0.7234375 0.80625 0.74140625 0.8140625 0.81640625 0.79296875 0.8421875 0.7390625 0.86171875 0.728125 0.98828125 0.73671875 1 0.775 0.99921875 0.853125 0.94296875 0.85078125 0.9375 0.83203125 0.9328125 0.8265625 0.92265625 0.89609375 0.8734375 0.9140625 0.84296875 0.90859375 0.83125 0.85703125 0.821875 0.846875 0.80703125 0.85234375 0.7859375 0.86953125 0.784375 0.98046875 0.80625 1 0.80390625 1 0.37109375
0 0.15078125 0.603125 0.1546875 0.57734375 0.18046875 0.56875 0.1875 0.55390625 0.20234375 0.5421875 0.21171875 0.5453125 0.2125 0.53359375 0.18984375 0.5375 0.084375 0.60546875 0.09453125 0.6171875 0.1046875 0.61796875 0.12578125 0.6015625 0.15078125 0.603125