1 0.7609375 0.7140625 0.1140625 0.0671875
1 0.36015625 0.853125 0.1 0.0984375
1 0.3625 0.64296875 0.0953125 0.0765625
1 0.93046875 0.91640625 0.128125 0.1140625
1 0.11875 0.50703125 0.0734375 0.0890625
1 0.56796875 0.403125 0.059375 0.0703125
1 0.6265625 0.48125 0.1046875 0.071875
1 0.225 0.4859375 0.0765625 0.0515625
1 0.3765625 0.7703125 0.1046875 0.0578125
1 0.6640625 0.63671875 0.0921875 0.059375
1 0.353125 0.4125 0.046875 0.0515625
1 0.14375 0.28671875 0.1265625 0.0640625
1 0.9171875 0.8515625 0.1421875 0.05625
1 0.89375 0.3453125 0.2125 0.115625
1 0.9671875 0.6734375 0.05 0.05625
1 0.35546875 0.52734375 0.06875 0.0359375
1 0.68046875 0.16484375 0.05 0.034375
1 0.11015625 0.12265625 0.109375 0.028125
1 0.034375 0.534375 0.06875 0.04375
1 0.9703125 0.62734375 0.059375 0.0359375
1 0.1375 0.33984375 0.13125 0.0390625
1 0.0171875 0.34453125 0.034375 0.0375
1 0.37734375 0.57734375 0.0453125 0.0359375
1 0.92578125 0.603125 0.0484375 0.0484375
1 0.7265625 0.19921875 0.0390625 0.0234375
1 0.50859375 0.04375 0.0484375 0.0234375