1 0.2359375 0.77109375 0.20625 0.1421875
1 0.2125 0.38828125 0.1109375 0.0921875
1 0.0640625 0.34375 0.1125 0.0890625
1 0.22109375 0.93359375 0.090625 0.1015625
1 0.08671875 0.4609375 0.128125 0.1078125
1 0.64609375 0.3453125 0.1140625 0.065625
1 0.45234375 0.49765625 0.1234375 0.1015625
1 0.1765625 0.19765625 0.140625 0.0515625
1 0.41484375 0.6375 0.2171875 0.125
1 0.3046875 0.20078125 0.0875 0.0578125
1 0.53515625 0.40703125 0.121875 0.0921875
1 0.33671875 0.2640625 0.09375 0.0546875
1 0.6765625 0.2234375 0.1015625 0.0671875
1 0.03046875 0.29609375 0.0609375 0.0609375
1 0.58046875 0.08828125 0.0703125 0.0390625
1 0.4484375 0.16953125 0.059375 0.059375
0 0.75625 0.04765625 0.715625 0.05546875 0.7296875 0.06015625 0.74921875 0.0578125 0.75625 0.04765625
0 0.09140625 0.178125 0.0828125 0.20078125 0.0984375 0.20234375 0.1015625 0.19609375 0.09140625 0.178125
0 0.0171875 0.17109375 0.0078125 0.15390625 0.0078125 0.13828125 0.00078125 0.1359375 0 0.17890625 0.01875 0.19140625 0.0296875 0.18203125 0.0171875 0.17109375
0 0.8015625 0.05546875 0.77890625 0.0578125 0.76796875 0.0484375 0.7640625 0.06796875 0.771875 0.08515625 0.76875 0.11015625 0.7859375 0.11171875 0.78125 0.07890625 0.8015625 0.05546875
0 0.43984375 0.0015625 0.39296875 0.028125 0.38515625 0.021875 0.3734375 0.02734375 0.37578125 0.0375 0.38828125 0.0390625 0.3953125 0.05234375 0.4140625 0.06484375 0.4390625 0.04453125 0.43984375 0.0015625
0 0.5390625 0.08359375 0.5484375 0.07421875 0.540625 0.05390625 0.546875 0.01953125 0.53125 0.01015625 0.53046875 0 0.51875 0.00078125 0.521875 0.01328125 0.51328125 0.0265625 0.496875 0.02890625 0.515625 0.04453125 0.5203125 0.08046875 0.5125 0.10234375 0.5203125 0.10390625 0.5375 0.09765625 0.5390625 0.08359375
0 0 0.41328125 0.0296875 0.42421875 0.065625 0.40078125 0.04921875 0.3984375 0.00390625 0.375 0.0015625 0.36484375 0.01640625 0.3328125 0.065625 0.31015625 0.06015625 0.3 0 0.32890625 0 0.41328125
0 0.50078125 0.9734375 0.46796875 0.9703125 0.43203125 0.9328125 0.4234375 0.94609375 0.42421875 0.971875 0.40078125 0.9859375 0.3578125 0.99921875 0.5046875 0.99921875 0.5078125 0.98046875 0.50078125 0.9734375
0 1 0.19453125 0.984375 0.18828125 0.9859375 0.15703125 0.9609375 0.14296875 0.975 0.09921875 0.95703125 0.084375 0.90703125 0.0734375 0.9 0.07890625 0.896875 0.09765625 0.9046875 0.12734375 0.8875 0.13984375 0.8703125 0.16796875 0.88046875 0.178125 0.91484375 0.18125 0.9359375 0.21328125 0.9375 0.22421875 0.928125 0.24453125 0.9328125 0.27265625 0.9234375 0.29140625 0.94140625 0.3046875 1 0.31328125 1 0.19453125
0 0.02265625 0 0.00078125 0.0078125 0 0.05546875 0.01796875 0.0453125 0.03515625 0.0453125 0.0546875 0.05703125 0.0671875 0.07890625 0.0578125 0.09921875 0.059375 0.12109375 0.075 0.12890625 0.09453125 0.171875 0.14453125 0.153125 0.1515625 0.11953125 0.1703125 0.10390625 0.1734375 0.08984375 0.19296875 0.078125 0.2015625 0.08359375 0.209375 0.10703125 0.2046875 0.11796875 0.20859375 0.13125 0.23671875 0.1171875 0.25703125 0.11875 0.2546875 0.14609375 0.26875 0.17109375 0.31171875 0.171875 0.3296875 0.18046875 0.3296875 0.19140625 0.29140625 0.2078125 0.26796875 0.2 0.25859375 0.2140625 0.23671875 0.2125 0.19453125 0.23125 0.12890625 0.2125 0.121875 0.21640625 0.128125 0.24765625 0.1171875 0.28046875 0.10234375 0.303125 0.11796875 0.3140625 0.13984375 0.30625 0.16796875 0.31875 0.1828125 0.33828125 0.18125 0.35859375 0.18828125 0.3640625 0.20078125 0.3640625 0.23828125 0.3453125 0.25078125 0.3453125 0.2734375 0.36328125 0.26875 0.38203125 0.2015625 0.43984375 0.2125 0.46640625 0.2078125 0.48515625 0.2140625 0.52578125 0.21015625 0.5390625 0.17109375 0.5625 0.140625 0.54921875 0.1359375 0.52421875 0.1421875 0.51171875 0.16015625 0.503125 0.16875 0.48984375 0.1625 0.46171875 0.190625 0.43671875 0.14921875 0.421875 0.14140625 0.409375 0.13125 0.41015625 0.128125 0.39296875 0.10625 0.37265625 0.10546875 0.346875 0.06640625 0.3640625 0.059375 0.37265625 0.06875 0.38359375 0.06796875 0.3984375 0.09296875 0.390625 0.11640625 0.4171875 0.1453125 0.43046875 0.1546875 0.45078125 0.1375 0.47109375 0.1421875 0.48203125 0.1390625 0.49609375 0.10390625 0.5171875 0.08671875 0.5390625 0.06953125 0.5453125 0.03125 0.52578125 0.03125 0.51328125 0.0453125 0.49921875 0.04375 0.48984375 0 0.46953125 0 0.51328125 0.0140625 0.53046875 0.0125 0.54921875 0 0.55546875 0 0.99921875 0.10546875 1 0.1015625 0.97265625 0.10859375 0.965625 0.13046875 0.975 0.14921875 1 0.2109375 0.99921875 0.06953125 0.846875 0.01015625 0.875 0.0015625 0.87265625 0.00546875 0.8640625 0.0640625 0.83515625 0.0625 0.81640625 0.0453125 0.78203125 0.0484375 0.76328125 0.06328125 0.753125 0.07890625 0.759375 0.0984375 0.78203125 0.0734375 0.83671875 0.09140625 0.8359375 0.10234375 0.821875 0.1078125 0.82421875 0.109375 0.83359375 0.0921875 0.84765625 0.090625 0.85859375 0.14140625 0.909375 0.1546875 0.91171875 0.1625 0.93671875 0.21640625 0.9921875 0.225 0.98359375 0.225 0.97265625 0.23359375 0.9671875 0.25390625 0.9703125 0.27421875 0.953125 0.29921875 0.9578125 0.3140625 0.95390625 0.30625 0.94140625 0.30625 0.91953125 0.3203125 0.88203125 0.34296875 0.8546875 0.36484375 0.8484375 0.37890625 0.853125 0.39453125 0.86875 0.40625 0.86640625 0.4015625 0.83203125 0.3640625 0.79765625 0.3640625 0.78984375 0.38203125 0.775 0.41171875 0.7875 0.43203125 0.7703125 0.46328125 0.759375 0.49453125 0.7625 0.51875 0.78828125 0.52265625 0.8265625 0.56484375 0.81875 0.61640625 0.8578125 0.6390625 0.83984375 0.6375 0.81015625 0.6328125 0.79765625 0.6109375 0.78046875 0.6046875 0.76015625 0.603125 0.73359375 0.6125 0.71953125 0.6125 0.68984375 0.59375 0.67109375 0.5921875 0.63984375 0.596875 0.60390625 0.609375 0.58203125 0.62421875 0.5734375 0.64140625 0.5765625 0.6578125 0.60859375 0.6859375 0.63046875 0.6890625 0.64453125 0.6828125 0.67578125 0.7328125 0.72265625 0.7546875 0.76328125 0.7765625 0.78203125 0.778125 0.79765625 0.7703125 0.81640625 0.771875 0.83203125 0.7484375 0.86484375 0.7546875 0.91484375 0.7421875 0.95390625 0.7328125 0.96015625 0.7265625 0.97734375 0.71484375 0.9859375 0.66484375 0.9796875 0.63828125 0.9484375 0.62734375 0.9453125 0.6125 0.95234375 0.6109375 0.99921875 0.8 0.99921875 0.7984375 0.96015625 0.784375 0.92109375 0.784375 0.89765625 0.796875 0.87578125 0.8 0.84296875 0.8109375 0.82578125 0.79375 0.80546875 0.7984375 0.74609375 0.78125 0.71484375 0.746875 0.68828125 0.753125 0.65390625 0.778125 0.60546875 0.784375 0.57890625 0.78203125 0.5734375 0.76640625 0.578125 0.74375 0.56953125 0.7421875 0.56015625 0.753125 0.54609375 0.74453125 0.5359375 0.69609375 0.5296875 0.6859375 0.55390625 0.67578125 0.5609375 0.6609375 0.55234375 0.6578125 0.53203125 0.671875 0.52265625 0.675 0.50234375 0.70234375 0.49375 0.725 0.46015625 0.7296875 0.40390625 0.709375 0.38984375 0.709375 0.36171875 0.6976999625 0.3761913265625 0.6566425890625001 0.3601296703125 0.6486096906250001 0.37529902656249997 0.596841671875 0.36637587968749996 0.5861312296875 0.38065289999999996 0.6860967796875 0.41277624843750005 0.6637830203124999 0.4145608515625 0.6521798375000001 0.4190224234375 0.6432543328125 0.4109916125 0.6004118859375 0.3976068921875 0.5745279109375 0.4341917796875 0.562032259375 0.4332994796875 0.545966325 0.4520380734375 0.65080044375 0.48878522812499997 0.64852853125 0.4961670984375 0.5388258953125 0.46185355625 0.5275473203125001 0.45585070937500005 0.530955275 0.47515714062500003 0.5303872546874999 0.49048873281249994 0.5122117 0.5160413796875 0.490628190625 0.5086595093749999 0.46222885937499997 0.5427297046875 0.460524925 0.5557899859375001 0.469044725 0.5665788468749999 0.5070998109375 0.5847496015625 0.5360671203125 0.5989455375 0.5485628515625 0.5790712359375 0.559922584375 0.5790712359375 0.5746903140625 0.5892923109375 0.56560245 0.6046239046874999 0.54572291875 0.6103022703125001 0.530955275 0.6375584015625 0.516755609375 0.6445683953125 0.510507721875 0.65347769375 0.5142314421874999 0.653305875 0.4917641890625 0.68715611875 0.40827012968750004 0.6536537296875 0.37873484375 0.687723946875 0.378166865625 0.7017438046875 0.39236653125 0.7227537640625 0.391798553125 0.7483064109375 0.3685110671875 0.75966314375 0.3503355125 0.7539847765625 0.33897577968750003 0.7414923671875 0.3327279359375 0.725592946875 0.32193618125 0.7216180859375 0.3190962484375 0.7341104953124999 0.29978469375 0.7414923671875 0.2764972515625 0.7170753984375 0.26229758593749997 0.6960654390625 0.252073809375 0.6943619328125 0.2367381875 0.71139703125 0.338002053125 0.7795175984375 0.29694474843749996 0.8196717578125 0.2710607734375 0.8062870390624999 0.2603501953125 0.8205640593749999 0.2424991875 0.8036100671874999 0.20144188281250003 0.84108725625 0.13450060156250002 0.7884407453125 0.1826983375 0.7456096140625 0.17020261875 0.7331171953125 0.205904634375 0.7001015796875001 0.2237556421875 0.699209278125 0.2478544765625 0.6777937125 0.26659802187500004 0.6840398875 0.271953378125 0.668870565625 0.28266395625 0.66619359375 0.319258509375 0.6929630343750001 0.331754228125 0.6885014609375 0.33532444375 0.6769014109375 0.298729890625 0.6599474187500001 0.29694474843749996 0.651024271875 0.32104365 0.6189009921874999 0.2996224265625 0.6090854765625 0.318365971875 0.575177490625 0.2906969234375 0.543946478125 0.27730866718749997 0.508253890625 0.292481996875 0.4814844515625 0.318365971875 0.474345940625 0.3406797328125 0.4814844515625 0.364778565625 0.49576150625000004 0.36745624375 0.5145001 0.36210095625 0.542161875 0.34246480625000003 0.5671466796875 0.37013392343749996 0.5814237015625 0.4022657234375 0.5796390640625 0.43439752499999995 0.6090854765625 0.470992078125 0.6215778609375 0.48081011875 0.6171162875 0.4897356234375 0.5939161203125 0.49955373124999997 0.5858852734375 0.3799519640625 0.538592671875 0.3924476828125 0.5278848203125001 0.3897700046875 0.5153924359375 0.40315826093749996 0.4877306609375 0.41654651718749997 0.48505372343750003 0.4352900609375 0.46720742968750006 0.44689324375000006 0.4466842 0.48259526093750005 0.441330290625 0.5093717718749999 0.44579186406250004 0.47813250781249994 0.4332994796875 0.48081011875 0.4163454875 0.4790250453125 0.40653003906249996 0.48259526093750005 0.3967145578125 0.482693515625 0.39573224218749997 0.4897356234375 0.40206846562500004 0.503123878125 0.3761913265625 0.5191898140625 0.3610219703125 0.4915207640625 0.3610219703125 0.457603821875 0.3449603140625 0.45849635781250003 0.322652446875 0.4656367890625 0.303021534375 0.48259526093750005 0.29052913281250003 0.49776859062499995 0.2807136671875 0.522760028125 0.286067559375 0.5397185 0.29588300625 0.5575695078125 0.2985599609375 0.5486440046875 0.29588300625 0.537040821875 0.286067559375 0.5352557484375 0.2726828390625 0.5450737890624999 0.26197505625 0.5611396546874999 0.25751348281249997 0.5789906625000001 0.2691135671875 0.5772055890625001 0.2824982859375 0.5691726218750001 0.28963681406249997 0.5522141515625 0.3039138359375 0.5513216140625 0.31997550937499997 0.5584620453125 0.321760128125 0.5656024078125 0.31283698125 0.5807758046875 0.31283698125 0.5986268124999999 0.3253294015625 0.6111225328125001 0.3092677265625 0.615585284375 0.2985599609375 0.6129077421875 0.2824982859375 0.616477821875 0.27982135 0.74453125 0.3359375 0.75390625 0.3171875 0.77890625 0.3125 0.815625 0.29453125 0.8265625 0.24765625 0.8140625 0.22890625 0.79140625 0.2359375 0.76328125 0.21875 0.7515625 0.21953125 0.771875 0.23359375 0.778125 0.24765625 0.7765625 0.27109375 0.76953125 0.2765625 0.74765625 0.275 0.72421875 0.2671875 0.71484375 0.25625 0.62890625 0.234375 0.6265625 0.20390625 0.58984375 0.1921875 0.58125 0.16953125 0.58125 0.15546875 0.59140625 0.1390625 0.62265625 0.1296875 0.6484375 0.10859375 0.64765625 0.0921875 0.61640625 0.0828125 0.6109375 0.09453125 0.590625 0.11015625 0.58984375 0.134375 0.56640625 0.134375 0.55390625 0.153125 0.53046875 0.159375 0.50546875 0.1515625 0.47890625 0.1640625 0.4765625 0.18984375 0.45546875 0.196875 0.41796875 0.234375 0.42734375 0.215625 0.38359375 0.2125 0.35390625 0.2203125 0.34296875 0.23125 0.33203125 0.215625 0.32265625 0.2203125 0.32109375 0.225 0.33828125 0.2328125 0.35859375 0.234375 0.36484375 0.2484375 0.38359375 0.2546875 0.4109375 0.23984375 0.37265625 0.2828125 0.35078125 0.2890625 0.30234375 0.278125 0.29140625 0.2734375 0.284375 0.26171875 0.2828125 0.23046875 0.31171875 0.2234375 0.34140625 0.2015625 0.3546875 0.18984375 0.35625 0.18046875 0.3453125 0.17578125 0.3546875 0.17109375 0.353125 0.15546875 0.37265625 0.1546875 0.38515625 0.1390625 0.41015625 0.125 0.41796875 0.1265625 0.42109375 0.1171875 0.41328125 0.1125 0.38046875 0.1234375 0.34921875 0.109375 0.340625 0.09921875 0.3484375 0.06640625 0.33125 0.05859375 0.34140625 0.046875 0.31640625 0.05 0.31171875 0.059375 0.29921875 0.059375 0.29453125 0.05 0.2828125 0.05546875 0.28515625 0.0609375 0.26796875 0.0640625 0.2703125 0.05546875 0.25078125 0.0484375 0.24765625 0.0359375 0.23359375 0.053125 0.20546875 0.0484375 0.20078125 0.0359375 0.18828125 0.05 0.17421875 0.05 0.14921875 0.06875 0.09609375 0.0765625 0.0703125 0.05390625 0.0640625 0.03671875 0.0734375 0.00546875 0.06953125 0 0.02265625 0