1 0.7375 0.9484375 0.190625 0.09375
1 0.3078125 0.80703125 0.1046875 0.06875
1 0.41796875 0.95859375 0.096875 0.078125
1 0.16328125 0.95546875 0.0671875 0.08125
1 0.2546875 0.8765625 0.0921875 0.08125
1 0.13359375 0.8796875 0.08125 0.0703125
1 0.25625 0.97421875 0.084375 0.04375
1 0.2359375 0.803125 0.0765625 0.0640625
1 0.584375 0.93828125 0.090625 0.0703125
1 0.346875 0.8734375 0.0859375 0.0734375
1 0.6171875 0.83125 0.1640625 0.075
1 0.53828125 0.85546875 0.09375 0.0734375
1 0.4609375 0.7125 0.10625 0.0609375
1 0.77890625 0.48984375 0.0640625 0.0421875
1 0.8296875 0.56796875 0.0515625 0.03125
1 0.640625 0.5640625 0.0625 0.034375
1 0.80859375 0.81640625 0.134375 0.084375
0 1 0.1984375 0.8109375 0.203125 0.6875 0.1859375 0.4140625 0.175 0.3453125 0.1625 0.1953125 0.1640625 0.1765625 0.1578125 0.1640625 0.1453125 0 0.1296875 0.0015625 0.475 0.090625 0.5 0.1421875 0.521875 0.16875 0.5234375 0.1859375 0.53125 0.215625 0.5234375 0.2265625 0.54375 0.2375 0.55 0.340625 0.5703125 0.340625 0.5828125 0.3546875 0.596875 0.3796875 0.609375 0.421875 0.6171875 0.475 0.6546875 0.5 0.6578125 0.5390625 0.675 0.5875 0.6859375 0.6265625 0.7046875 0.6546875 0.709375 0.6875 0.7296875 0.7609375 0.7375 0.865625 0.734375 0.95 0.7390625 0.975 0.734375 1 0.7453125 1 0.1984375