1 0.60625 0.84765625 0.128125 0.1703125
1 0.59609375 0.665625 0.134375 0.1578125
1 0.3640625 0.09765625 0.0765625 0.096875
1 0.621875 0.95703125 0.1375 0.084375
1 0.92109375 0.8734375 0.1578125 0.253125
1 0.28984375 0.66953125 0.0875 0.2546875
1 0.58828125 0.0453125 0.0453125 0.090625
1 0.20234375 0.6515625 0.0984375 0.26875
1 0.275 0.278125 0.071875 0.1234375
1 0.62578125 0.475 0.053125 0.221875
1 0.0390625 0.03125 0.078125 0.0625
1 0.134375 0.340625 0.0796875 0.146875
1 0.18515625 0.06328125 0.0515625 0.1109375
1 0.43359375 0.01640625 0.0765625 0.0296875
1 0.56171875 0.4625 0.0671875 0.16875
1 0.37265625 0.6765625 0.0703125 0.2
1 0.1203125 0.6171875 0.115625 0.196875
1 0.0640625 0.57734375 0.128125 0.1890625
1 0.07578125 0.28515625 0.0890625 0.109375
1 0.08828125 0.1890625 0.0859375 0.0703125
1 0.1265625 0.11328125 0.0765625 0.0859375
1 0.45859375 0.1734375 0.05625 0.11875
1 0.5171875 0.18359375 0.0546875 0.1265625
1 0.57265625 0.2015625 0.0453125 0.1359375
1 0.62578125 0.20703125 0.05 0.1203125
1 0.74453125 0.1984375 0.0703125 0.1125
1 0.79765625 0.18125 0.071875 0.1125
1 0.86875 0.1453125 0.1203125 0.1515625
1 0.971875 0.303125 0.05625 0.075
1 0.91015625 0.41328125 0.0890625 0.13125
1 0.8640625 0.44375 0.0953125 0.16875
1 0.80546875 0.4515625 0.0796875 0.1734375
1 0.69375 0.48359375 0.075 0.1828125
1 0.41484375 0.1375 0.0875 0.0796875
1 0.54296875 0.05390625 0.0375 0.09375
1 0.4921875 0.0359375 0.05 0.0671875
1 0.33125 0.05234375 0.0765625 0.0828125
1 0.94296875 0.08359375 0.059375 0.065625
1 0.721875 0.046875 0.05625 0.09375
1 0.39921875 0.4078125 0.0796875 0.18125
1 0.3359375 0.3796875 0.071875 0.1859375
1 0.21875 0.35703125 0.0625 0.171875
0 1 0.77421875 0.98515625 0.753125 0.978125 0.75390625 0.9828125 0.74609375 0.953125 0.64140625 0.94296875 0.625 0.90703125 0.60625 0.878125 0.60703125 0.8640625 0.62421875 0.8734375 0.63203125 0.86796875 0.640625 0.8546875 0.64453125 0.8515625 0.65546875 0.86875 0.66171875 0.85390625 0.671875 0.83046875 0.675 0.81640625 0.6859375 0.80625 0.71328125 0.79453125 0.728125 0.7734375 0.73984375 0.7625 0.76171875 0.78125 0.88671875 0.78125 0.92109375 0.796875 0.99609375 0.821875 0.99921875 0.7875 0.82265625 0.7875 0.80078125 0.79921875 0.78125 0.80859375 0.775 0.96328125 0.7484375 0.9578125 0.76171875 0.9640625 0.79296875 0.97890625 0.8140625 0.9921875 0.81953125 1 0.83515625 1 0.77421875
0 1 0.15859375 0.98046875 0.1640625 0.95390625 0.1859375 0.94296875 0.1875 0.84921875 0.2578125 0.81796875 0.2703125 0.81171875 0.284375 0.79609375 0.290625 0.78046875 0.2875 0.76484375 0.2984375 0.74609375 0.296875 0.725 0.26328125 0.7078125 0.19140625 0.6984375 0.17734375 0.665625 0.04296875 0.6703125 0.00078125 0.61640625 0 0.65 0.14296875 0.665625 0.24140625 0.665625 0.28046875 0.65859375 0.290625 0.64453125 0.2953125 0.60234375 0.284375 0.56796875 0.2890625 0.53515625 0.2703125 0.49765625 0.2640625 0.47890625 0.2515625 0.45546875 0.2546875 0.37734375 0.21875 0.3140625 0.15234375 0.2828125 0.08671875 0.2609375 0.00234375 0.22265625 0 0.2234375 0.08671875 0.2171875 0.11953125 0.18203125 0.140625 0.1625 0.16640625 0.146875 0.20390625 0.15625 0.25546875 0.17421875 0.26875 0.22578125 0.259375 0.2484375 0.23515625 0.2515625 0.20859375 0.27109375 0.20625 0.29453125 0.2203125 0.3296875 0.26796875 0.36328125 0.2953125 0.38828125 0.2859375 0.40078125 0.3109375 0.42421875 0.325 0.44140625 0.3109375 0.453125 0.32734375 0.4453125 0.42890625 0.4609375 0.44453125 0.45625 0.48046875 0.4703125 0.48828125 0.4703125 0.51796875 0.44921875 0.54375 0.4375 0.54765625 0.4375 0.57578125 0.45 0.58203125 0.4515625 0.59140625 0.44765625 0.6015625 0.434375 0.60546875 0.4296875 0.67734375 0.4140625 0.73046875 0.4140625 0.77578125 0.40625 0.78671875 0.403125 0.81328125 0.38046875 0.840625 0.34609375 0.8296875 0.32265625 0.8078125 0.29609375 0.8296875 0.26953125 0.828125 0.26328125 0.821875 0.24765625 0.8265625 0.22265625 0.8140625 0.21875 0.79765625 0.21015625 0.790625 0.19140625 0.7984375 0.17734375 0.790625 0.15078125 0.7890625 0.12265625 0.75625 0.06015625 0.7609375 0.02734375 0.728125 0.00078125 0.715625 0.0015625 0.88515625 0.03515625 0.9234375 0.05078125 0.925 0.06328125 0.9125 0.07578125 0.9109375 0.1078125 0.94140625 0.11015625 0.95625 0.13203125 0.9578125 0.14296875 0.96875 0.15390625 0.9671875 0.15859375 0.9578125 0.17890625 0.95625 0.20390625 1 0.22578125 1 0.24296875 0.978125 0.25234375 0.9796875 0.26796875 1 0.32265625 1 0.33046875 0.9734375 0.33984375 0.9734375 0.34921875 0.9875 0.38828125 0.9859375 0.39609375 1 0.5296875 0.99921875 0.5203125 0.89921875 0.528125 0.78515625 0.5234375 0.75859375 0.5125 0.73828125 0.503125 0.67109375 0.503125 0.64140625 0.509375 0.62578125 0.50625 0.56953125 0.5125 0.44609375 0.5171875 0.39921875 0.5296875 0.35859375 0.55859375 0.3421875 0.57265625 0.359375 0.61171875 0.3578125 0.63203125 0.371875 0.66640625 0.36875 0.67578125 0.359375 0.73203125 0.3625 0.74140625 0.353125 0.75859375 0.359375 0.78515625 0.340625 0.82109375 0.3359375 0.83828125 0.321875 0.86953125 0.3125 0.89765625 0.3125 0.91015625 0.296875 0.97421875 0.253125 1 0.24921875 1 0.15859375