1 0.76171875 0.115625 0.3 0.23125
1 0.46953125 0.3859375 0.4203125 0.2046875
1 0.22578125 0.1015625 0.2 0.1765625
1 0.346875 0.2046875 0.225 0.1671875
1 0.91875 0.31484375 0.1625 0.296875
1 0.03203125 0.56328125 0.0640625 0.1296875
1 0.4453125 0.57578125 0.2984375 0.21875
1 0.89140625 0.040625 0.1984375 0.08125
1 0.63515625 0.8734375 0.515625 0.225
1 0.67109375 0.50859375 0.215625 0.1953125
1 0.9765625 0.74375 0.046875 0.2015625
0 0 0 0 0.40625 0.0203125 0.440625 0.0296875 0.49375 0.0578125 0.5328125 0.065625 0.5703125 0.065625 0.609375 0.0515625 0.6515625 0 0.646875 0 0.76875 0.0765625 0.7578125 0.084375 0.76875 0.084375 0.7859375 0.078125 0.796875 0.05 0.790625 0 0.8109375 0 1 0.0375 1 0.0421875 0.9484375 0.059375 0.9109375 0.078125 0.9 0.1265625 0.9171875 0.146875 1 0.3484375 1 0.3484375 0.9234375 0.340625 0.8609375 0.353125 0.84375 0.4078125 0.84375 0.43125 0.834375 0.4421875 0.8359375 0.4671875 0.8203125 0.5375 0.815625 0.6203125 0.7703125 0.6703125 0.7609375 0.70625 0.7453125 0.7515625 0.7421875 0.775 0.725 0.7890625 0.7234375 0.803125 0.7328125 0.8453125 0.74375 0.921875 0.8453125 0.9125 0.9515625 0.896875 1 1 1 1 0.8453125 0.9640625 0.80625 0.9546875 0.7765625 0.9609375 0.6703125 1 0.6515625 1 0.46875 0.9859375 0.4546875 0.9328125 0.4328125 0.896875 0.39375 0.8234375 0.34375 0.8203125 0.3125 0.8078125 0.290625 0.771875 0.2890625 0.6578125 0.2484375 0.63125 0.246875 0.6140625 0.2640625 0.609375 0.28125 0.6140625 0.2921875 0.646875 0.3234375 0.6984375 0.3265625 0.7125 0.353125 0.709375 0.3703125 0.6984375 0.378125 0.671875 0.3671875 0.6578125 0.3703125 0.6578125 0.4078125 0.7078125 0.4140625 0.7375 0.45 0.765625 0.471875 0.7734375 0.4890625 0.7515625 0.659375 0.734375 0.6640625 0.7296875 0.659375 0.7265625 0.63125 0.7203125 0.6234375 0.678125 0.6140625 0.6203125 0.6265625 0.584375 0.65 0.559375 0.64375 0.48125 0.646875 0.4578125 0.6609375 0.4421875 0.6921875 0.4171875 0.7 0.3890625 0.7 0.3703125 0.6828125 0.3421875 0.68125 0.321875 0.6671875 0.3125 0.6515625 0.3 0.528125 0.29375 0.521875 0.2765625 0.525 0.2671875 0.5171875 0.246875 0.475 0.234375 0.3765625 0.26875 0.3546875 0.3078125 0.3546875 0.3859375 0.3328125 0.4296875 0.3328125 0.4546875 0.31875 0.4859375 0.3171875 0.5078125 0.3015625 0.5390625 0.303125 0.553125 0.290625 0.5578125 0.2625 0.5453125 0.24375 0.5296875 0.2421875 0.5109375 0.25 0.478125 0.25 0.4546875 0.26875 0.421875 0.2765625 0.3515625 0.271875 0.29375 0.2953125 0.28125 0.2875 0.2578125 0.2859375 0.2390625 0.290625 0.228125 0.3015625 0.18125 0.3140625 0.1671875 0.3140625 0.15625 0.30625 0.1265625 0.30625 0.1359375 0.2796875 0.1296875 0.2453125 0.134375 0.2125 0.109375 0.159375 0.1109375 0.115625 0.0859375 0.0765625 0.075 0 0 0
0 0.5937177250000001 0.002534546875 0.5116031140625 0.0293039859375 0.44019908125 0.0257347484375 0.38843113125 0 0.28311015624999997 0.002534546875 0.2902505859375 0.03644253125 0.318812171875 0.0346578953125 0.3330930328125 0.088196775 0.3277376765625 0.136381746875 0.3902162046875 0.1256739640625 0.420563 0.1577973125 0.4687606671875 0.1506588015625 0.504462684375 0.19705913749999998 0.504462684375 0.2309670875 0.504462684375 0.252382653125 0.5455200578125 0.252382653125 0.58657729375 0.2916445125 0.6079985859375 0.282721365625 0.8275660390624999 0.30949080625000003 0.8204254734375 0.2630904703125 0.8311361875 0.24167490468750003 0.80971503125 0.2434595078125 0.7882938765625 0.2256132140625 0.6936833421874999 0.154228040625 0.61335380625 0.1024738640625 0.61335380625 0.0257347484375 0.6847578390625 0.00610381875 0.7775831625 0.056073426562499994 0.7865086671875 0.056073426562499994 0.790624959375 0 0.5937177250000001 0.002534546875
0 1 0.059375 0.984375 0.0578125 0.8546875 0.084375 0.8390625 0.09375 0.890625 0.128125 0.915625 0.11875 0.946875 0.1296875 1 0.115625 1 0.059375
0 1 0.1328125 0.99375 0.1328125 0.965625 0.1453125 0.96875 0.190625 1 0.1796875 1 0.1328125