1 0.7609375 0.340625 0.1703125 0.1
1 0.38984375 0.31640625 0.075 0.071875
1 0.30546875 0.2828125 0.071875 0.0703125
1 0.66796875 0.14296875 0.1125 0.0859375
1 0.52109375 0.59765625 0.06875 0.0671875
1 0.7359375 0.48125 0.1203125 0.0671875
0 0.70625 0.5625 0.0828125 0.075
1 0.96953125 0.4375 0.0609375 0.0484375
1 0.9203125 0.2578125 0.0484375 0.0484375
1 0.83203125 0.26953125 0.11875 0.08125
1 0.58203125 0.32109375 0.0984375 0.1015625
1 0.115625 0.4328125 0.23125 0.0703125
1 0.31640625 0.41484375 0.0453125 0.059375
1 0.16640625 0.25078125 0.065625 0.0625
1 0.3640625 0.2296875 0.1015625 0.08125
1 0.50390625 0.1796875 0.0578125 0.05
1 0.50859375 0.08359375 0.0453125 0.0484375
1 0.934375 0.03125 0.065625 0.0515625
1 0.06484375 0.13515625 0.0578125 0.0453125
1 0.2171875 0.12890625 0.0609375 0.0515625
1 0.1703125 0.3328125 0.071875 0.0484375
1 0.246875 0.340625 0.05 0.0484375
1 0.0796875 0.52109375 0.1484375 0.096875
0 0 0.8578125 0.0171875 0.8375 0.04375 0.825 0.05 0.7984375 0.0640625 0.7984375 0.0828125 0.83125 0.06875 0.871875 0.0734375 0.896875 0.0984375 0.9109375 0.103125 0.921875 0.1265625 0.9140625 0.1671875 0.878125 0.1765625 0.8625 0.2140625 0.8625 0.2171875 0.834375 0.228125 0.825 0.25625 0.821875 0.259375 0.796875 0.26875 0.7828125 0.253125 0.78125 0.240625 0.7875 0.215625 0.7703125 0.1890625 0.7703125 0.17694925 0.7571524828125 0.1835646359375 0.713061640625 0.19606031875000002 0.696160128125 0.21811156406249999 0.6954252921874999 0.228125 0.709375 0.259375 0.7078125 0.30625 0.68125 0.321875 0.6828125 0.3265625 0.7140625 0.321875 0.7578125 0.3265625 0.7609375 0.4296875 0.7328125 0.4375 0.7203125 0.4328125 0.7 0.4125 0.6671875 0.36875 0.63125 0.346875 0.5765625 0.3140625 0.546875 0.3109375 0.5265625 0.3171875 0.515625 0.3578125 0.5125 0.3640625 0.5171875 0.3640625 0.559375 0.41875 0.6203125 0.43125 0.653125 0.459375 0.678125 0.4703125 0.68125 0.4828125 0.665625 0.5078125 0.6578125 0.509375 0.640625 0.490625 0.5984375 0.4886068625 0.5729335859375 0.51653840625 0.560441203125 0.555495628125 0.5979184640625 0.5547605984375 0.6192289640624999 0.5760767578125 0.6640547 0.5400597671875 0.6809561562499999 0.5290341453125 0.69418343125 0.5429998890625 0.7037364125 0.58563243125 0.6816909921875001 0.601803209375 0.678751646875 0.5848972890625 0.6464183515624999 0.58563243125 0.6067365812500001 0.5643161046875 0.545009390625 0.5452050359375 0.5126761234375 0.5106581078125 0.5090018859375001 0.49154698281250003 0.49871401249999997 0.4665556171875 0.517085196875 0.47096585468749996 0.5325169796875 0.4503846703125 0.5398654546875 0.43494880937499997 0.53839578125 0.4 0.534375 0.38125 0.51875 0.37982069687500003 0.4916190796875 0.4018719421875 0.47398271718749996 0.42657493906250005 0.46959901562499995 0.43568383906249997 0.46883877968750004 0.44375 0.46875 0.45625226406249997 0.45242193750000004 0.46231125781250004 0.44935698437499993 0.46543519531250005 0.4477954875 0.57164868125 0.42671448749999996 0.5747726203125 0.3822102875 0.453720471875 0.3548831515625 0.412328421875 0.3986065875 0.38655600625000003 0.41031821874999996 0.3623455875 0.4001681453125 0.34204007812500004 0.40563354843750005 0.36859346406250004 0.418125971875 0.3740603125 0.43217998125 0.35687874062499997 0.4376453546875 0.3357922015625 0.43530303437500006 0.309238875 0.46497249218750003 0.2921875 0.46875 0.2765625 0.4734375 0.203125 0.465625 0.1484375 0.4671875 0.1640625 0.490625 0.19375 0.5 0.196875 0.509375 0.171875 0.51875 0.1328125 0.5453125 0.1078125 0.578125 0.1015625 0.596875 0.0875 0.596875 0.0765625 0.5828125 0.053125 0.5828125 0.0265625 0.571875 0.0140625 0.5734375 0 0.5861608609375 0 0.8578125
0 1 0.3390625 0.7140625 0.390625 0.6828125 0.3875 0.6578125 0.36875 0.6551207328124999 0.3522053703125 0.66875 0.3421875 0.6738642703125 0.2911313671875 0.70371514375 0.23422154218750002 0.7203125 0.228125 0.7421875 0.215625 0.7363427984375 0.198132365625 0.7405080234375 0.1849459265625 0.753125 0.1734375 0.775 0.1390625 0.763881528125 0.1409531 0.7474809265625 0.13236456875 0.728125 0.1546875 0.6984375 0.209375 0.6515625 0.271875 0.640625 0.303125 0.5796875 0.378125 0.5625 0.4140625 0.5625 0.43125 0.58125 0.4484375 0.59375 0.4515625 0.6359375 0.440625 0.6552136890625 0.4454531078125 0.6622425953125 0.455603240625 0.63803211875 0.470437925 0.6419370265625 0.47590332812499997 0.6723952609375 0.5133805390624999 0.6934818593750001 0.5063536078124999 0.6770811984375 0.48605340156250004 0.677862228125 0.4641916984375 0.7724723140624999 0.44701703750000005 0.7919968546875 0.474344175 0.7896539453125 0.49152123750000004 0.724051478125 0.5102598578124999 0.721875 0.5203125 0.72245868125 0.52341375625 0.7432848578125 0.51855559375 0.7446732484374999 0.5282719734375 0.739813828125 0.52896593125 0.7467558875 0.5372942078125 0.7515625 0.5453125 0.7474500828124999 0.5171675703124999 0.755780584375 0.5150854812500001 0.7609375 0.5203125 0.7759125124999999 0.5338240953125 0.790625 0.5515625 0.8359375 0.5515625 0.846875 0.5734375 0.871875 0.565625 0.88125 0.615625 0.8734375 0.659375 0.8578125 0.665625 0.834375 0.6546875 0.7578125 0.671875 0.6453125 0.7171875 0.6 0.7609375 0.5203125 0.79375 0.4953125 0.8140625 0.4546875 0.8203125 0.421875 0.8453125 0.3953125 0.8546875 0.35 0.8828125 0.290625 0.89375 0.275 0.909375 0.25625 0.9171875 0.2265625 0.9125 0.2125 0.946875 0.178125 0.9640625 0.1359375 0.9734375 0.1109375 1 1 1 1 0.6171875 0.9875 0.60625 0.9625 0.6015625 0.9578125 0.5890625 0.96693680625 0.572721884375 1 0.5515625 1 0.453125 0.8592172171874999 0.48732458125000006 0.8484375 0.484375 0.8515625 0.465625 0.8557461875 0.45956367968749995 0.8758781687500001 0.4658098921875 0.8994811781250001 0.46025771875 0.905034846875 0.45123543125000004 0.9140594906249999 0.4304147546875 0.9098942671874999 0.422780490625 0.8724071390624999 0.4324968171875 0.8536636015625 0.4442952046875 0.8418620703125 0.44290715468749997 0.841167875 0.4269446421875 0.8609375 0.41875 0.8953159546875 0.4220864796875 0.9140625 0.4171875 0.921875 0.4234375 0.940625 0.4234375 0.975 0.3984375 1 0.3953125 1 0.3390625