1 0.58515625 0.4828125 0.35234375 0.23828125
1 0.9546875 0.20625 0.0890625 0.08203125
1 0.84609375 0.26875 0.20390625 0.11640625
1 0.30625 0.54453125 0.3609375 0.31171875
1 0.065625 0.48515625 0.1265625 0.20625
0 0 0.38916015625 0.01318359375 0.388671875 0.02099609375 0.392578125 0.12255859375 0.4765625 0.1279296875 0.47705078125 0.150390625 0.45654296875 0.146484375 0.42236328125 0.140625 0.40576171875 0.1396484375 0.38720703125 0.14306640625 0.3828125 0.14990234375 0.3818359375 0.154296875 0.38720703125 0.16064453125 0.4482421875 0.17529296875 0.439453125 0.22509765625 0.3955078125 0.25341796875 0.3935546875 0.27001953125 0.404296875 0.28662109375 0.4052734375 0.2939453125 0.39208984375 0.287109375 0.36474609375 0.2900390625 0.34521484375 0.2978515625 0.33837890625 0.30615234375 0.322265625 0.32568359375 0.31640625 0.34716796875 0.3017578125 0.39697265625 0.298828125 0.41943359375 0.3212890625 0.451171875 0.34326171875 0.451171875 0.36865234375 0.4560546875 0.38232421875 0.46435546875 0.38671875 0.4873046875 0.36865234375 0.484375 0.34521484375 0.4716796875 0.32373046875 0.46875 0.31103515625 0.4765625 0.28662109375 0.49462890625 0.2646484375 0.52587890625 0.244140625 0.55615234375 0.2373046875 0.56884765625 0.2431640625 0.59033203125 0.263671875 0.60498046875 0.2666015625 0.611328125 0.27197265625 0.619140625 0.28369140625 0.62353515625 0.3056640625 0.66015625 0.28173828125 0.650390625 0.25048828125 0.658203125 0.23583984375 0.67529296875 0.2197265625 0.70263671875 0.2119140625 0.71728515625 0.21484375 0.734375 0.22802734375 0.7421875 0.24755859375 0.74755859375 0.251953125 0.81494140625 0.2080078125 0.82373046875 0.1884765625 0.83740234375 0.1875 0.84423828125 0.1884765625 0.84716796875 0.1962890625 0.86083984375 0.1953125 0.87451171875 0.2021484375 0.87890625 0.20751953125 0.87890625 0.22021484375 0.88427734375 0.224609375 0.91162109375 0.2314453125 0.9150390625 0.21435546875 0.9033203125 0.19970703125 0.91357421875 0.1904296875 0.93212890625 0.185546875 0.94091796875 0.177734375 0.96044921875 0.1708984375 0.9990234375 0.16845703125 0.98486328125 0.1630859375 0.98046875 0.14990234375 0.97509765625 0.1474609375 0.95654296875 0.1474609375 0.95361328125 0.154296875 0.94970703125 0.1484375 0.94189453125 0.1611328125 0.94140625 0.14892578125 0.93798828125 0.1455078125 0.9091796875 0.13818359375 0.90576171875 0.1083984375 0.8955078125 0.11083984375 0.89111328125 0.1240234375 0.88916015625 0.078125 0.8798828125 0.08642578125 0.8828125 0.09814453125 0.8798828125 0.11083984375 0.8623046875 0.12353515625 0.8603515625 0.14013671875 0.84326171875 0.1533203125 0.82470703125 0.154296875 0.78662109375 0.1484375 0.78076171875 0.1611328125 0.73388671875 0.162109375 0.7216796875 0.15185546875 0.71875 0.12060546875 0.7294921875 0.09716796875 0.755859375 0.08251953125 0.75439453125 0.0595703125 0.6904296875 0.06298828125 0.703125 0.07666015625 0.708984375 0.09814453125 0.70068359375 0.1220703125 0.6728515625 0.13330078125 0.66845703125 0.169921875 0.66015625 0.16845703125 0.658203125 0.13330078125 0.63818359375 0.1259765625 0.634765625 0.12646484375 0.6357421875 0.13720703125 0.626953125 0.14892578125 0.6240234375 0.16259765625 0.60888671875 0.169921875 0.58935546875 0.171875 0.57080078125 0.1689453125 0.564453125 0.16455078125 0.5556640625 0.14697265625 0.552734375 0.13330078125 0.5595703125 0.10986328125 0.57080078125 0.0986328125 0.59423828125 0.0927734375 0.62353515625 0.0966796875 0.6396484375 0.07958984375 0.64208984375 0.0693359375 0.61865234375 0.0615234375 0.59423828125 0.0693359375 0.55517578125 0.0673828125 0.54541015625 0.07421875 0.54248046875 0.0703125 0.53369140625 0.0703125 0.53076171875 0.0751953125 0.51806640625 0.0771484375 0.5146484375 0.12060546875 0.51025390625 0.123046875 0.50634765625 0.115234375 0.50390625 0.11767578125 0.5009765625 0.15771484375 0.4951171875 0.15771484375 0.4931640625 0.13427734375 0.48193359375 0.1142578125 0.46728515625 0.123046875 0.4521484375 0.12548828125 0.4521484375 0.15869140625 0.44482421875 0.1611328125 0.439453125 0.12548828125 0.42431640625 0.1201171875 0.412109375 0.09814453125 0.419921875 0.07177734375 0.3837890625 0.05517578125 0.388671875 0.04443359375 0.388671875 0.02001953125 0.36376953125 0.0126953125 0.3583984375 0.01611328125 0.3583984375 0.02880859375 0.3525390625 0.03076171875 0.34228515625 0.0537109375 0.32568359375 0.0595703125 0.2890625 0.06396484375 0.296875 0.08056640625 0.29248046875 0.1064453125 0.27978515625 0.1142578125 0.24951171875 0.115234375 0.23046875 0.10205078125 0.2333984375 0.12939453125 0.24755859375 0.134765625 0.25390625 0.14306640625 0.25048828125 0.154296875 0.21875 0.15283203125 0.2197265625 0.13818359375 0.2265625 0.13232421875 0.2216796875 0.08837890625 0.21728515625 0.083984375 0.20361328125 0.08203125 0.19677734375 0.07421875 0.19189453125 0.0771484375 0.1806640625 0.09716796875 0.1884765625 0.11083984375 0.189453125 0.12939453125 0.17578125 0.15576171875 0.1494140625 0.16943359375 0.154296875 0.20361328125 0.14990234375 0.2099609375 0.142578125 0.20458984375 0.1396484375 0.16845703125 0.1103515625 0.15380859375 0.109375 0.14306640625 0.1025390625 0.13330078125 0.1015625 0.11279296875 0.09619140625 0.1103515625 0.08447265625 0.1142578125 0.06298828125 0.1142578125 0.0634765625 0.15576171875 0.05712890625 0.162109375 0.04833984375 0.1640625 0.0439453125 0.17431640625 0.048828125 0.19970703125 0.07470703125 0.2041015625 0.0849609375 0.21923828125 0.08056640625 0.2265625 0.05810546875 0.23046875 0.04443359375 0.2255859375 0.0390625 0.21923828125 0.03125 0.17138671875 0 0.15576171875 0 0.38916015625
0 0 0.99951171875 0.4365234375 0.99951171875 0.4365234375 0.94189453125 0.42578125 0.93701171875 0.427734375 0.92626953125 0.435546875 0.92236328125 0.43310546875 0.908203125 0.423828125 0.91259765625 0.4130859375 0.93505859375 0.40185546875 0.9453125 0.37158203125 0.966796875 0.36279296875 0.9677734375 0.345703125 0.95947265625 0.3330078125 0.93701171875 0.333984375 0.90966796875 0.3291015625 0.89404296875 0.3330078125 0.88427734375 0.34716796875 0.87109375 0.38330078125 0.8544921875 0.39794921875 0.8515625 0.40478515625 0.853515625 0.4189453125 0.86865234375 0.423828125 0.89111328125 0.43359375 0.90283203125 0.4365234375 0.84619140625 0.4228515625 0.84326171875 0.423828125 0.82763671875 0.439453125 0.80810546875 0.439453125 0.80029296875 0.431640625 0.78564453125 0.4521484375 0.76513671875 0.4970703125 0.69287109375 0.4951171875 0.66455078125 0.486328125 0.66455078125 0.48681640625 0.66015625 0.4951171875 0.65771484375 0.4951171875 0.65283203125 0.4833984375 0.62841796875 0.47802734375 0.6279296875 0.37255859375 0.681640625 0.36767578125 0.6806640625 0.31298828125 0.640625 0.19091796875 0.541015625 0.17333984375 0.53125 0.1728515625 0.54638671875 0.18701171875 0.5478515625 0.1875 0.56103515625 0.20068359375 0.5625 0.203125 0.57861328125 0.216796875 0.58447265625 0.2041015625 0.58740234375 0.20166015625 0.609375 0.18701171875 0.6103515625 0.18505859375 0.595703125 0.17919921875 0.5966796875 0.17578125 0.60400390625 0.21484375 0.64501953125 0.2294921875 0.67041015625 0.224609375 0.70263671875 0.20849609375 0.7138671875 0.18798828125 0.71875 0.1748046875 0.72998046875 0.193359375 0.85498046875 0.18798828125 0.857421875 0.181640625 0.84716796875 0.1591796875 0.72607421875 0.14892578125 0.7216796875 0.12646484375 0.7275390625 0.1142578125 0.71435546875 0.1064453125 0.69677734375 0.08544921875 0.6748046875 0.07470703125 0.6708984375 0.05810546875 0.65625 0.04150390625 0.6552734375 0.0390625 0.65966796875 0.04296875 0.67041015625 0.02490234375 0.6748046875 0.0126953125 0.68798828125 0.0146484375 0.74072265625 0 0.75146484375 0 0.99951171875
0 0 0.60400390625 0.0146484375 0.62353515625 0.04248046875 0.640625 0.06982421875 0.650390625 0.0888671875 0.65283203125 0.103515625 0.64404296875 0.107421875 0.62451171875 0.12255859375 0.6064453125 0.1513671875 0.59716796875 0.1484375 0.56689453125 0.1328125 0.54150390625 0.1328125 0.53466796875 0.125 0.53173828125 0.12646484375 0.52734375 0.13623046875 0.5263671875 0.13818359375 0.5205078125 0.1376953125 0.52587890625 0.142578125 0.52783203125 0.14453125 0.50146484375 0.14111328125 0.484375 0.1328125 0.48876953125 0.13037109375 0.49609375 0.10498046875 0.4921875 0.1025390625 0.49853515625 0.1064453125 0.51904296875 0.10009765625 0.525390625 0 0.56005859375 0 0.60400390625
0 1 0.5620117203125 0.9798157265624999 0.5536786171875 0.9368617984375 0.5614863265625 0.9173372578125001 0.569294109375 0.9075749875 0.5907654015625 0.9114798359374999 0.60638089375 0.9075749875 0.639563859375 0.8997649921875001 0.657131334375 0.8607159125000001 0.67665071875 0.8294768265625001 0.6844584265625 0.8079997140625 0.7039778109375 0.784570325 0.72349719375 0.765045784375 0.7293530687499999 0.704519740625 0.7625359609375 0.6849952 0.7879112187499999 0.6615656624999999 0.8074306015625 0.6342312765625 0.8152383109375 0.60103961875 0.836709603125 0.5854199265625 0.8542770765625001 0.5658953859375 0.8737964609375 0.546370846875 0.8855080609374999 0.5366085765624999 0.8855080609374999 0.5209890328125 0.8835561515625001 0.433128603125 0.8913639359375001 0.407746640625 1 1 1 1 0.5620117203125
0 0.50146449375 0.557582434375 0.530751303125 0.60052509375 0.4877972265625 0.58490975 0.48193995312500004 0.62980416875 0.46241541249999996 0.70007399375 0.5151316125000001 0.68836231875 0.530751303125 0.66493904375 0.5502758437499999 0.668842934375 0.5717528078125 0.680554609375 0.5717528078125 0.7117857421875 0.5541806921875 0.7410648171875 0.5170840359375 0.7469204687500001 0.47803495625 0.7039778109375 0.4428908734375 0.7430165765625001 0.4136040625 0.8113344937500001 0.433128603125 0.8894120265625001 0.49755949531250004 0.89331584375 0.5229414578125 0.8796523359374999 0.5209890328125 0.836709603125 0.5112267640625 0.768391834375 0.530751303125 0.8015747265625001 0.5639429625 0.7918150359375 0.5873725000000001 0.7976709093750001 0.6147067359375 0.8328057859375001 0.6342312765625 0.8269499109374999 0.632278853125 0.8054786187499999 0.632278853125 0.774247634375 0.6342312765625 0.739112759375 0.6576608140625 0.72349719375 0.6908524734375 0.7293530687499999 0.704519740625 0.7664398515624999 0.7748080546875 0.7274010859375 0.7533310906249999 0.698122009375 0.7416162468749999 0.67665071875 0.7533310906249999 0.657131334375 0.7826177515625 0.639563859375 0.8138571359375 0.6415158437499999 0.833381675 0.639563859375 0.841191371875 0.627852259375 0.8568110640625 0.60052509375 0.8821930265625 0.5712460187499999 0.8939078687500001 0.5536786171875 0.880240453125 0.5243995421875 0.8821930265625 0.5048801593750001 0.8978127171875 0.49121657656249995 0.9095272624999999 0.48731268437499997 0.9485763437499999 0.5087839765625 0.9563863375 0.54196694375 0.9759108781249999 0.540015034375 0.9798157265624999 0.5380630515625 0.9798157265624999 0.5204956515625 0.9759108781249999 0.5048801593750001 0.989577996875 0.48926459375000003 1 0.4443700265625 0.9817683 0.440466134375 0.9544337640625 0.41704293437500006 0.9134324093749999 0.411187059375 0.915384684375 0.428754534375 0.8939078687500001 0.428754534375 0.8939078687500001 0.44632200937500005 0.8860978749999999 0.4560817015625 0.8743833296875 0.458033609375 0.87243075625 0.46779330156250004 0.8431439453125 0.46779330156250004 0.8314291015625 0.48926459375000003 0.7904277468750001 0.499024284375 0.792380021875 0.5029281765625 0.7689506328125 0.51854366875 0.7533310906249999 0.51854366875 0.7396638234374999 0.5673421265624999 0.6654706609375001 0.60638089375 0.4277343296875 0.4887695328125 0.50146449375 0.557582434375
0 0.96728515625 0.2646484375 0.99853515625 0.2587890625 1 0.23779296875 0.94384765625 0.2275390625 0.91748046875 0.2275390625 0.91748046875 0.232421875 0.9560546875 0.25244140625 0.94140625 0.26513671875 0.9423828125 0.27392578125 0.9326171875 0.27783203125 0.9306640625 0.29638671875 0.9365234375 0.29638671875 0.962890625 0.28271484375 0.96728515625 0.2646484375
0 0.9130859375 0.32568359375 0.9248046875 0.31396484375 0.92626953125 0.3017578125 0.89208984375 0.3134765625 0.77392578125 0.2861328125 0.76513671875 0.28515625 0.7607421875 0.29052734375 0.7587890625 0.30517578125 0.7685546875 0.32177734375 0.76806640625 0.33984375 0.79248046875 0.3349609375 0.82470703125 0.3193359375 0.85986328125 0.3193359375 0.873046875 0.32666015625 0.87841796875 0.3466796875 0.90283203125 0.357421875 0.9091796875 0.35693359375 0.9208984375 0.33935546875 0.9130859375 0.32568359375