1 0.27890625 0.56640625 0.23125 0.16875
1 0.8796875 0.5265625 0.240625 0.215625
1 0.4984375 0.6625 0.28203125 0.2015625
1 0.6203125 0.46171875 0.23359375 0.1984375
1 0.975 0.40546875 0.05 0.08203125
0 0.013671875 0.19970703125 0.00048828125 0.126953125 0.0009765625 0.22021484375 0.009765625 0.21533203125 0.013671875 0.19970703125
0 0.66064453125 0.1767578125 0.68212890625 0.169921875 0.70361328125 0.1728515625 0.72119140625 0.193359375 0.74853515625 0.189453125 0.7548828125 0.18505859375 0.7509765625 0.15673828125 0.7646484375 0.13232421875 0.77099609375 0.1298828125 0.79931640625 0.1279296875 0.81689453125 0.140625 0.84326171875 0.1416015625 0.86669921875 0.150390625 0.88720703125 0.1513671875 0.90673828125 0.138671875 0.92919921875 0.134765625 0.94873046875 0.1376953125 0.96142578125 0.134765625 0.98291015625 0.146484375 0.99951171875 0.1484375 1 0.11279296875 0.94091796875 0.1123046875 0.92138671875 0.1171875 0.76318359375 0.1162109375 0.70556640625 0.1220703125 0.56591796875 0.123046875 0.51708984375 0.1298828125 0.5146484375 0.13818359375 0.505859375 0.14306640625 0.501953125 0.15283203125 0.49169921875 0.15625 0.416015625 0.15673828125 0.421875 0.18017578125 0.43994140625 0.189453125 0.53759765625 0.2001953125 0.607421875 0.20361328125 0.64990234375 0.1923828125 0.66064453125 0.1767578125
0 0.224609375 0.27880859375 0.220703125 0.27490234375 0.22998046875 0.2666015625 0.25927734375 0.2626953125 0.26806640625 0.2666015625 0.279296875 0.26318359375 0.2734375 0.23681640625 0.2705078125 0.16845703125 0.2783203125 0.17236328125 0.2783203125 0.18505859375 0.28271484375 0.1943359375 0.29541015625 0.185546875 0.33740234375 0.1845703125 0.345703125 0.14599609375 0.36376953125 0.1298828125 0.35205078125 0.126953125 0.29736328125 0.12890625 0.28759765625 0.150390625 0.23583984375 0.1513671875 0.22705078125 0.1552734375 0.2216796875 0.14990234375 0.21630859375 0.1279296875 0.0126953125 0.12841796875 0.0185546875 0.18408203125 0.03076171875 0.216796875 0.06689453125 0.232421875 0.10107421875 0.2666015625 0.10693359375 0.265625 0.12451171875 0.25 0.14892578125 0.2412109375 0.16162109375 0.2431640625 0.18017578125 0.255859375 0.19482421875 0.2578125 0.1982421875 0.27001953125 0.2177734375 0.29345703125 0.21875 0.28173828125 0.224609375 0.27880859375
0 1 0.2685546875 0.923828125 0.2587890625 0.9033203125 0.259765625 0.9013671875 0.265625 0.9150390625 0.28515625 0.9287109375 0.3173828125 0.927734375 0.3330078125 0.8974609375 0.3701171875 0.8837890625 0.375 0.8544921875 0.376953125 0.8505859375 0.384765625 0.849609375 0.40625 0.845703125 0.4091796875 0.84375 0.3798828125 0.8056640625 0.365234375 0.798828125 0.34765625 0.7861328125 0.3310546875 0.787109375 0.3125 0.8017578125 0.2919921875 0.8076171875 0.271484375 0.8056640625 0.267578125 0.75390625 0.263671875 0.6787109375 0.25 0.5947265625 0.2607421875 0.4287109375 0.2373046875 0.3408203125 0.23046875 0.287109375 0.2333984375 0.2958984375 0.275390625 0.3134765625 0.2861328125 0.314453125 0.3095703125 0.2998046875 0.3369140625 0.3046875 0.3798828125 0.3115234375 0.39453125 0.3076171875 0.4033203125 0.3095703125 0.4306640625 0.3203125 0.4326171875 0.330078125 0.4248046875 0.345703125 0.4228515625 0.3515625 0.41796875 0.375 0.41796875 0.3671875 0.4033203125 0.34765625 0.39453125 0.3466796875 0.37109375 0.3623046875 0.35546875 0.3837890625 0.3544921875 0.3984375 0.3662109375 0.40625 0.38671875 0.396484375 0.4072265625 0.388671875 0.4091796875 0.3916015625 0.4130859375 0.3876953125 0.4365234375 0.3896484375 0.451171875 0.4013671875 0.4541015625 0.4287109375 0.44921875 0.439453125 0.4541015625 0.451171875 0.46875 0.451171875 0.4912109375 0.505859375 0.490234375 0.5048828125 0.4677734375 0.4951171875 0.462890625 0.4892578125 0.447265625 0.544921875 0.3828125 0.5634765625 0.3818359375 0.603515625 0.3896484375 0.6083984375 0.384765625 0.611328125 0.365234375 0.623046875 0.35546875 0.6376953125 0.353515625 0.6650390625 0.3603515625 0.6845703125 0.349609375 0.6962890625 0.34765625 0.7099609375 0.3505859375 0.71875 0.3603515625 0.7216796875 0.3759765625 0.716796875 0.3837890625 0.6904296875 0.3876953125 0.6640625 0.380859375 0.6376953125 0.3916015625 0.64453125 0.3994140625 0.6552734375 0.4033203125 0.7314453125 0.4248046875 0.765625 0.4658203125 0.7646484375 0.4716796875 0.7490234375 0.4755859375 0.74609375 0.4912109375 0.775390625 0.4912109375 0.8232421875 0.423828125 0.8447265625 0.412109375 0.84765625 0.4130859375 0.845703125 0.43359375 0.8525390625 0.4404296875 1 0.4716796875 1 0.4443359375 0.9560546875 0.43359375 0.951171875 0.4296875 0.9501953125 0.4130859375 0.9541015625 0.388671875 1 0.369140625 1 0.2685546875
0 0 0.6201171875 0.0888671875 0.6201171875 0.0927734375 0.6015625 0.1083984375 0.5859375 0.1435546875 0.576171875 0.16796875 0.5830078125 0.1669921875 0.5576171875 0.162109375 0.5546875 0.162109375 0.548828125 0.171875 0.537109375 0.1455078125 0.53515625 0.1376953125 0.51953125 0.2080078125 0.5009765625 0.1748046875 0.4599609375 0.173828125 0.431640625 0.1806640625 0.42578125 0.1826171875 0.408203125 0.197265625 0.388671875 0.2109375 0.37890625 0.2109375 0.375 0.2557476265625 0.3716828859375 0.31432124687499996 0.409160096875 0.3002636125 0.3490403890625 0.28776791875 0.3451365125 0.28776791875 0.3193709328125 0.2666813796875 0.31546705625000004 0.257309625 0.2889207125 0.292453796875 0.2584704625 0.24325193281250002 0.2561281421875 0.2190415140625 0.27252441250000004 0.21747957499999998 0.29360535312499997 0.20732679062499998 0.321713253125 0.1826171875 0.3544921875 0.154296875 0.35546875 0.1103515625 0.345703125 0.0791015625 0.345703125 0.0615234375 0.341796875 0.0078125 0.341796875 0 0.3427734375 0 0.556640625 0.0283203125 0.5302734375 0.0634765625 0.529296875 0.083984375 0.5390625 0.1015625 0.5673828125 0.07421875 0.5830078125 0.0439453125 0.5908203125 0.0166015625 0.5869140625 0 0.568359375 0 0.6201171875
0 0.307383646875 1 0.40380859375 0.9315884015625 0.48681640625 0.8593227765625 0.49462890625 0.8563930890625 0.50244140625 0.8446743390625 0.51123046875 0.8417446515625 0.52001953125 0.8290493390625 0.5322265625 0.8217251203125 0.53662109375 0.8134243390625 0.5478515625 0.8080532453125 0.5634765625 0.7934048078125 0.5791015625 0.7787563703125 0.595703125 0.7621548078125 0.611328125 0.7475063703125 0.62646484375 0.7333462140625 0.65673828125 0.7030727765625 0.66650390625 0.6991665265625 0.68310546875 0.6835415265625 0.69140625 0.6713344953125 0.6826171875 0.6654751203125 0.68359375 0.6566860578125 0.6728515625 0.6527798078125 0.674001296875 0.6309348640625 0.677048259375 0.6312394828125 0.677916003125 0.590465653125 0.64306640625 0.5907680890625 0.61376953125 0.5770962140625 0.58056640625 0.5761196515625 0.57666015625 0.5614712140625 0.54052734375 0.5595180890625 0.533203125 0.5482876203125 0.52490234375 0.5438930890625 0.50439453125 0.5419399640625 0.49853515625 0.5468227765625 0.49365234375 0.5458462140625 0.48828125 0.5277798078125 0.48681640625 0.46381496406249995 0.486328125 0.47602199531249995 0.48193359375 0.48041652656249995 0.45361328125 0.48334621406249995 0.44775390625 0.49018215156249995 0.43310546875 0.49506496406249995 0.40869140625 0.49701808906249995 0.39794921875 0.49408840156249995 0.388671875 0.48090480781249995 0.3896484375 0.45942043281249995 0.41064453125 0.44135402656249995 0.419921875 0.44086574531249995 0.39306640625 0.43354152656249995 0.3935546875 0.41742824531249995 0.39013671875 0.41108058906249995 0.36474609375 0.41401027656249995 0.35302734375 0.41010402656249995 0.3525390625 0.42133449531249995 0.34716796875 0.42670558906249995 0.34130859375 0.42182277656249995 0.33447265625 0.42670558906249995 0.31494140625 0.42670558906249995 0.31494140625 0.41693996406249995 0.32568359375 0.41889308906249995 0.33056640625 0.41498683906249995 0.34130859375 0.42084621406249995 0.34375 0.40570949531249995 0.3583984375 0.40180324531249995 0.35791015625 0.3974087140625 0.34521484375 0.3915493390625 0.33740234375 0.41010402656249995 0.32666015625 0.41401027656249995 0.32177734375 0.41205715156249995 0.31787109375 0.41596340156249995 0.3125 0.41156887031249995 0.3125 0.3978969953125 0.3046875 0.3978969953125 0.302734375 0.40180324531249995 0.3076171875 0.40961574531249995 0.306640625 0.43207668281249995 0.302734375 0.43695949531249995 0.3046875 0.46039699531249995 0.28662109375 0.48529933906249995 0.26953125 0.48774074531249995 0.27978515625 0.49604152656249995 0.30810546875 0.5058071515625 0.39990234375 0.5224087140625 0.404296875 0.5297329328125 0.4052734375 0.5502407453125 0.38525390625 0.5477993390625 0.3798828125 0.5561001203125 0.37744140625 0.5780727765625 0.34423828125 0.5927212140625 0.27294921875 0.6347134015625 0.25244140625 0.6288540265625 0.18798828125 0.5936977765625 0.18115234375 0.5829555890625 0.17724609375 0.6239712140625 0.15087890625 0.6366665265625 0.13330078125 0.6405727765625 0.10302734375 0.6356899640625 0.09375 0.6293423078125 0.087890625 0.6156704328125 0 0.6171151218750001 0.0001975359375 1 0.11127046874999999 1 0.19197189374999998 1 0.307383646875 1
0 1 0.59228515625 0.97705078125 0.6142578125 0.97216796875 0.6142578125 0.82763671875 0.568359375 0.77978515625 0.5576171875 0.7685546875 0.57568359375 0.76904296875 0.5810546875 0.79345703125 0.572265625 0.80712890625 0.5732421875 0.82861328125 0.5791015625 0.8515625 0.59912109375 0.8701171875 0.62548828125 0.87109375 0.64794921875 0.8759765625 0.66064453125 0.87109375 0.68603515625 0.85693359375 0.703125 0.83935546875 0.716796875 0.798828125 0.73095703125 0.79248046875 0.779296875 0.787109375 0.77783203125 0.7861328125 0.77197265625 0.78515625 0.72607421875 0.76806640625 0.7255859375 0.76123046875 0.7216796875 0.72265625 0.68798828125 0.71435546875 0.6689453125 0.67724609375 0.7001953125 0.6279296875 0.74951171875 0.65185546875 0.74609375 0.66162109375 0.740234375 0.67919921875 0.7421875 0.7060546875 0.76708984375 0.71484375 0.78759765625 0.71484375 0.80908203125 0.69287109375 0.833984375 0.67529296875 0.841796875 0.65185546875 0.8427734375 0.61962890625 0.82421875 0.6103515625 0.81494140625 0.607421875 0.80517578125 0.611328125 0.77978515625 0.6171875 0.77197265625 0.61572265625 0.7607421875 0.45068359375 0.9130859375 0.3349609375 0.99951171875 0.5009765625 0.99951171875 1 1 1 0.72412109375 0.9951171875 0.72216796875 0.9951171875 0.70947265625 0.9853515625 0.70556640625 0.9853515625 0.69189453125 0.990234375 0.65576171875 0.9921875 0.64990234375 1 0.64599609375 1 0.59228515625