1 0.0796875 0.53046875 0.1484375 0.12578125
1 0.12734375 0.39453125 0.1125 0.0953125
1 0.3546875 0.48125 0.134375 0.103125
1 0.7703125 0.3078125 0.04609375 0.0546875
1 0.48359375 0.41875 0.1125 0.1046875
1 0.6046875 0.38125 0.0984375 0.0828125
1 0.57734375 0.5140625 0.15546875 0.14453125
1 0.48359375 0.33515625 0.09453125 0.059375
1 0.12421875 0.3171875 0.0765625 0.059375
1 0.71171875 0.58828125 0.17890625 0.1578125
1 0.24140625 0.4296875 0.134375 0.109375
1 0.21015625 0.2828125 0.0546875 0.05546875
1 0.81640625 0.5109375 0.153125 0.103125
1 0.42890625 0.2328125 0.05078125 0.03984375
1 0.33515625 0.275 0.0578125 0.0515625
1 0.69765625 0.4375 0.103125 0.09375
1 0.1375 0.26015625 0.05859375 0.05625
1 0.4125 0.278125 0.05859375 0.0671875
1 0.5109375 0.24453125 0.0515625 0.0453125
1 0.46640625 0.26484375 0.05625 0.0484375
1 0.4265625 0.71875 0.3015625 0.2875
1 0.17265625 0.58046875 0.1859375 0.13125
1 0.7015625 0.2671875 0.05390625 0.05859375
1 0.8625 0.334375 0.06328125 0.059375
1 0.96875 0.94453125 0.0625 0.1109375
1 0.3671875 0.38671875 0.1328125 0.090625
1 0.0265625 0.29375 0.046875 0.0546875
1 0.9125 0.615625 0.10859375 0.084375
1 0.22890625 0.346875 0.071875 0.0515625