1 0.7984375 0.51875 0.3546875 0.26640625
1 0.584375 0.45 0.2609375 0.19453125
1 0.3375 0.35625 0.19609375 0.1578125
1 0.05859375 0.41015625 0.1171875 0.12890625
1 0.9578125 0.2390625 0.084375 0.09765625
1 0.271875 0.63828125 0.5296875 0.38125
1 0.4375 0.40859375 0.20234375 0.1671875
0 0 0.34912109375 0.11572265625 0.3994140625 0.1181640625 0.40771484375 0.11474609375 0.412109375 0.09716796875 0.412109375 0.0832767265625 0.40812044687500004 0.090565896875 0.45652853281250005 0.14208984375 0.4375 0.15673828125 0.4384765625 0.16455078125 0.427734375 0.18017578125 0.41796875 0.19970703125 0.4248046875 0.21337890625 0.4384765625 0.22021484375 0.423828125 0.24072265625 0.4208984375 0.25244140625 0.4345703125 0.2646484375 0.43896484375 0.2666015625 0.44677734375 0.28125 0.45947265625 0.28369140625 0.4677734375 0.28857421875 0.4677734375 0.29638671875 0.4599609375 0.30615234375 0.4599609375 0.31640625 0.47119140625 0.3427734375 0.45947265625 0.35245507656249997 0.4445566296875 0.35245507656249997 0.43154370625 0.34933115937500003 0.4247770109375 0.3201744796875 0.43102319843750003 0.26806640625 0.4072265625 0.2363491296875 0.3935459984375 0.2368697765625 0.372725321875 0.21826171875 0.3896484375 0.17724609375 0.396484375 0.14306640625 0.390625 0.134765625 0.38037109375 0.1279296875 0.35888671875 0.1337890625 0.32177734375 0.15869140625 0.296875 0.17138671875 0.29296875 0.19677734375 0.298828125 0.201171875 0.29541015625 0.197265625 0.27197265625 0.19189453125 0.2626953125 0.12646484375 0.263671875 0.11767578125 0.259765625 0.09912109375 0.2412109375 0.06591796875 0.2431640625 0.03662109375 0.240234375 0.029296875 0.22802734375 0.029296875 0.19580078125 0.041015625 0.17431640625 0.05810546875 0.1640625 0.08349609375 0.1640625 0.08642578125 0.1689453125 0.09521484375 0.169921875 0.11083984375 0.1806640625 0.14599609375 0.1640625 0.17724609375 0.171875 0.1875 0.18017578125 0.2001953125 0.20068359375 0.2041015625 0.22412109375 0.2001953125 0.26318359375 0.2109375 0.30224609375 0.2119596609375 0.298937396875 0.22489474843749999 0.3132068078125 0.23095703125 0.3291015625 0.24560546875 0.326171875 0.27294921875 0.310546875 0.32177734375 0.27734375 0.39697265625 0.2978515625 0.42041015625 0.310546875 0.423828125 0.30517578125 0.4228515625 0.28857421875 0.4306640625 0.26904296875 0.39013671875 0.263671875 0.3857421875 0.25146484375 0.3759765625 0.24072265625 0.373046875 0.20068359375 0.3857421875 0.16845703125 0.384765625 0.16259765625 0.33544921875 0.154296875 0.326171875 0.14013671875 0.3271484375 0.12548828125 0.33547275 0.10936352187500001 0.320894409375 0.1078020140625 0.31005859375 0.1083984375 0.31152265468749996 0.0911454296875 0.28340730937499997 0.08281716875 0.2813246828125 0.10519939062500001 0.2625811328125 0.1067609375 0.2666015625 0.12451171875 0.2646484375 0.14306640625 0.25634765625 0.1474609375 0.20458984375 0.146484375 0.19970703125 0.1396484375 0.2014169890625 0.11841089062500001 0.208706159375 0.10539796875 0.2045409875 0.09498762968749999 0.1665331203125 0.0965491578125 0.148310215625 0.0939465734375 0.132690584375 0.1048774296875 0.13525390625 0.138671875 0.12353515625 0.140625 0.08837890625 0.1396484375 0.07568359375 0.1328125 0.04052734375 0.138671875 0.00048828125 0.13671875 0 0.22998046875 0.01318359375 0.2333984375 0.02783203125 0.2431640625 0.03173828125 0.251953125 0.0361328125 0.24853515625 0.0439453125 0.29150390625 0.02978515625 0.310546875 0 0.31396484375 0 0.34912109375
0 1 0.0515766609375 0.9442447953125 0.0593844140625 0.96142640625 0.079164053125 0.96142640625 0.0932180125 0.96142640625 0.10362835 0.95654296875 0.1171875 0.9037413765625001 0.11767649218750001 0.89501953125 0.115234375 0.89404296875 0.1103515625 0.87939453125 0.111328125 0.87548828125 0.1259765625 0.83740234375 0.1259765625 0.83154296875 0.125 0.82568359375 0.1162109375 0.81689453125 0.1162109375 0.8079440296874999 0.1192288265625 0.7876385 0.1202698640625 0.7865972078125 0.1296391640625 0.78271484375 0.1396484375 0.7538535828125 0.1404652625 0.73681640625 0.138671875 0.73046875 0.12841796875 0.735983034375 0.10154627499999999 0.72140469375 0.097902653125 0.7307764890625 0.076040959375 0.6854795328125001 0.080205090625 0.706305709375 0.09217701406249999 0.7151568578124999 0.11403868749999999 0.710470959375 0.134338834375 0.720703125 0.13720703125 0.7297351562500001 0.1562005484375 0.73025584375 0.180664865625 0.73681640625 0.185546875 0.7531646046875 0.19471880625 0.7646484375 0.20458984375 0.771484375 0.22216796875 0.7685546875 0.23193359375 0.770025040625 0.240755709375 0.75048828125 0.2646484375 0.70654296875 0.26953125 0.7040162203125 0.27167512656250004 0.6748046875 0.25634765625 0.6689453125 0.24072265625 0.67333984375 0.203125 0.65185546875 0.2001953125 0.63916015625 0.1826171875 0.61083984375 0.1796875 0.6025390625 0.17333984375 0.599609375 0.15087890625 0.6083984375 0.12548828125 0.6290415453125 0.110316746875 0.6514297015625 0.11291933125 0.649347075 0.09834486249999999 0.631643028125 0.095484396875 0.58544921875 0.0986328125 0.56689453125 0.0927734375 0.5409178640625 0.0906913640625 0.539355925 0.10890945625 0.5556640625 0.11181640625 0.564453125 0.12255859375 0.5690332109375 0.1312916875 0.5711158359375 0.147427703125 0.5685125640625001 0.16668683281250002 0.55712890625 0.1748046875 0.51513671875 0.1748046875 0.49951171875 0.1708984375 0.4931640625 0.16162109375 0.4912109375 0.13037109375 0.46923828125 0.125 0.4599609375 0.11474609375 0.45849609375 0.1005859375 0.44482421875 0.1025390625 0.44384765625 0.1064453125 0.44189453125 0.1025390625 0.43701171875 0.1064453125 0.41943359375 0.1064453125 0.408203125 0.11279296875 0.4029585390625 0.1206155578125 0.4029585390625 0.15444915625 0.41748046875 0.1474609375 0.43115234375 0.138671875 0.44384765625 0.1357421875 0.458984375 0.14990234375 0.4619140625 0.16943359375 0.45703125 0.18115234375 0.4677734375 0.19677734375 0.478515625 0.22705078125 0.4755859375 0.25439453125 0.49853515625 0.2607421875 0.515625 0.28271484375 0.517578125 0.30615234375 0.5146484375 0.31787109375 0.50634765625 0.3271484375 0.48681640625 0.330078125 0.46751991562499995 0.334056753125 0.5070896421875 0.34602864843750003 0.5393702390625 0.3652877671875 0.549783328125 0.35227484531250003 0.6549555015624999 0.384546896875 0.69970703125 0.4052734375 0.7117068390625 0.40901119374999995 0.73486328125 0.396484375 0.9071076859374999 0.45355414843749997 0.93310546875 0.4677734375 0.939453125 0.46728515625 0.947265625 0.43896484375 0.958984375 0.41455078125 0.9716796875 0.40380859375 0.97314453125 0.3984375 1 0.39208984375 0.9990234375 0.28271484375 0.93017578125 0.267578125 0.9248046875 0.26416015625 0.9248046875 0.25048828125 0.913902153125 0.2459470125 0.96826171875 0.2099609375 0.98291015625 0.1865234375 1 0.18017578125 1 0.14306640625 0.97314453125 0.1396484375 0.9786080171875 0.11039510625 1 0.0999847671875 1 0.0515766609375
0 0.00537109375 0 0 0.00439453125 0 0.01318359375 0.0126953125 0.02978515625 0.0146484375 0.05126953125 0.02734375 0.06396484375 0.029156665625 0.0748423390625 0.0272867484375 0.0769035 0.05322265625 0.0849609375 0.064833940625 0.1030294453125 0.071141865625 0.11293927343750002 0.066936575 0.1354616390625 0.08285659375 0.1375637390625 0.0891645171875 0.12495120156249999 0.092468665625 0.11864494375000001 0.11109206406250001 0.1159422546875 0.1375253203125 0.12585210468750002 0.13301965625 0.10663301562500001 0.09817584375 0.109635996875 0.0861607421875 0.1045309375 0.0774497890625 0.0928193015625 0.0867614875 0.0723990265625 0.09814453125 0.0634765625 0.11474609375 0.0654296875 0.130859375 0.07861328125 0.13671875 0.09033203125 0.13720703125 0.107421875 0.142578125 0.06982421875 0.14990234375 0.0595703125 0.16357421875 0.052734375 0.17138671875 0.052734375 0.1865234375 0.06396484375 0.1923828125 0.07861328125 0.1904296875 0.09033203125 0.19970703125 0.09375 0.2080078125 0.05712890625 0.2177734375 0.04052734375 0.23583984375 0.0263671875 0.24462890625 0.0263671875 0.2626953125 0.04052734375 0.2822265625 0.07470703125 0.2822265625 0.10302734375 0.28662109375 0.1064453125 0.30712890625 0.1064453125 0.3115234375 0.09033203125 0.3251696671875 0.080614325 0.33642578125 0.076171875 0.35400390625 0.078125 0.3603515625 0.06005859375 0.37255859375 0.0478515625 0.38525390625 0.0458984375 0.39794921875 0.0478515625 0.40771484375 0.0546875 0.42236328125 0.0478515625 0.43505859375 0.0478515625 0.44482421875 0.0537109375 0.455078125 0.06689453125 0.4560546875 0.09716796875 0.46240234375 0.107421875 0.470703125 0.08642578125 0.48583984375 0.0693359375 0.49755859375 0.0615234375 0.53173828125 0.05078125 0.54638671875 0.0517578125 0.556640625 0.06005859375 0.5615234375 0.07763671875 0.556640625 0.09619140625 0.56103515625 0.09765625 0.5693359375 0.09033203125 0.5673828125 0.07373046875 0.5712890625 0.06103515625 0.58251953125 0.0498046875 0.59423828125 0.046875 0.60791015625 0.046875 0.61572265625 0.05078125 0.62744140625 0.0673828125 0.64111328125 0.05078125 0.66357421875 0.048828125 0.6728515625 0.05615234375 0.68505859375 0.0791015625 0.70361328125 0.0849609375 0.71435546875 0.0966796875 0.71826171875 0.0927734375 0.72216796875 0.1025390625 0.728515625 0.07666015625 0.74609375 0.05517578125 0.76123046875 0.0439453125 0.77197265625 0.0439453125 0.78076171875 0.0478515625 0.79345703125 0.0634765625 0.818359375 0.07861328125 0.8232421875 0.09326171875 0.8203125 0.11083984375 0.82373046875 0.1123046875 0.83154296875 0.1103515625 0.83447265625 0.103515625 0.85205078125 0.091796875 0.85986328125 0.091796875 0.86669921875 0.0966796875 0.8759765625 0.09423828125 0.86767578125 0.0712890625 0.82861328125 0.0693359375 0.82421875 0.06201171875 0.83251953125 0.0380859375 0.84912109375 0.03125 0.86083984375 0.03125 0.87841796875 0.048828125 0.90966796875 0.0380859375 0.93408203125 0.041015625 0.9453125 0.05810546875 1 0.058253790625 0.99951171875 0.0078125 0.78564453125 0.0087890625 0.51025390625 0.0029296875 0.49462890625 0.0068359375 0.49169921875 0.0126953125 0.45361328125 0.013671875 0.44921875 0.01220703125 0.44775390625 0.005859375 0.44384765625 0.0107421875 0.43701171875 0 0.42529296875 0.0078125 0.41357421875 0.00390625 0.40576171875 0.005859375 0.39404296875 0 0.38134765625 0 0.36572265625 0.0068359375 0.34033203125 0.005859375 0.33154296875 0 0.32080078125 0 0.31396484375 0.0126953125 0.28369140625 0.013671875 0.26708984375 0.01171875 0.26025390625 0 0.16943359375 0 0.15771484375 0.0087890625 0.14208984375 0.01171875 0.12255859375 0.0107421875 0.11572265625 0.001953125 0.07763671875 0.0048828125 0.05126953125 0 0.00537109375 0
0 1 0.93896484375 0.97607421875 0.9248046875 0.939453125 0.88916015625 0.9287109375 0.85400390625 0.9013671875 0.82861328125 0.9052734375 0.80419921875 0.8984375 0.79443359375 0.90234375 0.78173828125 0.9208984375 0.76220703125 0.921875 0.73583984375 0.9443359375 0.72216796875 0.94140625 0.70068359375 0.947265625 0.69091796875 1 0.66845703125 0.99853515625 0.576171875 0.98876953125 0.57421875 0.9814453125 0.59228515625 0.9716796875 0.59716796875 0.9716796875 0.60888671875 0.96435546875 0.6083984375 0.95361328125 0.6181640625 0.93798828125 0.6201171875 0.9326171875 0.61279296875 0.931640625 0.59521484375 0.92431640625 0.5927734375 0.80419921875 0.6474609375 0.78759765625 0.650390625 0.62646484375 0.5751953125 0.623046875 0.56884765625 0.6259765625 0.53369140625 0.62353515625 0.5185546875 0.55908203125 0.5400390625 0.47021484375 0.501953125 0.45654296875 0.4873046875 0.43896484375 0.4892578125 0.35205078125 0.4501953125 0.34456118281250003 0.44521490156250004 0.3157249203125 0.46443401562500003 0.315124175 0.47644594375000004 0.300105296875 0.48125068750000005 0.285687165625 0.4746441359375 0.2880901953125 0.4620316203125 0.23882825156249998 0.4157857140625 0.22200713749999998 0.41938928437499995 0.2080078125 0.44384765625 0.19677734375 0.4501953125 0.1922881703125 0.450694109375 0.19143646406249998 0.44984262812500003 0.161398709375 0.44744023281249995 0.15625 0.43896484375 0.150390625 0.43505859375 0.15771484375 0.4267578125 0.09050963749999999 0.4528456109375 0.0908203125 0.45751953125 0.06884765625 0.462890625 0 0.48193359375 0 0.80419921875 0.015625 0.83056640625 0.04296875 0.86376953125 0.048828125 0.87939453125 0.046875 0.89697265625 0.05078125 0.90576171875 0.04541015625 0.9169921875 0.0146484375 0.93310546875 0.02294921875 1 0.66943359375 1 0.669921875 0.99658203125 0.65625 0.98681640625 0.6494140625 0.96923828125 0.650390625 0.92236328125 0.65576171875 0.916015625 0.671875 0.90966796875 0.6748046875 0.88330078125 0.68603515625 0.8701171875 0.71044921875 0.8544921875 0.73779296875 0.84765625 0.77685546875 0.84765625 0.80810546875 0.853515625 0.82373046875 0.8681640625 0.88427734375 0.87890625 0.90625 0.90673828125 0.9072265625 0.91357421875 0.900390625 0.92626953125 0.90576171875 0.9345703125 0.91845703125 0.939453125 0.93994140625 0.9404296875 0.9658203125 0.95751953125 0.9697265625 0.97216796875 0.966796875 0.98388671875 0.95361328125 0.990234375 0.94921875 0.99951171875 1 0.99951171875 1 0.93896484375
0 0.24169921875 0.484375 0.42041015625 0.578125 0.45654296875 0.6015625 0.5380859375 0.63916015625 0.53076171875 0.6494140625 0.498046875 0.64990234375 0.498046875 0.69580078125 0.49462890625 0.7109375 0.47705078125 0.712890625 0.32568359375 0.7783203125 0.24658203125 0.8212890625 0.14501953125 0.75 0.07373046875 0.689453125 0.055353603125 0.6730289921875 0.0496582734375 0.6035953234375 0.0068359375 0.57470703125 0.0068359375 0.56494140625 0.0472552453125 0.5393314796875 0.14517834062499999 0.4648575390625 0.14892578125 0.4560546875 0.173810653125 0.45740557031250006 0.24169921875 0.484375