1 0.715625 0.55234375 0.2265625 0.12578125
1 0.50703125 0.6140625 0.24375 0.1515625
1 0.303125 0.51328125 0.16015625 0.0828125
1 0.865625 0.52578125 0.18828125 0.15
1 0.7640625 0.415625 0.08125 0.05078125
1 0.23359375 0.6875 0.278125 0.1984375
1 0.59296875 0.45703125 0.096875 0.07421875
1 0.21015625 0.4625 0.1078125 0.06875
1 0.38203125 0.4421875 0.1 0.078125
1 0.4578125 0.3796875 0.1109375 0.06328125
1 0.51796875 0.41875 0.08671875 0.071875
1 0.07890625 0.56171875 0.14140625 0.10234375
1 0.68671875 0.4390625 0.08203125 0.06875
1 0.46484375 0.484375 0.1171875 0.08203125
1 0.946875 0.46796875 0.10625 0.0984375
1 0.1296875 0.396875 0.0953125 0.0578125
1 0.8484375 0.41171875 0.0734375 0.0546875
1 0.6140625 0.3921875 0.0828125 0.053125
1 0.04296875 0.5140625 0.0859375 0.11328125
1 0.08125 0.36875 0.0671875 0.05390625
1 0.3421875 0.39921875 0.090625 0.05546875
0 1 0.3948658119882629 1 0.36461077021701316 0.9771705202167567 0.36949061606431444 0.9462566650164241 0.36526141881200463 0.930311643774484 0.3730691771317225 0.9124141486585021 0.38120225354389126 0.8795478444108642 0.3759970771940494 0.8658806514262543 0.37632240769659 0.8619757533316437 0.3834795050112267 0.8818257471484042 0.3847808022012096 0.8824765055684537 0.3974684063682287 0.893540416605499 0.39974565783556415 0.9023264497317409 0.40462550368286543 0.8951674616160428 0.4072280980628312 0.9036281155322602 0.415361174475 0.9049297316793059 0.4339045787666729 0.923828125 0.42333984375 0.9329149257220488 0.424470217574611 0.940073913837747 0.4169877897574336 0.9443042407958554 0.42609683285704475 0.9527648450585995 0.42772344813947855 0.9541015625 0.41162109375 0.943359375 0.40869140625 0.9443042407958554 0.3945404938958121 0.955078125 0.40576171875 0.95703125 0.38427734375 0.9654558259329251 0.38315418691877584 0.9713131979015774 0.38868468136106854 1 0.3948658119882629
0 0.5170710078125 0.4557956640625 0.51088820625 0.440830796875 0.48973664687499996 0.4366015984375 0.47053751093749996 0.4255406234375 0.46728515625 0.4072265625 0.42919921875 0.4072265625 0.4288851484375 0.417407546875 0.42953598125000003 0.4453853484375 0.41684502500000004 0.4473372578125 0.37128776406249997 0.45644631249999995 0.4002491703125 0.475965696875 0.47021484375 0.4541015625 0.4848555109375 0.44798790625 0.5170710078125 0.4557956640625
0 0.34228515625 0.466796875 0.33056640625 0.4677734375 0.326171875 0.44580078125 0.31005859375 0.4287109375 0.29833984375 0.423828125 0.29345703125 0.4169921875 0.28271484375 0.416015625 0.27880859375 0.41015625 0.26708984375 0.4091796875 0.25146484375 0.3994140625 0.24755859375 0.392578125 0.23583984375 0.3916015625 0.23193359375 0.3828125 0.20458984375 0.3720703125 0.20068359375 0.3583984375 0.18798828125 0.3583984375 0.18505859375 0.3525390625 0.1728515625 0.34619140625 0.16455078125 0.3271484375 0.15673828125 0.328125 0.14794921875 0.33984375 0.140625 0.34326171875 0.14111328125 0.3603515625 0.15283203125 0.3603515625 0.154296875 0.37255859375 0.15771484375 0.375 0.17822265625 0.376953125 0.18701171875 0.3916015625 0.20068359375 0.392578125 0.20458984375 0.4052734375 0.2177734375 0.40869140625 0.2216796875 0.43408203125 0.24755859375 0.439453125 0.25146484375 0.447265625 0.2646484375 0.45556640625 0.26708984375 0.4677734375 0.29833984375 0.4765625 0.31494140625 0.4736328125 0.3427734375 0.47705078125 0.3525390625 0.47119140625 0.34228515625 0.466796875
0 1 0.53125 0.98779296875 0.53076171875 0.98486328125 0.52490234375 0.95751953125 0.51708984375 0.9541015625 0.546875 0.9501953125 0.5498046875 0.951171875 0.55859375 0.9462890625 0.5703125 0.94189453125 0.56982421875 0.93798828125 0.57861328125 0.92431640625 0.58056640625 0.89892578125 0.59716796875 0.87939453125 0.59326171875 0.87353515625 0.58642578125 0.82373046875 0.56591796875 0.81591796875 0.59423828125 0.80419921875 0.59228515625 0.78466796875 0.59716796875 0.76416015625 0.60986328125 0.74658203125 0.61376953125 0.72216796875 0.60986328125 0.71826171875 0.60400390625 0.70263671875 0.59716796875 0.67431640625 0.59423828125 0.66943359375 0.58447265625 0.64404296875 0.58056640625 0.63916015625 0.57177734375 0.62451171875 0.56494140625 0.61181640625 0.56494140625 0.607421875 0.5224609375 0.59716796875 0.51123046875 0.58447265625 0.51416015625 0.5830078125 0.5107421875 0.59716796875 0.51025390625 0.60302734375 0.50244140625 0.67236328125 0.49169921875 0.68310546875 0.49951171875 0.70068359375 0.50244140625 0.70556640625 0.50830078125 0.72021484375 0.51416015625 0.76318359375 0.51904296875 0.76123046875 0.51416015625 0.7529296875 0.51171875 0.751953125 0.4716796875 0.76416015625 0.46826171875 0.76904296875 0.45556640625 0.81494140625 0.45263671875 0.83056640625 0.45556640625 0.84814453125 0.46630859375 0.87548828125 0.47119140625 0.87890625 0.466796875 0.880859375 0.435546875 0.8823597812499999 0.42064870781249997 0.8960269999999999 0.41479289531249997 0.8817089734374999 0.4060091703125 0.8387549953125 0.419998059375 0.8029600046875001 0.4118649828125 0.80126953125 0.42724609375 0.7648871374999999 0.43886679375000004 0.7346241140624999 0.42682985 0.728115934375 0.42878180937500004 0.7232348 0.44765051875 0.6799553921875 0.46066344062500003 0.6506685828125 0.45415697968749996 0.6464382796875 0.4557835953125 0.6461128515625 0.47562829687499997 0.5768007359375 0.49254511093750003 0.5465377015625 0.48376137343750003 0.5478515625 0.447265625 0.56298828125 0.43896484375 0.57958984375 0.43603515625 0.5993912234375001 0.4220236640625 0.6072010437500001 0.4265781921875 0.6452738874999999 0.42462624687500006 0.702545890625 0.41584253281250005 0.6794418328125 0.39632315 0.68041806875 0.383310228125 0.653734540625 0.37517715156250003 0.6553615859375 0.40348024687499995 0.6026453125 0.4174691484375 0.6010182671875001 0.40836009375 0.574985546875 0.397624434375 0.56103515625 0.40283203125 0.556640625 0.4228515625 0.546683196875 0.42733018906250003 0.5076341171875 0.43643923124999995 0.5029296875 0.443359375 0.515625 0.453125 0.515625 0.4677734375 0.5224609375 0.4716796875 0.5234375 0.494140625 0.51318359375 0.50244140625 0.50491615625 0.50244140625 0.47464145625 0.5391478390625 0.4694231140625 0.5394023234375 0.468784084375 0.5391478390625 0.501794621875 0.5031467843749999 0.45458984375 0.51806640625 0.43603515625 0.52490234375 0.42529296875 0.52392578125 0.41943359375 0.51806640625 0.40869140625 0.51708984375 0.4022016203125 0.5106128859375 0.4008999796875 0.476453978125 0.3943917984375 0.47450203125 0.376494303125 0.455958615625 0.3341911328125 0.46279040625 0.3371198203125 0.476453978125 0.3638033484375 0.48296043906249997 0.378446753125 0.4894668875 0.3798828125 0.5224609375 0.37353515625 0.53271484375 0.35791015625 0.53369140625 0.32373046875 0.54736328125 0.25146484375 0.56005859375 0.24658203125 0.55029296875 0.2353515625 0.5458984375 0.232421875 0.5341796875 0.2197265625 0.5283203125 0.21484375 0.505859375 0.20849609375 0.49755859375 0.19873046875 0.50146484375 0.17333984375 0.50244140625 0.1572265625 0.484375 0.14990234375 0.45947265625 0.14208984375 0.45947265625 0.1376953125 0.44921875 0.12158203125 0.43798828125 0.11083984375 0.43701171875 0.10595703125 0.42431640625 0.09423828125 0.42333984375 0.08349609375 0.40673828125 0.06396484375 0.39697265625 0.05908203125 0.39013671875 0.04833984375 0.38818359375 0.04345703125 0.37841796875 0.03173828125 0.37548828125 0.02392578125 0.36279296875 0.00048828125 0.34912109375 0 0.408203125 0.01220703125 0.40869140625 0.01806640625 0.41650390625 0.044921875 0.4248046875 0.0537109375 0.4619140625 0.06103515625 0.46826171875 0.07470703125 0.46923828125 0.083984375 0.4775390625 0.0908203125 0.4931640625 0.09326171875 0.51904296875 0.12060546875 0.52294921875 0.13037109375 0.53076171875 0.15283203125 0.53662109375 0.15196583125000002 0.58197475 0.14990234375 0.58447265625 0.14111328125 0.58056640625 0.13427734375 0.59033203125 0.12646484375 0.58740234375 0.10888671875 0.59912109375 0.09130859375 0.59716796875 0.06787109375 0.61083984375 0.03466796875 0.61376953125 0.01904296875 0.62060546875 0.00048828125 0.60400390625 0 1 1 1 1 0.53125
0 0.85302734375 0.376953125 0.85546875 0.36962890625 0.81201171875 0.3681640625 0.79345703125 0.3603515625 0.77978515625 0.361328125 0.74951171875 0.349609375 0.73193359375 0.3486328125 0.72021484375 0.3505859375 0.708984375 0.36279296875 0.7080078125 0.37451171875 0.71923828125 0.3779296875 0.72509765625 0.388671875 0.73388671875 0.3818359375 0.74169921875 0.3916015625 0.76220703125 0.3896484375 0.787109375 0.39306640625 0.80517578125 0.3798828125 0.85302734375 0.376953125
0 0.2919921875 0.33740234375 0.2744140625 0.32275390625 0.27001953125 0.3046875 0.24755859375 0.3046875 0.23974609375 0.2978515625 0.21875 0.29833984375 0.22021484375 0.3046875 0.23486328125 0.3095703125 0.24072265625 0.3193359375 0.25439453125 0.322265625 0.2587890625 0.33349609375 0.27197265625 0.33984375 0.27880859375 0.3515625 0.2880859375 0.35205078125 0.29296875 0.35009765625 0.2919921875 0.33740234375