1 0.4703125 0.4421875 0.1109375 0.09375
1 0.5421875 0.55390625 0.1515625 0.1203125
1 0.1765625 0.3375 0.103125 0.075
1 0.2375 0.67578125 0.1921875 0.18046875
1 0.74375 0.24921875 0.0703125 0.078125
1 0.6296875 0.40625 0.10546875 0.09375
1 0.86640625 0.44453125 0.1359375 0.09375
1 0.753125 0.503125 0.1546875 0.10234375
1 0.396875 0.615625 0.16875 0.1421875
1 0.2625 0.49375 0.13671875 0.0859375
1 0.7625 0.365625 0.05 0.0578125
1 0.06953125 0.55703125 0.1328125 0.10234375
1 0.9109375 0.2953125 0.05 0.05546875
1 0.02421875 0.77265625 0.04765625 0.14453125
1 0.8359375 0.34453125 0.09375 0.0671875