1 0.409375 0.29921875 0.15234375 0.065625
1 0.3 0.35625 0.215625 0.10625
1 0.5203125 0.66953125 0.28515625 0.1859375
1 0.77578125 0.53125 0.25703125 0.1359375
1 0.56953125 0.34921875 0.175 0.08984375
1 0.496875 0.41796875 0.2421875 0.1078125
1 0.83984375 0.41484375 0.1796875 0.1140625
1 0.1515625 0.509375 0.2390625 0.13359375
1 0.215625 0.7515625 0.34765625 0.22734375
1 0.98046875 0.37578125 0.0390625 0.0578125
1 0.93828125 0.68671875 0.1234375 0.1265625
0 1 0.212890625 0.9853515625 0.2236328125 0.9736328125 0.2568359375 0.974609375 0.2626953125 0.9638671875 0.265625 0.921875 0.2646484375 0.8955078125 0.2587890625 0.8935546875 0.24609375 0.884765625 0.2392578125 0.8525390625 0.2412109375 0.80078125 0.234375 0.7978515625 0.2099609375 0.8095703125 0.1904296875 0.80859375 0.1865234375 0.740234375 0.1767578125 0.7060546875 0.17578125 0.7041015625 0.1826171875 0.716796875 0.2060546875 0.720703125 0.23046875 0.7041015625 0.23828125 0.650390625 0.2373046875 0.638671875 0.234375 0.6337890625 0.2109375 0.6396484375 0.1943359375 0.66015625 0.1767578125 0.6611328125 0.1630859375 0.654296875 0.1591796875 0.6171875 0.1591796875 0.609375 0.1640625 0.60546875 0.1767578125 0.59765625 0.1826171875 0.580078125 0.1884765625 0.54296875 0.1826171875 0.5322265625 0.2001953125 0.5185546875 0.2060546875 0.525390625 0.2119140625 0.5048828125 0.21484375 0.455078125 0.212890625 0.44921875 0.2099609375 0.4423828125 0.1982421875 0.427734375 0.1904296875 0.3984375 0.1845703125 0.3681640625 0.18359375 0.326171875 0.1689453125 0.310546875 0.16796875 0.3017578125 0.1708984375 0.2958984375 0.2021484375 0.28515625 0.2177734375 0.2666015625 0.22265625 0.19921875 0.22265625 0.173828125 0.21875 0.162109375 0.189453125 0.154296875 0.18359375 0.1044921875 0.189453125 0.087890625 0.1865234375 0.0771484375 0.17578125 0.0380859375 0.1767578125 0.0322265625 0.181640625 0.03125 0.205078125 0.0244140625 0.21484375 0.0263671875 0.23046875 0 0.2353515625 0 0.4140625 0.0546875 0.4169921875 0.0966796875 0.443359375 0.1005859375 0.45703125 0.1171875 0.453125 0.1171875 0.4482421875 0.0859375 0.423828125 0.068359375 0.40234375 0.033203125 0.384765625 0.025390625 0.373046875 0.02734375 0.3623046875 0.0439453125 0.345703125 0.048828125 0.33203125 0.064453125 0.326171875 0.0869140625 0.3251953125 0.107421875 0.333984375 0.1357421875 0.36328125 0.16796875 0.3818359375 0.1962890625 0.412109375 0.2021484375 0.423828125 0.21484375 0.4248046875 0.21484375 0.4150390625 0.197265625 0.390625 0.1962890625 0.369140625 0.2060546875 0.34765625 0.1982421875 0.337890625 0.19921875 0.333984375 0.23828125 0.3203125 0.2890625 0.3095703125 0.3095703125 0.3134765625 0.3291015625 0.3232421875 0.3359375 0.322265625 0.341796875 0.314453125 0.3408203125 0.3037109375 0.333984375 0.2978515625 0.333984375 0.2919921875 0.3681640625 0.275390625 0.4169921875 0.271484375 0.4814453125 0.30078125 0.484375 0.3056640625 0.48046875 0.3115234375 0.4814453125 0.3271484375 0.48828125 0.3330078125 0.4970703125 0.3330078125 0.53515625 0.3173828125 0.5830078125 0.306640625 0.654296875 0.33984375 0.658203125 0.3466796875 0.6494140625 0.373046875 0.599609375 0.3818359375 0.568359375 0.380859375 0.56640625 0.384765625 0.611328125 0.4013671875 0.6064453125 0.412109375 0.6083984375 0.416015625 0.6630859375 0.435546875 0.6787109375 0.4599609375 0.6806640625 0.4716796875 0.6728515625 0.482421875 0.6728515625 0.48828125 0.6806640625 0.4951171875 0.7705078125 0.4697265625 0.787109375 0.4697265625 0.828125 0.4853515625 0.88671875 0.5009765625 0.900390625 0.5029296875 0.9228515625 0.4951171875 0.93359375 0.4794921875 0.939453125 0.4619140625 0.9375 0.4423828125 0.8779296875 0.4560546875 0.8583984375 0.4560546875 0.75 0.435546875 0.720703125 0.4345703125 0.7060546875 0.4267578125 0.701171875 0.419921875 0.7236328125 0.4052734375 0.7255859375 0.400390625 0.7099609375 0.3896484375 0.6953125 0.3857421875 0.69140625 0.369140625 0.7119140625 0.33984375 0.748046875 0.333984375 0.7607421875 0.33984375 0.7802734375 0.3564453125 0.7900390625 0.3798828125 0.80078125 0.3798828125 0.8603515625 0.36328125 0.9091796875 0.388671875 0.9375 0.39453125 0.947265625 0.376953125 1 0.357421875 1 0.212890625
0 1 0.5447729671875 0.9789365796875 0.5681962281249999 0.9680028859375 0.5510191640625 0.9148961124999999 0.5127611609375 0.8758470328125 0.5283766671875 0.8766280609375 0.5611692374999999 0.80859375 0.5869140625 0.783203125 0.5869140625 0.671875 0.55078125 0.6650390625 0.5458984375 0.6572265625 0.5283203125 0.6240234375 0.5322265625 0.6044921875 0.5234375 0.5576171875 0.517578125 0.5458984375 0.509765625 0.5185546875 0.50390625 0.48828125 0.474609375 0.4326171875 0.458984375 0.399448253125 0.4497604796875 0.3963243140625 0.4239948390625 0.3736758953125 0.42009096250000005 0.40329560937500003 0.39980325625 0.49287879375 0.3750021671875 0.5052826406250001 0.382350634375 0.5443317203125 0.37638000312500003 0.5663829453125 0.384187759375 0.573273959375 0.3795949640625 0.497070953125 0.364655896875 0.4983916265625 0.3414747421875 0.48323138125 0.34423043125 0.4804749828125 0.3373412359375 0.4892036078125 0.332748440625 0.478637371875 0.3198886140625 0.4143212390625 0.32907420625 0.3403576953125 0.31254013125 0.33071028125 0.3226442859375 0.40467382656249995 0.352497459375 0.40491515937500006 0.3560673796875 0.390076496875 0.3584097 0.390076496875 0.3787098765625 0.28776791875 0.39276382656250003 0.2088887296875 0.42555639687499996 0.388671875 0.494140625 0.384765625 0.498046875 0.3115234375 0.5283203125 0.3056640625 0.533203125 0.3046875 0.5439453125 0.265625 0.541015625 0.2392578125 0.5546875 0.14453125 0.5732421875 0.125 0.5693359375 0.0869140625 0.541015625 0.0419921875 0.5146484375 0 0.5068359375 0 0.5751953125 0.0146484375 0.576171875 0.029296875 0.5849609375 0.037109375 0.59375 0.04296875 0.611328125 0.033203125 0.62890625 0.013671875 0.6416015625 0 0.6455078125 0 0.888671875 0.05078125 0.8857421875 0.0732421875 0.8994140625 0.1298828125 0.9169921875 0.1630859375 0.9384765625 0.177734375 0.9541015625 0.193359375 0.974609375 0.2021484375 1 0.2763671875 1 0.255859375 0.9736328125 0.23828125 0.962890625 0.234375 0.953125 0.2353515625 0.9345703125 0.2265625 0.9091796875 0.2255859375 0.8916015625 0.2373046875 0.861328125 0.224609375 0.8583984375 0.2041015625 0.865234375 0.1904296875 0.86328125 0.177734375 0.8408203125 0.1455078125 0.8125 0.0888671875 0.751953125 0.078125 0.7451171875 0.068359375 0.71875 0.052734375 0.70703125 0.046875 0.6953125 0.0810546875 0.6748046875 0.11328125 0.646484375 0.12532372187500002 0.6369044515625 0.1455078125 0.6513671875 0.1596869234375 0.6603277109375 0.1904296875 0.6845703125 0.24403290156250002 0.70717423125 0.29296875 0.7373046875 0.37109375 0.7529296875 0.3859266984375 0.7555065125 0.38539062031250004 0.7641708546875 0.3662109375 0.76953125 0.3603515625 0.78125 0.3583984375 0.8095703125 0.3349609375 0.8193359375 0.3232421875 0.830078125 0.322265625 0.8359375 0.3427734375 0.8486328125 0.3642578125 0.8701171875 0.3740234375 0.8984375 0.3740234375 0.9248046875 0.3583984375 0.9521484375 0.3369140625 0.978515625 0.326171875 0.986328125 0.318359375 1 1 1 1 0.744140625 0.87890625 0.6962890625 0.880859375 0.6708984375 0.8525390625 0.66015625 0.8408203125 0.646484375 0.8349609375 0.6328125 0.8349609375 0.619140625 0.8427734375 0.6044921875 0.8578844312499999 0.582250178125 0.9180201109375 0.558046125 0.97190779375 0.5697577546875 0.9937753015625 0.5939618078125 0.9844035468750001 0.61816583125 1 0.611919634375 1 0.5447729671875