1 0.384375 0.53828125 0.10859375 0.14375
1 0.82109375 0.53984375 0.11015625 0.14375
1 0.921875 0.253125 0.0484375 0.0671875
1 0.51640625 0.25859375 0.05 0.05
1 0.9671875 0.28828125 0.06328125 0.0625
1 0.97421875 0.3515625 0.0515625 0.065625
1 0.69375 0.2625 0.0609375 0.065625
1 0.53671875 0.2015625 0.0625 0.0609375
1 0.86953125 0.225 0.06328125 0.04296875
1 0.6328125 0.16875 0.0546875 0.0578125
1 0.36640625 0.24453125 0.0484375 0.0671875
1 0.76640625 0.3421875 0.08671875 0.07109375
0 0.5693359375 0.06396484375 0.57763671875 0.05078125 0.591796875 0.04736328125 0.53759765625 0.044921875 0.5341796875 0.04833984375 0.541015625 0.06103515625 0.55078125 0.06298828125 0.55712890625 0.0908203125 0.5615234375 0.08251953125 0.5654296875 0.12548828125 0.572265625 0.12255859375 0.5693359375 0.06396484375
0 0.76904296875 0.140625 0.76513671875 0.14453125 0.74267578125 0.1279296875 0.67333984375 0.1044921875 0.625 0.08349609375 0.63525390625 0.0927734375 0.64013671875 0.0927734375 0.6416015625 0.09814453125 0.65283203125 0.1064453125 0.67138671875 0.107421875 0.67529296875 0.1181640625 0.67919921875 0.1162109375 0.68505859375 0.123046875 0.70263671875 0.125 0.72216796875 0.142578125 0.74560546875 0.140625 0.75341796875 0.146484375 0.75732421875 0.140625 0.75927734375 0.146484375 0.76513671875 0.1455078125 0.7705078125 0.14990234375 0.779296875 0.14599609375 0.76904296875 0.140625
0 1 0.22998046875 0.98583984375 0.2216796875 0.93994140625 0.2021484375 0.88330078125 0.1845703125 0.87353515625 0.177734375 0.84423828125 0.169921875 0.81884765625 0.15625 0.783203125 0.14794921875 0.78759765625 0.1552734375 0.796875 0.15771484375 0.80029296875 0.166015625 0.80712890625 0.1689453125 0.81201171875 0.1650390625 0.81591796875 0.1669921875 0.82666015625 0.1728515625 0.83154296875 0.1826171875 0.83935546875 0.1826171875 0.84814453125 0.19140625 0.86279296875 0.1943359375 0.87060546875 0.19140625 0.87841796875 0.2041015625 0.89013671875 0.2041015625 0.89453125 0.21728515625 0.90576171875 0.224609375 0.92236328125 0.216796875 0.93212890625 0.2197265625 0.94091796875 0.234375 0.95361328125 0.232421875 0.96142578125 0.2353515625 0.9658203125 0.24853515625 0.97314453125 0.2568359375 0.98486328125 0.2529296875 1 0.26220703125 1 0.22998046875
0 1 0.3808072171875 0.96826171875 0.3783658109375 0.94921875 0.3632290921875 0.9521484375 0.3173306546875 0.9326171875 0.3026822171875 0.9306640625 0.2870572171875 0.92626953125 0.2846158109375 0.90234375 0.2860806546875 0.90234375 0.2909634671875 0.91357421875 0.2943814359375 0.9228515625 0.3065884671875 0.9287109375 0.3310025296875 0.921875 0.3505337796875 0.90283203125 0.3568814359375 0.87841796875 0.3529751859375 0.87109375 0.3417447171875 0.8779296875 0.3163540921875 0.87646484375 0.3080533109375 0.84716796875 0.3051236234375 0.83447265625 0.2865689359375 0.82275390625 0.2836392484375 0.814453125 0.2753384671875 0.80419921875 0.2533658109375 0.79443359375 0.2553189359375 0.78662109375 0.24848299843750002 0.78076171875 0.24848299843750002 0.76708984375 0.22992831093750002 0.76123046875 0.22895174843750002 0.75732421875 0.22211581093750002 0.7529296875 0.22553377968750002 0.73583984375 0.1977017484375 0.72509765625 0.1986783109375 0.720703125 0.1845181546875 0.7060546875 0.1796353421875 0.70263671875 0.1664517484375 0.69384765625 0.1596158109375 0.68603515625 0.1605923734375 0.67529296875 0.1537564359375 0.66455078125 0.1361783109375 0.65478515625 0.1371548734375 0.65185546875 0.1303189359375 0.64501953125 0.1293423734375 0.640625 0.12104159218749999 0.61572265625 0.10004549843749999 0.6142578125 0.10346346718749999 0.6240234375 0.11322909218749999 0.6279296875 0.12494784218749999 0.6552734375 0.1444790921875 0.6640625 0.1640103421875 0.671875 0.1688931546875 0.6748046875 0.1815884671875 0.68701171875 0.1850064359375 0.69140625 0.1962369046875 0.701171875 0.20209627968750002 0.7021484375 0.22748690468750002 0.7177734375 0.24311190468750002 0.7216796875 0.2528775296875 0.72307815 0.2544270859375 0.7208439375 0.2789966640625 0.67919921875 0.2826626859375 0.66748046875 0.2768033109375 0.6650390625 0.23432284218750002 0.65673828125 0.22406893593750002 0.63330078125 0.23481112343750002 0.61181640625 0.23481112343750002 0.59716796875 0.22504549843750002 0.5966796875 0.21576815468750002 0.6044921875 0.1952603421875 0.58984375 0.1815884671875 0.57763671875 0.1527798734375 0.5771484375 0.1835415921875 0.572265625 0.1854947171875 0.5625 0.21186190468750002 0.5615234375 0.22553377968750002 0.5537109375 0.23041659218750002 0.5537109375 0.24408846718750002 0.53564453125 0.24750643593750002 0.5125821765625 0.24516305312500003 0.49853515625 0.24457674843750002 0.490234375 0.24018221718750002 0.5126953125 0.21283846718750002 0.51171875 0.20111971718750002 0.517578125 0.1874478421875 0.53759765625 0.1693814359375 0.54833984375 0.1644986234375 0.556640625 0.1503384671875 0.5595703125 0.12299471718749999 0.5517578125 0.11908846718749999 0.5519963953125 0.08112927812500001 0.5283203125 0.1679165921875 0.52197265625 0.1742642484375 0.51416015625 0.1713345609375 0.50634765625 0.1830533109375 0.4990234375 0.1845181546875 0.4931640625 0.20502596718750002 0.484375 0.21576815468750002 0.48193359375 0.22992831093750002 0.46728515625 0.23285799843750002 0.45166015625 0.24164706093750002 0.4287109375 0.24408846718750002 0.4296875 0.2606900296875 0.42333984375 0.2777798734375 0.41259765625 0.2816861234375 0.395375046875 0.28564229375 0.38818359375 0.2816861234375 0.3759765625 0.2714322171875 0.37255859375 0.2553189359375 0.3427734375 0.2519009671875 0.3427734375 0.23236971718750002 0.34912109375 0.21625643593750002 0.36572265625 0.20551424843750002 0.37744140625 0.20746737343750002 0.39306640625 0.1928189359375 0.40869140625 0.1947720609375 0.43505859375 0.1693814359375 0.44482421875 0.1674283109375 0.45556640625 0.1547329984375 0.46728515625 0.1518033109375 0.47314453125 0.1381314359375 0.4853515625 0.1347134671875 0.5 0.11908846718749999 0.542234125 0.0567300484375 0.486589215625 0.1152881984375 0.43212890625 0.1498501859375 0.35693359375 0.1957486234375 0.34521484375 0.1986783109375 0.33349609375 0.20942049843750002 0.28173828125 0.23285799843750002 0.282463240625 0.233060228125 0.282406175 0.23306379375000003 0.2277374359375 0.2642948265625 0.18017578125 0.2855923734375 0.14892578125 0.3061001859375 0.13525390625 0.3080533109375 0.03955078125 0.3539517484375 0.00048828125 0.3656704984375 0 0.4833462796875 0.01220703125 0.4848111234375 0.02197265625 0.4965298734375 0.03955078125 0.4975064359375 0.07470703125 0.4594204984375 0.09130859375 0.4584439359375 0.11767578125 0.4877408109375 0.14208984375 0.5004361234375 0.14990234375 0.4994595609375 0.166015625 0.5155728421875 0.1640625 0.5341275296875 0.16845703125 0.5394986234375 0.169921875 0.5204556546875 0.177734375 0.5116665921875 0.1806640625 0.5009244046875 0.21533203125 0.4682095609375 0.23974609375 0.4672329984375 0.24755859375 0.4721158109375 0.25341796875 0.4818814359375 0.263671875 0.4872525296875 0.2744140625 0.5145962796875 0.28466796875 0.5209439359375 0.32861328125 0.5199673734375 0.35400390625 0.4838345609375 0.37841796875 0.4818814359375 0.38916015625 0.4672329984375 0.39990234375 0.4662564359375 0.40869140625 0.4828579984375 0.431640625 0.4911587796875 0.43994140625 0.5238736234375 0.51416015625 0.5228970609375 0.53271484375 0.5258267484375 0.533203125 0.5731900296875 0.48681640625 0.5756314359375 0.48291015625 0.6059048734375 0.482421875 0.5966275296875 0.47216796875 0.5746548734375 0.43994140625 0.5746548734375 0.42431640625 0.6000454984375 0.40771484375 0.6000454984375 0.40478515625 0.6039517484375 0.37646484375 0.6000454984375 0.36962890625 0.6049283109375 0.36279296875 0.6000454984375 0.33740234375 0.6000454984375 0.32763671875 0.5863736234375 0.30810546875 0.5844204984375 0.29443359375 0.5785611234375 0.28271484375 0.5795376859375 0.26904296875 0.5902798734375 0.21435546875 0.6039517484375 0.19482421875 0.6010220609375 0.18505859375 0.5912564359375 0.1728515625 0.5868619046875 0.1640625 0.5536587796875 0.15673828125 0.5453579984375 0.1396484375 0.5624478421875 0.1396484375 0.6044400296875 0.13330078125 0.6059048734375 0.12548828125 0.6176236234375 0.10986328125 0.6215298734375 0.06787109375 0.6225064359375 0.05126953125 0.6283658109375 0.03662109375 0.6254361234375 0.02099609375 0.6166470609375 0.01171875 0.6044400296875 0.0107421875 0.5927212796875 0.00048828125 0.5863736234375 0.0016362953125 0.9965298734375001 1 0.9965298734375001 1 0.6366665921875 0.97314453125 0.6361783109375 0.92626953125 0.6215298734375 0.9228515625 0.6044400296875 0.9111328125 0.5849087796875 0.919921875 0.5731900296875 0.91845703125 0.5668423734375 0.87841796875 0.5678189359375 0.8671875 0.5956509671875 0.85693359375 0.5980923734375 0.77294921875 0.5912564359375 0.7685546875 0.5868619046875 0.767578125 0.5770962796875 0.76318359375 0.5746548734375 0.70751953125 0.5746548734375 0.703125 0.5858853421875 0.7021484375 0.6210415921875 0.68603515625 0.6361783109375 0.66357421875 0.6410611234375 0.59716796875 0.6371548734375 0.5927734375 0.6239712796875 0.580078125 0.6200650296875 0.578125 0.6054165921875 0.5712890625 0.5995572171875 0.5712890625 0.5878384671875 0.5751953125 0.5624478421875 0.5966796875 0.5263150296875 0.603515625 0.4989712796875 0.62060546875 0.4838345609375 0.65869140625 0.4730923734375 0.67578125 0.4784634671875 0.6884765625 0.5048306546875 0.70361328125 0.5199673734375 0.76220703125 0.5199673734375 0.7783203125 0.4833462796875 0.79931640625 0.4799283109375 0.81103515625 0.4662564359375 0.83056640625 0.4779751859375 0.85205078125 0.4779751859375 0.8720703125 0.4921353421875 0.88720703125 0.5160611234375 0.95654296875 0.5141079984375 0.9716796875 0.4804165921875 0.9951171875 0.4638150296875 0.97314453125 0.4564908109375 0.9716796875 0.4511197171875 0.978515625 0.4267056546875 1 0.4188931546875 1 0.3808072171875