1 0.7703125 0.45625 0.1765625 0.19609375
1 0.075 0.41484375 0.14453125 0.1828125
1 0.53046875 0.5546875 0.2453125 0.2546875
1 0.94453125 0.38125 0.11015625 0.165625
1 0.72890625 0.21875 0.1 0.0859375
1 0.4265625 0.3234375 0.1125 0.1109375
1 0.5578125 0.26875 0.09375 0.1015625
1 0.24921875 0.3625 0.13125 0.12890625
1 0.91796875 0.11171875 0.05625 0.05546875
1 0.25703125 0.6578125 0.27265625 0.29609375
1 0.16328125 0.16015625 0.06328125 0.08671875
1 0.66640625 0.05390625 0.040625 0.05546875
1 0.85625 0.05 0.03828125 0.04765625
1 0.98203125 0.16953125 0.0359375 0.07734375
1 0.740625 0.1125 0.0546875 0.0765625
1 0.428125 0.1625 0.09765625 0.07734375
1 0.52890625 0.09453125 0.06171875 0.0484375
1 0.26171875 0.09296875 0.0515625 0.0515625
1 0.0765625 0.07734375 0.05859375 0.0484375
1 0.021875 0.28203125 0.04296875 0.08203125
1 0.903125 0.17421875 0.08125 0.071875
1 0.35078125 0.05859375 0.0484375 0.0421875
0 1 0.490986453125 0.9997891546875 0.49120732812499995 1 0.46214323124999995 0.9733434796875 0.4670185328125 0.9211607296875 0.441249084375 0.923248040625 0.44682085625 0.9044622499999999 0.44264202656249996 0.8821976093749999 0.4342843671875 0.854366809375 0.41965846406249996 0.8508879593750001 0.409211390625 0.8919383890624999 0.3911031296875 0.8926341593749999 0.3674230953125 0.887068 0.36254779375 0.7235620484374999 0.37020898125 0.8237529296874999 0.407121975 0.8661949 0.46423264687500004 0.8627160500000001 0.4663220609375 0.8536710390625 0.4663220609375 0.8536710390625 0.5290045046875 0.8668906703125 0.539451578125 0.8968087796875001 0.5429339359375 0.9086368703125001 0.5387551078125 0.9246395796875 0.5450233515625 0.9350761296875 0.5429339359375 0.9608196203125001 0.5345762781250001 0.956645 0.540844521875 0.9364676703124999 0.5540774828125 0.9455126796875 0.5540774828125 0.9601238499999999 0.5680069140625 0.9503830703125 0.5770610453125 0.944121140625 0.5902940046875 0.9524703796875 0.602134021875 0.9503830703125 0.609795209375 0.8411471796875001 0.6007410796875 0.8279275500000001 0.58750811875 0.8070544500000001 0.5707928 0.8049671390625001 0.5631316125 0.8167952296875001 0.5540774828125 0.8251444687499999 0.5589527828125 0.83905986875 0.562435140625 0.84253871875 0.556166896875 0.8488006499999999 0.5464162953125 0.8404514093750001 0.5373621640625 0.7646124796875 0.5617386703125 0.7110381890624999 0.5283080328125 0.69642701875 0.526915090625 0.6505061984375 0.4976632828125 0.6470273484375 0.48164443593749995 0.6560723578125 0.47398324843750006 0.6685962187500001 0.4684114765625 0.6797285390625001 0.46980441875 0.6804243078125001 0.44682085625 0.674162378125 0.439856140625 0.5765469015625 0.4746385421875 0.639861971875 0.5484645312499999 0.6377746609375 0.5519468890625 0.6301211906249999 0.5582151328125 0.6322085015625001 0.6202011046875 0.6412535109374999 0.6306481796875001 0.653777371875 0.6355234796875 0.6586477609375 0.6320411218750001 0.667692771875 0.6299517078125 0.6857827921874999 0.6348270078125 0.70456858125 0.6369164234375 0.7122220515625 0.6222905203125 0.7198755218749999 0.6320411218750001 0.7170924421875 0.6431846671875 0.7317036124999999 0.6480599687499999 0.7296163015625 0.6585070421875 0.72196283125 0.6689541171875 0.737269771875 0.6738294171875 0.7400528515625 0.68636590625 0.7226586015625001 0.6989023953125 0.6962193421875 0.7065635828125 0.667692771875 0.7128318265625 0.6342958109375 0.7149212421875 0.5974200015625 0.7002953390625 0.584896140625 0.6898482640625 0.5723722812500001 0.6766153046875 0.574459590625 0.6647752875 0.58628768125 0.6585070421875 0.5995073109375 0.6536317421875 0.6113354015625 0.6605964578125 0.6113354015625 0.641791725 0.5974200015625 0.6424881953125 0.5716765109375 0.65572115625 0.53062608125 0.6710435312499999 0.5076656703125 0.6612929296875001 0.4749644796875 0.633434065625 0.446437909375 0.6195046328125 0.42417327031249996 0.6055752015625 0.4074747890625 0.585377525 0.41582402968750004 0.555429246875 0.4311309703125 0.5596080765625 0.4311309703125 0.5275703828125 0.41930287968749996 0.515730365625 0.296847359375 0.5359280421875 0.3845143796875 0.646667025 0.3761651390625 0.6522387984375 0.3775566796875 0.68775885 0.3949509296875 0.694723565625 0.401212859375 0.7016882812499999 0.40817055937499996 0.6982059234375 0.4227817296875 0.6919376796875001 0.4346098203125 0.6891517921875 0.44226329062499997 0.6766153046875 0.45548292031250004 0.6842764921875 0.46104907968750003 0.6982059234375 0.48192217968750006 0.7016882812499999 0.49235872968749994 0.716314184375 0.5020995109374999 0.7316365593749999 0.5007079703125 0.74765540625 0.5082953031249999 0.77137424375 0.501337603125 0.7950542781250001 0.47489834374999995 0.81246606875 0.44150138281249995 0.8166448984375 0.4032340328125 0.81734136875 0.40880019218749997 0.8319672734375001 0.410887503125 0.8472896484374999 0.39210171250000003 0.859129665625 0.355921671875 0.8709696828125001 0.3260035625 0.873059096875 0.2960854515625 0.87375556875 0.2786912015625 0.8507566687500001 0.2599054125 0.8535425546875001 0.2174634421875 0.8033965999999999 0.200069190625 0.8033965999999999 0.18615379062499998 0.7936459984375 0.179196090625 0.7804130375 0.175717240625 0.7630012484375001 0.164584921875 0.7630012484375001 0.147886440625 0.7595188890625 0.14927798125 0.7462859296875 0.14927798125 0.7309635546875 0.13536258125 0.7365353265625 0.1367541203125 0.7288741390625 0.12770911093749998 0.7233023671875001 0.1124021703125 0.717034121875 0.1033571609375 0.7079799921875 0.095703690625 0.694050559375 0.0915290703125 0.6794246562499999 0.10057408125 0.6675846390625 0.11379371093749999 0.657137565625 0.127013340625 0.6480834343749999 0.130492190625 0.6369398890625 0.140928740625 0.634850475 0.13884143124999998 0.61047396875 0.12492603124999999 0.5881868781249999 0.0003832 0.5812221609375 0 0.6007233656250001 0.008732440625 0.602116309375 0.0240393796875 0.5909727640625 0.034475929687500004 0.6007233656250001 0.0442167109375 0.6139563265625 0.0518701796875 0.6271892875 0.06230672968749999 0.641815190625 0.0581321109375 0.65644109375 0.0414336296875 0.6703705249999999 0.028214 0.6842999578125 0.029605540625 0.69474703125 0.037259010937499996 0.7065870484375 0.0490871 0.71146235 0.05604479999999999 0.724695309375 0.087800659375 0.752039765625 0.07945141875 0.7729339140625 0.059969857812500006 0.7833809875 0.04466291875 0.8084539656249999 0.0244855875 0.8328304703124999 0.0314432875 0.8363128296875001 0.0384009890625 0.8474563749999999 0.0425756078125 0.86138580625 0.0390967578125 0.8697434656249999 0.033530598437499996 0.8801905390625 0.02378981875 0.8892446703125 0.015440578125000002 0.8976023296875001 0.00013363750000000002 0.9031741015625 0.001525178125 0.917103534375 0.0056997984375 0.9282470796875 0.01335326875 0.9310329656249999 0.025877128125 0.923371778125 0.03422636875 0.9310329656249999 0.0418798390625 0.9303364937499999 0.0530121578125 0.9261576640625 0.05649100781250001 0.9184964765625001 0.0697106390625 0.9080494031249999 0.07249371875 0.914317646875 0.0697106390625 0.92267530625 0.0627529390625 0.9338188515624999 0.0683190984375 0.939390625 0.071102178125 0.9533200562499999 0.07388525781250001 0.94844475625 0.0808429578125 0.9428729828125 0.088496428125 0.9359082671875001 0.0975414390625 0.9296400218749999 0.1079779890625 0.9219788343750001 0.123284928125 0.9205858921875001 0.1267637796875 0.9303364937499999 0.1267637796875 0.940087096875 0.1288510890625 0.946355340625 0.13372147968749998 0.9512306421875 0.1406791796875 0.947748284375 0.14902841875 0.9435694546875 0.15876919843749998 0.947748284375 0.1636395890625 0.9554094718749999 0.164335359375 0.96376713125 0.171293059375 0.9714283187499999 0.1789465296875 0.9693389031249999 0.18103383906249998 0.9672494890625 0.19007885 0.96376713125 0.1998196296875 0.963070659375 0.2005154 0.9700353749999999 0.19425346875 0.9749106765625 0.18729576875 0.9818753921875001 0.18033806875 0.98535775 0.17685921875 0.9930189374999999 0.1796423 1 1 1 1 0.490986453125
0 1 0.19091796875 0.98486328125 0.1904296875 0.98095703125 0.1953125 0.97705078125 0.1923828125 0.97314453125 0.1953125 0.94189453125 0.1865234375 0.93701171875 0.2080078125 0.93017578125 0.2060546875 0.86572265625 0.2138671875 0.86328125 0.21630859375 0.8681640625 0.22021484375 0.8681640625 0.22998046875 0.8662109375 0.23583984375 0.85693359375 0.2421875 0.84130859375 0.2470703125 0.81494140625 0.2470703125 0.77783203125 0.240234375 0.76611328125 0.2490234375 0.72314453125 0.2578125 0.7255859375 0.27880859375 0.7373046875 0.29638671875 0.73291015625 0.341796875 0.70849609375 0.3447265625 0.64892578125 0.341796875 0.59619140625 0.3271484375 0.58056640625 0.31640625 0.53271484375 0.3115234375 0.53125 0.32177734375 0.55322265625 0.3310546875 0.564453125 0.34423828125 0.564453125 0.35400390625 0.56103515625 0.373046875 0.54931640625 0.3740234375 0.52978515625 0.3828125 0.50244140625 0.3740234375 0.49560546875 0.359375 0.48193359375 0.3623046875 0.47021484375 0.357421875 0.42431640625 0.361328125 0.404296875 0.36865234375 0.408203125 0.40380859375 0.38330078125 0.4111328125 0.35302734375 0.4091796875 0.32568359375 0.3857421875 0.31396484375 0.3896484375 0.31103515625 0.3837890625 0.30517578125 0.3837890625 0.22509765625 0.3984375 0.21923828125 0.41015625 0.19384765625 0.423828125 0.17724609375 0.4208984375 0.16552734375 0.4130859375 0.15380859375 0.419921875 0.14111328125 0.421875 0.13720703125 0.4306640625 0.13134765625 0.4228515625 0.12548828125 0.421875 0.10205078125 0.4296875 0.02880859375 0.44140625 0.0263671875 0.45458984375 0.01806640625 0.455078125 0.0146484375 0.45947265625 0.0146484375 0.46826171875 0.025390625 0.48193359375 0.01953125 0.50830078125 0.005859375 0.52978515625 0 0.53271484375 0 0.59814453125 0.02783203125 0.5966796875 0.033203125 0.60791015625 0.0439453125 0.61279296875 0.04833984375 0.625 0.060546875 0.62841796875 0.06396484375 0.6396484375 0.08056640625 0.63671875 0.1142578125 0.64306640625 0.125 0.64013671875 0.1259765625 0.62841796875 0.1318359375 0.62451171875 0.1259765625 0.61767578125 0.125 0.58740234375 0.14599609375 0.5771484375 0.154296875 0.56884765625 0.1806640625 0.52490234375 0.19287109375 0.51171875 0.26708984375 0.5322265625 0.29443359375 0.5341796875 0.3251953125 0.56591796875 0.34375 0.59130859375 0.357421875 0.60205078125 0.3583984375 0.60791015625 0.37744140625 0.630859375 0.42041015625 0.623046875 0.423828125 0.61181640625 0.40625 0.59326171875 0.4033203125 0.58056640625 0.4072265625 0.56396484375 0.4287109375 0.54931640625 0.4296875 0.53369140625 0.423828125 0.52978515625 0.41796875 0.51416015625 0.4384765625 0.49072265625 0.47119140625 0.4404296875 0.51318359375 0.455078125 0.54931640625 0.47265625 0.58447265625 0.478515625 0.5966796875 0.49560546875 0.6083984375 0.50244140625 0.6103515625 0.51123046875 0.623046875 0.52099609375 0.640625 0.54541015625 0.642578125 0.61181640625 0.64404296875 0.615234375 0.64990234375 0.61328125 0.67041015625 0.603515625 0.68310546875 0.5849609375 0.703125 0.57373046875 0.70263671875 0.564453125 0.68896484375 0.5625 0.685546875 0.54931640625 0.6728515625 0.54541015625 0.673828125 0.51806640625 0.658203125 0.50830078125 0.6494140625 0.49853515625 0.6455078125 0.48681640625 0.65478515625 0.47265625 0.67333984375 0.46875 0.6787109375 0.46337890625 0.6796875 0.44970703125 0.673828125 0.43994140625 0.6865234375 0.42626953125 0.69140625 0.41162109375 0.7001953125 0.40380859375 0.70703125 0.38525390625 0.72021484375 0.37109375 0.74951171875 0.3759765625 0.8291015625 0.40869140625 0.84375 0.42529296875 0.8671875 0.46533203125 0.8603515625 0.47021484375 0.8603515625 0.53369140625 0.87353515625 0.5322265625 0.8779296875 0.52197265625 0.890625 0.51416015625 0.8935546875 0.50537109375 0.90673828125 0.4990234375 0.9169921875 0.48681640625 0.91015625 0.48388671875 0.90576171875 0.46875 0.892578125 0.46728515625 0.888671875 0.45947265625 0.892578125 0.45263671875 0.8916015625 0.44091796875 0.8876953125 0.44384765625 0.88720703125 0.4560546875 0.884765625 0.43603515625 0.85205078125 0.4208984375 0.8486328125 0.41650390625 0.849609375 0.40869140625 0.86962890625 0.39453125 0.890625 0.39013671875 0.8916015625 0.36865234375 0.8857421875 0.36181640625 0.9072265625 0.34228515625 0.91015625 0.33056640625 0.919921875 0.32470703125 0.93505859375 0.3017578125 0.94677734375 0.2998046875 0.97900390625 0.310546875 1 0.31298828125 1 0.25244140625 0.99365234375 0.2646484375 0.986328125 0.26318359375 0.9873046875 0.23583984375 1 0.23291015625 1 0.22705078125 0.99658203125 0.2294921875 0.994140625 0.22412109375 0.994140625 0.21826171875 0.9990234375 0.21630859375 0.98876953125 0.21875 0.9873046875 0.21240234375 1 0.21044921875 1 0.19091796875
0 0 0.24267578125 0.0126953125 0.25146484375 0.0244140625 0.26806640625 0.03125 0.31884765625 0.07373046875 0.330078125 0.10498046875 0.3447265625 0.12109375 0.36376953125 0.1298828125 0.37939453125 0.12890625 0.39892578125 0.1328125 0.42333984375 0.1376953125 0.42919921875 0.14208984375 0.421875 0.169921875 0.41943359375 0.158203125 0.38916015625 0.1630859375 0.36962890625 0.17431640625 0.361328125 0.189453125 0.35986328125 0.1865234375 0.33251953125 0.2177734375 0.29443359375 0.21533203125 0.2880859375 0.2021484375 0.27978515625 0.2001953125 0.27197265625 0.1884765625 0.26513671875 0.185546875 0.22705078125 0.1865234375 0.21630859375 0.19189453125 0.2119140625 0.19775390625 0.2119140625 0.208984375 0.22021484375 0.2119140625 0.23388671875 0.2158203125 0.23583984375 0.21630859375 0.248046875 0.22021484375 0.236328125 0.22119140625 0.248046875 0.24755859375 0.2490234375 0.25732421875 0.263671875 0.26953125 0.26708984375 0.267578125 0.28076171875 0.2705078125 0.29052734375 0.2626953125 0.29541015625 0.2607421875 0.30224609375 0.26708984375 0.310546875 0.27880859375 0.310546875 0.29052734375 0.326171875 0.29736328125 0.3271484375 0.31005859375 0.337890625 0.3154296875 0.33740234375 0.3125 0.33935546875 0.3134765625 0.37939453125 0.31787109375 0.3896484375 0.326171875 0.38720703125 0.3271484375 0.36181640625 0.337890625 0.35693359375 0.328125 0.35107421875 0.326171875 0.32177734375 0.32177734375 0.3271484375 0.3134765625 0.32373046875 0.31005859375 0.3134765625 0.30615234375 0.3203125 0.30517578125 0.3134765625 0.29052734375 0.3115234375 0.2861328125 0.30224609375 0.2880859375 0.29638671875 0.271484375 0.29052734375 0.2763671875 0.28662109375 0.271484375 0.27490234375 0.2724609375 0.25927734375 0.27490234375 0.255859375 0.279296875 0.25732421875 0.279296875 0.25146484375 0.25927734375 0.25 0.2490234375 0.24267578125 0.25 0.23388671875 0.25732421875 0.2265625 0.26806640625 0.2265625 0.27099609375 0.2216796875 0.2802734375 0.22119140625 0.26806640625 0.2197265625 0.263671875 0.21533203125 0.28173828125 0.1962890625 0.28662109375 0.19921875 0.29052734375 0.1943359375 0.294921875 0.19482421875 0.294921875 0.16552734375 0.2939453125 0.18212890625 0.29052734375 0.1865234375 0.25634765625 0.1904296875 0.22607421875 0.1884765625 0.21142578125 0.1748046875 0.19970703125 0.173828125 0.1953125 0.18017578125 0.19439426875000002 0.18351687187500001 0.14783622031250002 0.1846535796875 0.1357421875 0.17333984375 0.119140625 0.16259765625 0.11328125 0.14208984375 0.11572265625 0.1328125 0.14208984375 0.1357421875 0.15869140625 0.1162109375 0.16845703125 0.1171875 0.19921875 0.14111328125 0.1953125 0.15283203125 0.1962890625 0.16552734375 0.20068359375 0.171875 0.20849609375 0.1728515625 0.208984375 0.15283203125 0.21337890625 0.146484375 0.23876953125 0.140625 0.26318359375 0.1435546875 0.2646484375 0.12744140625 0.23974609375 0.1201171875 0.23583984375 0.1220703125 0.2333984375 0.10693359375 0.22412109375 0.0927734375 0.19580078125 0.091796875 0.185546875 0.07373046875 0.17333984375 0.0615234375 0.1630859375 0.05712890625 0.15380859375 0.033203125 0.13623046875 0.0439453125 0.12451171875 0.0439453125 0.11767578125 0.0390625 0.10986328125 0.046875 0.1064453125 0.04345703125 0.1064453125 0.02197265625 0.09521484375 0.0205078125 0.09375 0.03564453125 0.09814453125 0.03515625 0.1044921875 0.04345703125 0.103515625 0.04736328125 0.1103515625 0.05126953125 0.111328125 0.06689453125 0.10546875 0.07373046875 0.109375 0.09033203125 0.10241373437500001 0.10053724687500001 0.0592623734375 0.1039473671875 0.041015625 0.08642578125 0.0390625 0.07861328125 0.04736328125 0.076171875 0.0693359375 0.04833984375 0.0712890625 0.03564453125 0.06396484375 0.03125 0.05517578125 0.03125 0.0546875 0.04345703125 0.03857421875 0.0498046875 0.02294921875 0.0498046875 0.00830078125 0.041015625 0 0.04248046875 0 0.06396484375 0.01025390625 0.0654296875 0.021484375 0.07958984375 0.02001953125 0.0888671875 0.00048828125 0.0908203125 0 0.10107421875 0.01611328125 0.1259765625 0.04345703125 0.119140625 0.0693359375 0.13623046875 0.076171875 0.15380859375 0.0703125 0.16943359375 0.07421875 0.17236328125 0.0888671875 0.21533203125 0.09765625 0.22802734375 0.1015625 0.24560546875 0.08447265625 0.251953125 0.06494140625 0.2509765625 0.0576171875 0.24658203125 0.0517578125 0.23193359375 0.05078125 0.20458984375 0.04296875 0.17626953125 0.03369140625 0.1650390625 0.01904296875 0.1591796875 0.00341796875 0.146484375 0 0.14697265625 0 0.24267578125
0 0.32568359375 0.3662109375 0.32861328125 0.361328125 0.33349609375 0.3623046875 0.3427734375 0.35595703125 0.345703125 0.34912109375 0.3359375 0.33154296875 0.3359375 0.32080078125 0.34326171875 0.3134765625 0.36669921875 0.3076171875 0.37890625 0.28271484375 0.34423828125 0.2724609375 0.337890625 0.26513671875 0.333984375 0.23974609375 0.3056640625 0.22705078125 0.30078125 0.21240234375 0.2998046875 0.18310546875 0.3076171875 0.16552734375 0.28759765625 0.158203125 0.2900390625 0.18115234375 0.28271484375 0.1865234375 0.22802734375 0.1875 0.23046875 0.20068359375 0.224609375 0.20458984375 0.224609375 0.21337890625 0.2197265625 0.21240234375 0.21875 0.22021484375 0.22021484375 0.22265625 0.22509765625 0.216796875 0.2265625 0.22216796875 0.232421875 0.22509765625 0.22021484375 0.224609375 0.2177734375 0.22802734375 0.22412109375 0.2490234375 0.24755859375 0.255859375 0.263671875 0.27001953125 0.265625 0.31005859375 0.3095703125 0.33740234375 0.3134765625 0.34326171875 0.3154296875 0.36962890625 0.31689453125 0.3642578125 0.32568359375 0.3662109375
0 0.501953125 0.29833984375 0.4990234375 0.28564453125 0.48486328125 0.2841796875 0.47265625 0.27587890625 0.4755859375 0.22802734375 0.48291015625 0.212890625 0.4951171875 0.22607421875 0.501953125 0.26611328125 0.50634765625 0.2685546875 0.5166015625 0.26318359375 0.5478515625 0.21630859375 0.52978515625 0.2109375 0.5224609375 0.19677734375 0.5244140625 0.17236328125 0.533203125 0.15283203125 0.54736328125 0.142578125 0.56396484375 0.1435546875 0.576171875 0.15380859375 0.58984375 0.18212890625 0.591796875 0.20068359375 0.58447265625 0.2080078125 0.552734375 0.21630859375 0.56103515625 0.21875 0.56494140625 0.224609375 0.57470703125 0.2265625 0.58740234375 0.220703125 0.60791015625 0.2294921875 0.611328125 0.18994140625 0.62109375 0.18994140625 0.6220703125 0.21337890625 0.615234375 0.21630859375 0.62841796875 0.2177734375 0.630859375 0.18896484375 0.6259765625 0.18310546875 0.625 0.17333984375 0.61279296875 0.1708984375 0.5947265625 0.15283203125 0.5947265625 0.12548828125 0.576171875 0.11767578125 0.57275390625 0.09765625 0.564453125 0.09912109375 0.5693359375 0.09716796875 0.5703125 0.08935546875 0.5615234375 0.08740234375 0.560546875 0.07861328125 0.57568359375 0.076171875 0.57666015625 0.0625 0.5478515625 0.06201171875 0.546875 0.07470703125 0.55029296875 0.080078125 0.5546875 0.07958984375 0.5537109375 0.08837890625 0.5625 0.09423828125 0.55419921875 0.10546875 0.546875 0.10888671875 0.54296875 0.12255859375 0.53515625 0.13134765625 0.52099609375 0.1376953125 0.5048828125 0.12646484375 0.5 0.10986328125 0.49169921875 0.0986328125 0.48193359375 0.099609375 0.47509765625 0.109375 0.462890625 0.10302734375 0.453125 0.07958984375 0.439453125 0.07470703125 0.4384765625 0.06298828125 0.4521484375 0.05712890625 0.453125 0.04736328125 0.43798828125 0.044921875 0.4375 0.03662109375 0.42431640625 0.03125 0.42041015625 0.046875 0.404296875 0.04833984375 0.4130859375 0.06005859375 0.41259765625 0.0654296875 0.408203125 0.06005859375 0.4072265625 0.06689453125 0.4208984375 0.07763671875 0.4296875 0.12548828125 0.44970703125 0.1298828125 0.4755859375 0.15185546875 0.474609375 0.15673828125 0.4677734375 0.16064453125 0.4638671875 0.19970703125 0.45068359375 0.2197265625 0.43603515625 0.220703125 0.423828125 0.21142578125 0.40380859375 0.1796875 0.39013671875 0.173828125 0.37353515625 0.173828125 0.3681640625 0.17822265625 0.3681640625 0.19091796875 0.37255859375 0.197265625 0.39404296875 0.201171875 0.41796875 0.22607421875 0.4228515625 0.24755859375 0.41015625 0.26708984375 0.43896484375 0.28125 0.48095703125 0.3154296875 0.5068359375 0.32958984375 0.5185546875 0.32177734375 0.501953125 0.29833984375
0 0.04345703125 0.001953125 0.00390625 0.00048828125 0.01611328125 0.0166015625 0.04296875 0.01611328125 0.0458984375 0.01318359375 0.04345703125 0.001953125
0 0.73779296875 0.078125 0.7529296875 0.07470703125 0.75 0.05712890625 0.74169921875 0.0546875 0.72900390625 0.0654296875 0.71630859375 0.06640625 0.69775390625 0.0595703125 0.69091796875 0.05078125 0.6767578125 0.08251953125 0.7197265625 0.09326171875 0.72900390625 0.0908203125 0.73779296875 0.078125
0 0 0.06103515625 0.015625 0.06982421875 0.0224609375 0.08056640625 0.0224609375 0.09033203125 0.04296875 0.09033203125 0.0390625 0.07763671875 0.04736328125 0.076171875 0.0654296875 0.05029296875 0.076171875 0.04345703125 0.07763671875 0.0302734375 0.05517578125 0.0302734375 0.0546875 0.04345703125 0.03564453125 0.0498046875 0.01611328125 0.046875 0.00830078125 0.0419921875 0 0.04443359375 0 0.06103515625
0 0.837890625 0.10205078125 0.83203125 0.08740234375 0.85302734375 0.0830078125 0.85546875 0.07958984375 0.8466796875 0.07568359375 0.8447265625 0.06201171875 0.84033203125 0.0576171875 0.81201171875 0.0595703125 0.80419921875 0.0439453125 0.7783203125 0.05126953125 0.76953125 0.06689453125 0.78173828125 0.0693359375 0.78564453125 0.0751953125 0.7978515625 0.07177734375 0.79638671875 0.076171875 0.7861328125 0.07763671875 0.7998046875 0.08740234375 0.7978515625 0.10595703125 0.81396484375 0.099609375 0.837890625 0.10205078125
0 0.14599609375 0.0849609375 0.12841796875 0.0830078125 0.123046875 0.07568359375 0.123046875 0.06787109375 0.12744140625 0.060546875 0.13818359375 0.0595703125 0.15283203125 0.0673828125 0.15771484375 0.0771484375 0.1865234375 0.07568359375 0.17724609375 0.0625 0.1650390625 0.05615234375 0.1591796875 0.03662109375 0.171875 0.00146484375 0.09716796875 0 0.08251953125 0.0068359375 0.0830078125 0.02099609375 0.0791015625 0.02880859375 0.08544921875 0.03125 0.109375 0.05810546875 0.1083984375 0.08935546875 0.1533203125 0.09130859375 0.15380859375 0.0810546875 0.14599609375 0.0849609375
0 0.73583984375 0 0.734375 0.00732421875 0.72802734375 0.0107421875 0.71630859375 0.0107421875 0.70458984375 0 0.66357421875 0.0009765625 0.65576171875 0.009765625 0.63818359375 0.0048828125 0.62548828125 0.017578125 0.6064453125 0.02197265625 0.60986328125 0.0283203125 0.61962890625 0.0302734375 0.6259765625 0.03759765625 0.626953125 0.04833984375 0.61962890625 0.0546875 0.60107421875 0.0546875 0.58935546875 0.0478515625 0.52294921875 0.044921875 0.50244140625 0.0361328125 0.47998046875 0.0341796875 0.47216796875 0.0283203125 0.45849609375 0.0341796875 0.44482421875 0.0341796875 0.43212890625 0.0302734375 0.41943359375 0.0205078125 0.416015625 0.02392578125 0.4169921875 0.03955078125 0.40869140625 0.044921875 0.38330078125 0.0419921875 0.37353515625 0.0263671875 0.30419921875 0.02734375 0.2978515625 0.03271484375 0.30859375 0.04150390625 0.30712890625 0.0595703125 0.25537109375 0.0615234375 0.2431640625 0.05419921875 0.24072265625 0.029296875 0.2236328125 0.03369140625 0.2255859375 0.05908203125 0.2177734375 0.06689453125 0.216796875 0.08642578125 0.22802734375 0.0908203125 0.24755859375 0.0693359375 0.25537109375 0.06640625 0.26318359375 0.0673828125 0.27587890625 0.076171875 0.29931640625 0.068359375 0.3095703125 0.07666015625 0.31396484375 0.087890625 0.33349609375 0.0908203125 0.341796875 0.08349609375 0.341796875 0.07763671875 0.33154296875 0.0732421875 0.32666015625 0.0634765625 0.31591796875 0.0615234375 0.3134765625 0.05615234375 0.33056640625 0.0546875 0.34619140625 0.041015625 0.35498046875 0.0380859375 0.37646484375 0.0625 0.40771484375 0.0712890625 0.416015625 0.07763671875 0.4228515625 0.08935546875 0.4296875 0.12451171875 0.44384765625 0.126953125 0.46728515625 0.140625 0.4765625 0.15283203125 0.470703125 0.16943359375 0.4833984375 0.16943359375 0.4833984375 0.12548828125 0.4677734375 0.12255859375 0.46875 0.10791015625 0.4560546875 0.07861328125 0.447265625 0.07470703125 0.44873046875 0.06640625 0.45947265625 0.0634765625 0.47607421875 0.0478515625 0.48291015625 0.046875 0.48974609375 0.0517578125 0.51025390625 0.076171875 0.52587890625 0.06640625 0.54541015625 0.078125 0.5556640625 0.09423828125 0.5556640625 0.10205078125 0.5458984375 0.10986328125 0.544921875 0.12158203125 0.54931640625 0.1171875 0.56201171875 0.1220703125 0.56591796875 0.115234375 0.57177734375 0.115234375 0.5751953125 0.11083984375 0.572265625 0.08642578125 0.58251953125 0.0703125 0.60693359375 0.0693359375 0.62646484375 0.0791015625 0.65673828125 0.0791015625 0.6552734375 0.06396484375 0.64697265625 0.052734375 0.6396484375 0.05126953125 0.6396484375 0.04736328125 0.65185546875 0.0439453125 0.68115234375 0.015625 0.70654296875 0.01953125 0.71923828125 0.0146484375 0.73388671875 0.0185546875 0.73779296875 0.02734375 0.7431640625 0.01513671875 0.75048828125 0.0087890625 0.76513671875 0.0107421875 0.77099609375 0.005859375 0.78076171875 0.0048828125 0.791015625 0.01513671875 0.80419921875 0.04296875 0.806640625 0.03564453125 0.81494140625 0.029296875 0.82763671875 0.0283203125 0.84326171875 0.0361328125 0.86083984375 0.0234375 0.875 0.03955078125 0.87158203125 0.0654296875 0.87451171875 0.0625 0.88134765625 0.064453125 0.87890625 0.05908203125 0.88818359375 0.0537109375 0.9130859375 0.05126953125 0.9169921875 0.04248046875 0.8994140625 0.02783203125 0.900390625 0.01611328125 0.91015625 0.00439453125 0.9091796875 0.00048828125 0.85791015625 0 0.84716796875 0.0068359375 0.82666015625 0.0068359375 0.80908203125 0 0.73583984375 0
0 0.89111328125 0.0947265625 0.90283203125 0.078125 0.93212890625 0.08203125 0.94970703125 0.1044921875 0.96728515625 0.08203125 0.99951171875 0.078125 1 0.00048828125 0.9609375 0.00048828125 0.98583984375 0.015625 0.9921875 0.02783203125 0.98779296875 0.0361328125 0.97314453125 0.0390625 0.91650390625 0.03515625 0.90283203125 0.029296875 0.9013671875 0.01806640625 0.9072265625 0.00927734375 0.92822265625 0 0.86279296875 0.0009765625 0.85595703125 0.00390625 0.8603515625 0.00732421875 0.861328125 0.01708984375 0.85400390625 0.017578125 0.8466796875 0.02490234375 0.86181640625 0.021484375 0.8740234375 0.03857421875 0.875 0.04833984375 0.861328125 0.07470703125 0.84521484375 0.0830078125 0.837890625 0.09814453125 0.83203125 0.10205078125 0.8515625 0.10791015625 0.86767578125 0.0966796875 0.89111328125 0.0947265625
0 0.81396484375 0.19140625 0.82177734375 0.1865234375 0.83154296875 0.1865234375 0.84619140625 0.1953125 0.85595703125 0.1943359375 0.8837890625 0.15966796875 0.90966796875 0.138671875 0.92041015625 0.140625 0.93798828125 0.162109375 0.94970703125 0.1572265625 0.96875 0.12353515625 0.96044921875 0.1181640625 0.94970703125 0.1171875 0.94384765625 0.130859375 0.92333984375 0.1357421875 0.91455078125 0.1357421875 0.90380859375 0.1279296875 0.88916015625 0.1318359375 0.86669921875 0.130859375 0.8603515625 0.12548828125 0.8525390625 0.10693359375 0.86279296875 0.0966796875 0.8759765625 0.09423828125 0.87548828125 0.0849609375 0.8662109375 0.09033203125 0.86474609375 0.0771484375 0.853515625 0.08251953125 0.861328125 0.08642578125 0.85986328125 0.08984375 0.84228515625 0.091796875 0.83740234375 0.0986328125 0.8271484375 0.10205078125 0.84130859375 0.1064453125 0.853515625 0.12646484375 0.853515625 0.13818359375 0.8486328125 0.14794921875 0.83349609375 0.1572265625 0.80810546875 0.15625 0.79638671875 0.1513671875 0.7890625 0.14306640625 0.783203125 0.12939453125 0.796875 0.11083984375 0.79541015625 0.1083984375 0.78466796875 0.1083984375 0.78076171875 0.1181640625 0.76416015625 0.1181640625 0.75732421875 0.134765625 0.74658203125 0.1298828125 0.71826171875 0.130859375 0.71337890625 0.1220703125 0.70654296875 0.1220703125 0.705078125 0.12939453125 0.7138671875 0.14892578125 0.7138671875 0.17041015625 0.75146484375 0.181640625 0.7724609375 0.20947265625 0.779296875 0.21337890625 0.80029296875 0.1884765625 0.81396484375 0.19140625
0 0.68798828125 0.197265625 0.64794921875 0.197265625 0.63525390625 0.1923828125 0.62890625 0.19775390625 0.63623046875 0.216796875 0.6767578125 0.22021484375 0.6884765625 0.20361328125 0.68798828125 0.197265625