1 0.259375 0.47890625 0.228125 0.1859375
1 0.115625 0.3390625 0.1921875 0.140625
1 0.67890625 0.39296875 0.2078125 0.15703125
1 0.3921875 0.56328125 0.26875 0.21875
1 0.54765625 0.35234375 0.2015625 0.18828125
1 0.9109375 0.815625 0.178125 0.34296875
1 0.1921875 0.2046875 0.15546875 0.10546875
1 0.34296875 0.14921875 0.14140625 0.109375
1 0.35 0.2640625 0.16796875 0.10625
1 0.525 0.17734375 0.13203125 0.0875
1 0.075 0.12734375 0.140625 0.1265625
1 0.80546875 0.225 0.1375 0.10546875
1 0.84765625 0.484375 0.25 0.20234375
1 0.62265625 0.15703125 0.1234375 0.08984375
1 0.87265625 0.0515625 0.10625 0.08203125
1 0.0296875 0.2671875 0.059375 0.10859375
1 0.54140625 0.08515625 0.115625 0.084375
1 0.95625 0.125 0.07734375 0.1203125
1 0.74609375 0.0984375 0.1328125 0.078125
1 0.07890625 0.88515625 0.15546875 0.2296875
1 0.66875 0.03984375 0.121875 0.0703125
1 0.603125 0.69375 0.32109375 0.290625
1 0.40859375 0.04375 0.084375 0.0765625
1 0.20078125 0.08359375 0.1515625 0.09765625
1 0.9796875 0.2921875 0.0375 0.08203125
0 1 0.97119140625 0.92626953125 0.9140625 0.9091796875 0.93310546875 0.900390625 0.95361328125 0.89208984375 0.9619140625 0.873046875 0.97021484375 0.865234375 0.99658203125 0.86669921875 1 1 0.99951171875 1 0.97119140625
0 1 0.33447265625 0.98388671875 0.3466796875 0.96728515625 0.3515625 0.9404296875 0.33837890625 0.9423828125 0.30615234375 0.9462890625 0.30224609375 0.943359375 0.29833984375 0.9599609375 0.29443359375 0.95703125 0.28271484375 0.9609375 0.27880859375 0.955078125 0.27490234375 0.966796875 0.25927734375 0.95703125 0.26123046875 0.93701171875 0.2958984375 0.91455078125 0.3017578125 0.90673828125 0.302734375 0.88720703125 0.2919921875 0.87890625 0.27587890625 0.8798828125 0.26708984375 0.890625 0.25634765625 0.888671875 0.25146484375 0.89794921875 0.244140625 0.90673828125 0.2451171875 0.9052734375 0.23583984375 0.9228515625 0.22900390625 0.9248046875 0.20458984375 0.92919921875 0.2021484375 0.97021484375 0.2021484375 0.9716796875 0.21630859375 0.9794921875 0.22021484375 0.98095703125 0.23046875 0.9853515625 0.22802734375 0.974609375 0.24755859375 0.98876953125 0.2509765625 0.99951171875 0.2490234375 0.99951171875 0.185546875 0.97900390625 0.19140625 0.95751953125 0.185546875 0.95166015625 0.1796875 0.94580078125 0.1806640625 0.93798828125 0.171875 0.9150390625 0.16259765625 0.9205095828125 0.100642728125 0.9087947406250001 0.10161871874999999 0.88623046875 0.1337890625 0.86474609375 0.123046875 0.85498046875 0.125 0.8525390625 0.13623046875 0.8623046875 0.14111328125 0.861328125 0.14892578125 0.8662109375 0.15771484375 0.8543722109375 0.160973378125 0.8524197875 0.18732451562500002 0.8748730374999999 0.1951322984375 0.869991903125 0.23124312812499997 0.8055608609375 0.2702818953125 0.7382012578125 0.234171065625 0.734375 0.20654296875 0.7314453125 0.20458984375 0.73046875 0.18798828125 0.7438124359375 0.20116758125 0.8602296328125 0.14340590312499998 0.8150770375 0.14456134062499998 0.7809090921874999 0.153345078125 0.74853515625 0.1728515625 0.73876953125 0.16796875 0.72998046875 0.1708984375 0.72802734375 0.189453125 0.72216796875 0.1884765625 0.71826171875 0.1943359375 0.70556640625 0.1962890625 0.69482421875 0.203125 0.67529296875 0.1904296875 0.65869140625 0.19140625 0.65576171875 0.1953125 0.62060546875 0.20703125 0.6123046875 0.21240234375 0.60888671875 0.2197265625 0.59716796875 0.2236328125 0.59326171875 0.234375 0.5810546875 0.23779296875 0.58154296875 0.263671875 0.60888671875 0.265625 0.6103515625 0.27099609375 0.60498046875 0.2724609375 0.60498046875 0.2763671875 0.62646484375 0.28125 0.62744140625 0.287109375 0.63232421875 0.287109375 0.642578125 0.29638671875 0.642578125 0.32861328125 0.64404296875 0.3330078125 0.64599609375 0.3291015625 0.6494140625 0.33056640625 0.64794921875 0.3349609375 0.6435546875 0.33447265625 0.64404296875 0.33984375 0.65869140625 0.3291015625 0.67041015625 0.326171875 0.67529296875 0.3125 0.70361328125 0.3115234375 0.7138671875 0.31494140625 0.71435546875 0.32421875 0.73583984375 0.3291015625 0.7353515625 0.33349609375 0.74560546875 0.341796875 0.76513671875 0.3447265625 0.765625 0.34912109375 0.7822265625 0.36181640625 0.78076171875 0.3681640625 0.7763671875 0.36669921875 0.7685546875 0.39697265625 0.76904296875 0.4228515625 0.77880859375 0.4248046875 0.79248046875 0.41796875 0.79931640625 0.4072265625 0.8125 0.40380859375 0.8173828125 0.39697265625 0.81494140625 0.3916015625 0.82470703125 0.392578125 0.8369140625 0.38525390625 0.83154296875 0.3759765625 0.84619140625 0.3759765625 0.84521484375 0.3818359375 0.85498046875 0.3876953125 0.87646484375 0.3916015625 0.8759765625 0.39599609375 0.88525390625 0.404296875 0.90185546875 0.408203125 0.91650390625 0.4208984375 0.93115234375 0.423828125 0.94189453125 0.4345703125 0.96240234375 0.439453125 0.9697265625 0.45263671875 0.9697265625 0.46923828125 0.9638671875 0.47021484375 0.9599609375 0.48291015625 0.96533203125 0.4833984375 0.96826171875 0.4794921875 0.97314453125 0.486328125 0.98486328125 0.486328125 1 0.50048828125 1 0.33447265625
0 0.67529296875 1 0.69482421875 0.978515625 0.70849609375 0.984375 0.72412109375 1 0.78125 0.99951171875 0.81640625 0.94091796875 0.83203125 0.89501953125 0.841796875 0.87548828125 0.8525390625 0.86572265625 0.861328125 0.84033203125 0.85498046875 0.830078125 0.8310546875 0.81201171875 0.82421875 0.79736328125 0.8235754421875001 0.7966245109375001 0.8671875 0.75634765625 0.94970703125 0.666015625 0.95751953125 0.6611328125 0.96435546875 0.662109375 0.97509765625 0.6728515625 1 0.68505859375 0.99951171875 0.56640625 0.97509765625 0.576171875 0.94970703125 0.576171875 0.93212890625 0.5693359375 0.9267578125 0.55322265625 0.9150390625 0.54931640625 0.9228515625 0.54541015625 0.91259765625 0.5439453125 0.9013671875 0.55322265625 0.8994140625 0.56298828125 0.904296875 0.56494140625 0.89892578125 0.5673828125 0.89501953125 0.55859375 0.89013671875 0.560546875 0.8916015625 0.57373046875 0.884765625 0.57666015625 0.90673828125 0.5791015625 0.9052734375 0.58447265625 0.916015625 0.58837890625 0.90380859375 0.59765625 0.89404296875 0.59375 0.8916015625 0.60107421875 0.8974609375 0.60400390625 0.88330078125 0.61328125 0.8779296875 0.60595703125 0.8837890625 0.60009765625 0.8779296875 0.59423828125 0.87646484375 0.5751953125 0.85498046875 0.583984375 0.84423828125 0.576171875 0.82470703125 0.5712890625 0.81982421875 0.564453125 0.81591796875 0.5693359375 0.81201171875 0.556640625 0.80029296875 0.548828125 0.79248046875 0.55078125 0.77978515625 0.5341796875 0.76806640625 0.53125 0.75341796875 0.517578125 0.740234375 0.51806640625 0.7431640625 0.51416015625 0.73779296875 0.513671875 0.7294921875 0.50244140625 0.73046875 0.48291015625 0.72705078125 0.4765625 0.67626953125 0.5087890625 0.66357421875 0.5224609375 0.65673828125 0.5224609375 0.5810546875 0.46630859375 0.580078125 0.44580078125 0.583984375 0.42724609375 0.58056640625 0.4208984375 0.57275390625 0.4228515625 0.52783203125 0.4580078125 0.45556640625 0.41015625 0.453125 0.37255859375 0.44140625 0.35302734375 0.44140625 0.34521484375 0.4453125 0.34228515625 0.44140625 0.32958984375 0.4482421875 0.32568359375 0.44775390625 0.3134765625 0.43994140625 0.3134765625 0.43603515625 0.3232421875 0.43115234375 0.3212890625 0.42138671875 0.3271484375 0.39990234375 0.328125 0.38427734375 0.326171875 0.35986328125 0.3134765625 0.34619140625 0.3125 0.3427734375 0.32666015625 0.3359375 0.32958984375 0.333984375 0.35205078125 0.32666015625 0.3583984375 0.29541015625 0.3681640625 0.25146484375 0.365234375 0.248046875 0.36083984375 0.2490234375 0.34814453125 0.24365234375 0.3408203125 0.23974609375 0.34765625 0.23583984375 0.34375 0.23193359375 0.3486328125 0.22705078125 0.3427734375 0.224609375 0.36865234375 0.2177734375 0.37353515625 0.21875 0.38232421875 0.2236328125 0.38525390625 0.21142578125 0.388671875 0.20849609375 0.39453125 0.20458984375 0.3916015625 0.201171875 0.39599609375 0.20458984375 0.4013671875 0.19677734375 0.3994140625 0.17724609375 0.408203125 0.16259765625 0.41015625 0.13525390625 0.4052734375 0.11767578125 0.4072265625 0.115234375 0.41650390625 0.123046875 0.43115234375 0.12109375 0.44970703125 0.08642578125 0.4677734375 0.06298828125 0.470703125 0.05029296875 0.4765625 0.03173828125 0.474609375 0.0146484375 0.45263671875 0.005859375 0.43115234375 0.013671875 0.40087890625 0 0.39111328125 0 0.76123046875 0.013671875 0.78857421875 0.1396484375 0.92236328125 0.142578125 0.94970703125 0.158203125 0.97412109375 0.16845703125 1 0.32666015625 1 0.328125 0.99658203125 0.3154296875 0.97314453125 0.3125499203125 0.9726347109375 0.32666015625 0.9580078125 0.337890625 0.95263671875 0.34619140625 0.9345703125 0.36865234375 0.92578125 0.39599609375 0.94140625 0.404296875 0.95068359375 0.4140625 0.97509765625 0.41455078125 1 0.67529296875 1
0 0.22900390625 0 0.162109375 0.00048828125 0.16455078125 0.017578125 0.19189453125 0.015625 0.216796875 0.03173828125 0.2197265625 0.01513671875 0.22900390625 0
0 0.00048828125 0 0 0.03955078125 0.02783203125 0.0625 0.037109375 0.06298828125 0.0634765625 0.05908203125 0.0439453125 0.00341796875 0.03564453125 0 0.00048828125 0
0 0.27294921875 0 0.2919921875 0.02294921875 0.2890625 0.04345703125 0.287109375 0.04931640625 0.27978515625 0.0537109375 0.25146484375 0.0546875 0.2490234375 0.06005859375 0.2529296875 0.07470703125 0.27880859375 0.0791015625 0.28955078125 0.10546875 0.31787109375 0.0966796875 0.34423828125 0.09375 0.41552734375 0.1328125 0.419921875 0.14697265625 0.4189453125 0.19091796875 0.4375 0.21630859375 0.4443359375 0.21142578125 0.4580078125 0.18798828125 0.4541015625 0.14208984375 0.43994140625 0.138671875 0.4384765625 0.12548828125 0.4267578125 0.12158203125 0.408203125 0.09033203125 0.408203125 0.07861328125 0.36962890625 0.0556640625 0.33642578125 0.044921875 0.30419921875 0.025390625 0.2978515625 0.01416015625 0.29638671875 0 0.27294921875 0
0 0.2459366625 0.34823635 0.24007931562499998 0.3238371015625 0.248046875 0.28369140625 0.20654296875 0.279296875 0.19775390625 0.2666015625 0.17431640625 0.2509765625 0.15771484375 0.2451171875 0.15283203125 0.236328125 0.14208984375 0.2333984375 0.13623046875 0.22265625 0.123046875 0.21533203125 0.10986328125 0.17578125 0.06201171875 0.1875 0.04833984375 0.181640625 0.04345703125 0.1728515625 0.03271484375 0.1689453125 0.00439453125 0.140625 0 0.14013671875 0.00048828125 0.2197265625 0.01513671875 0.2158203125 0.02294921875 0.2177734375 0.05517578125 0.2509765625 0.07275390625 0.2421875 0.09228515625 0.240234375 0.11962890625 0.2568359375 0.130859375 0.26806640625 0.13720703125 0.2822265625 0.15966796875 0.27734375 0.18408203125 0.2822265625 0.19091796875 0.294921875 0.20068359375 0.296875 0.20947265625 0.310546875 0.22836454687500002 0.4048425546875 0.2566751453125 0.3706836328125 0.2459366625 0.34823635
0 0.345703125 0.21044921875 0.3427734375 0.19677734375 0.33349609375 0.1884765625 0.2783203125 0.15283203125 0.27099609375 0.126953125 0.22705078125 0.1396484375 0.20458984375 0.1328125 0.20068359375 0.126953125 0.18896484375 0.1240234375 0.16552734375 0.1064453125 0.1171875 0.06201171875 0.10595703125 0.0302734375 0.0771484375 0.03564453125 0.0791015625 0.06005859375 0.091796875 0.07568359375 0.1103515625 0.11376953125 0.130859375 0.11865234375 0.14501953125 0.15625 0.19189453125 0.14453125 0.20068359375 0.1455078125 0.25634765625 0.1806640625 0.2666015625 0.19775390625 0.2783203125 0.20458984375 0.279296875 0.21337890625 0.2666015625 0.21923828125 0.2705078125 0.23193359375 0.291015625 0.23486328125 0.34228515625 0.2177734375 0.345703125 0.21044921875
0 0.58544921875 0.123046875 0.62158203125 0.1103515625 0.66357421875 0.1015625 0.68115234375 0.0791015625 0.75341796875 0.060546875 0.76123046875 0.0517578125 0.77099609375 0.0478515625 0.78662109375 0.0439453125 0.81494140625 0.0458984375 0.822265625 0.02587890625 0.83642578125 0.015625 0.87939453125 0.0126953125 0.90478515625 0.017578125 0.92626953125 0.0048828125 0.93701171875 0.0068359375 0.94091796875 0.0126953125 0.96533203125 0.0185546875 0.97119140625 0.015625 0.9677734375 0.02001953125 0.97314453125 0.0244140625 0.98876953125 0.0068359375 1 0.00048828125 0.82861328125 0 0.826171875 0.01220703125 0.81982421875 0.01953125 0.78076171875 0.025390625 0.72607421875 0.0009765625 0.68798828125 0 0.685546875 0.00439453125 0.69482421875 0.0126953125 0.71826171875 0.021484375 0.720703125 0.03173828125 0.7138671875 0.05224609375 0.70458984375 0.060546875 0.68408203125 0.068359375 0.65966796875 0.0625 0.60693359375 0.0390625 0.59130859375 0.0458984375 0.56494140625 0.046875 0.54150390625 0.03515625 0.52978515625 0.013671875 0.50244140625 0 0.41015625 0.00048828125 0.43505859375 0.015625 0.4384765625 0.02294921875 0.451171875 0.03173828125 0.453125 0.05126953125 0.47314453125 0.0703125 0.48193359375 0.052734375 0.51025390625 0.0419921875 0.53662109375 0.0478515625 0.56982421875 0.048828125 0.59130859375 0.0615234375 0.5986328125 0.07080078125 0.59375 0.09814453125 0.55810546875 0.1162109375 0.54345703125 0.1142578125 0.50341796875 0.09375 0.4814453125 0.08740234375 0.5009765625 0.10791015625 0.51220703125 0.140625 0.5576171875 0.14599609375 0.56201171875 0.123046875 0.58544921875 0.123046875