1 0.134375 0.78984375 0.26875 0.3734375
1 0.3109375 0.3921875 0.12421875 0.1046875
1 0.5421875 0.46953125 0.103125 0.1078125
1 0.4171875 0.49296875 0.1171875 0.1140625
1 0.61875 0.42265625 0.09375 0.0921875
1 0.76328125 0.3828125 0.1078125 0.084375
1 0.8734375 0.209375 0.0734375 0.046875
1 0.2546875 0.5515625 0.134375 0.125
1 0.98203125 0.16328125 0.0359375 0.06171875
1 0.10234375 0.44375 0.0765625 0.071875
1 0.56953125 0.1828125 0.03125 0.0359375
1 0.12421875 0.24296875 0.13359375 0.05546875
1 0.365625 0.628125 0.17265625 0.146875
1 0.9140625 0.45234375 0.171875 0.1140625
1 0.4609375 0.3390625 0.0875 0.0671875
1 0.70625 0.40546875 0.0890625 0.07421875