1 0.246875 0.38203125 0.11640625 0.096875
1 0.05390625 0.7203125 0.09765625 0.16484375
1 0.528125 0.23828125 0.0578125 0.071875
1 0.5140625 0.3953125 0.1203125 0.09453125
1 0.82734375 0.2359375 0.0515625 0.07421875
1 0.81015625 0.3984375 0.1625 0.10234375
1 0.1640625 0.23359375 0.05078125 0.05859375
1 0.27421875 0.2328125 0.0578125 0.0734375
1 0.3875 0.2328125 0.05546875 0.07734375
1 0.06171875 0.38671875 0.1234375 0.0953125
1 0.7625 0.17265625 0.03125 0.04609375
1 0.66953125 0.2328125 0.0546875 0.06171875
1 0.04296875 0.2359375 0.06171875 0.08203125
1 0.63828125 0.165625 0.0328125 0.0375
1 0.94765625 0.24140625 0.034375 0.0609375
1 0.72890625 0.27890625 0.0484375 0.07734375
1 0.22578125 0.27734375 0.04765625 0.0734375
1 0.90625 0.278125 0.0546875 0.05625
1 0.56875 0.17890625 0.02734375 0.0484375
1 0.6015625 0.2703125 0.04296875 0.075
1 0.45 0.278125 0.0515625 0.0578125
1 0.3109375 0.2765625 0.04296875 0.05546875
1 0.09765625 0.26875 0.05546875 0.05546875
0 0.939453125 0.18310546875 0.93017578125 0.1806640625 0.9267578125 0.18505859375 0.9296875 0.21044921875 0.939453125 0.19384765625 0.939453125 0.18310546875
0 0.12158203125 0.1943359375 0.126953125 0.17822265625 0.10693359375 0.1875 0.08203125 0.18896484375 0.0810546875 0.19189453125 0.09033203125 0.201171875 0.09765625 0.20068359375 0.10498046875 0.1953125 0.12158203125 0.1943359375
0 0.78759765625 0.1162109375 0.796875 0.11376953125 0.7890625 0.11083984375 0.79541015625 0.1083984375 0.79541015625 0.1044921875 0.7724609375 0.10595703125 0.7666015625 0.13330078125 0.7607421875 0.14208984375 0.7734375 0.14794921875 0.779296875 0.12646484375 0.78759765625 0.1162109375
0 0.76904296875 0.2333984375 0.77294921875 0.2421875 0.78076171875 0.24609375 0.78759765625 0.2431640625 0.78662109375 0.248046875 0.79248046875 0.2421875 0.79638671875 0.244140625 0.796875 0.23779296875 0.78173828125 0.2275390625 0.76904296875 0.2275390625 0.76513671875 0.21875 0.748046875 0.24755859375 0.751953125 0.25537109375 0.7578125 0.25732421875 0.7685546875 0.24755859375 0.76904296875 0.2333984375
0 0.69970703125 0.1875 0.71044921875 0.1806640625 0.72119140625 0.185546875 0.74169921875 0.185546875 0.7421875 0.17626953125 0.72607421875 0.17578125 0.71435546875 0.1708984375 0.70654296875 0.1572265625 0.69873046875 0.1767578125 0.671875 0.18212890625 0.67529296875 0.1943359375 0.685546875 0.19384765625 0.68701171875 0.1884765625 0.69970703125 0.1875
0 0.64306640625 0.23828125 0.63916015625 0.244140625 0.6357421875 0.24267578125 0.6318359375 0.22802734375 0.62109375 0.21630859375 0.6279296875 0.18701171875 0.61572265625 0.1708984375 0.58447265625 0.171875 0.58447265625 0.1796875 0.6083984375 0.19091796875 0.615234375 0.21826171875 0.6044921875 0.23974609375 0.61083984375 0.2490234375 0.62109375 0.25146484375 0.6484375 0.24755859375 0.64306640625 0.23828125
0 0.3359375 0.23193359375 0.33837890625 0.21875 0.34814453125 0.2138671875 0.36474609375 0.216796875 0.37744140625 0.2041015625 0.39013671875 0.19921875 0.39892578125 0.2001953125 0.4052734375 0.19482421875 0.4072265625 0.18798828125 0.39306640625 0.1826171875 0.3876953125 0.17333984375 0.38916015625 0.1396484375 0.3759765625 0.14111328125 0.3828125 0.16455078125 0.37451171875 0.1728515625 0.34521484375 0.1767578125 0.33837890625 0.1845703125 0.3203125 0.18994140625 0.318359375 0.20654296875 0.3017578125 0.22216796875 0.3017578125 0.24658203125 0.3193359375 0.25244140625 0.326171875 0.25048828125 0.3359375 0.23193359375
0 1 0.26416015625 0.94189453125 0.2626953125 0.9384765625 0.25927734375 0.9384765625 0.23583984375 0.9296875 0.22998046875 0.92626953125 0.21875 0.90283203125 0.2421875 0.89599609375 0.2451171875 0.87939453125 0.2421875 0.87646484375 0.236328125 0.861328125 0.22705078125 0.859375 0.22119140625 0.859375 0.20458984375 0.869140625 0.19287109375 0.869140625 0.18798828125 0.85498046875 0.185546875 0.8486328125 0.20556640625 0.8544921875 0.22802734375 0.8515625 0.23193359375 0.857421875 0.23486328125 0.8525390625 0.25732421875 0.84326171875 0.263671875 0.8046875 0.26416015625 0.8056640625 0.27880859375 0.796875 0.30712890625 0.798828125 0.34814453125 0.81201171875 0.3525390625 0.82568359375 0.345703125 0.83837890625 0.345703125 0.8583984375 0.36376953125 0.8603515625 0.37158203125 0.890625 0.40087890625 0.892578125 0.40673828125 0.890625 0.43310546875 0.88330078125 0.4453125 0.84326171875 0.4443359375 0.83447265625 0.447265625 0.8045070890625 0.4450950890625 0.8041486953125 0.44325878281250003 0.77294921875 0.443359375 0.75634765625 0.435546875 0.74462890625 0.4208984375 0.7333984375 0.41650390625 0.728515625 0.40869140625 0.736328125 0.38818359375 0.7373046875 0.36181640625 0.72119140625 0.3583984375 0.7060546875 0.34130859375 0.712890625 0.27490234375 0.7314453125 0.25146484375 0.71044921875 0.23046875 0.69921875 0.23193359375 0.7021484375 0.23388671875 0.7021484375 0.24560546875 0.69482421875 0.263671875 0.67333984375 0.2607421875 0.6572265625 0.26318359375 0.6591796875 0.28759765625 0.6640625 0.29931640625 0.6513671875 0.31787109375 0.64013671875 0.3271484375 0.59619140625 0.3271484375 0.5810546875 0.31787109375 0.5830078125 0.30224609375 0.5751953125 0.28271484375 0.576171875 0.27587890625 0.580078125 0.26513671875 0.591796875 0.25146484375 0.58154296875 0.25 0.5791015625 0.24365234375 0.56103515625 0.228515625 0.55322265625 0.2607421875 0.5078125 0.26611328125 0.5146484375 0.28173828125 0.5146484375 0.29248046875 0.51025390625 0.2978515625 0.501953125 0.29736328125 0.49658203125 0.3115234375 0.47509765625 0.3017578125 0.46728515625 0.30859375 0.43701171875 0.3046875 0.4345703125 0.29638671875 0.42431640625 0.29296875 0.41796875 0.28271484375 0.44091796875 0.2509765625 0.45458984375 0.2509765625 0.4765625 0.26708984375 0.47900390625 0.2763671875 0.4833984375 0.27490234375 0.4892578125 0.25927734375 0.49951171875 0.2578125 0.501953125 0.25244140625 0.49951171875 0.234375 0.48291015625 0.24609375 0.466796875 0.24169921875 0.45703125 0.21337890625 0.45947265625 0.189453125 0.44775390625 0.1884765625 0.4443359375 0.19287109375 0.4453125 0.21923828125 0.4404296875 0.22998046875 0.42431640625 0.2294921875 0.41796875 0.23486328125 0.41650390625 0.259765625 0.37744140625 0.2607421875 0.36083984375 0.279296875 0.33447265625 0.2822265625 0.328125 0.28955078125 0.32470703125 0.3046875 0.29833984375 0.3046875 0.2939453125 0.30126953125 0.2900390625 0.27392578125 0.294921875 0.26806640625 0.29443359375 0.26171875 0.25439453125 0.2626953125 0.24462890625 0.2412109375 0.23193359375 0.2431640625 0.22021484375 0.234375 0.21630859375 0.2373046875 0.21337890625 0.2333984375 0.19873046875 0.2314453125 0.201171875 0.24560546875 0.18896484375 0.25 0.18310546875 0.263671875 0.17724609375 0.2607421875 0.16552734375 0.263671875 0.13916015625 0.2607421875 0.13720703125 0.2646484375 0.1328125 0.22509765625 0.12646484375 0.2177734375 0.1201171875 0.23095703125 0.10986328125 0.2392578125 0.09130859375 0.2314453125 0.0859375 0.24365234375 0.09033203125 0.2470703125 0.10595703125 0.2412109375 0.12646484375 0.2666015625 0.134765625 0.26708984375 0.12646484375 0.2705078125 0.12255859375 0.279296875 0.10888671875 0.2822265625 0.10498046875 0.2939453125 0.09033203125 0.30078125 0.07373046875 0.298828125 0.068359375 0.29345703125 0.06201171875 0.26171875 0.03173828125 0.2607421875 0.0283203125 0.26318359375 0.0283203125 0.29345703125 0 0.30810546875 0.00048828125 0.353515625 0.01904296875 0.341796875 0.06005859375 0.34375 0.06396484375 0.34765625 0.07470703125 0.3447265625 0.08447265625 0.349609375 0.091796875 0.34228515625 0.09619140625 0.3291015625 0.11279296875 0.32421875 0.13525390625 0.326171875 0.14404296875 0.3056640625 0.201171875 0.27294921875 0.20361328125 0.2509765625 0.22412109375 0.248046875 0.23095703125 0.25 0.2490234375 0.26806640625 0.2529296875 0.27978515625 0.2421875 0.29052734375 0.23974609375 0.3037109375 0.21923828125 0.3056640625 0.21484375 0.32080078125 0.201171875 0.33056640625 0.21533203125 0.3515625 0.23974609375 0.3369140625 0.27490234375 0.349609375 0.28955078125 0.3447265625 0.29931640625 0.3486328125 0.31396484375 0.330078125 0.32568359375 0.33203125 0.32958984375 0.345703125 0.34521484375 0.337890625 0.36962890625 0.34375 0.39306640625 0.3212890625 0.41162109375 0.31640625 0.4375 0.32373046875 0.45556640625 0.36328125 0.4697265625 0.35595703125 0.47119140625 0.3271484375 0.47900390625 0.3212890625 0.51318359375 0.3134765625 0.5263671875 0.33447265625 0.525390625 0.34228515625 0.53369140625 0.3515625 0.57763671875 0.3447265625 0.59716796875 0.3525390625 0.6083984375 0.36865234375 0.61083984375 0.3896484375 0.6240234375 0.38037109375 0.64892578125 0.3369140625 0.67138671875 0.3359375 0.67626953125 0.3427734375 0.7001953125 0.35302734375 0.705078125 0.37353515625 0.71875 0.38427734375 0.7216796875 0.40478515625 0.7197265625 0.42041015625 0.69287109375 0.451171875 0.68115234375 0.453125 0.65087890625 0.4521484375 0.61962890625 0.4443359375 0.6103515625 0.42041015625 0.60791015625 0.4013671875 0.59228515625 0.421875 0.57958984375 0.42578125 0.5693359375 0.44189453125 0.56298828125 0.4443359375 0.54052734375 0.443359375 0.52978515625 0.4384765625 0.51416015625 0.44140625 0.48681640625 0.439453125 0.4624287984375 0.44229412031250004 0.46142578125 0.439453125 0.45947265625 0.4423828125 0.45166015625 0.3779296875 0.4404296875 0.39306640625 0.439453125 0.41064453125 0.4306640625 0.43505859375 0.41943359375 0.447265625 0.39892578125 0.4501953125 0.33740234375 0.44921875 0.3251466046875 0.47475880937500003 0.340766196875 0.4799638984375 0.3607246421875 0.4851690875 0.3607246421875 0.5016521359375 0.3468405375 0.5155325734375 0.3147334765625 0.5198702140625 0.32427879375 0.535485746875 0.32254330625 0.5563063703125 0.2973783296875 0.5693192921875 0.26353578125 0.566716746875 0.246180634375 0.5944776218750001 0.269610121875 0.6048879984375 0.2730811640625 0.6265762031250001 0.252254975 0.6413241546874999 0.2244867 0.6456617953125 0.1923797046875 0.6283112328125 0.199321790625 0.6014178734375 0.22188346874999998 0.5962127171875 0.240106359375 0.59361010625 0.25138723125 0.5658492328125 0.23316427343749999 0.5502336984375 0.2427096578125 0.5146650578124999 0.265271334375 0.5016521359375 0.28783301250000004 0.5068572921875 0.2913040546875 0.48863918125000005 0.300849371875 0.47822886875000004 0.306055903125 0.465215946875 0.3156012203125 0.4756262578125 0.3208078171875 0.447865384375 0.30908203125 0.4208984375 0.29736328125 0.421875 0.2919921875 0.43701171875 0.27978515625 0.439453125 0.25927734375 0.439453125 0.23681640625 0.431640625 0.22705078125 0.4375 0.22021484375 0.4326171875 0.20654296875 0.4306640625 0.19970703125 0.4345703125 0.19189453125 0.4326171875 0.18896484375 0.4384765625 0.18505859375 0.4208984375 0.13720703125 0.4189453125 0.1318359375 0.41552734375 0.12939453125 0.4072265625 0.12060546875 0.4091796875 0.09033203125 0.4306640625 0.04052734375 0.43359375 0.03564453125 0.423828125 0.02783203125 0.4287109375 0.00048828125 0.4296875 0 0.64208984375 0.02099609375 0.640625 0.03173828125 0.6357421875 0.06884765625 0.634765625 0.09033203125 0.6416015625 0.09375 0.64404296875 0.091796875 0.66162109375 0.1015625 0.68310546875 0.0231670234375 0.7989453421875 0 0.7989453421875 0 1 1 1 1 0.44580078125 0.97412109375 0.4443359375 0.92529296875 0.43359375 0.923828125 0.42431640625 0.91796875 0.42041015625 0.9033203125 0.39599609375 0.91015625 0.36865234375 0.93115234375 0.3359375 0.93896484375 0.333984375 0.97314453125 0.306640625 0.99169921875 0.3115234375 1 0.30517578125 1 0.26416015625