1 0.628125 0.90703125 0.171875 0.153125
1 0.840625 0.43984375 0.10625 0.109375
1 0.95078125 0.5796875 0.09375 0.1125
1 0.41796875 0.28515625 0.0765625 0.05
1 0.60234375 0.78515625 0.0984375 0.096875
1 0.73671875 0.40859375 0.0796875 0.0640625
1 0.7453125 0.2921875 0.0734375 0.05625
1 0.68984375 0.5109375 0.075 0.09375
1 0.54609375 0.32421875 0.071875 0.0484375
1 0.6703125 0.31796875 0.090625 0.0578125
1 0.6859375 0.26640625 0.0578125 0.0640625
1 0.25859375 0.54765625 0.0515625 0.0625
1 0.65078125 0.38203125 0.1046875 0.059375
1 0.721875 0.35703125 0.053125 0.034375
1 0.26015625 0.26484375 0.028125 0.028125
1 0.24921875 0.3078125 0.0515625 0.040625
1 0.16640625 0.278125 0.028125 0.021875
1 0.4953125 0.24453125 0.0546875 0.025
1 0.92421875 0.43203125 0.065625 0.0546875
1 0.98125 0.22734375 0.0375 0.034375
1 0.89453125 0.1921875 0.0765625 0.040625
1 0.77734375 0.21953125 0.0515625 0.0296875
1 0.52265625 0.14375 0.05625 0.0171875
1 0.58515625 0.14921875 0.021875 0.0328125
1 0.7375 0.47578125 0.053125 0.0609375
1 0.29453125 0.23125 0.03125 0.0390625
1 0.97734375 0.3109375 0.0453125 0.0609375
1 0.83203125 0.20703125 0.0296875 0.03125
1 0.59921875 0.2734375 0.04375 0.0390625
0 0.26875 0.25390625 0.27421875 0.265625 0.284375 0.26484375 0.3 0.25390625 0.26875 0.25390625
0 0.45703125 0.3078125 0.471875 0.29453125 0.4015625 0.30703125 0.428125 0.32265625 0.43984375 0.30625 0.45703125 0.3078125
0 0.95703125 0.2453125 0.940625 0.27890625 0.953125 0.28046875 0.9828125 0.25546875 0.95703125 0.2453125
0 0 0.27734375 0.00859375 0.290625 0.0375 0.29453125 0.03515625 0.2640625 0 0.26171875 0 0.27734375
0 0.87265625 0.2734375 0.853125 0.27734375 0.8484375 0.30234375 0.85546875 0.31875 0.8671875 0.31796875 0.88125 0.31171875 0.87265625 0.2734375
0 0.390625 0.30703125 0.3734375 0.29765625 0.36953125 0.284375 0.35078125 0.28125 0.33359375 0.290625 0.3296875 0.30078125 0.3546875 0.31796875 0.38203125 0.3140625 0.390625 0.30703125
0 0.5625 0.36640625 0.57265625 0.353125 0.58359375 0.3515625 0.60703125 0.3734375 0.66796875 0.3578125 0.6921875 0.34453125 0.62734375 0.35 0.59453125 0.3375 0.56015625 0.3421875 0.559375 0.39453125 0.5421875 0.41640625 0.54453125 0.421875 0.559375 0.42109375 0.565625 0.40546875 0.5625 0.36640625
0 1 0.41953125 0.96015625 0.3984375 0.95234375 0.3875 0.91484375 0.3828125 0.88984375 0.36875 0.85546875 0.3609375 0.8453125 0.33046875 0.8265625 0.32734375 0.81640625 0.2828125 0.79296875 0.2859375 0.7859375 0.31015625 0.77421875 0.3171875 0.74921875 0.3171875 0.72109375 0.3078125 0.7203125 0.33828125 0.74765625 0.3234375 0.77265625 0.3234375 0.7859375 0.33359375 0.79296875 0.3515625 0.85859375 0.3796875 0.89765625 0.378125 0.91953125 0.4046875 0.93984375 0.4078125 0.94296875 0.415625 0.959375 0.42421875 0.95234375 0.4609375 0.90859375 0.453125 0.89765625 0.4734375 0.83203125 0.4875 0.81171875 0.5015625 0.79453125 0.5046875 0.78515625 0.51875 0.75390625 0.525 0.72421875 0.540625 0.71796875 0.55 0.69140625 0.55625 0.646875 0.54140625 0.6453125 0.49609375 0.6296875 0.48046875 0.63203125 0.4703125 0.64609375 0.475 0.66015625 0.4546875 0.68125 0.44765625 0.696875 0.41484375 0.69140625 0.3921875 0.603125 0.41640625 0.6046875 0.48046875 0.6171875 0.48203125 0.61640625 0.5015625 0.60546875 0.5015625 0.59765625 0.484375 0.56953125 0.4859375 0.53828125 0.5171875 0.51328125 0.509375 0.50390625 0.49375 0.48828125 0.4890625 0.48203125 0.4796875 0.47109375 0.4859375 0.4578125 0.47421875 0.46484375 0.4546875 0.484375 0.46796875 0.49375 0.44296875 0.50625 0.43203125 0.50625 0.42109375 0.49765625 0.4171875 0.48984375 0.43125 0.4859375 0.41484375 0.47421875 0.409375 0.465625 0.41484375 0.46015625 0.4328125 0.43828125 0.4 0.415625 0.41640625 0.41328125 0.4265625 0.38828125 0.4140625 0.37421875 0.425 0.34765625 0.4125 0.32265625 0.4203125 0.30234375 0.415625 0.28359375 0.425 0.255613878125 0.46427858593750004 0.3129628375 0.456757634375 0.331765775 0.5150450125 0.287578871875 0.527266559375 0.287578871875 0.5658114390625 0.346808125 0.549829415625 0.374072384375 0.5836737015625 0.430481196875 0.570512034375 0.4568053109375 0.6212784609375 0.32800518749999996 0.6767454828125 0.283818284375 0.5629910828125 0.255613878125 0.571452153125 0.25467373125 0.6062365578125 0.2227087359375 0.611877271875 0.2104868265625 0.5780329859375 0.2377510875 0.568631796875 0.2217685890625 0.51692525 0.26595549375 0.5112845359375 0.25467373125 0.46239834843749994 0.17890625 0.49375 0.16171875 0.471875 0.1140625 0.46015625 0.125 0.42265625 0.1421875 0.40390625 0.146875 0.38828125 0.14609375 0.375 0.109375 0.35546875 0.1171875 0.32265625 0.1328125 0.30234375 0.134375 0.28828125 0.1171875 0.26015625 0.1046875 0.25234375 0.09375 0.22890625 0.0921875 0.17734375 0.07109375 0.175 0.0671875 0.24609375 0.0796875 0.27265625 0.0859375 0.31171875 0.0703125 0.33359375 0.06875 0.35078125 0.0921875 0.39140625 0.0921875 0.43984375 0.1046875 0.45703125 0.10625 0.48671875 0.09375 0.50234375 0.08359375 0.5328125 0.053125 0.53828125 0.0609375 0.58671875 0.053125 0.62890625 0.078125 0.61640625 0.0796875 0.59921875 0.08828125 0.5859375 0.1 0.58984375 0.10625 0.62109375 0.0921875 0.63359375 0.1171875 0.66015625 0.1203125 0.69921875 0.09921875 0.7078125 0.0625 0.69921875 0.059375 0.77265625 0.071875 0.79140625 0.0734375 0.80546875 0.0484375 0.83671875 0.0671875 0.85859375 0.06796875 0.8859375 0.10546875 0.8859375 0.1171875 0.89453125 0.128125 0.93984375 0.121875 0.96640625 0.09140625 0.9859375 0.03671875 0.9890625 0.0171875 0.99921875 0.11953125 1 0.1171875 0.98828125 0.125 0.98515625 0.1390625 0.93359375 0.15625 0.90234375 0.17578125 0.8890625 0.18515625 0.8890625 0.2015625 0.91015625 0.203125 0.98046875 0.22578125 1 0.33671875 1 0.3140625 0.94609375 0.29140625 0.9390625 0.2828125 0.92578125 0.28125 0.89765625 0.315625 0.85078125 0.31796875 0.8125 0.32265625 0.8453125 0.34609375 0.834375 0.36328125 0.8375 0.38359375 0.815625 0.40390625 0.8125 0.42421875 0.7859375 0.43125 0.82578125 0.4171875 0.83359375 0.421875 0.88828125 0.43359375 0.9 0.44765625 0.9 0.45625 0.91328125 0.4578125 0.94609375 0.4515625 0.96953125 0.45703125 0.975 0.48203125 0.9828125 0.50234375 1 0.7734375 0.99921875 0.784375 0.98671875 0.7859375 0.96953125 0.76875 0.92265625 0.7734375 0.86953125 0.76171875 0.8515625 0.72421875 0.853125 0.675 0.81640625 0.675 0.84296875 0.71875 0.88828125 0.721875 0.92265625 0.62890625 0.978125 0.61953125 0.996875 0.61796875 0.9921875 0.60859375 0.996875 0.5984375 0.99140625 0.546875 0.90078125 0.55 0.87265625 0.615625 0.82421875 0.58984375 0.834375 0.57265625 0.828125 0.5578125 0.80546875 0.5546875 0.77734375 0.58203125 0.7515625 0.58984375 0.753125 0.6140625 0.73828125 0.6203125 0.70703125 0.609375 0.70234375 0.60625 0.67890625 0.61875 0.65859375 0.6125 0.62421875 0.628125 0.56796875 0.63671875 0.559375 0.66484375 0.5546875 0.68125 0.58828125 0.68359375 0.60625 0.71171875 0.5953125 0.73046875 0.5984375 0.74453125 0.59375 0.76484375 0.5828125 0.80078125 0.54375 0.815625 0.55078125 0.83203125 0.58125 0.8421875 0.57578125 0.85390625 0.5546875 0.8609375 0.55703125 0.86328125 0.5703125 0.8703125 0.55078125 0.87578125 0.553125 0.88671875 0.534375 0.89765625 0.5328125 0.90703125 0.5453125 0.91171875 0.5390625 0.92734375 0.540625 0.94921875 0.5328125 0.96953125 0.5125 1 0.51171875 1 0.41953125
0 0.24140625 0.3359375 0.25234375 0.346875 0.26015625 0.3359375 0.27578125 0.33125 0.28515625 0.3328125 0.29765625 0.3484375 0.3015625 0.33046875 0.3171875 0.31640625 0.30859375 0.30625 0.27890625 0.30625 0.27421875 0.325 0.23515625 0.3328125 0.21640625 0.303125 0.17734375 0.3078125 0.1921875 0.32265625 0.1921875 0.33828125 0.20078125 0.3375 0.209375 0.35078125 0.21796875 0.3375 0.24140625 0.3359375