1 0.6921875 0.584375 0.1671875 0.1078125
1 0.63984375 0.50703125 0.1421875 0.0609375
0 0.03125 0.83984375 0.028125 0.82578125 0.00078125 0.8 0.0015625 0.92578125 0.021875 0.89140625 0.03125 0.83984375
0 0.19609375 0.709375 0.21640625 0.7015625 0.27578125 0.709375 0.2859375 0.70078125 0.2859375 0.68984375 0.27890625 0.6796875 0.22578125 0.6734375 0.21015625 0.65625 0.19921875 0.65625 0.15546875 0.665625 0.12421875 0.68125 0.1078125 0.70078125 0.109375 0.71640625 0.121875 0.71640625 0.16640625 0.7046875 0.19609375 0.709375
0 0.1078125 0.60390625 0.10859375 0.5875 0.03515625 0.59375 0.021875 0.58203125 0.03203125 0.5640625 0.0453125 0.56015625 0.04765625 0.55 0.05859375 0.5484375 0.10546875 0.5171875 0.1109375 0.50234375 0.1234375 0.49765625 0.13203125 0.475 0.15390625 0.4671875 0.15859375 0.453125 0.171875 0.45078125 0.15859375 0.4359375 0.14140625 0.434375 0.09296875 0.45 0.06640625 0.4515625 0.05390625 0.4609375 0.04140625 0.4609375 0.02734375 0.446875 0 0.44140625 0.003125 0.64765625 0.07109375 0.6265625 0.1078125 0.60390625
0 0.346875 0.63359375 0.3125 0.59453125 0.29375 0.52734375 0.28203125 0.5234375 0.25546875 0.5296875 0.2515625 0.52109375 0.259375 0.50078125 0.3359375 0.43515625 0.3390625 0.41796875 0.29921875 0.415625 0.25859375 0.428125 0.20703125 0.4234375 0.2 0.41796875 0.20703125 0.40625 0.18984375 0.4078125 0.1734375 0.45078125 0.21640625 0.453125 0.2171875 0.46640625 0.1609375 0.51328125 0.1390625 0.54453125 0.1390625 0.55546875 0.15703125 0.565625 0.22734375 0.5640625 0.25078125 0.55 0.26328125 0.55 0.2890625 0.60859375 0.2953125 0.61171875 0.2984375 0.63984375 0.3328125 0.66015625 0.3453125 0.64921875 0.346875 0.63359375
0 0.58203125 0.2875 0.596875 0.26640625 0.56640625 0.25625 0.50703125 0.253125 0.484375 0.27265625 0.4859375 0.30703125 0.49375 0.31171875 0.54921875 0.303125 0.58203125 0.2875
0 0.57734375 0.3953125 0.69296875 0.365625 0.696875 0.35703125 0.6765625 0.34453125 0.69375 0.32109375 0.66328125 0.3125 0.62109375 0.31875 0.58359375 0.346875 0.55546875 0.334375 0.50859375 0.34375 0.496875 0.35234375 0.46875 0.40078125 0.4640625 0.44765625 0.46953125 0.45625 0.48125 0.45546875 0.51171875 0.43125 0.57734375 0.3953125
0 0.58046875 0.9625 0.54296875 0.9515625 0.52421875 0.9328125 0.51171875 0.9296875 0.484375 0.94609375 0.48515625 1 0.6140625 0.99921875 0.60859375 0.98125 0.58046875 0.9625
0 0 0.21484375 0.01875 0.21484375 0.04765625 0.1875 0.0859375 0.18046875 0.0984375 0.13515625 0.09453125 0.13125 0 0.13359375 0 0.21484375
0 0.09765625 0.4015625 0.17890625 0.378125 0.19921875 0.3828125 0.26953125 0.3671875 0.30234375 0.3671875 0.33046875 0.3578125 0.34375 0.34609375 0.3453125 0.33359375 0.33515625 0.3265625 0.26171875 0.31875 0.18515625 0.3265625 0.178125 0.34296875 0.16953125 0.346875 0.00078125 0.3578125 0 0.42109375 0.0140625 0.42109375 0.02734375 0.4046875 0.09765625 0.4015625
0 0.4647433515625 0.275867634375 0.3814033578125 0.283680528125 0.40345052812500004 0.41158855 0.48427616249999994 0.35139226562500003 0.4647433515625 0.275867634375
0 0.42567772968749995 0.73422401875 0.4191667921875 0.6430736015625 0.49078710000000003 0.600102690625 0.48948491250000004 0.5362973984375 0.41395804218750004 0.5362973984375 0.4126558546875 0.49593078437500004 0.39442523125 0.49853508281250003 0.39702960625 0.617030625 0.3708984453125 0.625130215625 0.3735902328125 0.7146917859374999 0.42567772968749995 0.73422401875
0 0.82890625 0.1703125 0.83984375 0.1515625 0.85078125 0.1625 0.86015625 0.1625 0.86796875 0.1484375 0.90078125 0.1578125 0.92265625 0.1546875 0.92734375 0.1609375 0.94453125 0.1546875 0.9515625 0.11953125 0.9421875 0.10703125 0.9390625 0.07890625 0.87109375 0.06875 0.86171875 0.06875 0.85546875 0.0765625 0.83984375 0.0734375 0.8328125 0.08203125 0.8296875 0.10390625 0.81953125 0.1140625 0.80234375 0.1109375 0.78671875 0.1234375 0.76640625 0.1203125 0.728125 0.12734375 0.73046875 0.1359375 0.77109375 0.1359375 0.79609375 0.1453125 0.8046875 0.16796875 0.8140625 0.17109375 0.82265625 0.165625 0.82890625 0.1703125
0 0.93984375 0.284375 0.99921875 0.2828125 1 0.25390625 0.83828125 0.2390625 0.8375 0.28671875 0.86328125 0.3 0.871875 0.26484375 0.88203125 0.2609375 0.890625 0.28359375 0.8890625 0.29765625 0.8953125 0.30078125 0.91484375 0.26875 0.93984375 0.284375
0 0.534375 0.71953125 0.51484375 0.709375 0.48359375 0.709375 0.46015625 0.68125 0.43203125 0.6921875 0.434375 0.72734375 0.47734375 0.7453125 0.48828125 0.7640625 0.5078125 0.77265625 0.53125 0.76171875 0.534375 0.71953125