1 0.47421875 0.21640625 0.1171875 0.128125
1 0.22265625 0.30390625 0.1125 0.146875
1 0.3296875 0.36796875 0.15625 0.15
1 0.0734375 0.628125 0.1 0.1703125
1 0.03515625 0.25625 0.06875 0.1171875
1 0.1734375 0.096875 0.0703125 0.0765625
1 0.5546875 0.15859375 0.103125 0.11875
1 0.1859375 0.51953125 0.1578125 0.175
1 0.10703125 0.2703125 0.0828125 0.134375
1 0.02265625 0.15625 0.0453125 0.096875
1 0.040625 0.40390625 0.078125 0.1515625
1 0.165625 0.0328125 0.1 0.05625
1 0.390625 0.0875 0.09375 0.1109375
1 0.053125 0.04609375 0.09375 0.0921875
1 0.209375 0.14375 0.0828125 0.096875
1 0.36171875 0.17421875 0.084375 0.0703125
0 0.6765625 0.87734375 0.7109375 0.78984375 0.721875 0.73671875 0.7515625 0.69296875 0.7640625 0.64921875 0.7578125 0.58984375 0.765625 0.55703125 0.7875 0.52578125 0.796875 0.48984375 0.815625 0.47109375 0.81875 0.44921875 0.834375 0.42265625 0.84921875 0.4109375 0.87109375 0.40625 0.878125 0.38515625 0.896875 0.37109375 0.909375 0.33671875 0.90703125 0.2984375 0.89921875 0.3 0.884375 0.31796875 0.8296875 0.41171875 0.80078125 0.41875 0.78125 0.43984375 0.765625 0.47109375 0.7359375 0.49453125 0.6984375 0.61484375 0.6515625 0.64453125 0.6515625 0.67578125 0.621875 0.69921875 0.609375 0.73359375 0.5828125 0.76015625 0.575 0.81953125 0.565625 0.84453125 0.55703125 0.853125 0.53515625 0.85625 0.50703125 0.8890625 0.446875 0.93046875 0.4390625 0.96015625 0.41875 0.99609375 0.6265625 0.99921875 0.63125 0.94453125 0.6765625 0.87734375
0 0.9734375 0.20546875 0.99140625 0.2171875 1 0.21640625 0.99765625 0.1453125 0.9734375 0.20546875