1 0.346875 0.24140625 0.0625 0.0703125
1 0.9234375 0.4875 0.075 0.0984375
1 0.52890625 0.31328125 0.06875 0.0703125
1 0.1546875 0.31640625 0.0765625 0.0734375
1 0.8640625 0.3125 0.0484375 0.0828125
1 0.86015625 0.41171875 0.0421875 0.059375
1 0.6265625 0.3296875 0.0484375 0.075
1 0.43046875 0.30859375 0.0375 0.0375
1 0.690625 0.12734375 0.059375 0.0609375
1 0.778125 0.56015625 0.028125 0.0421875
1 0.92734375 0.41875 0.071875 0.0515625
1 0.60546875 0.2328125 0.0671875 0.0625
1 0.425 0.225 0.0640625 0.053125
1 0.10234375 0.22578125 0.0453125 0.05
1 0.14375 0.240625 0.0296875 0.04375
1 0.271875 0.11640625 0.0828125 0.0625
1 0.02421875 0.259375 0.0484375 0.05
1 0.02421875 0.1125 0.0484375 0.046875
1 0.7875 0.1765625 0.0453125 0.0390625
1 0.71328125 0.234375 0.0703125 0.0515625
1 0.5359375 0.2078125 0.05 0.0390625
1 0.4421875 0.1484375 0.0375 0.05625
1 0.10078125 0.1 0.0328125 0.0390625
1 0.29296875 0.19765625 0.0375 0.0515625
1 0.95390625 0.25234375 0.0578125 0.05625
1 0.64375 0.1796875 0.053125 0.0359375
1 0.54921875 0.15703125 0.0328125 0.0328125
1 0.50078125 0.16015625 0.03125 0.0390625
1 0.48671875 0.253125 0.0328125 0.05
1 0.4421875 0.27265625 0.0328125 0.0375
1 0.340625 0.09609375 0.0453125 0.040625
0 0.86484375 0.9453125 0.8640625 0.95390625 0.875 0.95703125 0.875 0.94765625 0.86484375 0.9453125
0 0.665625 0.10078125 0.66328125 0.090625 0.65859375 0.0953125 0.64921875 0.0859375 0.63125 0.08203125 0.63203125 0.0984375 0.6578125 0.10546875 0.65859375 0.1 0.665625 0.10078125
0 0.77265625 0.1546875 0.775 0.13828125 0.7671875 0.13515625 0.76796875 0.128125 0.74921875 0.1296875 0.73046875 0.1203125 0.72578125 0.096875 0.70703125 0.0984375 0.721875 0.11015625 0.728125 0.14140625 0.734375 0.14296875 0.7265625 0.15546875 0.74375 0.16484375 0.75546875 0.15625 0.77265625 0.1546875
0 0.875 0.97109375 0.86328125 0.9703125 0.86015625 0.95625 0.84453125 0.9546875 0.8296875 0.99921875 0.8859375 0.99921875 0.884375 0.98359375 0.875 0.97109375
0 0.3109375 0.96640625 0.3109375 0.94765625 0.3265625 0.93046875 0.33359375 0.83125 0.32734375 0.8421875 0.3140625 0.84765625 0.3 0.87421875 0.278125 0.88984375 0.2734375 0.93515625 0.2390625 0.94921875 0.2328125 0.99921875 0.2765625 0.99921875 0.28984375 0.975 0.3109375 0.96640625
0 0.77734375 0.3796875 0.7890625 0.37265625 0.8 0.33359375 0.8125 0.32265625 0.81171875 0.284375 0.8046875 0.28671875 0.79609375 0.3078125 0.78359375 0.3078125 0.7765625 0.29921875 0.775 0.27265625 0.78125 0.25390625 0.7703125 0.24765625 0.7828125 0.24296875 0.79765625 0.203125 0.80625 0.22109375 0.8046875 0.24765625 0.8140625 0.24921875 0.8109375 0.22734375 0.82109375 0.1921875 0.80703125 0.2 0.77578125 0.19375 0.76875 0.23046875 0.76171875 0.2359375 0.75390625 0.2328125 0.746875 0.25078125 0.7375 0.25078125 0.7390625 0.26328125 0.74921875 0.265625 0.7640625 0.28203125 0.759375 0.31015625 0.765625 0.33671875 0.7546875 0.36015625 0.74140625 0.365625 0.70546875 0.359375 0.68828125 0.3828125 0.6734375 0.38359375 0.67578125 0.4015625 0.69921875 0.4015625 0.72265625 0.3625 0.728125 0.38828125 0.7390625 0.40234375 0.76171875 0.378125 0.77734375 0.3796875
0 1 0.80234375 0.97578125 0.796875 0.96484375 0.7859375 0.9546875 0.80703125 0.940625 0.81171875 0.946875 0.84921875 0.94375 0.86015625 0.93125 0.86640625 0.9453125 0.92421875 0.94375 0.94765625 0.93125 0.96796875 0.93125 0.99921875 0.95625 0.99921875 0.97421875 0.9578125 1 0.96796875 1 0.80234375
0 0.70625 0.93828125 0.69375 0.91796875 0.6984375 0.89765625 0.67421875 0.9 0.64765625 0.8890625 0.6359375 0.85390625 0.6484375 0.84296875 0.65 0.82734375 0.63515625 0.8265625 0.61953125 0.8359375 0.58203125 0.821875 0.5796875 0.79140625 0.56171875 0.784375 0.5546875 0.79921875 0.5609375 0.85703125 0.5703125 0.87578125 0.5703125 0.90703125 0.5625 0.92890625 0.540625 0.93828125 0.53515625 0.9859375 0.49921875 0.9859375 0.48515625 0.978125 0.4765625 0.99921875 0.6984375 0.99921875 0.70625 0.96484375 0.70625 0.93828125
0 0.4390625 0.90546875 0.4703125 0.87890625 0.46875 0.87109375 0.446875 0.85546875 0.4421875 0.83203125 0.459375 0.71953125 0.475 0.68671875 0.4859375 0.61484375 0.5015625 0.57578125 0.5015625 0.53828125 0.4921875 0.52578125 0.4921875 0.50078125 0.50546875 0.48125 0.5171875 0.47890625 0.51875 0.41640625 0.56171875 0.359375 0.59375 0.36328125 0.5984375 0.35703125 0.5953125 0.33359375 0.609375 0.30546875 0.62578125 0.303125 0.634375 0.29296875 0.634375 0.28515625 0.62578125 0.2796875 0.60546875 0.28125 0.54453125 0.3484375 0.52265625 0.3484375 0.49765625 0.40625 0.47109375 0.40625 0.46640625 0.39375 0.45 0.39296875 0.4453125 0.49140625 0.45234375 0.5 0.45859375 0.484375 0.4625 0.50546875 0.440625 0.52421875 0.4375 0.56953125 0.465625 0.64453125 0.465625 0.67265625 0.4546875 0.68046875 0.453125 0.71796875 0.4328125 0.75703125 0.434375 0.79453125 0.425 0.80859375 0.421875 0.83828125 0.40234375 0.86875 0.39140625 0.8703125 0.38046875 0.8609375 0.3734375 0.86484375 0.3671875 0.89296875 0.3484375 0.91328125 0.346875 0.98515625 0.340625 0.99765625 0.4265625 0.99921875 0.4234375 0.96015625 0.4390625 0.90546875
0 0.86171875 0.9265625 0.88203125 0.93125 0.8890625 0.92734375 0.8875 0.88203125 0.8640625 0.86953125 0.8578125 0.85078125 0.878125 0.84296875 0.878125 0.78515625 0.890625 0.76171875 0.890625 0.73203125 0.840625 0.71640625 0.853125 0.77109375 0.846875 0.78359375 0.85 0.81484375 0.8453125 0.83828125 0.83203125 0.8421875 0.80234375 0.828125 0.8 0.78515625 0.815625 0.75390625 0.815625 0.72109375 0.8265625 0.69921875 0.78984375 0.6875 0.75390625 0.65625 0.7359375 0.67421875 0.7296875 0.69921875 0.7125 0.69921875 0.709375 0.68984375 0.71875 0.68046875 0.71875 0.65859375 0.70546875 0.653125 0.703125 0.64296875 0.7078125 0.63203125 0.7046875 0.61640625 0.7171875 0.59609375 0.721875 0.54921875 0.71796875 0.528125 0.7078125 0.54609375 0.70625 0.57265625 0.696875 0.59765625 0.69765625 0.6265625 0.67734375 0.6265625 0.6734375 0.61328125 0.65546875 0.5984375 0.646875 0.60078125 0.64296875 0.6171875 0.63203125 0.6171875 0.628125 0.60546875 0.6328125 0.58671875 0.62734375 0.58125 0.6140625 0.58359375 0.625 0.62578125 0.6203125 0.68046875 0.60390625 0.6984375 0.5875 0.70234375 0.5859375 0.75546875 0.59375 0.75546875 0.5953125 0.73828125 0.60703125 0.7296875 0.6140625 0.78515625 0.62421875 0.80625 0.6421875 0.77890625 0.64375 0.75078125 0.6671875 0.71796875 0.665625 0.70390625 0.64375 0.68984375 0.64375 0.68046875 0.66328125 0.6875 0.675 0.68359375 0.67109375 0.71875 0.70234375 0.7046875 0.7109375 0.71484375 0.7078125 0.73359375 0.70234375 0.7390625 0.68671875 0.734375 0.6859375 0.74296875 0.709375 0.80546875 0.70625 0.86484375 0.71484375 0.8671875 0.7296875 0.85546875 0.7265625 0.81640625 0.7203125 0.80859375 0.728125 0.75703125 0.7390625 0.73203125 0.74921875 0.728125 0.765625 0.75390625 0.765625 0.81640625 0.775 0.86171875 0.78203125 0.865625 0.80078125 0.8546875 0.82734375 0.8515625 0.8453125 0.91328125 0.846875 0.93984375 0.8578125 0.94140625 0.8765625 0.93984375 0.86171875 0.9265625
0 1 0.45390625 0.98828125 0.453125 0.98515625 0.4390625 0.9734375 0.43984375 0.9703125 0.49453125 0.95859375 0.534375 0.92734375 0.525 0.91171875 0.515625 0.90546875 0.503125 0.89296875 0.5 0.878125 0.51796875 0.8765625 0.53515625 0.87109375 0.5359375 0.84296875 0.5140625 0.83203125 0.5140625 0.8125 0.50078125 0.815625 0.46640625 0.8375 0.42890625 0.8328125 0.37734375 0.82734375 0.375 0.81875 0.38359375 0.8015625 0.43828125 0.7859375 0.45703125 0.76328125 0.46875 0.73671875 0.4703125 0.71875 0.48671875 0.71875 0.51640625 0.73359375 0.5171875 0.74609375 0.53125 0.78671875 0.5390625 0.80078125 0.5625 0.815625 0.56640625 0.8171875 0.59765625 0.80078125 0.6 0.78828125 0.5875 0.76171875 0.5765625 0.7640625 0.55703125 0.74609375 0.546875 0.7375 0.59140625 0.75 0.59765625 0.75859375 0.61875 0.77578125 0.625 0.78203125 0.625 0.79296875 0.6109375 0.81328125 0.6125 0.821875 0.63984375 0.84296875 0.6578125 0.846875 0.63515625 0.8625 0.62421875 0.85390625 0.6171875 0.84921875 0.6265625 0.828125 0.62265625 0.834375 0.58046875 0.84453125 0.5765625 0.87578125 0.5859375 0.88671875 0.571875 0.89296875 0.571875 0.91640625 0.58125 0.9234375 0.58828125 0.925 0.61640625 0.9390625 0.62734375 0.9390625 0.64453125 0.89453125 0.64375 0.88984375 0.634375 0.86875 0.62890625 0.8765625 0.63671875 0.8796875 0.66015625 0.88984375 0.6640625 0.896875 0.67578125 0.89609375 0.7078125 0.9078125 0.70234375 0.925 0.66640625 0.934375 0.66484375 0.946875 0.68671875 0.9484375 0.73203125 0.9609375 0.76640625 0.96875 0.75390625 0.9734375 0.70546875 0.98359375 0.690625 1 0.69296875 1 0.61171875 0.9921875 0.60234375 1 0.56484375 1 0.45390625
0 0 0.99921875 0.0234375 0.99921875 0.0359375 0.96953125 0.0390625 0.93046875 0.05390625 0.909375 0.0671875 0.94609375 0.059375 0.99921875 0.1265625 0.99921875 0.14140625 0.9859375 0.15859375 0.99375 0.1671875 0.98984375 0.1484375 0.93984375 0.1484375 0.92265625 0.1546875 0.89453125 0.1828125 0.85546875 0.203125 0.84296875 0.20625 0.76015625 0.21484375 0.7515625 0.22109375 0.753125 0.25078125 0.7875 0.265625 0.78203125 0.2671875 0.75234375 0.2578125 0.73046875 0.265625 0.71015625 0.2671875 0.67578125 0.27109375 0.6828125 0.2859375 0.62890625 0.29609375 0.6203125 0.30859375 0.6203125 0.315625 0.63984375 0.32578125 0.6484375 0.3390625 0.63828125 0.3453125 0.61328125 0.3796875 0.56484375 0.3453125 0.54921875 0.346875 0.52109375 0.3609375 0.50703125 0.3421875 0.49453125 0.34375 0.48671875 0.359375 0.47734375 0.35390625 0.4265625 0.33984375 0.4359375 0.33515625 0.421875 0.29921875 0.40625 0.29453125 0.3921875 0.26640625 0.3921875 0.24921875 0.3765625 0.21640625 0.3671875 0.2171875 0.46640625 0.21171875 0.4859375 0.209375 0.36171875 0.16484375 0.346875 0.11015625 0.3484375 0.08671875 0.3375 0.04921875 0.35625 0.02578125 0.3578125 0.01484375 0.3734375 0 0.37578125 0.00078125 0.5515625 0.0109375 0.54609375 0.0046875 0.51171875 0.0109375 0.48046875 0.01796875 0.471875 0.03671875 0.4703125 0.05078125 0.45625 0.05859375 0.4546875 0.07890625 0.471875 0.10078125 0.4765625 0.11640625 0.4640625 0.12890625 0.465625 0.14296875 0.446875 0.15546875 0.4453125 0.1703125 0.45859375 0.1765625 0.50546875 0.18671875 0.50625 0.20859375 0.4984375 0.21328125 0.4890625 0.21640625 0.4953125 0.25 0.47578125 0.2625 0.46015625 0.26640625 0.4234375 0.2734375 0.42421875 0.27734375 0.4359375 0.29140625 0.43125 0.2953125 0.43671875 0.2953125 0.45078125 0.2640625 0.50859375 0.23671875 0.5171875 0.2265625 0.52734375 0.21796875 0.55625 0.20078125 0.5578125 0.196875 0.54140625 0.18828125 0.5390625 0.171875 0.54921875 0.15859375 0.578125 0.09921875 0.596875 0.01640625 0.590625 0.015625 0.58203125 0 0.57421875 0 0.99921875
0 0.61171875 0.53125 0.61875 0.50859375 0.6359375 0.49296875 0.6421875 0.36484375 0.63515625 0.3609375 0.6265625 0.36484375 0.6265625 0.38515625 0.61875 0.40234375 0.596875 0.42578125 0.596875 0.43671875 0.6078125 0.44140625 0.6078125 0.45546875 0.61171875 0.45 0.6171875 0.45546875 0.6171875 0.46796875 0.58046875 0.4625 0.565625 0.48671875 0.565625 0.50078125 0.584375 0.50859375 0.59375 0.53359375 0.59921875 0.528125 0.61171875 0.53125