1 0.5640625 0.65703125 0.209375 0.140625
1 0.846875 0.3 0.1078125 0.1
1 0.1 0.3328125 0.2 0.196875
1 0.79140625 0.47421875 0.2375 0.2421875
1 0.5875 0.7734375 0.1296875 0.1296875
1 0.93046875 0.0421875 0.0453125 0.0421875
1 0.7359375 0.25625 0.075 0.0828125
1 0.66015625 0.946875 0.1671875 0.10625
1 0.7875 0.12265625 0.075 0.053125
1 0.84921875 0.1109375 0.05625 0.0515625
1 0.92109375 0.1453125 0.065625 0.0546875
1 0.965625 0.17578125 0.06875 0.05
1 0.70390625 0.15859375 0.0515625 0.0375
1 0.71171875 0.20234375 0.0765625 0.0515625
1 0.32734375 0.115625 0.05625 0.0421875
1 0.27265625 0.109375 0.0515625 0.04375
1 0.190625 0.08046875 0.0515625 0.0453125
1 0.11640625 0.09765625 0.0484375 0.0390625
1 0.59140625 0.20234375 0.0390625 0.040625
0 0.46640625 0.3453125 0.43984375 0.3515625 0.428125 0.37109375 0.4328125 0.39609375 0.4515625 0.40390625 0.4640625 0.37109375 0.46640625 0.3453125
0 0.6609375 0.34609375 0.62734375 0.3265625 0.634375 0.38828125 0.64140625 0.3890625 0.64453125 0.3828125 0.65625 0.39296875 0.6625 0.37734375 0.6609375 0.34609375
0 0.67265625 0.4703125 0.6578125 0.46796875 0.65546875 0.4546875 0.64296875 0.4546875 0.63125 0.46640625 0.625 0.51328125 0.6171875 0.51640625 0.6234375 0.52265625 0.6734375 0.47734375 0.67265625 0.4703125
0 0.77265625 0.3921875 0.7984375 0.37421875 0.7984375 0.36484375 0.76953125 0.3515625 0.76796875 0.3453125 0.73203125 0.3453125 0.7234375 0.35703125 0.734375 0.38203125 0.725 0.42109375 0.73125 0.42734375 0.76640625 0.4046875 0.77265625 0.3921875
0 0.55 0.33203125 0.53671875 0.3265625 0.48828125 0.2828125 0.47109375 0.2796875 0.4703125 0.33359375 0.50703125 0.3453125 0.5171875 0.37265625 0.53515625 0.390625 0.5484375 0.39140625 0.5625 0.36796875 0.55 0.33203125
0 0.140625 0.56953125 0.15859375 0.5328125 0.2015625 0.51484375 0.2109375 0.49609375 0.209375 0.47109375 0.19140625 0.4546875 0.17109375 0.4546875 0.1421875 0.49921875 0.1265625 0.50859375 0.1234375 0.53046875 0.109375 0.54140625 0.0859375 0.58046875 0.078125 0.61171875 0.078125 0.61953125 0.084375 0.61953125 0.11796875 0.5796875 0.140625 0.56953125
0 0 0.99921875 0.0140625 0.99921875 0.015625 0.95703125 0.0078125 0.92421875 0.028125 0.84921875 0.0265625 0.81328125 0.0453125 0.76171875 0.046875 0.73046875 0.0625 0.70390625 0.0765625 0.66015625 0.07578125 0.6265625 0.0625 0.63515625 0.0453125 0.67109375 0 0.72890625 0 0.99921875