1 0.0796875 0.796875 0.125 0.1140625
1 0.17578125 0.96015625 0.1625 0.0796875
1 0.30234375 0.93359375 0.134375 0.09375
1 0.6875 0.8984375 0.134375 0.103125
1 0.40078125 0.8515625 0.109375 0.078125
1 0.7328125 0.66640625 0.25 0.2109375
1 0.90859375 0.96640625 0.1484375 0.0671875
1 0.94296875 0.7265625 0.1140625 0.1890625
1 0.1796875 0.63203125 0.1421875 0.08125
1 0.53359375 0.59609375 0.1484375 0.090625
1 0.27109375 0.86171875 0.0734375 0.0703125
1 0.06171875 0.559375 0.0984375 0.065625
1 0.3390625 0.71875 0.096875 0.0671875
1 0.94765625 0.31015625 0.0421875 0.040625
1 0.4828125 0.8203125 0.0890625 0.0734375
1 0.52421875 0.771875 0.09375 0.065625
1 0.8390625 0.421875 0.0453125 0.03125
1 0.428125 0.353125 0.0484375 0.03125
1 0.11953125 0.346875 0.053125 0.03125
1 0.6484375 0.3234375 0.0328125 0.025
1 0.68515625 0.33203125 0.028125 0.0203125
1 0.9203125 0.215625 0.0515625 0.0203125
1 0.37734375 0.7296875 0.059375 0.0609375
1 0.2890625 0.6890625 0.090625 0.053125
1 0.77890625 0.30390625 0.0578125 0.03125
1 0.29765625 0.315625 0.040625 0.0265625
1 0.07890625 0.2578125 0.0265625 0.0140625
1 0.7984375 0.94921875 0.109375 0.096875
0 0.9640625 0.40078125 0.984375 0.36171875 1 0.35546875 0.99921875 0.33125 0.92265625 0.31875 0.86796875 0.334375 0.85078125 0.3296875 0.825 0.34609375 0.82890625 0.3640625 0.83984375 0.3671875 0.8515625 0.35390625 0.8578125 0.36953125 0.8515625 0.40390625 0.87109375 0.4171875 0.878125 0.41171875 0.8765625 0.35859375 0.88671875 0.3484375 0.89921875 0.346875 0.92578125 0.353125 0.93125 0.38828125 0.9234375 0.42109375 0.9171875 0.42421875 0.934375 0.43203125 0.940625 0.41484375 0.9640625 0.40078125
0 0.12734375 0.53125 0.12734375 0.5171875 0.15390625 0.515625 0.16328125 0.521875 0.175 0.51015625 0.1671875 0.50703125 0.165625 0.49453125 0.16015625 0.5 0.159375 0.48828125 0.140625 0.47578125 0.15 0.47890625 0.1546875 0.44453125 0.1671875 0.41640625 0.15703125 0.415625 0.15390625 0.4234375 0.14140625 0.421875 0.13828125 0.4375 0.1359375 0.42421875 0.12421875 0.4234375 0.12265625 0.4484375 0.10703125 0.4453125 0.1109375 0.43984375 0.09921875 0.4375 0.1046875 0.43203125 0.09453125 0.428125 0.0921875 0.46953125 0.08359375 0.4703125 0.0796875 0.46328125 0.08359375 0.4578125 0.08671875 0.4640625 0.090625 0.45546875 0.0796875 0.44140625 0.08671875 0.43125 0.06640625 0.4375 0.06328125 0.4296875 0.05546875 0.4375 0.05703125 0.4234375 0.02421875 0.4140625 0.028125 0.40859375 0.02109375 0.4015625 0.00859375 0.4109375 0.00078125 0.3953125 0 0.45859375 0.01484375 0.4703125 0.04296875 0.4765625 0.0546875 0.49765625 0.06015625 0.496875 0.0765625 0.51640625 0.07890625 0.5296875 0.0859375 0.52890625 0.08125 0.51953125 0.09140625 0.515625 0.09375 0.53828125 0.0984375 0.53828125 0.10390625 0.5328125 0.12734375 0.53125
0 0.321875 0.39609375 0.32890625 0.38125 0.3359375 0.38359375 0.340625 0.39765625 0.34296875 0.4453125 0.3640625 0.43515625 0.359375 0.39296875 0.36328125 0.3765625 0.371875 0.38203125 0.3796875 0.42890625 0.39140625 0.43125 0.396875 0.42578125 0.3921875 0.39453125 0.40078125 0.384375 0.4109375 0.38984375 0.415625 0.42109375 0.42265625 0.425 0.43359375 0.3828125 0.43984375 0.3796875 0.446875 0.38515625 0.45234375 0.409375 0.47578125 0.3828125 0.50859375 0.36875 0.52265625 0.3765625 0.53125 0.35703125 0.46015625 0.3671875 0.45546875 0.3796875 0.4453125 0.37734375 0.44765625 0.36875 0.42109375 0.371875 0.37734375 0.3640625 0.37734375 0.3546875 0.39609375 0.35 0.40078125 0.3421875 0.4375 0.33359375 0.4234375 0.32109375 0.42109375 0.30625 0.4140625 0.30703125 0.40859375 0.3234375 0.39921875 0.3125 0.37578125 0.3328125 0.27890625 0.3390625 0.28046875 0.35 0.303125 0.35859375 0.2984375 0.36953125 0.30625 0.39296875 0.3046875 0.42578125 0.3078125 0.45234375 0.3140625 0.45234375 0.328125 0.44609375 0.321875 0.39609375
0 0 0.46015625 0.00859375 0.4703125 0.03515625 0.4765625 0.0609375 0.50234375 0.0765625 0.53046875 0.10390625 0.55 0.12265625 0.546875 0.125 0.53359375 0.14140625 0.521875 0.15390625 0.51875 0.16796875 0.5265625 0.20078125 0.578125 0.21796875 0.56875 0.2328125 0.58203125 0.23515625 0.5921875 0.24765625 0.5890625 0.25546875 0.603125 0.26640625 0.590625 0.27890625 0.5953125 0.2765625 0.62421875 0.28125 0.63046875 0.29296875 0.6296875 0.29921875 0.6421875 0.30703125 0.6296875 0.309375 0.64453125 0.3203125 0.64765625 0.328125 0.63984375 0.31953125 0.621875 0.34609375 0.6265625 0.35 0.61953125 0.3453125 0.57734375 0.34921875 0.55625 0.3578125 0.62578125 0.3859375 0.63046875 0.38515625 0.6234375 0.3734375 0.62109375 0.384375 0.61484375 0.38515625 0.565625 0.39375 0.61953125 0.390625 0.62890625 0.40390625 0.634375 0.4015625 0.60078125 0.421875 0.58515625 0.425 0.55703125 0.43203125 0.55 0.4484375 0.54921875 0.4453125 0.51953125 0.46640625 0.5015625 0.50546875 0.5078125 0.51796875 0.5265625 0.52265625 0.5203125 0.53046875 0.534375 0.53984375 0.5328125 0.54921875 0.5453125 0.56953125 0.5265625 0.58515625 0.525 0.60546875 0.553125 0.63046875 0.553125 0.65703125 0.5640625 0.67421875 0.5546875 0.68828125 0.5546875 0.70859375 0.5328125 0.72734375 0.5328125 0.7359375 0.52578125 0.7453125 0.50703125 0.74609375 0.446875 0.746875 0.50703125 0.76484375 0.5171875 0.77890625 0.503125 0.865625 0.46328125 0.85546875 0.4421875 0.82578125 0.4375 0.79453125 0.4234375 0.63046875 0.4171875 0.62421875 0.4078125 0.6109375 0.40390625 0.60859375 0.3765625 0.60546875 0.384375 0.57890625 0.3828125 0.57265625 0.390625 0.55703125 0.390625 0.53828125 0.4046875 0.52734375 0.3984375 0.5328125 0.41640625 0.52734375 0.43125 0.38359375 0.4703125 0.36640625 0.4828125 0.33828125 0.4875 0.27890625 0.5109375 0.24140625 0.515625 0.22734375 0.5125 0.225 0.50546875 0.2328125 0.50390625 0.2359375 0.47890625 0.2484375 0.46015625 0.2421875 0.44453125 0.2484375 0.42421875 0.25703125 0.421875 0.2625 0.42890625 0.27109375 0.46875 0.27734375 0.471875 0.290625 0.45546875 0.2828125 0.43671875 0.2859375 0.41484375 0.2765625 0.40078125 0.26015625 0.4125 0.2484375 0.40390625 0.2546875 0.36953125 0.25078125 0.3671875 0.234375 0.38203125 0.2375 0.39921875 0.22421875 0.4125 0.20078125 0.396875 0.19296875 0.4078125 0.17109375 0.4046875 0.16484375 0.3984375 0.15390625 0.4109375 0.1375 0.39453125 0.14765625 0.371875 0.16171875 0.3875 0.17421875 0.36875 0.21171875 0.3671875 0.23046875 0.35 0.20546875 0.34375 0.17265625 0.353125 0.15234375 0.3484375 0.13984375 0.3625 0.12578125 0.3609375 0.11875 0.36640625 0.125 0.37578125 0.12265625 0.4078125 0.10703125 0.40625 0.10234375 0.4 0.07578125 0.40625 0.0640625 0.36640625 0.06015625 0.371875 0.05546875 0.365625 0.0609375 0.39765625 0.05234375 0.415625 0.04453125 0.415625 0.0328125 0.40390625 0.025 0.38359375 0.0265625 0.36953125 0.0359375 0.36328125 0.02421875 0.3609375 0.015625 0.36953125 0.01875 0.40390625 0.01171875 0.409375 0 0.39765625 0 0.46015625