1 0.81015625 0.36796875 0.05625 0.0859375
1 0.89296875 0.44296875 0.0625 0.078125
1 0.6234375 0.353125 0.0546875 0.059375
1 0.25078125 0.28359375 0.05625 0.065625
1 0.56953125 0.42890625 0.121875 0.115625
1 0.4546875 0.240625 0.0546875 0.0625
1 0.72734375 0.24296875 0.1203125 0.0921875
1 0.9578125 0.30234375 0.0625 0.078125
1 0.58515625 0.73828125 0.04375 0.08125
1 0.16875 0.10703125 0.0734375 0.053125
1 0.27734375 0.0921875 0.05 0.078125
1 0.95703125 0.5140625 0.0578125 0.096875
1 0.09375 0.2578125 0.0359375 0.065625
1 0.83203125 0.25859375 0.0390625 0.0671875
1 0.03046875 0.03125 0.034375 0.0375
1 0.6984375 0.68203125 0.034375 0.0578125
1 0.64453125 0.1296875 0.034375 0.046875
1 0.671875 0.12734375 0.028125 0.0359375
1 0.72265625 0.11484375 0.0265625 0.040625
1 0.87890625 0.134375 0.05625 0.05625
1 0.18359375 0.240625 0.0390625 0.0453125
1 0.27578125 0.2015625 0.025 0.025
1 0.325 0.2703125 0.0453125 0.0375
1 0.18671875 0.04140625 0.03125 0.0375
0 1 0.60390625 0.96015625 0.5890625 0.87578125 0.5015625 0.85078125 0.4984375 0.8359375 0.48359375 0.8296875 0.44609375 0.84375 0.42265625 0.83203125 0.4015625 0.80078125 0.4015625 0.78828125 0.41875 0.5199410999999999 0.5233953703124999 0.469187959375 0.4177207296875 0.5658275015625 0.39686389375000003 0.5665227500000001 0.37878796718749996 0.59294219375 0.37253091718750003 0.5859897078125 0.34472179999999997 0.631876109375 0.3294267875 0.6701147781250001 0.318303140625 0.694448475 0.38226410781250003 0.7069629484375 0.33707429375000003 0.7507636046874999 0.3433313453125 0.77857354375 0.34194088906250003 0.784375 0.33671875 0.7984375 0.33203125 0.815625 0.30234375 0.80859375 0.309375 0.80078125 0.290625 0.76953125 0.29375 0.73984375 0.2703125 0.69296875 0.2796875 0.6890625 0.28671875 0.696875 0.29453125 0.68359375 0.3015625 0.6734375 0.27265625 0.659375 0.26171875 0.6484375 0.23828125 0.634375 0.22890625 0.615625 0.20234375 0.61796875 0.1875 0.68515625 0.1875 0.69609375 0.1734375 0.72265625 0.171875 0.72109375 0.1515625 0.71484375 0.159375 0.70703125 0.153125 0.70234375 0.159375 0.68515625 0.1609375 0.67890625 0.1765625 0.66015625 0.1625 0.65546875 0.1734375 0.64609375 0.1671875 0.6484375 0.17265625 0.63984375 0.178125 0.61171875 0.178125 0.59765625 0.19375 0.58984375 0.184375 0.57265625 0.1875 0.5578125 0.20078125 0.54765625 0.2375 0.48359375 0.2453125 0.46875 0.27265625 0.45234375 0.2796875 0.4375 0.27734375 0.4359375 0.26015625 0.42421875 0.2421875 0.41953125 0.275 0.39140625 0.271875 0.38359375 0.2765625 0.3921875 0.26328125 0.3875 0.24296875 0.37734375 0.2359375 0.371875 0.24765625 0.38046875 0.2796875 0.35859375 0.2828125 0.34609375 0.265625 0.34140625 0.2859375 0.31015625 0.2921875 0.2984375 0.26796875 0.28359375 0.2640625 0.2796875 0.29453125 0.23671875 0.3109375 0.225 0.30703125 0.21875 0.28203125 0.20390625 0.2796875 0.20078125 0.2703125 0.18203125 0.2765625 0.16640625 0.2671875 0.1546875 0.28203125 0.15390625 0.2953125 0.14296875 0.2953125 0.13828125 0.2828125 0.09609375 0.2859375 0.0796875 0.29921875 0.084375 0.33515625 0.0796875 0.35703125 0.06796875 0.3640625 0.05625 0.35859375 0.05 0.34140625 0.0546875 0.30078125 0.04453125 0.2875 0.03671875 0.2953125 0 0.29921875 0.00078125 1 0.0625 0.99921875 0.0625 0.93046875 0.07421875 0.9140625 0.09375 0.92578125 0.1015625 0.94609375 0.10078125 1 0.38515625 1 0.3921875 0.98046875 0.40234375 0.9765625 0.42734375 0.9890625 0.47109375 0.940625 0.48515625 0.940625 0.50390625 0.965625 0.5078125 0.92578125 0.5265625 0.85703125 0.53359375 0.8515625 0.54453125 0.8546875 0.55 0.87265625 0.55703125 0.875 0.5801152859375 0.7828102343750001 0.5667770546875001 0.7247906515625 0.5934535171875 0.7061176828125 0.6181292421875 0.7728068578125 0.580782196875 0.7828102343750001 0.5681108781249999 0.832827115625 0.59375 0.86796875 0.596875 0.93671875 0.609375 0.95703125 0.61484375 1 0.846875 0.99921875 0.83125 0.99453125 0.8296875 0.98203125 0.8078125 0.95390625 0.790625 0.89453125 0.79921875 0.8765625 0.8140625 0.87265625 0.823385275 0.8446879265625 0.8235379921874999 0.8448414312500001 0.85546875 0.7734375 0.87265625 0.775 0.88125 0.79765625 0.88984375 0.8046875 0.89765625 0.803125 0.9078125 0.76171875 0.9328125 0.75078125 0.93828125 0.7296875 0.940625 0.74921875 0.95390625 0.75 0.9640625 0.76015625 0.978125 0.81015625 0.971875 0.87109375 0.98984375 0.878125 1 0.86328125 1 0.60390625
0 1 0.26953125 0.99296875 0.25625 0.96953125 0.265625 0.95859375 0.2625 0.940625 0.28359375 0.96953125 0.2890625 1 0.31171875 0.99375 0.30703125 1 0.30390625 1 0.26953125
0 0.9265625 0.30234375 0.9328125 0.28984375 0.92265625 0.2734375 0.88671875 0.2890625 0.87421875 0.2859375 0.85625 0.29765625 0.86015625 0.3140625 0.8875 0.31640625 0.89609375 0.303125 0.9265625 0.30234375