1 0.196875 0.509375 0.1015625 0.1046875
1 0.6859375 0.47890625 0.0921875 0.0671875
1 0.8015625 0.35859375 0.065625 0.10625
1 0.47734375 0.39296875 0.05625 0.071875
1 0.63203125 0.23125 0.08125 0.0453125
1 0.603125 0.3953125 0.053125 0.08125
1 0.9359375 0.33515625 0.0578125 0.05625
1 0.290625 0.3859375 0.0546875 0.065625
1 0.23515625 0.3921875 0.05 0.0578125
1 0.04296875 0.653125 0.0859375 0.0734375
1 0.01171875 0.71171875 0.0234375 0.0609375
1 0.12578125 0.49765625 0.084375 0.06875
1 0.07109375 0.490625 0.06875 0.05625
1 0.1671875 0.384375 0.0515625 0.025
1 0.653125 0.38515625 0.0453125 0.053125
1 0.7390625 0.3875 0.0359375 0.05
1 0.809375 0.48515625 0.0734375 0.040625
1 0.87578125 0.48828125 0.0359375 0.0359375
1 0.3 0.26796875 0.0390625 0.0296875
1 0.56640625 0.2703125 0.0421875 0.0296875
1 0.25390625 0.26875 0.0375 0.0296875
1 0.19921875 0.31171875 0.0515625 0.03125
1 0.10703125 0.26171875 0.0578125 0.028125
1 0.221875 0.18671875 0.040625 0.034375
1 0.20234375 0.26796875 0.04375 0.0328125
1 0.371875 0.04140625 0.084375 0.0484375
1 0.021875 0.37890625 0.04375 0.05
1 0.1390625 0.31171875 0.0546875 0.034375
1 0.4890625 0.22109375 0.0328125 0.0328125
1 0.6546875 0.1765625 0.0296875 0.0265625
0 1 0.771541 0.9583246531249999 0.771541 0.92109375 0.78125 0.9109375 0.76328125 0.9056640984375001 0.72687101875 0.8521110734375 0.4877306609375 0.86328125 0.471875 0.87890625 0.4703125 0.89140625 0.4609375 0.89765625 0.4703125 0.92265625 0.4703125 0.92734375 0.4859375 0.9296875 0.46796875 0.92578125 0.453125 0.88515625 0.453125 0.8703125 0.44765625 0.87890625 0.4390625 0.89140625 0.4390625 0.921875 0.44296875 0.91484375 0.4328125 0.89375 0.42421875 0.88203125 0.3921875 0.8671875 0.38984375 0.8640229484375 0.41832470937500005 0.8271197718750001 0.4306225421875 0.719811675 0.427216825 0.71015625 0.4046875 0.68984375 0.428125 0.64140625 0.4359375 0.62890625 0.4359375 0.61953125 0.428125 0.60859375 0.4328125 0.58203125 0.428125 0.57734375 0.409375 0.56640625 0.425 0.53984375 0.434375 0.51484375 0.4234375 0.43515625 0.4265625 0.41953125 0.4234375 0.39921875 0.40625 0.38828125 0.4109375 0.34296875 0.403125 0.23046875 0.425 0.20859375 0.4171875 0.19609375 0.4296875 0.1484375 0.43046875 0.14453125 0.459375 0.14921875 0.45 0.16953125 0.453125 0.18828125 0.446875 0.21640625 0.4625 0.23828125 0.4640625 0.2484375 0.47421875 0.25 0.51171875 0.2296875 0.54609375 0.22421875 0.5453125 0.2015625 0.56953125 0.2109375 0.57734375 0.2015625 0.58671875 0.2 0.59921875 0.165625 0.62734375 0.1546875 0.64453125 0.15625 0.65859375 0.12578125 0.6734375 0.1078125 0.70234375 0.065625 0.73671875 0.0421875 0.77421875 0.03203125 0.7828125 0.01875 0.78359375 0.0203125 0.82578125 0.01640625 0.828125 0.01015625 0.815625 0 0.81953125 0 0.96953125 0.009375 0.98203125 0.01015625 1 0.05703125 1 0.0578125 0.98046875 0.0703125 0.98515625 0.0703125 0.97734375 0.0609375 0.97421875 0.06328125 0.959375 0.0796875 0.97265625 0.08515625 1 0.50390625 1 0.5109375 0.98359375 0.5109375 0.95703125 0.48828125 0.9546875 0.4734375 0.92734375 0.4796875 0.89140625 0.4887656296875 0.8521213937500001 0.5015625 0.87890625 0.5140625 0.89453125 0.51875 0.91796875 0.5390625 0.93046875 0.56484375 1 1 1 1 0.771541
0 0.95703125 0.571875 0.93984375 0.578125 0.89453125 0.578125 0.8859375 0.57109375 0.8890625 0.59765625 0.89765625 0.6046875 1 0.60859375 0.99921875 0.5765625 0.95703125 0.571875
0 0.99921875 0.5125 0.94140625 0.521875 0.93828125 0.53125 0.93203125 0.5203125 0.90703125 0.525 0.89453125 0.5171875 0.88515625 0.5265625 0.88046875 0.5171875 0.8734375 0.51953125 0.88671875 0.56875 0.93671875 0.5640625 0.9859375 0.56796875 1 0.56640625 0.99921875 0.5125
0 0.9171875 0.69296875 0.99921875 0.690625 1 0.62734375 0.89921875 0.6265625 0.925 0.75078125 1 0.75234375 0.99921875 0.7 0.9171875 0.69296875