1 0.49609375 0.36640625 0.0796875 0.1046875
1 0.48671875 0.13515625 0.0453125 0.0515625
1 0.16953125 0.9125 0.1390625 0.175
1 0.69296875 0.6703125 0.0484375 0.115625
1 0.5015625 0.2234375 0.0640625 0.0671875
1 0.396875 0.39765625 0.05625 0.0890625
1 0.71015625 0.93203125 0.0578125 0.1359375
1 0.36328125 0.51875 0.0859375 0.109375
1 0.3421875 0.45 0.053125 0.053125
1 0.78984375 0.0546875 0.03125 0.046875
1 0.3625 0.0296875 0.1953125 0.05625
0 0.5515625 0.14296875 0.52734375 0.1328125 0.53125 0.19921875 0.546875 0.20390625 0.54375 0.18203125 0.5515625 0.14296875
0 0.5703125 0.86953125 0.56875 0.83203125 0.559375 0.81171875 0.5609375 0.78359375 0.5921875 0.71484375 0.6 0.68203125 0.6140625 0.66171875 0.634375 0.59765625 0.6390625 0.55234375 0.6484375 0.53359375 0.646875 0.52109375 0.6234375 0.50234375 0.6171875 0.48046875 0.61015625 0.478125 0.59296875 0.49375 0.578125 0.46328125 0.578125 0.41953125 0.590625 0.38671875 0.61015625 0.38125 0.62578125 0.3984375 0.63125 0.37265625 0.6203125 0.30703125 0.6046875 0.26953125 0.6046875 0.22578125 0.584375 0.13671875 0.575 0.03515625 0.578125 0.00546875 0.57265625 0.0015625 0.5015625 0.00546875 0.503125 0.04140625 0.5171875 0.10078125 0.52421875 0.1109375 0.53046875 0.078125 0.54296875 0.075 0.5515625 0.08203125 0.559375 0.13203125 0.578125 0.15546875 0.5828125 0.18046875 0.578125 0.21640625 0.5625 0.21953125 0.56875 0.26328125 0.5625 0.28984375 0.54609375 0.3046875 0.52265625 0.29375 0.5171875 0.29765625 0.5234375 0.31953125 0.54296875 0.3234375 0.5515625 0.34296875 0.5421875 0.36171875 0.5421875 0.40078125 0.53671875 0.4109375 0.525 0.41484375 0.5265625 0.43828125 0.52109375 0.446875 0.4765625 0.44765625 0.4828125 0.48046875 0.475 0.51484375 0.4796875 0.56171875 0.46484375 0.578125 0.45390625 0.5796875 0.4421875 0.59921875 0.4328125 0.63671875 0.4359375 0.67109375 0.41875 0.73515625 0.409375 0.74921875 0.409375 0.77265625 0.359375 0.84453125 0.315625 0.88671875 0.309375 0.90703125 0.2546875 0.94296875 0.25 0.99453125 0.25078125 1 0.5515625 0.99921875 0.5578125 0.90390625 0.5703125 0.86953125