1 0.590625 0.70390625 0.1484375 0.1140625
1 0.88203125 0.465625 0.0546875 0.08125
1 0.93828125 0.7890625 0.103125 0.1
1 0.88046875 0.6828125 0.0828125 0.109375
1 0.2734375 0.734375 0.115625 0.1078125
1 0.8296875 0.38125 0.0453125 0.0609375
1 0.578125 0.33203125 0.11875 0.065625
1 0.8203125 0.46328125 0.0484375 0.0734375
1 0.9765625 0.91640625 0.046875 0.11875
1 0.3703125 0.46328125 0.046875 0.04375
1 0.02265625 0.42265625 0.0421875 0.084375
1 0.4734375 0.30703125 0.0984375 0.078125
1 0.19609375 0.925 0.2890625 0.134375
1 0.33203125 0.63203125 0.1640625 0.10625
1 0.62890625 0.58984375 0.0546875 0.0578125
1 0.91171875 0.1796875 0.0484375 0.0375
1 0.79140625 0.3671875 0.046875 0.0515625
1 0.384375 0.8015625 0.05 0.0609375
1 0.16484375 0.75859375 0.1390625 0.1484375
1 0.66875 0.19375 0.0390625 0.0390625
1 0.81484375 0.1734375 0.0359375 0.0359375
1 0.61015625 0.0375 0.046875 0.0265625
1 0.64609375 0.04375 0.025 0.03125
1 0.671875 0.04609375 0.0234375 0.0234375
1 0.8328125 0.121875 0.025 0.021875
1 0.453125 0.1265625 0.0625 0.0375
1 0.52109375 0.19609375 0.04375 0.028125
1 0.09609375 0.2109375 0.0796875 0.034375
0 1 0.20859375 0.98125 0.19765625 0.9703125 0.17109375 0.95390625 0.1546875 0.93828125 0.1484375 0.93359375 0.1390625 0.91953125 0.140625 0.9171875 0.15390625 0.925 0.15546875 0.9265625 0.16953125 0.93828125 0.1734375 0.940625 0.18359375 0.9390625 0.20078125 0.921875 0.20546875 0.925 0.21796875 0.95390625 0.2203125 1 0.26484375 1 0.20859375
0 0.9078125 0.91640625 0.89453125 0.9140625 0.87109375 0.8875 0.846875 0.87265625 0.8390625 0.85078125 0.84375 0.82109375 0.82890625 0.8140625 0.82109375 0.8015625 0.815625 0.80703125 0.815625 0.77734375 0.8234375 0.74921875 0.8515625 0.71484375 0.8515625 0.69921875 0.84375 0.65859375 0.82421875 0.6515625 0.7859375 0.62265625 0.790625 0.58359375 0.8 0.56796875 0.8 0.53828125 0.7875 0.50390625 0.7921875 0.49921875 0.7890625 0.46328125 0.76875 0.45546875 0.76875 0.43203125 0.78359375 0.4296875 0.79296875 0.4359375 0.80390625 0.4265625 0.82890625 0.43125 0.8375 0.43984375 0.840625 0.46484375 0.8578125 0.48046875 0.8546875 0.49765625 0.86484375 0.5140625 0.86875 0.50234375 0.8609375 0.49609375 0.8546875 0.46328125 0.8625 0.42578125 0.8484375 0.41640625 0.84609375 0.40625 0.7703125 0.38984375 0.7671875 0.34765625 0.75390625 0.34375 0.75 0.33515625 0.7484375 0.27109375 0.7375 0.25546875 0.7375 0.23359375 0.76015625 0.2046875 0.76875 0.21640625 0.7734375 0.19453125 0.76796875 0.1890625 0.71328125 0.1859375 0.70625 0.18984375 0.7109375 0.20390625 0.7046875 0.21796875 0.728125 0.26015625 0.7203125 0.27265625 0.71875 0.31015625 0.7046875 0.32734375 0.7015625 0.39296875 0.72578125 0.4078125 0.734375 0.42109375 0.740625 0.49140625 0.728125 0.50390625 0.728125 0.51953125 0.74375 0.55390625 0.7453125 0.57421875 0.725 0.60546875 0.734375 0.65703125 0.7125 0.68984375 0.7171875 0.71796875 0.70625 0.73203125 0.721875 0.73828125 0.7265625 0.75390625 0.7125 0.78671875 0.72109375 0.7953125 0.728125 0.76640625 0.73359375 0.765625 0.7328125 0.79609375 0.753125 0.81640625 0.753125 0.82578125 0.78203125 0.8453125 0.790625 0.85859375 0.7765625 0.90078125 0.78125 0.91015625 0.778125 0.92578125 0.7859375 0.95234375 0.80546875 0.9828125 0.83046875 0.98125 0.8453125 0.98984375 0.84765625 1 0.95 0.99921875 0.9140625 0.94296875 0.9078125 0.91640625
0 0.4953125 0.35234375 0.45859375 0.34375 0.44765625 0.35625 0.4421875 0.34609375 0.44765625 0.35 0.45234375 0.34375 0.42734375 0.3390625 0.4203125 0.34609375 0.4171875 0.38203125 0.42734375 0.3890625 0.45390625 0.384375 0.4765625 0.39921875 0.5015625 0.38671875 0.4953125 0.35234375
0 0.6875 0.40859375 0.6765625 0.40546875 0.659375 0.37734375 0.6625 0.35859375 0.65234375 0.353125 0.64296875 0.3671875 0.61953125 0.3671875 0.60703125 0.3625 0.60546875 0.35625 0.57734375 0.353125 0.5765625 0.36171875 0.59375 0.37265625 0.5828125 0.39296875 0.5984375 0.41015625 0.646875 0.42421875 0.65546875 0.4109375 0.6875 0.40859375
0 0.384375 0.34609375 0.3765625 0.33828125 0.38671875 0.315625 0.39296875 0.315625 0.3984375 0.32578125 0.39375 0.37265625 0.40078125 0.38125 0.42734375 0.3859375 0.44921875 0.38125 0.47265625 0.3921875 0.4984375 0.38515625 0.4859375 0.38046875 0.4921875 0.36953125 0.48359375 0.3640625 0.45546875 0.359375 0.44765625 0.365625 0.43671875 0.3484375 0.42109375 0.340625 0.41640625 0.378125 0.4078125 0.33828125 0.4109375 0.32421875 0.421875 0.31796875 0.4390625 0.28671875 0.4328125 0.27109375 0.4390625 0.26171875 0.4484375 0.26328125 0.44765625 0.2765625 0.453125 0.27421875 0.4515625 0.26484375 0.4625 0.23984375 0.4609375 0.22265625 0.47734375 0.2078125 0.48359375 0.2171875 0.48984375 0.196875 0.49453125 0.20625 0.496875 0.20234375 0.5 0.17734375 0.48203125 0.178125 0.475 0.17265625 0.4859375 0.16953125 0.4734375 0.16484375 0.48671875 0.159375 0.49921875 0.171875 0.5046875 0.15859375 0.5203125 0.15078125 0.5234375 0.13671875 0.51796875 0.1171875 0.490625 0.13671875 0.48203125 0.1546875 0.465625 0.15703125 0.45 0.19453125 0.43671875 0.2 0.428125 0.21953125 0.421875 0.22109375 0.4171875 0.24453125 0.384375 0.26796875 0.37265625 0.29375 0.36796875 0.290625 0.3578125 0.29921875 0.35625 0.32578125 0.3453125 0.34140625 0.365625 0.34140625 0.353125 0.36171875 0.3578125 0.38515625 0.353125 0.39453125 0.3625 0.40859375 0.384375 0.37265625 0.384375 0.34609375
0 0.3375 0.46328125 0.35 0.44765625 0.353125 0.42578125 0.365625 0.40859375 0.359375 0.38828125 0.34921875 0.3890625 0.34453125 0.3828125 0.3375 0.38828125 0.33125 0.42265625 0.33125 0.48984375 0.34375 0.47578125 0.3375 0.46328125
0 0.24375 0.06015625 0.23984375 0.0421875 0.22890625 0.0515625 0.22421875 0.046875 0.2046875 0.07421875 0.203125 0.12734375 0.209375 0.13359375 0.2109375 0.15859375 0.2171875 0.16328125 0.234375 0.14296875 0.24375 0.06015625