1 0.315625 0.721875 0.246875 0.246875
1 0.34921875 0.48828125 0.16875 0.0953125
1 0.93515625 0.55390625 0.1296875 0.115625
1 0.9234375 0.840625 0.153125 0.21875
1 0.63359375 0.48359375 0.0515625 0.0609375
1 0.296875 0.3515625 0.06875 0.05
1 0.934375 0.43046875 0.0875 0.0546875
1 0.93828125 0.68125 0.1171875 0.121875
1 0.58671875 0.47578125 0.040625 0.059375
1 0.54453125 0.46796875 0.0390625 0.0546875
1 0.49765625 0.471875 0.0375 0.0578125
1 0.634375 0.42265625 0.0671875 0.053125
1 0.6546875 0.3890625 0.0765625 0.0328125
1 0.69609375 0.3140625 0.0453125 0.04375
1 0.65234375 0.31796875 0.040625 0.0296875
1 0.9421875 0.36953125 0.1 0.046875
1 0.9703125 0.315625 0.0484375 0.0484375
1 0.471875 0.3703125 0.0515625 0.0375
1 0.7609375 0.24296875 0.034375 0.021875
0 0.296875 0.32265625 0.28359375 0.309375 0.27265625 0.3109375 0.26875 0.31796875 0.275 0.33515625 0.2875 0.33515625 0.2953125 0.33359375 0.296875 0.32265625
0 0.33515625 0.6234375 0.3609375 0.59765625 0.365625 0.58515625 0.32578125 0.584375 0.31015625 0.5734375 0.24296875 0.5640625 0.234375 0.58046875 0.246875 0.60546875 0.2453125 0.63359375 0.221875 0.64921875 0.22265625 0.65625 0.2375 0.65703125 0.27109375 0.628125 0.33515625 0.6234375
0 0.30703125 0.4703125 0.33515625 0.4515625 0.340625 0.44453125 0.3421875 0.41484375 0.35703125 0.4140625 0.359375 0.39921875 0.40078125 0.365625 0.41953125 0.378125 0.425 0.36953125 0.4234375 0.35390625 0.40546875 0.340625 0.39453125 0.346875 0.37734375 0.3453125 0.3734375 0.32890625 0.3890625 0.32578125 0.36796875 0.3171875 0.35078125 0.31875 0.353125 0.33046875 0.3453125 0.34921875 0.359375 0.36015625 0.359375 0.37421875 0.31484375 0.3734375 0.275 0.40234375 0.2953125 0.42421875 0.2703125 0.46015625 0.2671875 0.47265625 0.275 0.47265625 0.29140625 0.4578125 0.30703125 0.4703125
0 0.15 0.51640625 0.15625 0.48671875 0.1953125 0.48671875 0.2015625 0.45546875 0.18203125 0.45 0.178125 0.43828125 0.1828125 0.40703125 0.203125 0.37265625 0.2 0.33828125 0.20859375 0.33125 0.21640625 0.3328125 0.221875 0.34140625 0.21875 0.36015625 0.22890625 0.365625 0.234375 0.33203125 0.265625 0.31796875 0.25546875 0.2984375 0.20546875 0.2859375 0.19453125 0.3203125 0.15859375 0.3421875 0.1390625 0.36171875 0.13671875 0.375 0.10234375 0.3765625 0.09453125 0.3875 0.07890625 0.3921875 0.0875 0.41328125 0.0640625 0.42421875 0.0609375 0.46796875 0.13203125 0.4953125 0.1390625 0.50859375 0.1421875 0.54921875 0.1484375 0.55078125 0.15625 0.54765625 0.15 0.51640625
0 0.7984375 0.93515625 0.8 0.82109375 0.8078125 0.79765625 0.8015625 0.75546875 0.8078125 0.74921875 0.81328125 0.71875 0.8109375 0.73359375 0.81640625 0.7375 0.84296875 0.734375 0.834375 0.72265625 0.8453125 0.71953125 0.84453125 0.7140625 0.815625 0.70390625 0.81875 0.67421875 0.809375 0.63984375 0.809375 0.60546875 0.81875 0.55703125 0.834375 0.53984375 0.834375 0.52421875 0.821875 0.50859375 0.8296875 0.41328125 0.8453125 0.38046875 0.846875 0.33359375 0.8671875 0.30546875 0.865625 0.22734375 0.8734375 0.21640625 0.86875 0.21171875 0.871875 0.18515625 0.85703125 0.1546875 0.846875 0.16328125 0.84375 0.18515625 0.8609375 0.18984375 0.8671875 0.21328125 0.86015625 0.228125 0.83515625 0.2296875 0.82265625 0.215625 0.8109375 0.22109375 0.8046875 0.23984375 0.78125 0.26953125 0.7734375 0.30234375 0.7734375 0.34921875 0.74375 0.37578125 0.734375 0.40234375 0.7046875 0.42265625 0.703125 0.43984375 0.715625 0.46015625 0.715625 0.47109375 0.70625 0.47890625 0.7 0.49765625 0.690625 0.49765625 0.6875 0.54453125 0.6578125 0.58203125 0.6578125 0.61328125 0.65 0.62578125 0.6484375 0.65078125 0.64453125 0.6359375 0.6390625 0.65390625 0.6265625 0.66015625 0.625 0.67265625 0.6125 0.68984375 0.609375 0.72734375 0.5796875 0.73828125 0.5796875 0.80078125 0.5703125 0.79140625 0.57109375 0.753125 0.565625 0.75390625 0.5640625 0.78203125 0.546875 0.79609375 0.53515625 0.8921875 0.53125 0.87265625 0.52265625 0.8703125 0.51015625 0.884375 0.48828125 0.8828125 0.47890625 0.89375 0.45859375 0.9015625 0.45234375 0.9125 0.39296875 0.90625 0.38984375 0.89375 0.34609375 0.8921875 0.34140625 0.88125 0.30859375 0.875 0.29453125 0.8625 0.27734375 0.859375 0.26328125 0.8453125 0.25078125 0.84375 0.24765625 0.8328125 0.22265625 0.828125 0.21484375 0.8140625 0.18984375 0.8125 0.18203125 0.7984375 0.12734375 0.7921875 0.12421875 0.796875 0.09453125 0.796875 0.0875 0.81015625 0.0875 0.82421875 0.103125 0.84296875 0.11953125 0.8484375 0.12578125 0.859375 0.14921875 0.8734375 0.21796875 0.878125 0.25078125 0.8921875 0.32578125 0.89375 0.33203125 0.9078125 0.35703125 0.909375 0.37578125 0.9234375 0.40703125 0.9265625 0.43984375 0.9609375 0.47265625 0.9765625 0.59453125 0.9875 0.61953125 1 0.7984375 0.99921875 0.7921875 0.95078125 0.7984375 0.93515625
0 0.64765625 0.2171875 0.54765625 0.2140625 0.525 0.22890625 0.52734375 0.234375 0.54921875 0.228125 0.60859375 0.24375 0.6359375 0.24296875 0.65 0.22265625 0.64765625 0.2171875