1 0.26953125 0.1890625 0.06875 0.08125
1 0.646875 0.09765625 0.059375 0.05
1 0.4578125 0.184375 0.0609375 0.09375
1 0.34609375 0.15234375 0.0546875 0.06875
1 0.94375 0.321875 0.0734375 0.078125
1 0.9484375 0.24140625 0.0953125 0.109375
1 0.21953125 0.16484375 0.040625 0.0578125
1 0.6546875 0.25859375 0.0703125 0.0828125
1 0.25546875 0.128125 0.0484375 0.0578125
1 0.14921875 0.1203125 0.075 0.06875
1 0.4125 0.0734375 0.0703125 0.059375
1 0.8296875 0.1515625 0.13125 0.0796875
1 0.82734375 0.21640625 0.159375 0.0984375
1 0.584375 0.20234375 0.040625 0.0609375
1 0.70390625 0.2125 0.0390625 0.0703125
1 0.73046875 0.184375 0.0390625 0.0546875
1 0.96015625 0.153125 0.065625 0.0703125
1 0.9828125 0.69921875 0.034375 0.15625
1 0.07890625 0.0453125 0.05625 0.0453125
1 0.32109375 0.02734375 0.0359375 0.028125
1 0.3265625 0.07109375 0.03125 0.0359375
1 0.5875 0.0953125 0.03125 0.0578125
1 0.55234375 0.078125 0.021875 0.034375
1 0.7078125 0.04921875 0.040625 0.0390625
1 0.7296875 0.0171875 0.04375 0.034375
1 0.80390625 0.0140625 0.04375 0.0265625
1 0.55390625 0.03515625 0.0296875 0.028125
1 0.4671875 0.07890625 0.034375 0.0359375
1 0.38125 0.10625 0.0421875 0.0296875
1 0.26953125 0.071875 0.046875 0.034375
1 0.528125 0.17890625 0.04375 0.0484375
1 0.57109375 0.14609375 0.0453125 0.040625
1 0.78984375 0.27421875 0.05 0.0609375
1 0.86484375 0.2984375 0.0625 0.05
1 0.11875 0.01640625 0.03125 0.0328125
1 0.21328125 0.06875 0.0421875 0.040625
1 0.5140625 0.14296875 0.0328125 0.0390625
1 0.6296875 0.16328125 0.0515625 0.0484375
1 0.60234375 0.2625 0.040625 0.053125
0 0.38359375 0.790625 0.42109375 0.790625 0.446875 0.77265625 0.45703125 0.753125 0.46484375 0.753125 0.4828125 0.77109375 0.4984375 0.83359375 0.50703125 0.8375 0.521875 0.82421875 0.54375 0.74140625 0.540625 0.72265625 0.5140625 0.70390625 0.5203125 0.61953125 0.50703125 0.603125 0.46796875 0.5890625 0.44140625 0.603125 0.40546875 0.60625 0.39296875 0.615625 0.33046875 0.6171875 0.296875 0.59609375 0.27109375 0.55625 0.23203125 0.5421875 0.228125 0.56640625 0.234375 0.60078125 0.2546875 0.63046875 0.271875 0.64140625 0.284375 0.68359375 0.31875 0.73828125 0.3515625 0.84609375 0.3640625 0.83515625 0.38359375 0.790625
0 0.978125 0.53828125 0.9703125 0.52890625 0.96875 0.50234375 0.98125 0.49296875 0.984375 0.47890625 0.9671875 0.46015625 0.97578125 0.4546875 0.99296875 0.4578125 0.9953125 0.44296875 0.92109375 0.4265625 0.91875 0.43515625 0.9296875 0.45078125 0.934375 0.47421875 0.9328125 0.49140625 0.94453125 0.4890625 0.94921875 0.4984375 0.95703125 0.49375 0.9625 0.49921875 0.96015625 0.5109375 0.9375 0.51015625 0.9390625 0.54140625 0.94609375 0.5484375 0.96015625 0.5375 0.9703125 0.55078125 0.978125 0.54765625 0.978125 0.53828125